0.0
3.56176309324558e-35
4.38270149061282e-07
4.74378282433463e-07
1.46637205489242e-06
1.26854763493611e-06
2.12547138289665e-06
3.67174266102666e-06
6.82568588672439e-06
9.37936874834122e-06
1.05753551906673e-05
1.03123384178616e-05
1.02076337498147e-05
1.01110917967162e-05
9.99334861262469e-06
9.90091211860999e-06
9.86780105449725e-06
9.76206410996383e-06
9.61676141741918e-06
9.50959656620398e-06
9.4687220553169e-06
9.39742858463433e-06
9.31424983718898e-06
9.23231345950626e-06
9.13936037250096e-06
9.01959083421389e-06
8.87446185515728e-06
8.73849876370514e-06
8.60900945554022e-06
8.49745720188366e-06
8.35525861475617e-06
8.23130449134624e-06
8.17237287265016e-06
8.17294312582817e-06
8.11911104392493e-06
8.02895101514878e-06
7.91870206739986e-06
7.82365077611757e-06
7.70405495131854e-06
7.59257636673283e-06
7.48175989429001e-06
7.35115281713661e-06
7.2593988988956e-06
7.17007696948713e-06
7.10115318725002e-06
7.10326139596873e-06
7.04216745361919e-06
7.00609189152601e-06
6.90783281243057e-06
6.83930829836754e-06
6.75534010952106e-06
6.63770333630964e-06
6.47938395559322e-06
6.27061672275886e-06
6.1241548792168e-06
5.91828211327083e-06
5.8192304095428e-06
5.68852465221426e-06
5.62085097044474e-06
5.55125097889686e-06
5.43608939551632e-06
5.29615817868034e-06
5.15713463755674e-06
5.03370392834768e-06
4.86033877677983e-06
4.73913314635865e-06
4.53967913927045e-06
4.42565669800388e-06
4.22700531998998e-06
4.10155371355359e-06
3.98114570998587e-06
3.82604457627167e-06
3.75330728275003e-06
3.64325796908815e-06
3.55739894075668e-06
3.47472905559698e-06
3.38140853273217e-06
3.30630905409635e-06
3.17817716677382e-06
3.1061804293131e-06
3.00851661449997e-06
2.76845094049349e-06
2.59703847405035e-06
2.36781147577858e-06
2.17983051697956e-06
2.02576779884112e-06
1.85116675766039e-06
1.67475138823647e-06
1.57577630943706e-06
1.48749143136229e-06
1.37106417241739e-06
1.29773138723976e-06
1.28149360989482e-06
1.25972132991592e-06
1.25551810015168e-06
1.237007495547e-06
1.20273102766077e-06
1.15820398605138e-06
1.11111307887768e-06
1.06994275483885e-06
1.01916975836502e-06
9.58618102231412e-07
8.76350327416731e-07
7.82031577273301e-07
7.57665645778616e-07
