0.0
0.0
1.00096474398015e-06
7.69421785662416e-06
2.06998029170791e-05
4.06032086175401e-05
7.59245376684703e-05
0.000115435745101422
0.000169550956343301
0.000229905868764035
0.000298059603665024
0.000327341316733509
0.000338116922648624
0.0003389967023395
0.000339276652084664
0.000339597812853754
0.000339842750690877
0.000339950696798041
0.000340007070917636
0.000340058380970731
0.000340075202984735
0.000340078491717577
0.000340085010975599
0.000340092956321314
0.000340147991664708
0.00034019467420876
0.000340197264449671
0.000340201368089765
0.000340222730301321
0.00034025011700578
0.000340238882927224
0.000340225524269044
0.000340214784955606
0.000340215599862859
0.000340214290190488
0.000340215279720724
0.000340211438015103
0.000340204162057489
0.000340195372700691
0.000340190686983988
0.000340203754603863
0.000340196158504114
0.000340194907039404
0.000340190948918462
0.000340182828949764
0.000340181984938681
0.000340176338795573
0.000340174679877236
0.00034016027348116
0.000340148340910673
0.000340134225552902
0.000340115890139714
0.000340100115863606
0.000340080820024014
0.000340071885148063
0.000340054015396163
0.00034005258930847
0.000340046623023227
0.000340047758072615
0.000340049300575629
0.000340046448400244
0.000340040278388187
0.000340038008289412
0.000340037659043446
0.000340024213073775
0.000340017431881279
0.000340015481924638
0.00034001111635007
0.000340002065058798
0.000339997262926772
0.000340002297889441
0.000339996651746333
0.000340002006851137
0.000339991034707054
0.000339986203471199
0.000339976511895657
0.000339967256877571
0.000339964288286865
0.000339951744535938
0.000339946040185168
0.000339941267156973
0.000339935999363661
0.000339932186761871
0.000339917314704508
0.00033990215160884
0.00033988498034887
0.000339861813699827
0.000339833262842149
0.000339822843670845
0.000339826568961143
0.000339830934535712
0.000339837075443938
0.000339837628416717
0.000339833321049809
0.000339840044034645
0.00033983655157499
0.000339829275617376
0.000339816906489432
0.000339804304530844
0.000339802907546982
0.000339793623425066
0.000339783524395898
0.000339780788635835
0.000339772261213511
0.000339769903803244
