0.0
0.00999999977648258
0.0199999995529652
0.025000000372529
0.0299999993294477
0.03125
0.0324999988079071
0.0337500013411045
0.0350000001490116
0.0359374992549419
0.0368749983608723
0.0378125011920929
0.0392187498509884
0.0406249985098839
0.0420312508940697
0.0434374995529652
0.0448437482118607
0.0462500005960464
0.0476562492549419
0.0490625016391277
0.0511718764901161
0.0543359369039536
0.05908203125
0.0662011727690697
0.0733203142881393
0.0751000940799713
0.0768798813223839
0.0786596685647964
0.080439455807209
0.082219235599041
0.0839990228414536
0.0857788100838661
0.0875585973262787
0.0902282744646072
0.0942327901721001
0.100239560008049
0.101741254329681
0.103242948651314
0.104744642972946
0.106246337294579
0.108498878777027
0.11187768727541
0.112722389400005
0.113567091524601
0.114411801099777
0.115678854286671
0.11567947268486
0.115679509937763
0.115679539740086
0.115679569542408
0.115679569542408
0.115679576992989
0.115679576992989
0.115679584443569
0.115679584443569
0.115679584443569
0.11567959189415
0.11567959189415
0.11567959934473
0.11567959934473
0.115679606795311
0.115679606795311
0.115679606795311
0.115679614245892
0.115679614245892
0.115679614245892
0.115679614245892
0.115679621696472
0.115679621696472
0.115679629147053
0.115679629147053
0.115679636597633
0.115679644048214
0.115679644048214
0.115679644048214
0.115679644048214
0.115679651498795
0.115679651498795
0.115679651498795
0.115679658949375
0.115679658949375
0.115679658949375
0.115679666399956
0.115679666399956
0.115679666399956
0.115679673850536
0.115679673850536
0.115679673850536
0.115679681301117
0.115679681301117
0.115679688751698
0.115679688751698
0.115679696202278
0.115679696202278
0.115679696202278
0.115679703652859
0.115679703652859
0.115679703652859
0.115679711103439
0.115679711103439
0.11567971855402
0.11567971855402
0.115679726004601
0.115679726004601
0.115679726004601
0.115679733455181
0.115679733455181
0.115679733455181
0.115679740905762
0.115679740905762
0.115679748356342
0.115679748356342
0.115679755806923
0.115679755806923
0.115679755806923
0.115679763257504
0.115679763257504
0.115679763257504
0.115679770708084
0.115679778158665
0.115679778158665
0.115679778158665
0.115679785609245
0.115679785609245
0.115679793059826
0.115679793059826
0.115679793059826
0.115679800510406
0.115679800510406
0.115679807960987
0.115679807960987
0.115679807960987
0.115679815411568
0.115679815411568
0.115679815411568
0.115679822862148
0.115679830312729
0.115679830312729
0.115679830312729
0.115679837763309
0.115679837763309
0.115679837763309
0.11567984521389
0.115679852664471
0.115679852664471
0.115679852664471
0.115679860115051
0.115679860115051
0.115679860115051
0.115679867565632
0.115679867565632
0.115679867565632
0.115679875016212
0.115679875016212
0.115679882466793
0.115679882466793
0.115679889917374
0.115679889917374
0.115679889917374
0.115679897367954
0.115679897367954
0.115679904818535
0.115679904818535
0.115679912269115
0.115679912269115
0.115679912269115
0.115679912269115
0.115679919719696
0.115679919719696
0.115679919719696
0.115679927170277
0.115679927170277
0.115679934620857
0.115679934620857
0.115679934620857
0.115679942071438
0.115679942071438
0.115679942071438
0.115679942071438
0.115679949522018
0.115679949522018
0.115679949522018
0.115679956972599
0.115679956972599
0.11567996442318
0.11567996442318
0.11567997187376
0.11567997187376
0.115679979324341
0.115679979324341
0.115679986774921
0.115679986774921
0.115679986774921
0.115679986774921
0.115679986774921
0.115679994225502
0.115679994225502
0.115680001676083
0.115680001676083
0.115680001676083
0.115680009126663
0.115680009126663
0.115680009126663
0.115680009126663
0.115680016577244
0.115680016577244
0.115680024027824
0.115680024027824
0.115680024027824
0.115680031478405
0.115680031478405
0.115680038928986
0.115680038928986
0.115680038928986
0.115680046379566
0.115680046379566
0.115680046379566
0.115680053830147
0.115680061280727
0.115680061280727
0.115680061280727
0.115680068731308
0.115680068731308
0.115680068731308
0.115680068731308
0.115680076181889
0.115680076181889
0.115680076181889
0.115680083632469
0.115680083632469
0.11568009108305
0.11568009108305
0.11568009108305
0.11568009853363
0.11568009853363
0.11568009853363
0.11568009853363
0.11568009853363
0.115680105984211
0.115680105984211
0.115680113434792
0.115680113434792
0.115680113434792
0.115680120885372
0.115680120885372
0.115680128335953
0.115680128335953
0.115680128335953
0.115680135786533
0.115680135786533
0.115680135786533
0.115680135786533
0.115680135786533
0.115680135786533
0.115680143237114
0.115680143237114
0.115680143237114
0.115680150687695
0.115680150687695
0.115680150687695
0.115680150687695
0.115680158138275
0.115680158138275
0.115680165588856
0.115680165588856
0.115680165588856
0.115680173039436
0.115680173039436
0.115680173039436
0.115680173039436
0.115680173039436
0.115680180490017
0.115680180490017
0.115680180490017
0.115680187940598
0.115680187940598
0.115680195391178
0.115680195391178
0.115680202841759
0.115680202841759
0.115680210292339
0.115680210292339
0.115680210292339
0.11568021774292
0.11568021774292
0.115680225193501
0.115680225193501
0.115680232644081
0.115680232644081
0.115680232644081
0.115680240094662
0.115680240094662
0.115680240094662
0.115680240094662
0.115680247545242
0.115680247545242
0.115680254995823
0.115680254995823
0.115680262446404
0.115680262446404
0.115680269896984
0.115680269896984
0.115680277347565
0.115680277347565
0.115680277347565
0.115680284798145
0.115680284798145
0.115680292248726
0.115680292248726
0.115680299699306
0.115680299699306
0.115680299699306
0.115680307149887
0.115680307149887
0.115680314600468
0.115680314600468
0.115680314600468
0.115680322051048
0.115680322051048
0.115680329501629
0.115680329501629
0.115680329501629
0.115680336952209
0.115680336952209
0.115680336952209
0.11568034440279
0.11568034440279
0.11568034440279
0.11568034440279
0.115680351853371
0.115680351853371
0.115680359303951
0.115680359303951
0.115680359303951
0.115680366754532
0.115680366754532
0.115680366754532
0.115680366754532
0.115680374205112
0.115680374205112
0.115680374205112
0.115680381655693
0.115680381655693
0.115680389106274
0.115680389106274
0.115680389106274
0.115680396556854
0.115680396556854
0.115680404007435
0.115680404007435
0.115680411458015
0.115680411458015
0.115680411458015
0.115680418908596
0.115680418908596
0.115680418908596
0.115680426359177
0.115680426359177
0.115680433809757
0.115680433809757
0.115680433809757
0.115680441260338
0.115680441260338
0.115680441260338
0.115680448710918
0.115680448710918
0.115680448710918
0.115680456161499
0.115680456161499
0.11568046361208
0.11568046361208
0.11568047106266
0.11568047106266
0.11568047106266
0.115680478513241
0.115680478513241
0.115680485963821
0.115680485963821
0.115680493414402
0.115680493414402
0.115680500864983
0.115680500864983
0.115680508315563
0.115680508315563
0.115680508315563
0.115680515766144
0.115680515766144
0.115680515766144
0.115680523216724
0.115680523216724
0.115680523216724
0.115680530667305
0.115680530667305
0.115680538117886
0.115680538117886
0.115680545568466
0.115680545568466
0.115680553019047
0.115680553019047
0.115680553019047
0.115680553019047
0.115680560469627
0.115680560469627
0.115680567920208
0.115680567920208
0.115680567920208
0.115680575370789
0.115680575370789
0.115680575370789
0.115680582821369
0.115680582821369
0.115680582821369
0.115680582821369
0.11568059027195
0.11568059027195
0.11568059027195
0.11568059772253
0.11568059772253
0.115680605173111
0.115680605173111
0.115680605173111
0.115680612623692
0.115680612623692
0.115680612623692
0.115680620074272
0.115680620074272
0.115680620074272
0.115680620074272
0.115680627524853
0.115680627524853
0.115680634975433
0.115680634975433
0.115680642426014
0.115680642426014
0.115680642426014
0.115680649876595
0.115680649876595
0.115680649876595
0.115680657327175
0.115680657327175
0.115680657327175
0.115680664777756
0.115680672228336
0.115680672228336
0.115680672228336
0.115680672228336
0.115680672228336
0.115680672228336
0.115680679678917
0.115680679678917
0.115680687129498
0.115680687129498
0.115680694580078
0.115680694580078
0.115680694580078
0.115680694580078
0.115680694580078
0.115680694580078
0.115680702030659
0.115680702030659
0.115680709481239
0.115680709481239
0.115680709481239
0.11568071693182
0.11568071693182
0.115680724382401
0.115680724382401
0.115680724382401
0.115680731832981
0.115680731832981
0.115680739283562
0.115680739283562
0.115680746734142
0.115680746734142
0.115680754184723
0.115680754184723
0.115680754184723
0.115680761635303
0.115680761635303
0.115680761635303
0.115680769085884
0.115680769085884
0.115680776536465
0.115680776536465
0.115680776536465
0.115680783987045
0.115680783987045
0.115680791437626
0.115680791437626
0.115680798888206
0.115680798888206
0.115680798888206
0.115680806338787
0.115680806338787
0.115680806338787
0.115680813789368
0.115680813789368
0.115680821239948
0.115680821239948
0.115680821239948
0.115680828690529
