0.0
2.45476951482929e-13
1.03497624966836e-12
1.77005046904377e-12
3.45369566279174e-12
6.4773889377201e-12
1.14191980524203e-11
5.89883350499143e-11
2.67174532497805e-10
2.0656285570908e-09
1.17121983223001e-08
1.27855148690514e-08
1.38883562428305e-08
1.5457381152828e-08
1.68937681621628e-08
1.82737647236308e-08
2.0606357509223e-08
2.4366743289761e-08
3.14149808389175e-08
3.24789048988805e-08
3.34388055023283e-08
3.37015855222944e-08
3.39735031218424e-08
3.42594788094175e-08
3.45725652550755e-08
3.48361695046151e-08
3.5126195285784e-08
3.54323361761999e-08
3.5750840510218e-08
3.60396050780309e-08
3.63019267979325e-08
3.654761471239e-08
3.69065951133507e-08
3.74625734878009e-08
3.80237565877906e-08
3.85608700526063e-08
3.91934804611083e-08
3.97635275817265e-08
3.9907522619842e-08
4.00556245949701e-08
4.02083379924534e-08
4.03673112714387e-08
4.05342568399192e-08
4.07113454059527e-08
4.08961504660965e-08
4.10882279311409e-08
4.13935445919833e-08
4.17343848369001e-08
4.21067092304384e-08
4.24822275135739e-08
4.28543849295693e-08
4.32228723923345e-08
4.37768328254151e-08
4.46247945262712e-08
4.55817392719382e-08
4.68471945680449e-08
4.84813291734554e-08
5.05740764822349e-08
5.29993435804954e-08
5.55880923513996e-08
5.95313416340559e-08
6.58039098766494e-08
7.55633777771436e-08
8.94639029525024e-08
1.0829453600536e-07
1.32946524900035e-07
1.6438129080143e-07
2.02691666117971e-07
2.45959938638407e-07
2.97207805033395e-07
3.58877969119931e-07
4.13105141205961e-07
4.59728255464142e-07
4.93240975174558e-07
5.19190393788449e-07
5.47034971987159e-07
5.71788064007706e-07
5.86804389968165e-07
5.99850238813815e-07
6.11153723184543e-07
6.21029641934001e-07
6.29438829946594e-07
6.36593938452279e-07
6.4293243440261e-07
6.4843669633774e-07
6.5341799881935e-07
6.57652890367899e-07
6.61584181216313e-07
6.64723245336063e-07
6.67411995891598e-07
6.69841995204479e-07
6.72141766244749e-07
6.73822626140463e-07
6.75067838074028e-07
6.76062484217255e-07
6.77082596212131e-07
6.77396201353986e-07
6.77391938097571e-07
6.77370337598404e-07
6.77234197610233e-07
6.76663944432221e-07
6.75950673212355e-07
6.7490208266463e-07
6.73574334086879e-07
6.73044667109934e-07
6.72992769068514e-07
6.72973726523196e-07
6.7294109840077e-07
6.7293859729034e-07
6.72941780521796e-07
6.72943258450687e-07
6.72945759561117e-07
6.72949340696505e-07
6.7296207362233e-07
6.72969406423363e-07
6.72972589654819e-07
6.73053420996439e-07
6.73632939651725e-07
6.7510518420022e-07
6.77535808790708e-07
6.80383550388797e-07
6.83342534557596e-07
6.87416616074188e-07
6.90084732468677e-07
6.90803403813334e-07
6.90895035404537e-07
6.90885087806237e-07
6.90870876951521e-07
6.90851663875947e-07
6.90823355853354e-07
6.90781462253653e-07
6.90719446083676e-07
6.90629690325295e-07
6.90501281042089e-07
6.90310059781041e-07
6.90017145643651e-07
6.89588375735184e-07
6.889039809721e-07
6.87765748352831e-07
6.86054590914864e-07
6.8345610770848e-07
6.79898619182495e-07
6.74725640692486e-07
6.69954317800148e-07
6.64957610752026e-07
6.60189414247725e-07
6.5530912252143e-07
6.50176957606163e-07
6.4601562144162e-07
6.39808547475695e-07
6.35364870049671e-07
6.29319401923567e-07
6.24341510047088e-07
6.18102774296858e-07
6.13743281974166e-07
6.06743185471714e-07
6.02025409079943e-07
5.9669292795661e-07
5.90554122936737e-07
5.85176394451992e-07
5.79764844133024e-07
5.74965156374674e-07
5.67720292110607e-07
5.63210676318704e-07
5.57065561679337e-07
5.50840013602283e-07
5.45028569831629e-07
5.39112988917623e-07
5.34055800471833e-07
5.33679155978461e-07
5.33083323261963e-07
5.33083323261963e-07
