0.0
-1.84561542937445e-06
-2.95599784294609e-06
-3.63401272807096e-06
-4.47653656010516e-06
-7.85785960033536e-06
-8.83770917425863e-06
-9.64925311564002e-06
-1.03684469650034e-05
-1.0814718734764e-05
-1.09974789666012e-05
-1.08987742351019e-05
-1.17099216367933e-05
-1.26890963656479e-05
-1.37383121909807e-05
-1.48429307955666e-05
-1.67627476912457e-05
-1.70652456290554e-05
-1.74142824107548e-05
-1.75069890246959e-05
-1.76485300471541e-05
-1.78705540747615e-05
-1.79569233296206e-05
-1.80612732947338e-05
-1.80778861249564e-05
-1.80868391908007e-05
-1.80962997546885e-05
-1.80962997546885e-05
