-0.0
-1.77635683940025e-14
-1.13651321953512e-06
-1.25127371575218e-06
2.75935553872841e-06
3.21239895129111e-06
2.79240794043289e-06
3.55336669599637e-06
6.78241303830873e-06
3.3887627068907e-06
4.57541318610311e-07
-5.82465327170212e-06
-1.3951397704659e-05
-4.3628278945107e-05
-1.5234047168633e-05
-6.60570731270127e-06
-5.66656308365054e-06
-3.5759003367275e-06
-7.19428498996422e-06
-8.40772554511204e-06
-7.59172689868137e-06
-7.70406040828675e-06
-7.318623829633e-06
-7.15781789040193e-06
-7.0814712671563e-06
-7.03732075635344e-06
-7.00016971677542e-06
-6.91918830852956e-06
-6.92373578203842e-06
-6.91440072841942e-06
-6.89234002493322e-06
-6.87075225869194e-06
-6.83157850289717e-06
-6.81530218571424e-06
-6.80131779517978e-06
-6.78313517710194e-06
-6.76198396831751e-06
-6.74492184771225e-06
-6.72105670673773e-06
-6.70357985654846e-06
-6.69220025883988e-06
-6.69761357130483e-06
-6.70920417178422e-06
-6.71650923322886e-06
-6.72480382490903e-06
-6.72555324854329e-06
-6.7259679781273e-06
-6.73018803354353e-06
-6.74984039505944e-06
-6.98478834237903e-06
-7.34189234208316e-06
-8.10057099442929e-06
-8.46321927383542e-06
-8.91854870133102e-06
-9.18661680771038e-06
-9.55431460170075e-06
-1.01245968835428e-05
-1.10769979073666e-05
-1.25062360893935e-05
-9.54959250520915e-06
1.68877886608243e-06
5.15959254698828e-06
2.3138418328017e-06
-1.31475098896772e-06
-1.69529812410474e-06
-4.29148349212483e-06
-1.25023580039851e-05
-7.84473377279937e-06
-4.70454688183963e-06
1.40867632580921e-06
1.19632750283927e-06
2.96106736641377e-06
3.9929618651513e-06
1.87405676115304e-05
1.18655589176342e-05
9.07365392777137e-06
6.87599822413176e-06
4.49270737590268e-06
1.08054919110145e-05
1.08908498077653e-05
6.72792521072552e-06
7.62175477575511e-06
-8.85234476299956e-06
-1.62567448569462e-06
-7.43251439416781e-06
-1.08446565718623e-05
-1.05620292742969e-05
-1.31918932311237e-05
-1.7900369130075e-05
-1.44661116792122e-05
-1.2887141565443e-05
-6.81321216688957e-06
-3.44743239111267e-06
-9.33138471737038e-06
-9.02260580915026e-07
-3.49267247656826e-06
-4.39267023466527e-06
-4.9587142711971e-06
-5.05950447404757e-06
-5.2444029279286e-06
-5.49774813407566e-06
-5.71762211620808e-06
-5.3747025958728e-06
-4.93451352667762e-06
-5.81736048843595e-06
-5.17116859555244e-06
-5.33294769411441e-06
-5.79297011427116e-06
-4.77827416034415e-06
-4.99731868330855e-06
-5.1316983444849e-06
-4.17356113757705e-06
-4.6712893890799e-06
-4.07525794798858e-06
-3.81329414267384e-06
-4.68560483568581e-06
-4.18146282754606e-06
-3.41375834977953e-06
-4.05776245315792e-06
-3.80291407964251e-06
-3.55375846083916e-06
-4.33693412560388e-06
-3.23771610055701e-06
-4.12246117775794e-06
-4.01547004003078e-06
-3.60858302883571e-06
-4.29522242484381e-06
-4.66542451249552e-06
-4.27989743911894e-06
-3.3891183193191e-06
-5.04526269651251e-06
-4.60317278339062e-06
-3.82108555641025e-06
-4.14440046370146e-06
-4.60684896097519e-06
-4.08911637350684e-06
-4.58570730188512e-06
-4.22003540734295e-06
-3.62025343747518e-06
-4.13611951444182e-06
-3.9946544347913e-06
-3.08627477352275e-06
-3.8056678022258e-06
-4.16176408180036e-06
-3.97854228140204e-06
-3.59625028067967e-06
-5.10669724462787e-06
-4.68252665086766e-06
-4.37933431385318e-06
-4.35141737398226e-06
