-0.0
7.8159700933611e-14
-2.16075477510458e-08
1.18140269478317e-06
2.79992946161656e-06
3.81727022613632e-06
6.95301241648849e-06
1.38342347781872e-05
1.72109812410781e-05
2.07056364160962e-05
2.08673372981139e-05
1.72221389220795e-05
6.97637551638763e-06
4.8735601012595e-06
2.88324372377247e-06
8.66581103764474e-07
-1.29023101180792e-06
-4.83083385915961e-06
-1.10788787424099e-05
-1.76539560925448e-05
-2.43202775891405e-05
-3.44428699463606e-05
-5.55948172404896e-05
-7.75900844018906e-05
-9.85045990091749e-05
-0.000117641407996416
-0.000144521793117747
-0.00015501634334214
-0.000167013582540676
-0.000181645722477697
-0.000202743132831529
-0.000242271009483375
-0.000274657650152221
-0.000317743164487183
-0.000330985669279471
-0.000345959211699665
-0.000374505354557186
-0.000412371678976342
-0.000470165687147528
-0.00053215294610709
-0.000589804898481816
-0.000668474414851516
-0.000770350219681859
-0.000893283751793206
-0.000991012202575803
-0.00104134925641119
-0.00106941198464483
-0.00107911694794893
-0.00108334829565138
-0.0010851975530386
-0.00108537124469876
-0.00108397996518761
-0.00108075293246657
-0.00107599562034011
-0.00106585375033319
-0.00104494416154921
-0.00101543951313943
-0.00097273982828483
-0.00092570303240791
-0.000896857585757971
-0.000900639453902841
-0.000906250148545951
-0.000925912288948894
-0.000957834359724075
-0.000993247842416167
-0.000671081361360848
-0.000564659829251468
-0.00049739028327167
-0.000410525244660676
-0.000318552833050489
-0.000232691367273219
-0.000161228934302926
-0.000102196987427305
-6.04046508669853e-05
-2.11096321436344e-05
1.33537087094737e-05
3.8518090150319e-05
5.56707091163844e-05
5.74379992031027e-05
7.89775585872121e-05
0.000105527069536038
0.000133278095745482
0.000160152238095179
0.000186456163646653
0.000207510049222037
0.000227565556997433
0.000246274343226105
0.000262733257841319
0.000281076034298167
0.000294644065434113
0.000299188162898645
0.00029907634598203
0.000297000224236399
0.000306792615447193
0.000308323069475591
0.00030503622838296
0.000312765361741185
0.000299442152027041
0.000287880538962781
-3.03676728208302e-08
-1.61305360961705e-05
-1.48269491546671e-05
-1.34070978674572e-05
-1.21599578051246e-05
-1.06921015685657e-05
-8.93789365363773e-06
-6.48423065285897e-06
-3.99107511839247e-06
-1.28617659811425e-06
-6.42941131445696e-07
-3.9357757941616e-07
-2.88373541934561e-07
-1.4132265846456e-07
-7.53388462726434e-08
-5.33141211178645e-08
-2.02789678382942e-08
8.41114555782951e-09
8.41114555782951e-09
