0.0
6.36944363918701e-08
2.54981216585293e-07
1.69848249242932e-06
4.17107821704121e-06
4.8246229198412e-06
5.57010389456991e-06
7.88188390288269e-06
1.0703024599934e-05
1.28473438962828e-05
1.35877389766392e-05
1.4658689906355e-05
1.55628622451331e-05
1.66677273227833e-05
1.72332638612716e-05
1.75061923073372e-05
1.78371064976091e-05
1.78522732312558e-05
1.78075624717167e-05
1.78490099642659e-05
1.79777907760581e-05
1.80219321919139e-05
1.8067314158543e-05
1.81459490704583e-05
1.82377898454433e-05
1.82175081135938e-05
1.82114035851555e-05
1.82042767846724e-05
1.82037128979573e-05
1.82028543349588e-05
1.82015664904611e-05
1.82010808202904e-05
1.82003823283594e-05
1.81994055310497e-05
1.81974919541972e-05
1.81967825483298e-05
1.81957129825605e-05
1.81941177288536e-05
1.81935374712339e-05
1.81926516233943e-05
1.81912801053841e-05
1.81907926162239e-05
1.81899667950347e-05
1.81887517101131e-05
1.81874947884353e-05
1.81862196768634e-05
1.81842824531486e-05
1.81813084054738e-05
1.81781724677421e-05
1.81749801413389e-05
1.81709929165663e-05
1.81626219273312e-05
1.81584637175547e-05
1.8150301912101e-05
1.81415434781229e-05
1.8132772311219e-05
1.81252726179082e-05
1.81167670234572e-05
1.81053110281937e-05
1.80920251295902e-05
1.80771949089831e-05
1.80618662852794e-05
1.80372735485435e-05
1.80096285475884e-05
1.80007118615322e-05
1.79879825736862e-05
1.79744438355556e-05
1.79604448931059e-05
1.79381640919019e-05
1.79153103090357e-05
1.78921072802041e-05
1.7857182683656e-05
1.78434784174897e-05
1.78234822669765e-05
1.77937781700166e-05
1.77497859112918e-05
1.77328402060084e-05
1.77079309651162e-05
1.7670472516329e-05
1.76142948475899e-05
1.7589909475646e-05
1.7566515452927e-05
1.75430886883987e-05
1.75196983036585e-05
1.74848864844535e-05
1.74332981259795e-05
1.74134238477563e-05
1.73937951331027e-05
1.73740954778623e-05
1.7345200831187e-05
1.73162552528083e-05
1.7287351511186e-05
1.72581130755134e-05
1.72472591657424e-05
1.72307827597251e-05
1.7206531992997e-05
1.71720857906621e-05
1.71594492712757e-05
1.71405936271185e-05
1.71219744515838e-05
1.71030715137022e-05
1.7074889910873e-05
1.70469083968783e-05
1.70185721799498e-05
1.69903596543008e-05
1.69623872352531e-05
1.69210379681317e-05
1.68606729857856e-05
1.67677735589677e-05
1.67507641890552e-05
1.67330053955084e-05
1.67151792993536e-05
1.6697313185432e-05
1.66710251505719e-05
1.66296413226519e-05
1.65611272677779e-05
1.65355086210184e-05
1.65096571436152e-05
1.64817938639317e-05
1.64368739206111e-05
1.63862041517859e-05
1.63721651915694e-05
1.63573222380364e-05
1.6341291484423e-05
1.63234635692788e-05
1.63023942150176e-05
1.62746182468254e-05
1.62358883244451e-05
1.62000415002694e-05
1.61515454237815e-05
1.60927556862589e-05
1.60134659381583e-05
1.59021128638415e-05
1.58050170284696e-05
1.5717108908575e-05
1.56507285282714e-05
1.55812576849712e-05
1.55216184793971e-05
1.54886492964579e-05
1.54700701386901e-05
1.5458323105122e-05
1.54503322846722e-05
1.54418066813378e-05
1.54387798829703e-05
1.54354056576267e-05
1.54313474922674e-05
1.54257741087349e-05
1.54160443344153e-05
1.53995933942497e-05
1.53844684973592e-05
1.53679975483101e-05
1.53614473674679e-05
1.53502769535407e-05
1.53359451360302e-05
1.53141281771241e-05
1.52799748320831e-05
1.52454613271402e-05
1.52147322296514e-05
1.51744170580059e-05
1.51229796756525e-05
1.5079626791703e-05
1.50439809658565e-05
1.50061277963687e-05
1.49800753206364e-05
1.49631277963636e-05
1.49519337355741e-05
1.4944392205507e-05
1.49389725265792e-05
1.49348288687179e-05
1.4929814824427e-05
1.49235665958258e-05
1.49152065205271e-05
1.49032548506511e-05
1.48854678627686e-05
1.48604767673532e-05
1.48297131090658e-05
1.47892324093846e-05
1.47308301166049e-05
1.46211887113168e-05
1.43617380672367e-05
1.39295152621344e-05
1.33136572912917e-05
1.25387432490243e-05
1.16420278573059e-05
1.01487903521047e-05
7.78750199970091e-06
5.26921758137178e-06
2.87323973680031e-06
7.61255648740189e-07
3.85100769051405e-08
3.89319545490707e-08
3.89676237944059e-08
3.87526242207059e-08
3.77167630460917e-08
3.54188998130667e-08
3.28063514132282e-08
2.93343909163468e-08
3.0866139866248e-08
3.86522671647072e-08
4.19894483627559e-08
4.31223199370834e-08
4.42725358595908e-08
4.44292034273985e-08
4.47002825865184e-08
4.41606964329821e-08
4.16558236793207e-08
3.85283911441547e-08
3.88522245486911e-08
4.07935161206296e-08
4.10039895371028e-08
4.30074429402794e-08
4.46116317220913e-08
4.64006859601795e-08
4.72462069467383e-08
4.77614463534337e-08
4.76006114524807e-08
4.62138842749482e-08
4.44383090325573e-08
4.03375643998061e-08
3.55981129018801e-08
3.44441950517194e-08
3.44441950517194e-08
