-0.0
8.5265128291212e-14
-2.38849224842852e-08
-4.67966856376734e-08
-5.07943695993163e-08
-5.20135472470429e-08
-8.08504410088062e-08
-1.79637595465465e-07
-2.2614676709054e-07
-3.10079485643655e-07
-4.60033334093168e-07
-1.38152245199308e-08
6.00421117269434e-07
7.13695044396445e-07
1.06646075437311e-06
9.68856966210296e-07
1.2979620578335e-06
-4.78744482279581e-07
-4.97424207424046e-06
-1.56953356054146e-05
-3.60363083018456e-05
-5.66219423490111e-05
-6.82855461491272e-05
-7.39487004466355e-05
-7.89899204391986e-05
-8.30484787002206e-05
-8.8838001829572e-05
-9.74137947196141e-05
-0.000110007698822301
-0.000113529960799497
-0.000116233008156996
-0.000119128133519553
-0.000124156184028834
-0.000130275671835989
-0.000138344636070542
-0.00015138991875574
-0.000163133605383337
-0.000171981562743895
-0.000179430018761195
-0.000185849086847156
-0.00019128096755594
-0.000198564637685195
-0.000212378712603822
-0.00022846220235806
-0.000232052931096405
-0.000235945582971908
-0.000240380890318193
-0.000248722033575177
-0.000260662112850696
-0.000273467565421015
-0.000284476234810427
-0.000300637475447729
-0.000327335932524875
-0.000357526587322354
-0.000383094418793917
-0.000401350582251325
-0.000411032058764249
-0.000417601433582604
-0.000421898381318897
-0.000424667639890686
-0.000426236802013591
-0.000427216320531443
-0.000427811406552792
-0.000426624726969749
-0.00042405299609527
-0.000419449468608946
-0.000411345594329759
-0.000404237391194329
-0.000400230870582163
-0.000377347343601286
-0.000358634133590385
-0.000350707821780816
-0.000341042992658913
-0.00032688956707716
-0.000297499354928732
-0.000263906928012148
-0.000255165708949789
-0.00026913481997326
-0.000277599639957771
-0.000231536541832611
-0.000166296449606307
-0.000147431768709794
-0.000138468574732542
-0.000130377142340876
-0.000117884861538187
-0.000104069244116545
-9.34075651457533e-05
-8.11534409876913e-05
-6.23493397142738e-05
-4.05501778004691e-05
-1.23915906442562e-05
1.31366141431499e-05
3.4517543099355e-05
6.05469103902578e-05
0.000100198420113884
0.000122456316603348
0.000140449876198545
0.000153873770614155
0.000172285625012591
0.000188903970411047
0.00019990693544969
0.000208738667424768
0.000214313680771738
0.000216455227928236
0.000217207154491916
0.000217302411329001
0.000215865482459776
0.000215195046621375
0.000216102140257135
0.000209934762096964
0.000211480044526979
0.000213052931940183
0.000210273705306463
0.000210229642107151
0.000210167389013804
0.000207427379791625
0.000199049114598893
0.000200399605091661
0.000155128218466416
-4.7949688450899e-05
-4.74260377814062e-05
6.95561595875915e-07
6.44845385977533e-07
5.23185633483081e-07
4.01776389935549e-07
3.86917349715077e-07
4.2714896153484e-07
4.3936449856119e-07
4.49377409950102e-07
4.68918244678207e-07
5.01309727951593e-07
5.42700490768766e-07
5.78435106035613e-07
6.25723941993783e-07
6.84664087202691e-07
7.47753801988438e-07
7.78066180373571e-07
8.0557549608784e-07
8.08903962479235e-07
7.00472355674719e-07
5.46930607470131e-07
6.00790826865705e-07
5.28197517724038e-07
4.28792247930687e-07
3.78386431520994e-07
3.16205273520609e-07
2.47160159005944e-07
1.8204889329354e-07
1.25832286812511e-07
6.14048047964388e-08
4.3934825555425e-08
1.70198077853456e-08
1.20548637738693e-09
1.20548637738693e-09
