0
0.000569035822991282
0.0298077557235956
0.0556983724236488
0.0756970942020416
0.0911177098751068
0.104289390146732
0.119748771190643
0.139179781079292
0.158053144812584
0.178813651204109
0.195994213223457
0.211342602968216
0.224645271897316
0.254012078046799
0.279537469148636
0.298237800598145
0.309515535831451
0.311058342456818
0.311506539583206
0.312155425548553
0.312823474407196
0.312855392694473
0.312798738479614
0.31519690155983
0.316090226173401
0.315325975418091
0.313258439302444
0.309777766466141
0.305550336837769
0.302665323019028
0.302667886018753
0.298844337463379
0.294643223285675
0.29113295674324
0.289533108472824
0.288543611764908
0.285102963447571
0.281087189912796
0.277067929506302
0.273391872644424
0.269346088171005
0.265493482351303
0.261634409427643
0.2577004134655
0.254080146551132
0.250413328409195
0.24673880636692
0.243163853883743
0.239765748381615
0.236279204487801
0.23285898566246
0.229492902755737
0.225847750902176
0.222399920225143
0.218890205025673
0.215516820549965
0.21185690164566
0.208586841821671
0.20495630800724
0.20159587264061
0.197905942797661
0.194459080696106
0.19079601764679
0.187793269753456
0.184436589479446
0.181493178009987
0.178312450647354
0.175480842590332
0.172134071588516
0.169179558753967
0.16586072742939
0.162763625383377
0.159589916467667
0.156576737761497
0.153532430529594
0.150444030761719
0.147591665387154
0.144178539514542
0.141318395733833
0.138471081852913
0.135525032877922
0.132731154561043
0.13019959628582
0.127795800566673
0.125196740031242
0.122642569243908
0.120307609438896
0.118001542985439
0.11538515239954
0.112910747528076
0.11028603464365
0.107840768992901
0.105035044252872
0.10252058506012
0.100045844912529
0.0978214740753174
0.0952819064259529
0.092863492667675
0.0903842449188232
0.0873794704675674
0.0850159153342247
0.0829752534627914
0.0806820318102837
0.0786580741405487
0.0766968950629234
0.0750767886638641
