0.0
0.00999999977648258
0.0199999995529652
0.0299999993294477
0.0399999991059303
0.0500000007450581
0.0599999986588955
0.0700000002980232
0.0799999982118607
0.0900000035762787
0.100000001490116
0.109999999403954
0.119999997317791
0.129999995231628
0.140000000596046
0.150000005960464
0.159999996423721
0.170000001788139
0.180000007152557
0.189999997615814
0.200000002980232
0.209999993443489
0.219999998807907
0.230000004172325
0.239999994635582
0.25
0.259999990463257
0.270000010728836
0.280000001192093
0.28999999165535
0.300000011920929
0.310000002384186
0.319999992847443
0.330000013113022
0.340000003576279
0.349999994039536
0.360000014305115
0.370000004768372
0.379999995231628
0.389999985694885
0.400000005960464
0.409999996423721
0.419999986886978
0.430000007152557
0.439999997615814
0.449999988079071
0.46000000834465
0.469999998807907
0.479999989271164
0.490000009536743
0.5
0.509999990463257
0.519999980926514
0.529999971389771
0.540000021457672
0.550000011920929
0.560000002384186
0.569999992847443
0.579999983310699
0.589999973773956
0.600000023841858
0.610000014305115
0.620000004768372
0.629999995231628
0.639999985694885
0.640625
0.640859365463257
0.640947282314301
0.641079127788544
0.641276836395264
0.641573488712311
0.641684710979462
0.641851603984833
0.642101883888245
0.64247727394104
0.643040418624878
0.643885135650635
0.645152151584625
0.647052764892578
0.649903655052185
0.654179930686951
0.655783534049988
0.656384885311127
0.657286942005157
0.658639967441559
0.660669565200806
0.663713932037354
0.668280482292175
0.669992923736572
0.672561585903168
0.676414608955383
0.677859544754028
0.680026829242706
0.68327784538269
0.684496939182281
0.68632560968399
0.687011361122131
0.687075674533844
0.687172114849091
0.68731677532196
0.687533736228943
0.687615096569061
0.687737166881561
0.687920212745667
0.688194870948792
0.688606739044189
0.689224660396576
0.690151453018188
0.69154167175293
0.693626999855042
0.694409012794495
0.695582032203674
0.697341501712799
0.699980735778809
0.703939616680145
0.705424189567566
0.705563366413116
0.705772161483765
0.706085324287415
0.706555068492889
0.707259654998779
0.708316504955292
0.709901869297028
0.712279856204987
0.71584689617157
0.717184543609619
0.719190955162048
0.722200632095337
0.723329246044159
0.723752498626709
0.724387347698212
0.725339591503143
0.726768016815186
0.728910624980927
0.73212456703186
0.733329832553864
0.735137641429901
0.735815584659576
0.736832499504089
0.738357841968536
0.738929867744446
0.739787876605988
0.740109622478485
0.740592300891876
0.741316258907318
0.742402136325836
0.744031071662903
0.746474385261536
0.747390627861023
0.748764991760254
0.750826597213745
0.751599669456482
0.752759277820587
0.753194153308868
0.75384646654129
0.754824876785278
0.755191802978516
0.755742192268372
0.756567716598511
0.757806062698364
0.757922172546387
0.75809633731842
0.758357524871826
0.75874936580658
0.759337067604065
0.759557485580444
0.759640097618103
0.759764075279236
0.759950041770935
0.760019779205322
0.760124385356903
0.760281264781952
0.76051664352417
0.760869681835175
0.761002063751221
0.761200666427612
0.761498510837555
0.761945307254791
0.762615561485291
0.763620853424072
0.76512885093689
0.767390787601471
0.767443835735321
0.767523348331451
0.767642617225647
0.767821550369263
0.76788866519928
0.767989277839661
0.768140256404877
0.768366694450378
0.768706381320953
0.769215881824493
0.769980192184448
0.771126568317413
0.772846221923828
0.775425672531128
0.776392936706543
0.77784389257431
0.77838796377182
0.778591990470886
0.778668522834778
0.77878326177597
0.778955459594727
0.779213666915894
0.779310524463654
0.779455780982971
0.779673635959625
0.780000507831573
0.780490696430206
0.781226098537445
0.782329142093658
0.783983707427979
0.786465525627136
0.787396252155304
0.788792312145233
0.790886342525482
0.791671633720398
0.792849540710449
0.794616401195526
0.795278966426849
0.796272814273834
0.797763586044312
0.79999977350235
0.80335408449173
0.808385491371155
0.808503448963165
0.808680295944214
0.808945655822754
0.809343636035919
0.80994063615799
0.810836136341095
0.812179327011108
0.814194202423096
0.817216455936432
0.818349778652191
0.818774819374084
0.818934142589569
0.819173216819763
0.819262862205505
0.819296479225159
0.819346904754639
0.819422543048859
0.819536030292511
0.819706201553345
0.819770038127899
0.819865763187408
0.820009410381317
0.820224761962891
0.820305585861206
0.82042670249939
0.820608496665955
0.820881068706512
0.820983350276947
0.821136653423309
0.821366667747498
0.821711719036102
0.822229266166687
0.823005616664886
0.824170053005219
0.825916826725006
0.826571822166443
0.82755434513092
0.829028189182281
0.831238865852356
0.832067847251892
0.832145571708679
0.83226215839386
0.832437038421631
0.832699358463287
0.83309280872345
0.833683013916016
0.83456826210022
0.835896193981171
0.837888062000275
0.840875864028931
0.841996312141418
0.84367698431015
0.846197903156281
0.849979400634766
0.850068032741547
0.850200951099396
0.850400388240814
0.850475132465363
0.85058730840683
0.850755572319031
0.85100793838501
0.851102590560913
0.851244568824768
0.851457476615906
0.851537346839905
0.851657152175903
0.851836800575256
0.852106332778931
0.852207362651825
0.852358996868134
0.852586388587952
0.852671682834625
0.852799594402313
0.852991461753845
0.853279232978821
0.853387176990509
0.853549063205719
0.853791892528534
0.853882968425751
0.854019522666931
0.854224443435669
0.854531764984131
0.854992806911469
0.855684280395508
0.856721580028534
0.858277440071106
0.858860909938812
0.859736084938049
0.859818160533905
0.859941184520721
0.860125839710236
0.86019504070282
0.860298871994019
0.860454678535461
0.860688328742981
0.86103880405426
0.861564457416534
0.862353026866913
0.862648725509644
0.862759649753571
0.862926006317139
0.863175511360168
0.863549768924713
0.864111125469208
0.864953219890594
0.86621630191803
0.86811101436615
0.868821501731873
0.869887292385101
0.871485888957977
0.873883843421936
0.874783098697662
0.875120282173157
0.875626146793365
0.876384854316711
0.877522945404053
0.879230082035065
0.88179075717926
0.882751047611237
0.884191453456879
0.886352002620697
0.887162268161774
0.887466073036194
0.887921810150146
0.88860547542572
0.888861835002899
0.888957977294922
0.888994038105011
0.889048099517822
0.889129221439362
0.889250874519348
0.88943338394165
0.889707148075104
0.890117764472961
0.89073371887207
0.890964686870575
0.891051352024078
0.891181290149689
0.891376137733459
0.891668498516083
0.891778111457825
0.89194256067276
0.892189204692841
0.892281711101532
0.892420470714569
0.892628610134125
0.892706632614136
0.892823696136475
0.892999291419983
0.893262684345245
0.893361508846283
0.89350962638855
0.893731892108917
0.893815219402313
0.893940269947052
0.894127786159515
0.89440906047821
0.894514501094818
0.894672751426697
0.894910097122192
0.895266056060791
0.895800054073334
0.896000325679779
0.896300673484802
0.896413326263428
0.896582305431366
0.896835744380951
0.897215902805328
0.89778608083725
0.898641467094421
0.899924516677856
0.901849031448364
0.902029454708099
0.902300119400024
0.902706027030945
0.903315007686615
0.904228389263153
0.905598521232605
0.90765368938446
0.908424377441406
0.909580409526825
0.911314427852631
0.911477029323578
0.911537945270538
0.911629378795624
0.911766588687897
0.911972343921661
0.912280917167664
0.912743866443634
0.912917494773865
0.913177847862244
0.913568496704102
0.914154350757599
0.914374113082886
0.914703667163849
0.915198028087616
0.915939569473267
0.916009068489075
0.916113317012787
0.916269779205322
0.916504383087158
0.916856348514557
0.917384207248688
0.918176114559174
0.918250322341919
0.918361663818359
0.918528735637665
0.918779253959656
0.919155061244965
0.919296026229858
0.919507443904877
0.919824540615082
0.920300185680389
0.921013653278351
0.922083854675293
0.923689186573029
0.923839688301086
0.924065411090851
0.924150109291077
0.924277067184448
0.92446756362915
0.924753248691559
0.924860417842865
0.925021111965179
0.925262212753296
0.925623774528503
0.926166236400604
0.926979839801788
0.927284955978394
0.927742600440979
0.927914202213287
0.928171634674072
0.928268194198608
0.928412973880768
0.928630173206329
0.928956031799316
0.92944473028183
0.930177807807922
0.931277394294739
0.93168979883194
0.932308316230774
0.933236122131348
0.934627830982208
0.935149729251862
0.935932576656342
0.937106788158417
0.938868165016174
0.941510260105133
0.94250100851059
0.943987190723419
0.944126486778259
0.944335520267487
0.94464898109436
0.945119202136993
0.945295572280884
0.945560038089752
0.945659220218658
0.945808053016663
0.946031212806702
0.94636595249176
0.946868121623993
0.94762134552002
0.948751151561737
0.950445890426636
0.951081454753876
0.952034711837769
0.953464686870575
0.955609560012817
0.958826959133148
0.963652968406677
0.965462744235992
0.966141402721405
0.967159390449524
0.968686401844025
0.970976889133453
0.974412620067596
