-0.0
7.56445842853282e-07
9.97136703517754e-06
6.06273315497674e-05
8.95778575795703e-05
1.91129056474892e-05
-4.74512125947513e-05
1.25852184282849e-05
1.97066365217324e-05
2.35660445468966e-05
4.42880918853916e-05
7.61553383199498e-05
5.51043012819719e-05
7.34101049602032e-05
9.67352680163458e-05
0.00011603366874624
0.000136972623295151
0.000136638205731288
0.000137013776111417
0.00013775858678855
0.00013826678332407
0.000137727794935927
0.000137251801788807
0.000136778267915361
0.000136151269543916
0.000135384529130533
0.000134192465338856
0.000132359462440945
0.000131550565129146
0.000130248954519629
0.000128292624140158
0.000127667983178981
0.000126725499285385
0.000125285019748844
0.000123680103570223
0.000121257195132785
0.000121113305795006
0.000120947661343962
0.000120762051665224
0.000120361233712174
0.000119215095764957
0.000118365263915621
0.000117608629807364
0.000116888419142924
0.000115818096674047
0.000114619819214568
0.000112403809907846
0.000110252440208569
0.000108682943391614
0.000107215069874655
0.000104957289295271
0.000100979290436953
9.12257892196067e-05
7.26715370547026e-05
5.18558917974588e-05
3.96783325413708e-05
3.94816088373773e-05
3.61926868208684e-05
2.2072435967857e-05
2.86135873466264e-05
1.04824284790084e-05
-2.13554085348733e-06
-7.04582271282561e-06
-1.31112938106526e-05
-1.76429821294732e-05
-2.02477640414145e-05
-1.93377745745238e-05
-2.22076414502226e-05
-3.26658882841002e-05
-4.71718230983242e-05
-6.73176618875004e-05
-6.29139613010921e-05
-7.03817713656463e-05
-8.59598803799599e-05
-9.07924477360211e-05
-9.05177803360857e-05
-9.52128248172812e-05
-9.67635351116769e-05
-9.41317266551778e-05
-9.72259222180583e-05
-9.64162973104976e-05
-9.55548530328088e-05
-0.000108435197034851
-0.000113402209535707
-0.00011886446736753
-0.000120286902529188
-0.000120745637104847
-0.000125770122394897
-0.000108232816273812
-5.20770408911631e-05
1.42760336530046e-06
3.18786487696343e-06
2.9103059659974e-06
2.62752519120113e-06
2.51404981099768e-06
2.31338844969287e-06
2.2259266643232e-06
1.90563366686547e-06
1.06816560219158e-06
8.07128117230604e-07
5.825164066664e-07
4.51625282948953e-07
4.33882291872578e-07
4.26875487846701e-07
4.3208638089709e-07
4.42499299424526e-07
4.47538980097306e-07
4.53035482905761e-07
4.40712483396055e-07
4.08383129979484e-07
2.79302781791557e-07
1.22747053410421e-07
5.73143577042856e-09
3.51209283877552e-10
-3.95239396766556e-14
-3.95239396766556e-14
