0.0
2.1027963814646e-09
2.11188844190247e-09
2.11188155851971e-09
2.1118899962147e-09
2.11188777576865e-09
2.11188777576865e-09
2.11188777576865e-09
2.11188777576865e-09
2.11188777576865e-09
2.11188777576865e-09
2.11188777576865e-09
2.11188777576865e-09
2.11188777576865e-09
2.11188777576865e-09
2.11188777576865e-09
2.11188777576865e-09
2.11188777576865e-09
2.11188777576865e-09
2.11188777576865e-09
2.11188777576865e-09
2.11188777576865e-09
2.11188777576865e-09
2.11188777576865e-09
2.11188777576865e-09
2.11188777576865e-09
2.11188777576865e-09
2.11188777576865e-09
2.11188777576865e-09
2.11188777576865e-09
2.11188777576865e-09
2.11188777576865e-09
2.11188777576865e-09
1.14686109498052e-07
2.01969260160695e-06
4.2315273276472e-06
5.70860038351384e-06
7.69121834309772e-06
8.92658590601059e-06
1.06386314655538e-05
1.30541220642044e-05
1.53265373228351e-05
1.75959030457307e-05
1.76561570697231e-05
1.46849988595932e-05
1.37942033688887e-05
1.42308244903688e-05
1.46002066685469e-05
1.7225513147423e-05
2.26758857024834e-05
2.75794518529437e-05
3.28955975419376e-05
3.42510029440746e-05
3.39624093612656e-05
3.35967088176403e-05
3.35326294589322e-05
3.29636786773335e-05
3.19238788506482e-05
3.08286398649216e-05
3.00204446830321e-05
2.94403598672943e-05
2.84910674963612e-05
2.74988378805574e-05
2.67013219854562e-05
2.59849657595623e-05
2.52815607382217e-05
2.44878574449103e-05
2.37351650866913e-05
2.30020832532318e-05
2.23011666093953e-05
2.16252410609741e-05
2.09770605579251e-05
2.0347544705146e-05
1.97508779820055e-05
1.91673771041678e-05
1.85867957043229e-05
1.77700621861732e-05
1.6990517906379e-05
1.62455253303051e-05
1.55558591359295e-05
1.48911376527394e-05
1.4276761248766e-05
1.36862299768836e-05
1.30510206872714e-05
1.21606462926138e-05
1.10159608084359e-05
9.96224480331875e-06
8.98439793672878e-06
8.07839569461066e-06
7.22928189134109e-06
5.84153440286173e-06
4.47005550086033e-06
3.33396542373521e-06
2.38205575442407e-06
1.37348683892924e-06
3.78807385459368e-08
3.8209915231846e-08
3.86999978729818e-08
3.93069363724408e-08
4.02188220505195e-08
4.04080786609029e-08
4.09891178776434e-08
4.14384899727338e-08
