0.0
0.0
3.36192812255831e-07
4.57880560134072e-06
2.06866716325749e-05
4.88419791508932e-05
9.50761968852021e-05
0.000140463525895029
0.000147145809023641
0.000152620268636383
0.000158671929966658
0.000165061879670247
0.000173019870999269
0.000173479915247299
0.000173638050910085
0.000173971740878187
0.000174091168446466
0.00017414205649402
0.0001741761516314
0.000174210639670491
0.000174224973306991
0.000174235319718719
0.000174250424606726
0.000174254164448939
0.00017425898113288
0.000174259970663115
0.000174260785570368
0.000174262735527009
0.000174266402609646
0.000174266169779003
0.000174265209352598
0.000174264554516412
0.000174263856024481
0.000174263230292127
0.000174262546352111
0.000174262342625298
0.000174262138898484
0.000174264205270447
0.000174265776877292
0.000174267479451373
0.000174269269336946
0.00017427108832635
0.000174272339791059
0.000174273605807684
0.000174273634911515
0.000174273867742158
0.000174274362507276
0.000174274944583885
0.000174275715835392
0.000174276719917543
0.000174269909621216
0.000174262357177213
0.000174255212186836
0.000174247616087086
0.000174239408806898
0.000174230663105845
0.00017422204837203
0.000174213986610994
0.000174205371877179
0.000174197062733583
0.000174189073732123
0.000174181084730662
0.000174172397237271
0.000174163986230269
0.000174156200955622
0.000174148648511618
0.000174147498910315
0.000174149841768667
0.000174142842297442
0.00017413409659639
0.000174125525518321
0.000174116954440251
0.000174108208739199
0.000174099797732197
0.000174091721419245
0.000174082990270108
0.000174075772520155
0.000174068249179982
0.000174067288753577
0.00017406749248039
0.000174069573404267
0.000174071072251536
0.000174071523360908
0.000174072323716246
0.000174073094967753
0.000174075525137596
0.000174075714312494
0.000174075685208663
0.0001740758161759
0.000174075772520155
0.000174075772520155
0.000174075772520155
0.000174075772520155
