0.0
-4.73268094839064e-33
-2.52966714242575e-07
-1.41226257710514e-06
-3.70238558389246e-06
-4.24282097810647e-06
-5.19654849995277e-06
-5.39162419954664e-06
-5.72696671952144e-06
-6.06271169090178e-06
-6.34008983979584e-06
-6.26946211923496e-06
-5.91132493354962e-06
-5.39947677680175e-06
-4.92625395054347e-06
-5.19133664056426e-06
-5.67927327210782e-06
-6.82353265801794e-06
-8.19885735836579e-06
-9.51006404648069e-06
-1.1344651284162e-05
-1.36599182951613e-05
-1.43054758154904e-05
-1.4942257621442e-05
-1.56446876644623e-05
-1.6297077308991e-05
-1.75580298673594e-05
-1.93760297406698e-05
-2.15113723243121e-05
-2.35356146731647e-05
-2.48084343184019e-05
-2.74623180303024e-05
-2.96505950245773e-05
-3.13937198370695e-05
-3.31625960825477e-05
-3.47129825968295e-05
-3.50852387782652e-05
-3.5466204280965e-05
-3.6080655263504e-05
-3.68675937352236e-05
-3.71774985978846e-05
-3.76512507500593e-05
-3.84058657800779e-05
-3.98938391299453e-05
-4.09509921155404e-05
-4.29558240284678e-05
-4.67314057459589e-05
-5.23853595950641e-05
-5.44650429219473e-05
-5.73316574445926e-05
-6.16283941781148e-05
-6.82486643199809e-05
-7.42646589060314e-05
-8.69227878865786e-05
-0.000109055254142731
-0.000118995158118196
-0.000133288456709124
-0.000139209383632988
-0.000142088611028157
-0.000143229452078231
-0.000144921752507798
-0.000148170904139988
-0.000155674410052598
-0.000167352700373158
-0.00017168466001749
-0.000173290260136127
-0.000175626948475838
-0.000179084207047708
-0.000184174306923524
-0.000186109115020372
-0.000188951060408726
-0.000189218684681691
-0.000189619357115589
-0.000189769634744152
-0.000189994490938261
-0.000189994490938261
