0.0
2.23471158403186e-29
4.79239133710507e-06
2.25685707846424e-05
3.84406339435373e-05
5.02776238135993e-05
6.61529702483676e-05
8.6627624114044e-05
0.000135997019242495
0.000202274983166717
0.000253681180765852
0.000297001213766634
0.000308173155644909
0.000319816957926378
0.000320592720527202
0.000321171246469021
0.000321739003993571
0.000322581210639328
0.000323837506584823
0.000325789529597387
0.000327845162246376
0.000329912698362023
0.000333125877659768
0.000337883131578565
0.000345182197634131
0.000356726493919268
0.000357972312485799
0.000359264347935095
0.000359603203833103
0.00035993498750031
0.000360269361408427
0.0003606021637097
0.000361100828740746
0.000361836195224896
0.000362948281690478
0.000364090461516753
0.000365197163773701
0.000366868451237679
0.000369334622519091
0.000371803645975888
0.000374266557628289
0.000375252537196502
0.000376852083718404
0.000377183954697102
0.000377423508325592
0.000377665011910722
0.000377906981157139
0.000378272117814049
0.000378639990231022
0.000379009317839518
0.000379379343939945
0.000379750068532303
0.000379889970645308
0.000380098732421175
0.000380412908270955
0.000380881479941308
0.000381596357328817
0.000381773221306503
0.000381952559109777
0.000382204074412584
0.00038253387901932
0.000382830272428691
0.000383092148695141
0.000383446866180748
0.000383923179470003
0.0003843747836072
0.00038480621878989
0.000385223218472674
0.000385643827030435
0.000386067840736359
0.000386485742637888
0.000386919768061489
0.000387579551897943
0.000388077431125566
0.000388577696867287
0.000389087450457737
0.000389604654628783
0.000390116154449061
0.000390314729884267
0.000390613859053701
0.000391074660001323
0.000391528737964109
0.000391992041841149
0.000392456946428865
0.000393152935430408
0.00039421851397492
0.000395856972318143
0.000398317672079429
0.000402370962547138
0.000409390777349472
0.000420462456531823
0.000439849565736949
0.000470415368909016
0.000503339804708958
0.000544487847946584
0.000582778651732951
0.000621983490418643
0.000634225085377693
0.000637029006611556
0.00063474482158199
0.000604786269832402
0.000557794992346317
0.000498538080137223
0.000425919337430969
0.000340379483532161
0.000240527020650916
0.000123283170978539
2.8800210202462e-05
2.85941114270827e-05
2.85919813904911e-05
2.85880305455066e-05
2.85839923890308e-05
2.85820533463266e-05
2.85858259303495e-05
2.8592859962373e-05
2.85949645331129e-05
2.85960977635114e-05
2.85931328107836e-05
2.85871010419214e-05
2.85824753518682e-05
2.85785263258731e-05
2.85723017441342e-05
2.85668011201778e-05
2.85697042272659e-05
2.85675068880664e-05
2.85723399429116e-05
2.85770784103079e-05
2.85857058770489e-05
2.85874302790035e-05
2.8590267902473e-05
2.85875594272511e-05
2.85836176772136e-05
2.85697988147149e-05
2.85566457023378e-05
2.8542357540573e-05
2.85287605947815e-05
2.85312326013809e-05
2.85313217318617e-05
2.85334499494638e-05
2.854535523511e-05
2.85571568383602e-05
2.85683872789377e-05
2.85777259705355e-05
2.85803507722449e-05
2.85804690065561e-05
2.8576510885614e-05
2.85701189568499e-05
2.85673595499247e-05
2.85548831016058e-05
2.85359401459573e-05
2.85244732367573e-05
2.85078640445136e-05
2.84926409221953e-05
2.84920315607451e-05
2.84860980173107e-05
2.84871184703661e-05
2.84960569842951e-05
2.85052992694546e-05
2.85197784251068e-05
2.85360365523957e-05
2.8542790460051e-05
2.85538990283385e-05
2.85698897641851e-05
2.85669630102348e-05
2.85658152279211e-05
2.85546993836761e-05
2.85445294139208e-05
2.85316436929861e-05
2.85207843262469e-05
2.85094356513582e-05
2.84884099528426e-05
2.84743910015095e-05
2.84687848761678e-05
2.8469006792875e-05
2.84603283944307e-05
2.84591587842442e-05
2.84726102108834e-05
2.84704419755144e-05
2.84730249404674e-05
2.85145542875398e-05
2.85465976048727e-05
2.85442984022666e-05
