0.0
2.3397900861255e-07
4.09624635722139e-06
2.07743996725185e-05
4.04531419917475e-05
7.06874488969333e-05
0.000104770188045222
0.00017515588842798
0.000263270427240059
0.000333783711539581
0.000391633540857583
0.000484800490085036
0.000583847460802644
0.000684889848344028
0.00072407303377986
0.000775614695157856
0.000841973349452019
0.000946237938478589
0.00107200082857162
0.00117153802420944
0.00126078724861145
0.00134252267889678
0.00143582001328468
0.00151479826308787
0.0015681826043874
0.00161239318549633
0.00166177074424922
0.00170835247263312
0.00174145738128573
0.00175240903627127
0.00175233278423548
0.00174253014847636
0.00172293884679675
0.00169416866265237
0.00165623507928103
0.0016096323961392
0.00155464047566056
0.00149182230234146
0.0014216136187315
0.00134290254209191
0.00125267810653895
0.00115229829680175
0.00104293751064688
0.000924696796573699
0.000797674350906163
0.000662539096083492
0.000520496163517237
0.000362690072506666
0.000197452041902579
3.54865587723907e-05
3.47274508385453e-05
3.46903107129037e-05
3.46601009368896e-05
3.46333508787211e-05
3.4627882996574e-05
3.46369270118885e-05
3.46596934832633e-05
3.46863744198345e-05
3.47277346008923e-05
3.47662899002898e-05
3.47851419064682e-05
3.480636223685e-05
3.48132853105199e-05
3.4794782550307e-05
3.47672539646737e-05
3.47295863321051e-05
3.46897068084218e-05
3.46650558640249e-05
3.46415145031642e-05
3.46061169693712e-05
3.4591223084135e-05
3.45944827131461e-05
3.46010710927658e-05
3.46374799846672e-05
3.46794004144613e-05
3.47080058418214e-05
3.4735716326395e-05
3.47778550349176e-05
3.47948553098831e-05
3.48000467056409e-05
3.47934255842119e-05
3.4774904634105e-05
3.47449604305439e-05
3.47140849044081e-05
3.46731867466588e-05
3.46341548720375e-05
3.46031483786646e-05
3.45767293765675e-05
3.45473417837638e-05
3.45318403560668e-05
3.4530989069026e-05
3.45422631653491e-05
3.4573382436065e-05
3.46231572621036e-05
3.46643791999668e-05
3.46843225997873e-05
3.47227651218418e-05
3.47583954862785e-05
3.47853820130695e-05
3.47818931913935e-05
3.47761852026451e-05
3.47762106684968e-05
3.47630448231939e-05
3.47443456121255e-05
