-0.0
-7.44876160752028e-10
7.80528353061527e-09
7.79436959419399e-10
3.6772689782083e-08
-2.22926246351562e-08
-5.36692823516205e-09
-5.62613422516733e-08
-1.24593498185277e-07
-1.42317730933428e-07
-1.92419975064695e-07
-1.69267877936363e-07
-2.54134647548199e-07
-4.72122337669134e-07
1.70781277120113e-07
1.14028807729483e-07
8.67876224219799e-08
1.15396687760949e-07
1.11002009361982e-07
1.04890204966068e-07
1.05326762422919e-07
6.88887666910887e-08
7.31379259377718e-08
5.96919562667608e-08
4.27389750257134e-08
3.64088919013739e-08
2.77359504252672e-08
3.80969140678644e-08
1.46275851875544e-07
1.1440715752542e-07
7.84930307418108e-08
4.6886270865798e-08
5.55155565962195e-08
2.90907337330282e-07
2.06651748158038e-07
2.63287802226841e-07
2.83660483546555e-07
2.38534994423389e-07
3.12866177409887e-08
2.44908733293414e-08
2.25409166887403e-08
2.28610588237643e-08
2.31520971283317e-08
2.33121681958437e-08
2.34576873481274e-08
2.33703758567572e-08
9.96806193143129e-09
9.50240064412355e-09
8.36735125631094e-09
3.37604433298111e-09
1.07684172689915e-09
-3.49245965480804e-09
-4.8748916015029e-09
-7.29778548702598e-09
4.15893737226725e-08
-2.63594301941339e-09
-2.59984744843678e-09
-2.67561972577823e-09
-2.47098341787932e-09
-2.52481413554051e-09
-2.59936427937646e-09
-2.71319322564523e-09
-2.88335400000506e-09
-3.13926307171641e-09
-3.52676465809054e-09
-4.1193004562956e-09
-5.03243313687562e-09
-6.46829789729964e-09
-8.64898197505681e-09
-8.91395757207647e-09
-3.31070282300061e-09
1.32494903937186e-08
9.58715418164502e-09
-4.3117722725583e-09
1.70200564753031e-09
-5.62008040105866e-09
1.13393525680294e-08
4.14442524743208e-09
5.04050490235386e-09
2.71555222752795e-09
4.26155111199478e-10
-1.12021325548994e-09
-1.55253587763582e-09
9.46576506066776e-09
1.52357415572624e-09
1.17964020773798e-08
4.74017269880278e-10
8.54984705256356e-09
-9.11342112885904e-10
5.73521674596122e-09
5.00261876368313e-09
3.95172605749394e-09
3.93464461012627e-09
1.93293203665235e-09
-6.8521899265761e-10
4.68526195618324e-09
-1.07399955595611e-09
8.23206391942222e-10
5.34726041223621e-10
5.29553290107287e-10
1.43532474794483e-09
5.35465005668812e-10
7.51043671698426e-10
3.1946854051057e-09
2.86183876596624e-09
1.27184307530115e-09
9.86517534329323e-11
5.77358605369227e-10
7.41522399039241e-11
1.73849912243895e-09
-1.26948407341843e-09
1.16330056698644e-09
1.29298882711737e-09
-4.49148274128675e-10
1.4605348042096e-09
1.3926637620898e-11
-5.62863533559721e-10
-2.53692178375786e-10
3.41060513164848e-13
0.0
-5.11590769747272e-13
4.60431692772545e-12
4.14956957683899e-12
4.14956957683899e-12
4.14956957683899e-12
4.14956957683899e-12
4.14956957683899e-12
4.14956957683899e-12
4.14956957683899e-12
4.03588273911737e-12
4.03588273911737e-12
3.92219590139575e-12
3.92219590139575e-12
3.92219590139575e-12
4.03588273911737e-12
4.03588273911737e-12
4.03588273911737e-12
4.03588273911737e-12
4.03588273911737e-12
4.03588273911737e-12
4.49063009000383e-12
4.60431692772545e-12
4.60431692772545e-12
4.60431692772545e-12
4.60431692772545e-12
4.60431692772545e-12
4.60431692772545e-12
4.54747350886464e-12
4.54747350886464e-12
4.66116034658626e-12
4.66116034658626e-12
4.66116034658626e-12
4.66116034658626e-12
4.66116034658626e-12
4.66116034658626e-12
4.66116034658626e-12
4.66116034658626e-12
4.66116034658626e-12
4.54747350886464e-12
4.54747350886464e-12
4.54747350886464e-12
4.54747350886464e-12
4.60431692772545e-12
4.60431692772545e-12
4.60431692772545e-12
4.60431692772545e-12
4.60431692772545e-12
4.60431692772545e-12
4.54747350886464e-12
4.54747350886464e-12
4.54747350886464e-12
4.54747350886464e-12
4.54747350886464e-12
4.54747350886464e-12
4.49063009000383e-12
4.49063009000383e-12
4.49063009000383e-12
4.49063009000383e-12
4.49063009000383e-12
4.60431692772545e-12
4.60431692772545e-12
4.71800376544707e-12
4.71800376544707e-12
4.71800376544707e-12
4.66116034658626e-12
4.66116034658626e-12
4.66116034658626e-12
4.66116034658626e-12
4.66116034658626e-12
4.66116034658626e-12
4.60431692772545e-12
4.60431692772545e-12
4.60431692772545e-12
4.60431692772545e-12
4.60431692772545e-12
4.60431692772545e-12
4.60431692772545e-12
4.83169060316868e-12
4.71800376544707e-12
4.71800376544707e-12
4.20641299569979e-12
4.20641299569979e-12
4.20641299569979e-12
4.20641299569979e-12
4.20641299569979e-12
4.20641299569979e-12
4.20641299569979e-12
4.32009983342141e-12
4.32009983342141e-12
4.32009983342141e-12
4.32009983342141e-12
4.32009983342141e-12
4.2632564145606e-12
4.2632564145606e-12
4.2632564145606e-12
4.2632564145606e-12
4.37694325228222e-12
4.37694325228222e-12
4.37694325228222e-12
4.37694325228222e-12
4.37694325228222e-12
4.37694325228222e-12
4.37694325228222e-12
4.83169060316868e-12
4.83169060316868e-12
4.83169060316868e-12
4.83169060316868e-12
4.83169060316868e-12
4.37694325228222e-12
4.37694325228222e-12
4.43378667114303e-12
4.43378667114303e-12
4.43378667114303e-12
4.43378667114303e-12
4.43378667114303e-12
4.43378667114303e-12
4.43378667114303e-12
4.43378667114303e-12
4.43378667114303e-12
4.43378667114303e-12
4.43378667114303e-12
4.43378667114303e-12
4.43378667114303e-12
4.43378667114303e-12
4.54747350886464e-12
4.54747350886464e-12
4.54747350886464e-12
4.43378667114303e-12
4.43378667114303e-12
4.43378667114303e-12
4.43378667114303e-12
4.43378667114303e-12
4.43378667114303e-12
3.97903932025656e-12
3.97903932025656e-12
3.97903932025656e-12
3.97903932025656e-12
3.92219590139575e-12
3.92219590139575e-12
3.92219590139575e-12
3.92219590139575e-12
3.92219590139575e-12
4.37694325228222e-12
4.37694325228222e-12
4.14956957683899e-12
4.37694325228222e-12
4.37694325228222e-12
4.37694325228222e-12
4.37694325228222e-12
4.37694325228222e-12
4.37694325228222e-12
4.37694325228222e-12
4.14956957683899e-12
4.14956957683899e-12
4.14956957683899e-12
4.14956957683899e-12
4.09272615797818e-12
4.09272615797818e-12
4.20641299569979e-12
4.20641299569979e-12
4.14956957683899e-12
4.14956957683899e-12
4.2632564145606e-12
4.2632564145606e-12
4.2632564145606e-12
4.14956957683899e-12
4.14956957683899e-12
4.14956957683899e-12
4.2632564145606e-12
4.2632564145606e-12
4.2632564145606e-12
4.2632564145606e-12
4.2632564145606e-12
4.2632564145606e-12
4.2632564145606e-12
4.14956957683899e-12
4.2632564145606e-12
4.2632564145606e-12
4.2632564145606e-12
4.14956957683899e-12
4.14956957683899e-12
4.14956957683899e-12
4.14956957683899e-12
4.14956957683899e-12
4.14956957683899e-12
4.14956957683899e-12
4.2632564145606e-12
4.2632564145606e-12
4.2632564145606e-12
4.71800376544707e-12
4.71800376544707e-12
4.71800376544707e-12
4.83169060316868e-12
4.77484718430787e-12
4.77484718430787e-12
4.77484718430787e-12
4.77484718430787e-12
4.88853402202949e-12
4.77484718430787e-12
4.77484718430787e-12
4.77484718430787e-12
4.77484718430787e-12
4.77484718430787e-12
4.77484718430787e-12
4.77484718430787e-12
4.77484718430787e-12
4.77484718430787e-12
4.77484718430787e-12
4.77484718430787e-12
4.77484718430787e-12
4.66116034658626e-12
4.66116034658626e-12
4.66116034658626e-12
4.60431692772545e-12
4.60431692772545e-12
4.60431692772545e-12
4.60431692772545e-12
4.71800376544707e-12
4.71800376544707e-12
4.71800376544707e-12
4.66116034658626e-12
4.54747350886464e-12
4.54747350886464e-12
4.54747350886464e-12
4.49063009000383e-12
4.43378667114303e-12
4.43378667114303e-12
4.54747350886464e-12
4.54747350886464e-12
4.54747350886464e-12
5.11590769747272e-12
5.11590769747272e-12
5.11590769747272e-12
5.11590769747272e-12
5.11590769747272e-12
5.11590769747272e-12
5.11590769747272e-12
4.66116034658626e-12
4.77484718430787e-12
5.00222085975111e-12
5.00222085975111e-12
5.00222085975111e-12
5.00222085975111e-12
5.00222085975111e-12
5.00222085975111e-12
5.00222085975111e-12
5.00222085975111e-12
5.00222085975111e-12
4.9453774408903e-12
4.9453774408903e-12
4.88853402202949e-12
4.88853402202949e-12
4.88853402202949e-12
4.88853402202949e-12
4.88853402202949e-12
4.88853402202949e-12
4.66116034658626e-12
4.60431692772545e-12
4.60431692772545e-12
4.60431692772545e-12
4.60431692772545e-12
5.05906427861191e-12
5.05906427861191e-12
5.05906427861191e-12
5.28643795405515e-12
5.17275111633353e-12
5.17275111633353e-12
5.17275111633353e-12
5.17275111633353e-12
5.17275111633353e-12
5.17275111633353e-12
5.17275111633353e-12
5.17275111633353e-12
5.17275111633353e-12
5.11590769747272e-12
5.00222085975111e-12
5.00222085975111e-12
5.00222085975111e-12
5.45696821063757e-12
5.45696821063757e-12
5.45696821063757e-12
5.45696821063757e-12
5.22959453519434e-12
5.22959453519434e-12
5.22959453519434e-12
5.17275111633353e-12
5.17275111633353e-12
5.17275111633353e-12
5.17275111633353e-12
4.9453774408903e-12
5.17275111633353e-12
5.17275111633353e-12
5.17275111633353e-12
5.17275111633353e-12
5.17275111633353e-12
5.17275111633353e-12
5.05906427861191e-12
5.05906427861191e-12
5.00222085975111e-12
5.00222085975111e-12
5.00222085975111e-12
5.00222085975111e-12
5.00222085975111e-12
5.00222085975111e-12
5.00222085975111e-12
5.00222085975111e-12
5.00222085975111e-12
5.00222085975111e-12
5.00222085975111e-12
5.11590769747272e-12
5.11590769747272e-12
5.11590769747272e-12
5.11590769747272e-12
5.11590769747272e-12
5.05906427861191e-12
5.05906427861191e-12
5.05906427861191e-12
5.05906427861191e-12
5.05906427861191e-12
5.05906427861191e-12
5.05906427861191e-12
5.00222085975111e-12
5.00222085975111e-12
5.00222085975111e-12
5.00222085975111e-12
5.00222085975111e-12
5.00222085975111e-12
5.00222085975111e-12
5.00222085975111e-12
5.00222085975111e-12
5.05906427861191e-12
5.05906427861191e-12
5.05906427861191e-12
5.05906427861191e-12
5.05906427861191e-12
5.05906427861191e-12
4.9453774408903e-12
4.9453774408903e-12
4.9453774408903e-12
4.9453774408903e-12
4.9453774408903e-12
4.9453774408903e-12
4.9453774408903e-12
4.83169060316868e-12
4.83169060316868e-12
4.9453774408903e-12
4.9453774408903e-12
4.9453774408903e-12
4.9453774408903e-12
4.9453774408903e-12
4.77484718430787e-12
4.77484718430787e-12
4.77484718430787e-12
4.77484718430787e-12
4.77484718430787e-12
4.32009983342141e-12
4.32009983342141e-12
4.32009983342141e-12
4.32009983342141e-12
4.32009983342141e-12
4.77484718430787e-12
4.77484718430787e-12
4.77484718430787e-12
4.77484718430787e-12
4.77484718430787e-12
4.77484718430787e-12
4.77484718430787e-12
4.77484718430787e-12
4.77484718430787e-12
4.77484718430787e-12
4.77484718430787e-12
4.88853402202949e-12
5.00222085975111e-12
4.77484718430787e-12
4.77484718430787e-12
4.77484718430787e-12
4.77484718430787e-12
4.77484718430787e-12
4.77484718430787e-12
4.77484718430787e-12
4.77484718430787e-12
