-0.000000
0.000000
0.885543
1.263795
1.835252
2.392206
3.602162
3.824342
3.996755
4.190328
4.307976
4.414507
4.439583
4.464404
4.482563
4.495597
4.507437
4.520189
4.532729
4.545644
4.558254
4.567465
4.576563
4.585464
4.594150
4.602675
4.610950
4.618757
4.625569
4.632455
4.640094
4.647887
4.655232
4.663003
4.670940
4.678769
4.690159
4.706307
4.717365
4.725879
4.734720
4.739080
4.743369
4.746434
4.748572
4.749088
4.749584
4.750228
4.750657
4.750511
4.748245
4.747645
4.746958
4.745654
4.744588
4.747170
4.750318
4.753562
4.756793
4.761486
4.768325
4.770811
4.774481
4.775827
4.777156
4.778468
4.779745
4.780979
4.782172
4.783190
4.783499
4.780710
4.780031
4.779417
4.778399
4.776578
4.778905
4.784375
4.789803
4.795608
4.804085
4.817481
4.836734
4.864682
4.904903
4.943326
4.980067
5.032429
5.105988
5.132286
5.141932
5.145488
5.149028
5.152539
5.156002
5.159434
5.162857
5.166269
5.171341
5.176392
5.181403
5.188914
5.200188
5.216612
5.239721
5.273466
5.281374
5.287319
5.293263
5.295486
5.298821
5.303155
5.306565
5.310182
5.313895
5.317743
5.321647
5.325562
5.331429
5.340220
5.353351
5.372827
5.400451
5.426814
5.452157
5.458280
5.462863
5.467410
5.474114
5.484061
5.498942
5.521090
5.526700
5.532912
5.538857
5.545009
5.553973
5.562760
5.575725
5.588219
5.601442
5.624872
5.663987
5.741199
5.813324
5.879825
5.968208
6.075673
6.167336
6.376810
6.564099
6.723873
6.990521
7.262584
7.490360
7.710245
8.061272
8.453413
8.746842
8.983297
9.175363
9.328196
9.358155
9.362583
9.357924
9.351960
9.345094
9.337741
9.327068
9.312190
9.290145
9.262062
9.225028
9.182694
9.131339
9.142797
9.164955
8.970906
8.753072
8.554489
8.315200
8.032129
7.671892
7.399061
7.166100
6.936956
6.694169
6.405203
6.094938
5.725437
5.338579
4.976511
4.682278
4.408618
4.136782
3.863595
3.587232
3.307043
3.015233
2.691477
2.362676
2.070847
1.803325
1.537843
1.274833
1.013978
0.751475
0.488848
0.227109
0.010131
0.001920
0.000533
0.000124
0.000013
0.000004
0.000002
0.000001
0.000000
0.000000
0.000000
0.000000
0.000000
0.000000
-0.000000
0.000000
0.000000
0.000000
0.000000
-0.000000
-0.000000
-0.000000
-0.000000
0.000000
0.000000
0.000000
-0.000000
-0.000000
-0.000000
-0.000000
0.000000
0.000000
-0.000000
0.000000
-0.000000
0.000000
-0.000000
0.000000
0.000000
-0.000000
0.000000
0.000000
-0.000000
0.000000
0.000000
0.000000
