0.0
0.0
6.39956056147639e-07
1.45155877362413e-06
1.7969213104152e-06
1.25662177197228e-06
1.10349583337666e-06
1.94253175322956e-06
3.99762029701378e-06
5.30376883034478e-06
6.20124410488643e-06
6.68686607241398e-06
6.798352842452e-06
6.99274733051425e-06
7.48513684811769e-06
7.86949385656044e-06
8.45231443236116e-06
9.94774018181488e-06
1.02679741758038e-05
1.05168683148804e-05
1.05708722912823e-05
1.05426297523081e-05
1.04362852653139e-05
1.03116290119942e-05
1.00681845651707e-05
9.60959732765332e-06
9.11810275283642e-06
8.51438471727306e-06
7.93965500633931e-06
7.81722883402836e-06
7.66892026149435e-06
7.35672756491113e-06
6.90914521328523e-06
6.42790155325201e-06
5.94112952967407e-06
5.81988251724397e-06
5.77394439460477e-06
5.75699959881604e-06
5.75699959881604e-06
