0.0
-3.85741079350425e-33
-8.59258636131252e-34
2.86663086990529e-33
1.11166669734577e-32
1.77018428974298e-32
1.66040413763571e-32
2.67808881267049e-32
2.08546553975534e-32
3.24547995240844e-32
3.05598203459544e-32
4.56844036341498e-32
-8.87732312548906e-07
-9.81639232122689e-07
-1.55489226472127e-06
-2.53103462455329e-06
-5.45577859156765e-06
-7.28178702047444e-06
-1.19352307592635e-05
-1.65810015460011e-05
-2.00069807760883e-05
-2.70213131443597e-05
-3.73559596482664e-05
-6.57390482956544e-05
-7.90524718468077e-05
-8.83876491570845e-05
-9.7351978183724e-05
-0.000100889803434256
-0.000106616047560237
-0.000112556670501363
-0.000118854157335591
-0.000128682120703161
-0.000144375473610125
-0.000150532694533467
-0.000151187923620455
-0.00015207112301141
-0.000152960667037405
-0.000153835193486884
-0.000155158166307956
-0.00015718444774393
-0.0001601832191227
-0.000165073972311802
-0.000173090404132381
-0.000181096867891029
-0.000189598518772982
-0.000198281268239953
-0.000207125762244686
-0.000220529662328772
-0.000239502551266924
-0.000262429093709216
-0.000297329708701
-0.000316097255563363
-0.000344685395248234
-0.000387869833502918
-0.000452939129900187
-0.000549849413800985
-0.000655081064905971
-0.000755339569877833
-0.000858484243508428
-0.000966880877967924
-0.00107310595922172
-0.00117696775123477
-0.00127311667893082
-0.00137483840808272
-0.00147569761611521
-0.00157443224452436
-0.00167463661637157
-0.00176970602478832
-0.00186322955414653
-0.00195534224621952
-0.00204588752239943
-0.00213318318128586
-0.00221987185068429
-0.00230364501476288
-0.00238408776931465
-0.00246258825063705
-0.00253895972855389
-0.00261352630332112
-0.00268654618412256
-0.00275745405815542
-0.00282729486934841
-0.00289577222429216
-0.00296320300549269
-0.00302815949544311
-0.00309115927666426
-0.00315299443900585
-0.00321253947913647
-0.0032708877697587
-0.0033262234646827
-0.00338007416576147
-0.00343116722069681
-0.003477813443169
-0.00352149503305554
-0.00356453447602689
-0.0036053650546819
-0.00364492717199028
-0.00368277006782591
-0.0037200462538749
-0.00375546771101654
-0.00378988170996308
-0.00382265052758157
-0.00385429454036057
-0.00388447777368128
-0.00391316274181008
-0.00394084071740508
-0.00396678131073713
-0.00399164110422134
-0.00401460146531463
-0.00403608428314328
-0.00405655335634947
-0.0040758028626442
-0.00409400369971991
-0.00411069113761187
-0.00412668287754059
-0.00414126645773649
-0.00415453733876348
-0.00416665617376566
-0.00417741434648633
-0.00418691895902157
-0.00419543869793415
-0.00420279987156391
-0.00420907232910395
-0.00421430449932814
-0.00421857554465532
-0.00422177417203784
-0.00422395206987858
-0.00422518933191895
-0.00422541098669171
