0.0
6.288746590144e-07
1.36206763272639e-05
5.03404553455766e-05
0.000110329718154389
0.000190733640920371
0.000288970302790403
0.000412623950978741
0.000568737392313778
0.000753560103476048
0.000969925546087325
0.00102949002757668
0.00109060097020119
0.00109132553916425
0.00109205034095794
0.00109277525916696
0.00109386292751878
0.00109549530316144
0.00109794526360929
0.00110162398777902
0.00110254436731339
0.00110346486326307
0.00110438570845872
0.00110530667006969
0.00110622774809599
0.00110714894253761
0.0011080700205639
0.00110899086575955
0.00110991124529392
0.00111083104275167
0.00111174979247153
0.00111266644671559
0.00111335166729987
0.00111403281334788
0.00111470953561366
0.00111538299825042
0.00111605448182672
0.00111705984454602
0.00111856556031853
0.00112007034476846
0.00112157559487969
0.00112308189272881
0.00112534349318594
0.00112874119076878
0.00113384996075183
0.00114153895992786
0.00115312798880041
0.00117062649223953
0.00119710655417293
0.00123729871120304
0.00129849370568991
0.00136074086185545
0.00142417952883989
0.00148888118565083
0.00155478646047413
0.00165615824516863
0.00181403243914247
0.00185452564619482
0.00189536437392235
0.00193646596744657
0.00196706457063556
0.00199742964468896
0.00202795956283808
0.00205857050605118
0.00208908948116004
0.00211941567249596
0.00216449610888958
0.00223123328760266
0.00232940306887031
0.0024731308221817
0.00268293917179108
0.00294093042612076
0.0031780251301825
0.00339429848827422
0.00359108229167759
0.00376779166981578
0.00392211554571986
0.00405370397493243
0.00416226731613278
0.00424626702442765
0.00430408678948879
0.00433443952351809
0.00434265704825521
0.00434268079698086
0.00434270314872265
0.00434272596612573
0.00434274831786752
0.00434277066960931
0.00434279348701239
0.00434281677007675
0.0043428405188024
0.0043428628705442
0.00434288568794727
0.00434290897101164
0.00434293271973729
0.00434295600280166
0.00434297928586602
0.00434300256893039
0.00434302585199475
0.00434304913505912
0.00434307241812348
0.00434309570118785
0.0043431194499135
0.00434314366430044
0.00434316834434867
0.00434319209307432
0.00434321677312255
0.00434324191883206
0.00434326706454158
0.00434329314157367
0.00434331921860576
0.00434334482997656
0.00434337044134736
0.00434339558705688
0.0043434202671051
0.00434344448149204
0.00434346869587898
0.00434349244460464
0.004343515727669
0.00434353854507208
0.00434356043115258
0.0043435818515718
0.00434360234066844
0.00434362282976508
0.00434364331886172
0.00434366380795836
0.00434368383139372
0.00434370385482907
0.00434372294694185
0.00434374157339334
0.00434375880286098
0.00434377510100603
0.00434379000216722
0.00434380397200584
0.0043438165448606
0.00434382818639278
0.00434383889660239
0.00434384820982814
0.00434385659173131
0.00434386404231191
0.00434387009590864
0.00434387661516666
0.0043438826687634
0.00434388872236013
0.00434389431029558
0.00434390036389232
0.00434390641748905
0.00434391153976321
0.00434391666203737
0.00434392038732767
0.00434392364695668
0.00434392550960183
0.00434392690658569
0.00434392690658569
0.00434392737224698
0.00434392737224698
0.00434392737224698
0.00434392737224698
0.00434392737224698
0.00434392737224698
