0.0
7.25408411960417e-35
4.98822942063271e-07
7.15384885552339e-07
1.81743780558463e-06
1.59152762080339e-06
2.47687853516254e-06
3.90845343645196e-06
7.29667681298451e-06
1.0487919098523e-05
1.33135945361573e-05
1.16258961497806e-05
8.41067594592459e-06
8.88967861101264e-06
8.44599890115205e-06
8.03989860287402e-06
8.00952966528712e-06
7.98266501078615e-06
7.94747847976396e-06
7.93517756392248e-06
7.91772617958486e-06
7.89350360719254e-06
7.86209875514032e-06
7.86043165135197e-06
7.86020245868713e-06
7.85928568802774e-06
7.8577759268228e-06
7.85631891631056e-06
7.8549037425546e-06
7.85293650551466e-06
7.85028259997489e-06
7.84724306868156e-06
7.84376516094198e-06
7.84457097324776e-06
7.84441363066435e-06
7.844283572922e-06
7.84467920311727e-06
7.84541043685749e-06
7.84625717642484e-06
7.84652911534067e-06
7.84700205258559e-06
7.8478260547854e-06
7.84828171163099e-06
7.84913208917715e-06
7.84912299423013e-06
7.84953681431944e-06
7.84989333624253e-06
7.85074553277809e-06
7.85125575930579e-06
7.85344127507415e-06
7.8353577919188e-06
7.79976562625961e-06
7.75239095673896e-06
7.68291829444934e-06
7.6082865234639e-06
7.55320979806129e-06
7.49779292164021e-06
7.40075802241336e-06
7.25173913451727e-06
6.96359074936481e-06
6.41593169348198e-06
5.8466002883506e-06
5.07654795001145e-06
4.38337565356051e-06
3.84959048460587e-06
3.06083165924065e-06
2.26971906158724e-06
1.24589041661238e-06
6.42419081486878e-07
5.23812275332602e-07
4.51754090136092e-07
4.37720188983803e-07
4.43583218157073e-07
4.42765809793855e-07
4.47447860096872e-07
4.62165331782671e-07
4.84297231650999e-07
4.98997451359173e-07
4.8285562570527e-07
4.65125083337625e-07
4.36130676462199e-07
4.40700119952453e-07
4.46897956862813e-07
4.47036370587739e-07
4.39568481169772e-07
4.38329266216897e-07
4.41194401901157e-07
4.54812322914222e-07
4.74502940051025e-07
4.89823491989227e-07
4.75086295637084e-07
4.49790860557187e-07
4.14892781464005e-07
4.08131597851025e-07
4.01268948735378e-07
3.91758334217229e-07
3.82036546398012e-07
3.84529357688734e-07
3.97587058387217e-07
4.22820562562265e-07
4.45209138888458e-07
4.62637501641439e-07
4.80689095638809e-07
4.94952303142782e-07
4.9466348173155e-07
4.59585606904511e-07
4.36162167716247e-07
4.24222093897697e-07
4.18338117924577e-07
4.10316658872034e-07
3.98251103206348e-07
3.84817781196034e-07
3.78039629822524e-07
3.64705329047865e-07
3.6586021678886e-07
3.71884794958532e-07
3.72119245639624e-07
3.92196795928612e-07
4.15418611510177e-07
4.36657501268201e-07
4.72589420041913e-07
4.86498493046383e-07
4.46556015276656e-07
4.21267259298475e-07
4.12746032907307e-07
4.02071549387983e-07
3.87144865499067e-07
3.77719629796047e-07
3.74911024891844e-07
3.73329669400846e-07
3.70919792658242e-07
3.65932550039361e-07
3.6581980111805e-07
3.63279184512066e-07
3.55554135467173e-07
3.48271072425632e-07
3.43580950357136e-07
3.62174091605993e-07
3.6926277857674e-07
3.86289201514955e-07
4.15321949276404e-07
4.52272075790461e-07
