0.0
7.48080481116631e-07
1.23205572890583e-05
4.26834048994351e-05
8.98865619092248e-05
0.00015537382569164
0.000245027302298695
0.000359872850822285
0.000499307585414499
0.000659854093100876
0.000748123798985034
0.00084335618885234
0.000918610137887299
0.000933129747863859
0.000944131868891418
0.000944477214943618
0.000944822619203478
0.000945168081671
0.000945513602346182
0.000946032116189599
0.00094681023620069
0.000947588705457747
0.00094836758216843
0.00094914686633274
0.000949926441535354
0.000950706424191594
0.000951486639678478
0.000952267146203667
0.000953047885559499
0.000954219489358366
0.000955977477133274
0.000957735814154148
0.000959054043050855
0.000959383440203965
0.000959712720941752
0.000960041827056557
0.000960535078775138
0.000961027457378805
0.00096151843899861
0.000962007790803909
0.000962495454587042
0.00096298148855567
0.000963465834502131
0.00096394878346473
0.000964430684689432
0.000965152110438794
0.000966232677455992
0.000967312953434885
0.000968393636867404
0.000969475193414837
0.000970557739492506
0.000972183479461819
0.000974626571405679
0.000978301162831485
0.000983835197985172
0.000992183806374669
0.0010048080002889
0.00102395785506815
0.00105311360675842
0.00109775154851377
0.00116658397018909
0.00123736984096467
0.00123848975636065
0.00123961002100259
0.0012407306348905
0.00124185148160905
0.00124297279398888
0.00124465534463525
0.00124718085862696
0.00124970835167915
0.00125223770737648
0.0012560352915898
0.00125888595357537
0.00126102520152926
0.00126316549722105
0.00126530672423542
0.00126744853332639
0.00126905483193696
0.00126935599837452
0.00126965704839677
0.00126995809841901
0.00127040967345238
0.0012708610156551
0.00127131200861186
0.00127164972946048
0.00127198686823249
0.00127232307568192
0.00127282598987222
0.0012735779164359
0.00127432786393911
0.00127507641445845
0.00127582403365523
0.00127657095436007
0.00127731752581894
0.00127806374803185
0.0012788096209988
0.00127992802299559
0.00128160498570651
0.00128411897458136
0.0012878873385489
0.00129353441298008
0.00130199326667935
0.0013146479614079
0.00132725655566901
0.00133981765247881
0.00135858694557101
0.00138662895187736
0.00142851856071502
0.00149108655750751
0.00158488599117845
0.00172634131740779
0.0019372416427359
0.00215700571425259
0.00237143901176751
0.00258176820352674
0.00278766709379852
0.00298718526028097
0.00318034389056265
0.00336785055696964
0.00354955485090613
0.00372438970953226
0.00389150530099869
0.00405086157843471
0.00420245295390487
0.00434632506221533
0.00448248302564025
0.00461088679730892
0.00473152799531817
0.00484447507187724
0.00494974898174405
0.00504739349707961
0.00513748545199633
0.00522004207596183
0.00529511878266931
0.00536274909973145
0.00542293163016438
0.0054756891913712
0.00552103575319052
0.00555905094370246
0.00558980973437428
0.0056133521720767
0.00562979700043797
0.00563925318419933
0.00564225018024445
0.0056422627530992
0.00564227439463139
0.00564228557050228
0.00564229628071189
0.00564230652526021
0.00564231676980853
0.00564232701435685
0.0056423363275826
0.00564234564080834
0.0056423544883728
0.00564236287027597
0.00564237032085657
0.00564237730577588
0.0056423838250339
0.00564238941296935
0.00564239453524351
0.0056423987261951
0.00564240291714668
0.00564240617677569
0.00564240943640471
0.00564241223037243
0.00564241502434015
0.00564241781830788
0.00564242014661431
0.00564242154359818
0.00564242247492075
0.00564242294058204
0.00564242294058204
0.00564242294058204
0.00564242294058204
0.00564242294058204
0.00564242294058204
0.00564242294058204
0.00564242294058204
0.00564242294058204
0.00564242294058204
0.00564242294058204
0.00564242294058204
0.00564242294058204
0.00564242294058204
0.00564242294058204
0.00564242294058204
0.00564242294058204
0.00564242294058204
0.00564242294058204
0.00564242294058204
0.00564242294058204
0.00564242294058204
0.00564242294058204
0.00564242294058204
0.00564242294058204
0.00564242294058204
0.00564242294058204
0.00564242294058204
0.00564242294058204
0.00564242294058204
0.00564242294058204
0.00564242294058204
0.00564242294058204
0.00564242294058204
0.00564242294058204
0.00564242294058204
0.00564242294058204
0.00564242294058204
0.00564242294058204
0.00564242294058204
0.00564242294058204
0.00564242294058204
0.00564242294058204
0.00564242294058204
0.00564242294058204
0.00564242294058204
0.00564242294058204
0.00564242294058204
0.00564242294058204
0.00564242294058204
0.00564242294058204
0.00564242294058204
0.00564242294058204
0.00564242294058204
0.00564242294058204
0.00564242294058204
0.00564242294058204
0.00564242294058204
0.00564242294058204
0.00564242294058204
0.00564242294058204
0.00564242294058204
0.00564242294058204
0.00564242294058204
0.00564242294058204
0.00564242294058204
0.00564242294058204
0.00564242294058204
0.00564242294058204
0.00564242294058204
0.00564242294058204
0.00564242294058204
0.00564242294058204
0.00564242294058204
0.00564242294058204
0.00564242294058204
0.00564242294058204
0.00564242294058204
0.00564242294058204
0.00564242294058204
0.00564242294058204
0.00564242294058204
0.00564242294058204
0.00564242294058204
0.00564242294058204
0.00564242294058204
0.00564242294058204
0.00564242294058204
0.00564242294058204
0.00564242294058204
0.00564242294058204
0.00564242294058204
0.00564242294058204
0.00564242294058204
0.00564242294058204
0.00564242294058204
0.00564242294058204
0.00564242294058204
0.00564242294058204
0.00564242294058204
0.00564242294058204
0.00564242294058204
0.00564242294058204
0.00564242294058204
0.00564242294058204
0.00564242294058204
0.00564242294058204
0.00564242294058204
0.00564242294058204
0.00564242294058204
0.00564242294058204
0.00564242294058204
0.00564242294058204
0.00564242294058204
0.00564242294058204
0.00564242294058204
0.00564242294058204
0.00564242294058204
0.00564242294058204
0.00564242294058204
0.00564242294058204
0.00564242294058204
0.00564242294058204
0.00564242294058204
0.00564242294058204
0.00564242294058204
0.00564242294058204
0.00564242294058204
0.00564242294058204
0.00564242294058204
0.00564242294058204
0.00564242294058204
0.00564242294058204
0.00564242294058204
0.00564242294058204
0.00564242294058204
0.00564242294058204
0.00564242294058204
0.00564242294058204
0.00564242294058204
0.00564242294058204
0.00564242294058204
0.00564242294058204
0.00564242294058204
0.00564242294058204
0.00564242294058204
0.00564242294058204
0.00564242294058204
0.00564242294058204
0.00564242294058204
0.00564242294058204
0.00564242294058204
0.00564242294058204
0.00564242294058204
0.00564242294058204
0.00564242294058204
0.00564242294058204
0.00564242294058204
0.00564242294058204
0.00564242294058204
0.00564242294058204
0.00564242294058204
0.00564242294058204
0.00564242294058204
0.00564242294058204
0.00564242294058204
0.00564242294058204
0.00564242294058204
0.00564242294058204
0.00564242294058204
0.00564242294058204
0.00564242294058204
0.00564242294058204
0.00564242294058204
0.00564242294058204
0.00564242294058204
0.00564242294058204
0.00564242294058204
0.00564242294058204
0.00564242294058204
0.00564242294058204
0.00564242294058204
0.00564242294058204
0.00564242294058204
0.00564242294058204
0.00564242294058204
0.00564242294058204
0.00564242294058204
0.00564242294058204
0.00564242294058204
0.00564242294058204
0.00564242294058204
0.00564242294058204
0.00564242294058204
0.00564242294058204
0.00564242294058204
0.00564242294058204
0.00564242294058204
0.00564242294058204
0.00564242294058204
0.00564242294058204
0.00564242294058204
0.00564242294058204
0.00564242294058204
0.00564242294058204
0.00564242294058204
0.00564242294058204
0.00564242294058204
0.00564242294058204
0.00564242294058204
0.00564242294058204
0.00564242294058204
0.00564242294058204
0.00564242294058204
0.00564242294058204
0.00564242294058204
0.00564242294058204
0.00564242294058204
0.00564242294058204
0.00564242294058204
0.00564242294058204
0.00564242294058204
0.00564242294058204
0.00564242294058204
0.00564242294058204
0.00564242294058204
0.00564242294058204
0.00564242294058204
0.00564242294058204
0.00564242294058204
0.00564242294058204
0.00564242294058204
0.00564242294058204
0.00564242294058204
0.00564242294058204
0.00564242294058204
0.00564242294058204
0.00564242294058204
0.00564242294058204
0.00564242294058204
0.00564242294058204
0.00564242294058204
0.00564242294058204
0.00564242294058204
0.00564242294058204
0.00564242294058204
0.00564242294058204
0.00564242294058204
0.00564242294058204
0.00564242294058204
0.00564242294058204
0.00564242294058204
0.00564242294058204
0.00564242294058204
0.00564242294058204
0.00564242294058204
0.00564242294058204
0.00564242294058204
0.00564242294058204
0.00564242294058204
0.00564242294058204
0.00564242294058204
0.00564242294058204
0.00564242294058204
0.00564242294058204
0.00564242294058204
0.00564242294058204
0.00564242294058204
0.00564242294058204
0.00564242294058204
0.00564242294058204
0.00564242294058204
0.00564242294058204
0.00564242294058204
0.00564242294058204
0.00564242294058204
0.00564242294058204
0.00564242294058204
0.00564242294058204
0.00564242294058204
0.00564242294058204
0.00564242294058204
0.00564242294058204
0.00564242294058204
0.00564242294058204
0.00564242294058204
0.00564242294058204
0.00564242294058204
0.00564242294058204
0.00564242294058204
0.00564242294058204
0.00564242294058204
0.00564242294058204
0.00564242294058204
0.00564242294058204
0.00564242294058204
0.00564242294058204
0.00564242294058204
0.00564242294058204
0.00564242294058204
0.00564242294058204
0.00564242294058204
0.00564242294058204
0.00564242294058204
0.00564242294058204
0.00564242294058204
0.00564242294058204
0.00564242294058204
0.00564242294058204
0.00564242294058204
0.00564242294058204
0.00564242294058204
0.00564242294058204
0.00564242294058204
0.00564242294058204
0.00564242294058204
0.00564242294058204
0.00564242294058204
0.00564242294058204
0.00564242294058204
0.00564242294058204
0.00564242294058204
0.00564242294058204
0.00564242294058204
0.00564242294058204
0.00564242294058204
0.00564242294058204
0.00564242294058204
0.00564242294058204
0.00564242294058204
0.00564242294058204
