0.0
0.00120000005699694
0.00240000011399388
0.00270000007003546
0.00300000002607703
0.00344999996013939
0.00412499997764826
0.00513749988749623
0.00633750017732382
0.00753750000149012
0.00873749982565641
0.00993749964982271
0.0111375004053116
0.0114374998956919
0.0118875000625849
0.0125625003129244
0.0132374996319413
0.0139124998822808
0.0140390628948808
0.0140449954196811
0.01404944434762
0.0140538942068815
0.0140605680644512
0.0140672428533435
0.0140739167109132
0.0140805905684829
0.0140872653573751
0.0140939392149448
0.0141006130725145
0.0141056189313531
0.0141106247901917
0.0141156306490302
0.0141206355765462
0.0141281448304653
0.0141356531530619
0.0141370603814721
0.0141384685412049
0.0141398767009377
0.0141419880092144
0.0141441002488136
0.0141462115570903
0.0141483237966895
0.0141514912247658
0.014154658652842
0.0141578260809183
0.014162577688694
0.0141673292964697
0.0141720809042454
0.0141768325120211
0.0141815831884742
0.0141863347962499
0.0141934622079134
0.0142041528597474
0.0142201893031597
0.0142442435026169
0.0142803248018026
0.0143344467505813
0.0144156301394105
0.0145374042913318
0.0147200664505363
0.0149940587580204
0.0150968059897423
0.0152509268373251
0.0154050476849079
0.0155591685324907
0.0157132893800735
0.0158674102276564
0.0160985924303532
0.0164453648030758
0.0169655214995146
0.0177457593381405
0.0189161151647568
0.0201161149889231
0.0213161148130894
0.0225161146372557
0.023716114461422
0.0249161142855883
0.0261161141097546
0.0273161139339209
0.0285161137580872
0.0297161154448986
0.0309161152690649
0.0321161150932312
0.0333161130547523
0.0345161147415638
0.0357161164283752
0.0369161143898964
0.0381161160767078
0.039316114038229
0.0405161157250404
0.0417161136865616
0.042916115373373
0.0441161133348942
0.0453161150217056
0.0465161129832268
0.0477161146700382
0.0489161163568497
0.0501161143183708
0.0513161160051823
0.0525161139667034
0.0537161156535149
0.054916113615036
0.0561161153018475
0.0573161132633686
0.0585161149501801
0.0597161129117012
0.0609161145985126
0.0621161162853241
0.0633161142468452
0.0645161122083664
0.0657161176204681
0.0669161155819893
0.0681161135435104
0.0693161115050316
0.0705161169171333
0.0717161148786545
0.0729161128401756
0.0741161182522774
0.0753161162137985
0.0765161141753197
0.0777161121368408
0.0789161175489426
0.0801161155104637
0.0813161134719849
0.082516111433506
0.0837161168456078
0.0849161148071289
0.0861161127686501
0.0873161181807518
0.0885161161422729
0.0897161141037941
0.0909161120653152
0.092116117477417
0.0933161154389381
0.0945161134004593
0.0957161113619804
0.0969161167740822
0.0981161147356033
0.0993161126971245
0.100516118109226
0.101716116070747
0.102916114032269
0.10411611199379
0.105316117405891
0.106516115367413
0.107716113328934
0.108916111290455
0.110116116702557
0.111316114664078
0.112516112625599
0.113716118037701
0.114916115999222
0.116116113960743
0.117316111922264
0.118516117334366
0.119716115295887
0.119999997317791
