-0.0
1.70530256582424e-13
1.13686837721616e-13
5.6843418860808e-14
-3.97903932025656e-13
0.00412258692085743
0.00566998310387135
0.00655814912170172
0.00825480837374926
0.0101337302476168
0.0127318063750863
0.0158615335822105
0.0190191026777029
0.0222051721066236
0.0247709341347218
0.0266318451613188
0.0272966772317886
0.0267500299960375
0.0255720131099224
0.024384118616581
0.0235104765743017
0.0227422788739204
0.0215754471719265
0.0190010834485292
0.0190755482763052
0.0189274251461029
0.0184713900089264
0.0176056399941444
0.0164498891681433
0.0148771042004228
0.0131769105792046
0.0115057798102498
0.00984404608607292
0.00826963968575001
0.00703260721638799
0.00595859345048666
0.00505004590377212
-0.000280436128377914
-0.000357418815838173
-0.000363211729563773
-0.00034410718944855
-1.73519651980314e-08
3.29691829392686e-12
7.95807864051312e-13
-5.6843418860808e-13
-5.6843418860808e-13
-5.6843418860808e-13
-5.6843418860808e-13
-5.6843418860808e-13
-5.6843418860808e-13
-5.6843418860808e-13
-5.6843418860808e-13
-5.6843418860808e-13
-5.6843418860808e-13
-5.6843418860808e-13
-5.6843418860808e-13
-5.6843418860808e-13
-5.6843418860808e-13
-5.6843418860808e-13
-5.6843418860808e-13
-5.6843418860808e-13
-5.6843418860808e-13
-5.6843418860808e-13
-5.6843418860808e-13
-5.6843418860808e-13
-5.6843418860808e-13
-5.6843418860808e-13
-5.6843418860808e-13
-5.6843418860808e-13
-5.6843418860808e-13
-5.6843418860808e-13
-5.6843418860808e-13
-5.6843418860808e-13
-5.6843418860808e-13
-5.6843418860808e-13
-5.6843418860808e-13
-5.6843418860808e-13
-5.6843418860808e-13
-5.6843418860808e-13
-5.6843418860808e-13
-5.6843418860808e-13
-5.6843418860808e-13
-5.6843418860808e-13
-5.6843418860808e-13
-5.6843418860808e-13
-5.6843418860808e-13
-5.6843418860808e-13
-5.6843418860808e-13
-5.6843418860808e-13
-5.6843418860808e-13
-5.6843418860808e-13
-5.6843418860808e-13
-5.6843418860808e-13
-5.6843418860808e-13
-5.6843418860808e-13
-5.6843418860808e-13
-5.6843418860808e-13
-5.6843418860808e-13
-5.6843418860808e-13
-5.6843418860808e-13
-5.6843418860808e-13
-5.6843418860808e-13
-5.6843418860808e-13
