0.0
0.0
1.40751524213556e-07
1.06710422187462e-06
1.55109898969386e-06
1.57753129315097e-06
1.90000184829842e-06
3.13686609842989e-06
3.83608085030573e-06
4.54539122074493e-06
4.72393412564998e-06
4.90309685119428e-06
5.07905497215688e-06
5.33743514097296e-06
5.74391333429958e-06
6.15656153968303e-06
6.56368001727969e-06
6.95466678735102e-06
7.37531399863656e-06
7.49226319385343e-06
7.51280867916648e-06
7.53176300349878e-06
7.54698839955381e-06
7.56882809582748e-06
7.57808402340743e-06
7.59068643674254e-06
7.61014962336048e-06
7.63084790378343e-06
7.63550360716181e-06
7.64284231991041e-06
7.65408276492963e-06
7.67159144743346e-06
7.67783149058232e-06
7.68742393120192e-06
7.70168480812572e-06
7.72365820012055e-06
7.73160172684584e-06
7.74369527789531e-06
7.76189608586719e-06
7.78931826062035e-06
7.83022551331669e-06
7.89296154835029e-06
7.89813748269808e-06
7.90648846304975e-06
7.91982347436715e-06
7.93879462435143e-06
7.95347477833275e-06
7.96853601059411e-06
7.97378925199155e-06
7.9822784755379e-06
7.99427652964368e-06
8.01265377958771e-06
8.03117836767342e-06
8.05031504569342e-06
8.05711079010507e-06
8.06747448223177e-06
8.08307777333539e-06
8.10660003480734e-06
8.14158920547925e-06
8.19523211248452e-06
8.19987508293707e-06
8.20695640868507e-06
8.21796857053414e-06
8.23503523861291e-06
8.24096332507906e-06
8.25029019324575e-06
8.26476480142446e-06
8.26979157864116e-06
8.27769599709427e-06
8.28977954370202e-06
8.30727640277473e-06
8.31414308777312e-06
8.32417936180718e-06
8.33940703159897e-06
8.36160961625865e-06
8.37026163935661e-06
8.3830300354748e-06
8.40215125208488e-06
8.43066118250135e-06
8.47393857839052e-06
8.53663368616253e-06
8.54386053106282e-06
8.55010148370638e-06
8.55592952575535e-06
8.56525730341673e-06
8.57843315316131e-06
8.59863030200358e-06
8.61395255924435e-06
8.6296740846592e-06
8.6351628851844e-06
8.64372213982278e-06
8.65678066475084e-06
8.67571725393645e-06
8.68313418322941e-06
8.694004463905e-06
8.71044630912365e-06
8.73452063387958e-06
8.74383931659395e-06
8.75766181707149e-06
8.77826914802426e-06
8.80928928381763e-06
8.85540066519752e-06
8.92629577720072e-06
8.93193191586761e-06
8.94166078069247e-06
8.9566010501585e-06
8.97879453987116e-06
9.00020222616149e-06
9.00593749975087e-06
9.01148359844228e-06
9.01982002687873e-06
9.03215823200298e-06
9.05097840586677e-06
9.07840876607224e-06
9.08908441488165e-06
9.10500330064679e-06
9.12842642719625e-06
9.13761141418945e-06
9.15063083084533e-06
9.15592772798846e-06
9.16497629077639e-06
9.18043406272773e-06
9.20227921596961e-06
9.21118225960527e-06
9.22419258131413e-06
9.24359574128175e-06
9.27214932744391e-06
9.31696376937907e-06
9.33253704715753e-06
9.34869876800803e-06
9.36462129175197e-06
9.37087679631077e-06
9.37986351345899e-06
9.39396522880998e-06
9.39883921091678e-06
9.40655172598781e-06
9.41828147915658e-06
9.43546729104128e-06
9.46258660405874e-06
9.51356651057722e-06
9.54286315391073e-06
9.56642270466546e-06
9.58965938480105e-06
9.61265322985128e-06
9.64676746662008e-06
9.6600660981494e-06
9.67923733696807e-06
9.70832115854137e-06
9.71981444308767e-06
9.73640999291092e-06
9.7608153737383e-06
9.79870310402475e-06
9.85378392215353e-06
9.87683870334877e-06
9.91049182630377e-06
9.95861046249047e-06
9.9793014669558e-06
1.00089473562548e-05
1.00193901744206e-05
1.00356764960452e-05
1.00603174360003e-05
1.00966872196295e-05
1.01108053058852e-05
1.01310824902612e-05
1.01627492767875e-05
1.01739578894922e-05
1.01913883554516e-05
1.02179001260083e-05
1.02567200883641e-05
1.02720732684247e-05
1.02944004538585e-05
1.03269549072138e-05
1.03399906947743e-05
1.03587963167229e-05
1.03864767879713e-05
1.04293949334533e-05
1.04716555142659e-05
1.05031167549896e-05
1.05342633105465e-05
1.05463441286702e-05
1.05639455796336e-05
1.05911312857643e-05
1.06304396467749e-05
1.06716424852493e-05
1.07118848973187e-05
1.07520654637483e-05
1.07913328974973e-05
1.08066669781692e-05
1.08293879748089e-05
1.08634349089698e-05
1.09142893052194e-05
1.09914008135092e-05
1.10193377622636e-05
1.10305900307139e-05
1.1046774488932e-05
1.10707924250164e-05
1.11075905806501e-05
1.11208273665397e-05
1.11417675725534e-05
1.11717954496271e-05
1.11838126031216e-05
1.12011493911268e-05
1.12268189695897e-05
1.12663165054983e-05
1.12803627416724e-05
1.13021496872534e-05
1.13357345981058e-05
1.13475698526599e-05
1.13660235001589e-05
1.13941741801682e-05
1.14351250886102e-05
1.14511158244568e-05
1.14746017061407e-05
1.15100947368774e-05
1.1562254258024e-05
1.15823877422372e-05
1.16122864710633e-05
1.16568990051746e-05
1.17241643238231e-05
1.18239968287526e-05
1.18618627311662e-05
1.19195847219089e-05
1.19406731755589e-05
1.19723017633078e-05
1.2020693247905e-05
1.20380354928784e-05
1.20654831334832e-05
1.21062485050061e-05
1.21206967378384e-05
1.21438497444615e-05
1.21773455248331e-05
1.21904986372101e-05
1.22097071653116e-05
1.22388837553444e-05
1.22815381473629e-05
1.22981273307232e-05
1.23225418064976e-05
1.23593481475837e-05
1.24137031889404e-05
1.24350444821175e-05
1.24660555229639e-05
1.25115357150207e-05
1.25292517623166e-05
1.25554706755793e-05
1.25946999105508e-05
1.26533432194265e-05
1.27417806652375e-05
1.28720139400684e-05
1.3064196537016e-05
1.30831540445797e-05
1.30965927382931e-05
1.31155984490761e-05
1.3144326658221e-05
1.31864480863442e-05
1.32516061057686e-05
1.3347385902307e-05
1.33835828819429e-05
1.34402525873156e-05
1.34955598696251e-05
1.35492182380403e-05
1.36043709062506e-05
1.36469352582935e-05
1.36863745865412e-05
1.37494571390562e-05
1.3799185580865e-05
1.38453469844535e-05
1.38941786644864e-05
1.3940714779892e-05
1.40137490234338e-05
1.40673364512622e-05
1.41224472827162e-05
1.42075878102332e-05
1.43346514960285e-05
1.45341273309896e-05
1.48109575093258e-05
1.51015055962489e-05
1.54124172695447e-05
1.56837177200941e-05
1.5993509805412e-05
1.6431162293884e-05
1.70709208759945e-05
1.79722501343349e-05
1.93417563423282e-05
2.14444680750603e-05
2.46298750425922e-05
2.58567670243792e-05
2.60183714999584e-05
2.61106397374533e-05
2.61987515841611e-05
2.63263464148622e-05
2.65263461187715e-05
2.6814410375664e-05
2.7237909307587e-05
2.78894785878947e-05
2.88479823211674e-05
2.9805345548084e-05
3.07607515424024e-05
3.22011328535154e-05
3.58336947101634e-05
4.19163843616843e-05
5.15456049470231e-05
6.69855944579467e-05
9.91221604635939e-05
0.000139932308229618
0.000178109999978915
0.000214394560316578
0.000251674035098404
0.00028938299510628
0.000326057808706537
0.00036235706647858
0.00039836743962951
0.000432161177741364
0.000467359612230211
0.000507247634232044
0.00054300349438563
0.00057855824707076
0.000612823059782386
0.000645194493699819
0.000675920746289194
0.000704924925230443
0.000730498170014471
0.000756301742512733
0.000783208524808288
0.000811926845926791
0.000840976601466537
0.000869742943905294
0.000896283308975399
0.000922361854463816
0.000946760585065931
0.000969425425864756
0.000988622661679983
0.00100617541465908
0.0010235047666356
0.00104100280441344
0.00105917046312243
0.00107895513065159
0.00109944958239794
0.00112037791404873
0.00114099180791527
0.00116077752318233
0.00117931189015508
0.00119614705909044
0.00121102726552635
0.00122236891184002
0.00123368797358125
0.00124502868857235
0.00125653517898172
0.00126800895668566
0.00127979216631502
0.00129162450321019
0.00130363053176552
0.00131473876535892
0.00132487388327718
0.00133378838654608
0.0013410645769909
0.00134569918736815
0.00134854891803116
0.00135134742595255
0.00135415571276098
0.00135698146186769
0.00135981210041791
0.00136273656971753
0.00136618490796536
0.00137030123732984
0.00137510837521404
0.00138070830143988
0.00138709996826947
0.00139392691198736
0.00140055292285979
0.00140688370447606
0.00141270773019642
0.00141734816133976
0.001420684508048
0.00142344913911074
0.00142620620317757
0.00142899225465953
0.00143178703729063
0.00143458601087332
0.00143738836050034
0.00144016579724848
0.0014429542934522
0.00144575291778892
0.00144862115848809
0.0014519733376801
0.00145614950452
0.00146110309287906
0.00146685598883778
0.00147335347719491
0.00148041232023388
0.00148702086880803
0.00148806080687791
