0.0
0.0
0.0
0.0
0.0
1.21345025228068e-14
4.28668549545819e-08
1.63811523634649e-06
8.41251767269569e-06
1.59303599502891e-05
3.4134693123633e-05
6.39946665614843e-05
8.62647866597399e-05
0.000114444330392871
0.000143022567499429
0.000185534736374393
0.000246317416895181
0.000340423983288929
0.00045704806689173
0.000573610886931419
0.000690215500071645
0.000813462946098298
0.000931667338591069
0.00104923488106579
0.00116603914648294
0.00129452382680029
0.00141915818676353
0.00153656222391874
0.00165207893587649
0.00176731089595705
0.00188055401667953
0.00199227035045624
0.00210486701689661
0.0022150413133204
0.00232379068620503
0.00243125250563025
0.00253599416464567
0.00264169881120324
0.00274460995569825
0.00284518022090197
0.00294606038369238
0.00304504740051925
0.00314582535065711
0.00324364192783833
0.00333682214841247
0.00343173369765282
0.00352504616603255
0.00362243526615202
0.00371869374066591
0.00374084105715156
0.00374924833886325
0.00376185053028166
0.00376704870723188
0.00377763295546174
0.00378124671988189
0.00378176406957209
0.00378274591639638
0.00378299993462861
0.00378162506967783
0.00378162506967783
