0.0
0.0
3.99178986754123e-07
1.0545355735303e-06
1.98957627617347e-06
2.69826296062092e-06
2.81705388260889e-06
2.87336752080591e-06
2.8876193027827e-06
2.93027574116422e-06
3.03248430100211e-06
3.2456641747558e-06
3.54361691279337e-06
4.07019342674175e-06
4.71522116640699e-06
5.56369468540652e-06
5.7697820921021e-06
5.77841547055868e-06
5.77841547055868e-06
5.80201412958559e-06
5.83442306378856e-06
5.87044041822082e-06
5.93695449424558e-06
6.01102328801062e-06
6.09790777161834e-06
6.15760791333742e-06
6.18951753494912e-06
6.20184664512635e-06
6.20184664512635e-06
6.20184664512635e-06
6.20184664512635e-06
6.20184664512635e-06
6.20184664512635e-06
6.20184664512635e-06
6.20184664512635e-06
6.20184664512635e-06
6.20184664512635e-06
6.20184664512635e-06
6.20184664512635e-06
6.20184664512635e-06
6.20184664512635e-06
6.20184664512635e-06
6.20184664512635e-06
6.20184664512635e-06
6.20184664512635e-06
6.20184664512635e-06
6.20184664512635e-06
6.61113517708145e-06
7.60564716983936e-06
7.6062578955316e-06
7.60626426199451e-06
7.60627881390974e-06
7.60631837692927e-06
7.60633520258125e-06
7.60634247853886e-06
7.60635566621204e-06
7.60635566621204e-06
7.60635566621204e-06
7.60635566621204e-06
7.60635566621204e-06
7.60635566621204e-06
7.60635566621204e-06
7.60635566621204e-06
7.60635566621204e-06
7.60635566621204e-06
7.60635612095939e-06
7.60643115427229e-06
7.60645752961864e-06
7.60649072617525e-06
7.60655120757292e-06
7.60656394049875e-06
7.60660441301297e-06
7.60666216592654e-06
7.60667171562091e-06
7.60667171562091e-06
7.60667171562091e-06
7.60667171562091e-06
7.60667171562091e-06
7.60670127419871e-06
7.60670718591427e-06
7.60675720812287e-06
7.60679995437386e-06
7.60679995437386e-06
7.60680723033147e-06
7.60683269618312e-06
7.60683724365663e-06
7.60684133638279e-06
7.60684133638279e-06
7.60685588829801e-06
7.60685634304537e-06
7.60685679779272e-06
7.60685679779272e-06
7.60685679779272e-06
7.60685679779272e-06
7.60685679779272e-06
7.60685679779272e-06
7.60685679779272e-06
