-0.0
0.00819892901927233
0.0205686762928963
0.0231938920915127
0.0255484730005264
0.0265131518244743
0.0274902563542128
0.0281605180352926
0.0284778568893671
0.0285254623740911
0.0292706005275249
0.0310409031808376
0.0317700244486332
0.0350894927978516
0.04102748259902
0.0430715121328831
0.0450122505426407
0.0468718931078911
0.0485984347760677
0.0507452599704266
0.0532414689660072
0.0559386387467384
0.0593902133405209
0.0642817914485931
0.0735893771052361
0.0845936089754105
0.0979621931910515
0.10429447889328
0.10774988681078
0.115409933030605
0.121539570391178
0.127499118447304
0.139024153351784
0.142177134752274
0.142542704939842
0.142542764544487
0.142543122172356
0.142543211579323
0.14254330098629
0.142543390393257
0.142543390393257
0.14254342019558
0.14254342019558
0.14254342019558
0.14254342019558
0.142543449997902
0.142543449997902
0.142543464899063
0.142543464899063
0.142543479800224
0.142543509602547
0.142543584108353
0.142543599009514
0.142543613910675
0.142543643712997
0.14254367351532
0.142543718218803
0.142543748021126
0.142543777823448
0.142543792724609
0.142543822526932
0.142543837428093
0.142543882131577
0.142543911933899
0.14254392683506
0.142543956637383
0.142543956637383
0.142543971538544
0.142543971538544
0.142543971538544
0.142543971538544
0.142543971538544
0.142543971538544
0.142543971538544
0.142543971538544
0.142543971538544
0.142543971538544
0.142543971538544
0.142543971538544
0.142543971538544
0.142544001340866
0.142544001340866
0.142544001340866
0.142544001340866
0.142544001340866
0.142544001340866
0.142544016242027
0.142544016242027
0.142544016242027
0.142544031143188
0.142544031143188
0.14254404604435
0.14254404604435
0.14254404604435
0.14254404604435
0.14254404604435
0.14254404604435
0.14254404604435
0.14254404604435
0.14254404604435
0.142544060945511
0.142544075846672
0.142544075846672
0.142544075846672
0.142544075846672
0.142544075846672
0.142544090747833
0.142544090747833
0.142544090747833
0.142544090747833
0.142544105648994
0.142544105648994
0.142544105648994
0.142544105648994
0.142544120550156
0.142544120550156
0.142544135451317
0.142544135451317
0.142544135451317
0.142544150352478
0.142544150352478
0.142544150352478
0.142544150352478
0.142544150352478
0.142544150352478
0.142544165253639
0.142544165253639
0.1425441801548
0.142544195055962
0.142544195055962
0.142544195055962
0.142544195055962
0.142544195055962
0.142544195055962
0.142544195055962
0.142544195055962
0.142544195055962
0.142544209957123
0.142544209957123
0.142544209957123
0.142544239759445
0.142544239759445
0.142544239759445
0.142544254660606
0.142544254660606
0.142544269561768
0.142544269561768
0.142544284462929
0.142544284462929
0.142544284462929
0.142544284462929
0.142544284462929
0.142544284462929
0.142544284462929
0.142544284462929
0.14254429936409
0.14254429936409
0.14254429936409
0.14254429936409
0.142544314265251
0.142544314265251
0.142544344067574
0.142544344067574
0.142544344067574
0.142544344067574
0.142544344067574
0.142544344067574
0.142544358968735
0.142544358968735
0.142544358968735
0.142544358968735
0.142544373869896
0.142544373869896
0.142544373869896
0.142544373869896
0.142544388771057
0.142544388771057
0.142544388771057
0.142544388771057
0.142544388771057
0.142544388771057
0.142544388771057
0.142544388771057
0.142544388771057
0.142544388771057
0.142544403672218
0.142544403672218
0.142544403672218
0.142544403672218
0.142544403672218
0.142544403672218
0.142544403672218
0.142544403672218
0.142544403672218
0.142544403672218
0.142544403672218
0.142544403672218
0.14254441857338
0.14254441857338
0.14254441857338
0.14254441857338
0.14254441857338
0.142544433474541
0.142544433474541
0.142544433474541
0.142544433474541
0.142544433474541
0.142544433474541
0.142544433474541
0.142544433474541
0.142544448375702
0.142544448375702
0.142544448375702
0.142544448375702
0.142544463276863
0.142544463276863
0.142544463276863
0.142544463276863
0.142544463276863
0.142544493079185
0.142544493079185
0.142544493079185
0.142544493079185
0.142544493079185
0.142544507980347
0.142544507980347
0.142544522881508
0.142544522881508
0.142544522881508
0.142544537782669
0.142544537782669
0.142544537782669
0.142544537782669
0.14254455268383
0.14254455268383
0.14254455268383
0.142544567584991
0.142544567584991
0.142544567584991
0.142544567584991
0.142544582486153
0.142544582486153
0.142544582486153
0.142544582486153
0.142544582486153
0.142544597387314
0.142544597387314
0.142544597387314
0.142544612288475
0.142544612288475
0.142544612288475
0.142544612288475
0.142544612288475
0.142544612288475
0.142544627189636
0.142544627189636
0.142544627189636
0.142544627189636
0.142544627189636
0.142544627189636
0.142544627189636
0.142544627189636
0.142544627189636
0.142544642090797
0.142544642090797
0.142544642090797
0.142544642090797
0.142544642090797
0.142544656991959
0.142544656991959
0.142544656991959
0.142544656991959
0.142544656991959
0.142544656991959
0.142544656991959
0.142544656991959
0.142544656991959
0.142544656991959
0.142544656991959
0.142544656991959
0.142544656991959
0.142544656991959
0.14254467189312
0.14254467189312
0.14254467189312
0.142544686794281
0.142544686794281
0.142544731497765
0.142544731497765
0.142544746398926
0.142544776201248
0.142544776201248
0.142544776201248
0.142544776201248
0.142544776201248
0.142544776201248
0.142544791102409
0.142544791102409
0.142544791102409
0.142544791102409
0.142544791102409
0.142544791102409
0.142544806003571
0.142544806003571
0.142544806003571
0.142544806003571
0.142544806003571
0.142544806003571
0.142544806003571
0.142544820904732
0.142544820904732
0.142544820904732
0.142544835805893
0.142544835805893
0.142544835805893
0.142544835805893
0.142544865608215
0.142544865608215
0.142544865608215
0.142544865608215
0.142544880509377
0.142544880509377
0.142544880509377
0.142544880509377
0.142544880509377
0.142544880509377
0.142544880509377
0.142544880509377
0.142544895410538
0.142544895410538
0.142544895410538
0.142544895410538
0.142544895410538
0.142544895410538
0.142544895410538
0.142544895410538
0.142544910311699
0.14254492521286
0.14254492521286
0.14254492521286
0.14254492521286
0.14254492521286
0.14254492521286
0.14254492521286
0.142544955015182
0.142544984817505
0.142544984817505
0.142544984817505
0.142544984817505
0.142544984817505
0.142544984817505
0.142544984817505
0.142544984817505
0.142544984817505
0.142544984817505
0.142544984817505
0.142544984817505
0.142545014619827
0.142545014619827
0.142545014619827
0.142545029520988
0.14254504442215
0.14254504442215
0.14254504442215
0.14254504442215
0.14254504442215
0.14254504442215
0.14254504442215
0.142545059323311
0.142545074224472
0.142545074224472
0.142545074224472
0.142545089125633
0.142545089125633
0.142545089125633
0.142545089125633
0.142545089125633
0.142545089125633
0.142545089125633
0.142545089125633
0.142545089125633
0.142545104026794
0.142545104026794
0.142545104026794
0.142545118927956
0.142545118927956
0.142545118927956
0.142545118927956
0.142545118927956
0.142545118927956
0.142545133829117
0.142545133829117
0.142545133829117
0.142545133829117
0.142545163631439
0.142545163631439
0.142545163631439
0.142545163631439
0.142545163631439
0.142545163631439
0.1425451785326
0.1425451785326
0.142545193433762
0.142545193433762
0.142545193433762
0.142545193433762
0.142545193433762
0.142545208334923
0.142545208334923
0.142545208334923
0.142545208334923
0.142545208334923
0.142545223236084
0.142545223236084
0.142545223236084
0.142545223236084
0.142545223236084
0.142545223236084
0.142545223236084
0.142545223236084
0.142545223236084
0.142545223236084
0.142545223236084
0.142545223236084
0.142545253038406
0.142545253038406
0.142545253038406
0.142545253038406
0.142545253038406
0.142545253038406
0.142545267939568
0.142545282840729
0.142545282840729
0.142545282840729
0.142545282840729
0.142545282840729
0.14254529774189
0.14254529774189
0.14254529774189
0.142545312643051
0.142545312643051
0.142545312643051
0.142545312643051
0.142545312643051
0.142545312643051
0.142545312643051
0.142545312643051
0.142545327544212
0.142545327544212
0.142545327544212
0.142545327544212
0.142545327544212
0.142545327544212
0.142545327544212
0.142545342445374
0.142545342445374
0.142545342445374
0.142545342445374
0.142545342445374
0.142545342445374
0.142545357346535
0.142545372247696
0.142545372247696
0.142545372247696
0.142545372247696
0.142545372247696
0.142545387148857
0.142545387148857
0.142545387148857
0.142545387148857
0.142545387148857
0.142545387148857
0.142545387148857
0.142545387148857
0.142545402050018
0.14254541695118
0.14254541695118
0.14254541695118
0.14254541695118
0.14254541695118
0.142545431852341
0.142545431852341
0.142545431852341
0.142545431852341
0.142545431852341
0.142545431852341
0.142545431852341
0.142545431852341
0.142545431852341
0.142545431852341
0.142545431852341
0.142545431852341
0.142545446753502
0.142545446753502
0.142545446753502
0.142545461654663
0.142545476555824
0.142545476555824
0.142545476555824
0.142545476555824
0.142545476555824
