0.0
0.0
0.0
0.0
0.0
0.0
0.0
0.0
0.0
0.0
0.0
0.0
0.0
0.0
0.0
0.0
0.0
1.68618818907618e-09
1.40645948221163e-08
1.21776920991579e-07
5.00968042160821e-07
1.02852061445446e-06
1.96038627109374e-06
3.1413576380146e-06
4.37059270552709e-06
6.15950193605386e-06
1.06303095890325e-05
1.79809285327792e-05
4.82252544315998e-05
8.89158109202981e-05
0.000118396703328472
0.000153127897647209
0.00019485033408273
0.000250632438110188
0.000306875066598877
0.000363225466571748
0.000423667690483853
0.000480442249681801
0.000536153384018689
0.000592029537074268
0.00064796005608514
0.000712874869350344
0.000767571618780494
0.000821495894342661
0.000876543985214084
0.000930605980101973
0.000984284328296781
0.00103552627842873
0.00108676264062524
0.0011386553524062
0.00119014328811318
0.0012376697268337
0.0012924037873745
0.00133832427673042
0.00138379202689976
0.00143748661503196
0.00148131989408284
0.00153243821114302
0.00157747650519013
0.00161704572383314
0.00166989059653133
0.00170808506663889
0.0017605081666261
0.00179723324254155
0.00184572522994131
0.0018840313423425
0.00193026999477297
0.00196897005662322
0.00201250868849456
0.00205198652110994
0.00208110501989722
0.00212900526821613
0.00217329291626811
0.00220334157347679
0.00225240224972367
0.00227551045827568
0.0023241036105901
0.00234528351575136
0.00239328504540026
0.00241287029348314
0.00246018799953163
0.00249328673817217
0.00252495519816875
0.00256145116873085
0.00258177262730896
0.00262809242121875
0.00264058075845242
0.00268106651492417
0.00272640283219516
0.00273093953728676
0.00277559086680412
0.0027844172436744
0.00282212952151895
0.00286619365215302
0.00286599225364625
0.00290930806659162
0.00295253936201334
0.00294968858361244
0.00299243698827922
0.00298410793766379
0.00302091962657869
0.00306297140195966
0.0030827650334686
0.00308748357929289
0.00312853464856744
0.00316914985887706
0.00313980225473642
