0
0.0112874954938889
0.0258742514997721
0.0390365794301033
0.0531889945268631
0.0711617916822433
0.0869660302996635
0.0979807525873184
0.106924019753933
0.117931604385376
0.129889130592346
0.143806830048561
0.155766069889069
0.165888026356697
0.176506653428078
0.187138542532921
0.200116634368896
0.2125114351511
0.224080562591553
0.237151801586151
0.249119326472282
0.26021620631218
0.270699143409729
0.280723363161087
0.290396898984909
0.299828559160233
0.309450805187225
0.321410685777664
0.333865791559219
0.345818877220154
0.35581386089325
0.364217072725296
0.371255040168762
0.377151966094971
0.382079064846039
0.386182099580765
0.389637112617493
0.393711030483246
0.397105813026428
0.400683701038361
0.404265820980072
0.406774908304214
0.408457368612289
0.409590810537338
0.410364300012589
0.410457134246826
0.409965991973877
0.408870190382004
0.407358855009079
0.405480772256851
0.403278350830078
0.400783330202103
0.398025095462799
0.395034581422806
0.391812533140182
0.388344675302505
0.384690970182419
0.380888253450394
0.376943647861481
0.372857451438904
0.368637055158615
0.364359647035599
0.360110282897949
0.355901151895523
0.352220386266708
0.348169535398483
0.342010736465454
0.340876281261444
0.337955892086029
0.337716162204742
0.336249947547913
0.334156364202499
0.331863105297089
0.329673528671265
0.327699482440948
0.323551326990128
0.321224361658096
0.318763494491577
0.315122723579407
0.310750722885132
0.306177824735641
0.301549702882767
0.297491461038589
0.293372631072998
0.289902120828629
0.287678241729736
0.286955296993256
0.285525739192963
0.283825814723969
0.282841384410858
0.28204008936882
0.280832290649414
0.279008626937866
0.276485800743103
0.272679895162582
0.268546342849731
0.264541476964951
0.26018226146698
0.255934566259384
0.25242692232132
0.247775495052338
0.243814900517464
0.240301728248596
0.23682689666748
0.233089283108711
0.229134768247604
0.225038409233093
0.221234142780304
0.22116956114769
0.221106261014938
0.221013680100441
0.220874220132828
0.220664322376251
0.220585584640503
0.220467805862427
0.220293045043945
0.220228850841522
0.220135405659676
0.220100581645966
0.220048263669014
0.219969645142555
0.219939991831779
0.219895482063293
0.219828769564629
0.219728380441666
0.219690650701523
0.219633966684341
0.219548806548119
0.21942026913166
0.219371989369392
0.219299510121346
0.21919022500515
0.219026416540146
0.218964546918869
0.218871638178825
0.218731477856636
0.218519389629364
0.218499526381493
0.218491822481155
0.218480557203293
0.218463614583015
0.218438237905502
0.218400120735168
0.21834297478199
0.218256801366806
0.218126818537712
0.217930555343628
0.217856615781784
0.217745676636696
0.217586502432823
0.217347621917725
0.217108458280563
0.216870054602623
0.216516956686974
0.216344654560089
0.216260269284248
0.216260015964508
0.216260015964508
0.21625991165638
0.21625979244709
0.216259777545929
0.216259777545929
0.216259762644768
0.216259762644768
0.216259762644768
0.216259777545929
0.21625979244709
0.21625979244709
0.21625979244709
0.21625979244709
0.21625979244709
0.21625979244709
