0.0
8.39950928366306e-07
6.05154491495341e-06
1.4044833733351e-05
2.03045983653283e-05
3.0652681743959e-05
4.39425130025484e-05
4.81426759506576e-05
5.40225119038951e-05
6.58806820865721e-05
8.15958192106336e-05
0.000101648889540229
0.000132222805405036
0.000161778429173864
0.000194088323041797
0.000202814204385504
0.000215621432289481
0.000234453429584391
0.000241564368479885
0.000252592551987618
0.000268449337454513
0.000293914461508393
0.000325703673297539
0.000354297109879553
0.000383357313694432
0.000415736838476732
0.000449709506938234
0.000492263410706073
0.000502621755003929
0.000512856291607022
0.000522957125212997
0.000533092708792537
0.00054327689576894
0.000553429301362485
0.000563797424547374
0.000574375037103891
0.000584770343266428
0.000595927354879677
0.000598890241235495
0.000602176936808974
0.000609761860687286
0.000610351213254035
0.000610938004683703
0.000611484167166054
0.000612135278061032
0.000612549076322466
0.000612658506724983
0.000612448377069086
0.00061188725521788
0.000610977469477803
0.000609758659265935
0.000608358415775001
0.000606855028308928
0.000605264853220433
0.000603596679866314
0.000601907260715961
0.000600190134719014
0.000597567763179541
0.000596383470110595
0.000595120771322399
0.000593724776990712
0.000593346892856061
0.000592949450947344
0.000592524360399693
0.000592063704971224
0.000591533607803285
0.000590884359553456
0.000590221374295652
0.00058950885431841
0.000588693364989012
0.000587858492508531
0.000587031943723559
0.000585839850828052
0.000584151828661561
0.000581841042730957
0.000581038882955909
0.000579934450797737
0.000578444451093674
0.000576498918235302
0.000575153564568609
0.000573893019463867
0.00057269015815109
0.000571107550058514
0.000570708769373596
0.000570319127291441
0.00056975067127496
0.000568924588151276
0.000567778537515551
0.000567380455322564
0.000566816364880651
0.00056603254051879
0.000565276073757559
0.000564538990147412
0.000563448644243181
0.000563063309527934
0.000562457309570163
0.000561822031158954
0.000561147811822593
0.000559798034373671
0.000559183594305068
0.000558414205443114
0.000557304592803121
0.000555987993720919
0.000555651087779552
0.00055530370445922
0.00055475567933172
0.000554543803445995
0.000554209691472352
0.000553636346012354
0.000552976329345256
0.000552244833670557
0.00055142305791378
0.000550000346265733
0.000546876806765795
0.000543526257388294
0.00054029084276408
0.000536076782736927
0.000531246303580701
0.000527861237060279
0.000525552895851433
0.000524069822859019
0.000523149326909333
0.000522586808074266
0.00052226654952392
0.000522104965057224
0.000522052985616028
0.00052206648979336
0.000522128830198199
0.000522225687745959
0.000522409158293158
0.000522723770700395
0.000523042224813253
0.000523398397490382
0.000523964292369783
0.000524843868333846
0.000526153715327382
0.000527597207110375
0.000529144599568099
0.000530745717696846
0.000533123675268143
0.000536671082954854
0.000541997374966741
0.000549446092918515
0.000559128413442522
0.000570160103961825
0.000582683482207358
0.000595122983213514
0.000595162913668901
0.000565582362469286
0.000493492640089244
0.000381039164494723
0.000233008628129028
3.61162783519831e-05
3.61406091542449e-05
3.61737911589444e-05
3.62000719178468e-05
3.62101891369093e-05
3.62119244528003e-05
3.62072205462027e-05
3.62106766260695e-05
3.62311693606898e-05
3.62597711500712e-05
3.62865794159006e-05
3.6298359191278e-05
3.63016151823103e-05
3.62904029316269e-05
3.62810496881139e-05
3.62589380529243e-05
3.62422906619031e-05
3.625507815741e-05
3.62823520845268e-05
3.63267463399097e-05
3.63639774150215e-05
3.6387013096828e-05
3.63962899427861e-05
3.63823528459761e-05
3.63395884050988e-05
3.62889913958497e-05
3.62351893272717e-05
3.6203990021022e-05
3.62171558663249e-05
3.62346327165142e-05
3.62858700100332e-05
3.62867176590953e-05
3.62880309694447e-05
3.62900500476826e-05
3.62931859854143e-05
3.6298151826486e-05
3.6306053516455e-05
3.63184735761024e-05
3.63184735761024e-05
