-0.0
2.92450327607944e-16
8.2820974967035e-08
3.16703335556667e-07
3.56912551069399e-07
3.30738657794427e-07
-1.64406628755387e-07
5.93152435612865e-07
1.22718347483897e-06
1.59145656652981e-06
1.88345984497573e-06
2.15603085962357e-06
2.67907489615027e-06
1.94911081052851e-06
-2.64823393081315e-06
-6.18891135673039e-07
-9.97312781692017e-06
-7.53883250581566e-06
-8.11818972579204e-06
-5.1844854169758e-06
-4.46381818619557e-06
-1.03869933809619e-06
-9.98610630631447e-07
-9.66279912972823e-07
-9.36466676648706e-07
-9.25356289371848e-07
-9.09050868358463e-07
-8.84941982803866e-07
-8.66344635142013e-07
-8.53920937515795e-07
-8.35894752526656e-07
-8.08326149126515e-07
-7.69465259509161e-07
-7.12170731276274e-07
-6.51314621791244e-07
-5.38151653017849e-07
-5.3370968089439e-07
-5.14140992891043e-07
-4.87787474412471e-07
-4.8078436520882e-07
-4.48133505415171e-07
-4.36604750575498e-07
-4.35280526289716e-07
-4.17792762164026e-07
-3.92614310840145e-07
-3.61545971827582e-07
-3.4547338145785e-07
-3.43014107784256e-07
-3.76290699932724e-07
-4.72111423732713e-07
-5.11419784743339e-07
-5.97407051827759e-07
-6.14207237958908e-07
-5.87766407988966e-07
-6.06079993303865e-07
-6.27605913905427e-07
-6.65124389342964e-07
-7.26293365005404e-07
-9.34000127017498e-07
-9.97199094854295e-07
-1.0804069461301e-06
-1.20725235319696e-06
-1.42445423989557e-06
-1.73614171217196e-06
-2.13173552765511e-06
-2.55126360571012e-06
-2.41201996686868e-06
-2.9788316169288e-06
-7.1750400820747e-07
-1.61763819050975e-06
-7.28216036804952e-06
-8.95669654710218e-06
-9.83431527856737e-06
-1.10205146484077e-05
-6.46755506750196e-06
-4.3385116441641e-06
-4.6645182010252e-06
-4.10759457736276e-06
-4.13656380260363e-06
-2.53558391705155e-06
-3.65432788385078e-06
-3.49481706507504e-06
-5.46405499335378e-06
-4.82656651001889e-06
-3.40942460752558e-06
-4.82114046462812e-06
-4.06502658734098e-06
-4.41954580310266e-06
-1.66003155754879e-06
9.08250513020903e-07
-5.49849210074171e-06
-2.81117172562517e-06
-3.75810668629128e-06
-1.54398730956018e-06
-7.49592800275423e-07
8.94536242412869e-07
-9.43497980188113e-07
-3.18213460559491e-06
-3.70062480214983e-06
-3.07078153127804e-06
-3.31034425471444e-06
-2.08135952561861e-06
-3.2130647014128e-06
-1.33134835778037e-06
-2.3967404558789e-06
-7.17503098712768e-07
2.35772859014105e-08
1.07875075627817e-06
-7.41368694434641e-07
6.06087269261479e-08
-1.36936296257772e-06
-9.06265313460608e-07
-1.43398597174382e-06
-1.04846458270913e-06
-8.29991222417448e-07
-7.65259983381839e-07
-5.50109916730435e-07
-1.01825776255282e-06
-1.07964615381206e-06
-6.79075128573459e-07
-1.03751312963141e-06
-2.70407554125995e-07
6.41358838038286e-07
1.05158505903091e-07
2.50589209827012e-07
-1.05687456652959e-06
-4.66143546873354e-07
-1.56597479872289e-07
1.03900674730539e-08
-8.1279972619086e-07
-7.14386032996117e-07
-5.48005573364208e-07
-4.11588416682207e-07
-3.34163132720278e-07
-2.12158965950948e-07
-2.15227828448405e-07
-6.87189867676352e-07
-7.23594666851568e-07
-5.54371354155592e-07
-3.27701400237856e-07
-5.4146084949025e-07
1.99562919078744e-07
5.02081093145534e-07
-2.44459783971251e-07
1.34709807753097e-08
4.41256020167202e-07
-9.96750145532133e-07
-5.61918454877741e-07
-3.05393541566445e-08
5.7953002396971e-08
-8.65145921125077e-07
-2.94920255328179e-07
-2.30931618716568e-07
-1.29949512484018e-07
-1.68224460139754e-07
-1.00905026556575e-07
-5.13289251102833e-08
-5.24178176419809e-08
