-0.0
-4.2632564145606e-14
-3.90149352824665e-08
-1.66507561516482e-07
-2.95756490231724e-06
-3.22631194649148e-06
-2.55414943239884e-06
-2.33553600992309e-06
-4.32010665463167e-06
-6.91713603373501e-06
-9.35896514420165e-06
-1.01549549071933e-05
-1.05092040030286e-05
-1.19223068395513e-05
-1.40000138344476e-05
-1.77110268850811e-05
-2.59880725934636e-05
-5.43736823601648e-05
7.51805637264624e-05
2.07104167202488e-05
-1.20958429761231e-05
-3.14929129672237e-05
-3.01404797937721e-05
-4.20675860368647e-05
-5.98839178564958e-05
-7.87150638643652e-05
-7.95720116002485e-05
-5.02564726048149e-05
-5.02564726048149e-05
