0.0
1.61788224579945e-31
2.01351554096618e-06
6.5208241721848e-06
7.83939503889997e-06
9.46385898714652e-06
1.5481546142837e-05
2.87581024167594e-05
4.51431697001681e-05
6.93498659529723e-05
9.88966785371304e-05
0.000131490567582659
0.00017562932043802
0.000243724658503197
0.000257041450822726
0.000275166443316266
0.000299723382340744
0.000335562828695402
0.000383945734938607
0.000438771618064493
0.000499595364090055
0.000561863998882473
0.000621939660049975
0.000694334099534899
0.000751550891436636
0.000806136638857424
0.000859460444189608
0.00093026360264048
0.00097988813649863
0.00102868454996496
0.00107187894172966
0.00111474073491991
0.00115543091669679
0.00119401467964053
0.00122830457985401
0.00126587704289705
0.00129717006348073
0.00132643664255738
0.00135529437102377
0.00138747808523476
0.0014132724609226
0.00143553619273007
0.00145461014471948
0.0014789222041145
0.00149072927888483
0.00150927703361958
0.00152409344445914
0.00153123366180807
0.00154249381739646
0.00155566248577088
0.0015596728771925
0.00156859471462667
0.0015730686718598
0.00157786905765533
0.00158060237299651
0.00157889886759222
0.00157984322868288
0.00156810134649277
0.00157349416986108
0.00155877694487572
0.00156081735622138
0.00154475495219231
0.00153600936755538
0.00152344210073352
0.00152131984941661
0.00149787415284663
0.0014945506118238
0.00146938813850284
0.00146154640242457
0.0014316369779408
0.00142206531018019
0.00139285170007497
0.00137820059899241
0.0013553878525272
0.001330730272457
0.00130623101722449
0.00127658003475517
0.00126011774409562
0.00122319941874593
0.00120155140757561
0.00118243868928403
0.0011402916861698
0.0011194177204743
0.00107849051710218
0.00105442409403622
0.00102960527874529
0.000984517042525113
0.000958283548243344
0.00092139228945598
0.00088342500384897
0.000854188285302371
0.000804129464086145
0.000774125917814672
0.000743380805943161
0.000694415939506143
0.000661955447867513
0.000628722191322595
0.000581791682634503
0.000545609684195369
0.000510047364514321
0.000463615375338122
0.000428005267167464
0.000391680718166754
0.000345691805705428
0.000308216403936967
0.000286783848423511
