-0.000000
0.125426
1.292388
1.602591
1.850456
2.054803
2.318462
2.501505
2.626449
2.871381
3.388662
4.231460
4.822512
4.906623
4.992967
5.061386
5.078151
5.092231
5.097679
5.105099
5.108792
5.108918
5.108939
5.108946
5.108947
5.108948
5.108947
5.108947
5.108947
5.108947
5.108947
5.108948
5.108948
5.108948
5.108948
5.108948
5.108948
5.108948
5.108948
5.108948
5.108948
5.108948
5.108948
5.108948
5.108948
5.108949
5.108949
5.108949
5.108949
5.108949
5.108949
5.108949
5.108949
5.108949
5.108949
5.108949
5.108949
5.108949
5.108949
5.108949
5.108949
5.108949
5.108949
5.108949
5.108949
5.108949
5.108949
5.108949
5.108949
5.108949
5.108949
5.108949
5.108949
5.108948
5.108949
5.108949
5.108949
5.108949
5.108949
5.108949
5.108949
5.108949
5.108949
5.108949
5.108949
5.108949
5.108950
5.108950
5.108950
5.108950
5.108951
5.108951
5.108951
5.108951
5.108951
5.108951
5.108951
5.108951
5.108951
5.108952
5.108952
5.108952
5.108951
5.108952
5.108952
5.108952
5.108952
5.108952
5.108952
5.108952
5.108952
5.108952
5.108952
5.108952
5.108952
5.108952
5.108952
5.108952
5.108952
5.108952
5.108952
5.108952
5.108953
5.108953
5.108953
5.108953
5.108953
5.108953
5.108953
5.108953
5.108953
5.108953
5.108953
5.108953
5.108953
5.108953
5.108953
5.108954
5.108953
5.108954
5.108954
5.108954
5.108954
5.108954
5.108954
5.108954
5.108954
5.108955
5.108955
5.108955
5.108955
5.108955
5.108954
5.108954
5.108954
5.108954
5.108955
5.108955
5.108955
5.108955
5.108955
5.108955
5.108955
5.108955
5.108955
5.108955
5.108955
5.108955
5.108955
5.108955
5.108955
5.108955
5.108955
5.108955
5.108955
5.108955
5.108956
5.108955
5.108955
5.108956
5.108956
5.108956
5.108955
5.108956
5.108956
5.108956
5.108956
5.108956
5.108956
5.108956
5.108956
5.108956
5.108956
5.108956
5.108956
5.108957
5.108957
5.108957
5.108957
5.108957
5.108957
5.108957
5.108957
5.108957
5.108957
5.108957
5.108958
5.108957
5.108958
5.108958
5.108958
5.108958
5.108958
5.108958
5.108958
5.108958
5.108958
5.108959
5.108959
5.108959
5.108959
5.108959
5.108959
5.108959
5.108959
5.108959
5.108960
5.108960
5.108960
5.108960
5.108960
5.108960
5.108960
5.108960
5.108960
5.108960
5.108960
5.108960
5.108960
5.108960
5.108960
5.108960
5.108960
5.108960
5.108960
5.108960
5.108960
5.108960
5.108960
5.108961
5.108960
5.108961
5.108960
5.108961
5.108961
5.108960
5.108961
5.108961
5.108961
5.108960
5.108961
5.108961
5.108961
5.108961
5.108961
5.108961
5.108960
5.108961
5.108961
5.108961
5.108961
5.108961
5.108961
5.108961
5.108961
5.108961
5.108961
5.108961
5.108961
5.108961
5.108961
5.108961
5.108961
5.108961
5.108961
5.108961
5.108961
5.108961
5.108961
5.108961
5.108961
5.108961
5.108961
5.108961
5.108962
5.108961
5.108962
5.108962
5.108961
5.108962
5.108962
5.108962
5.108962
5.108961
5.108962
5.108962
5.108962
5.108962
5.108962
5.108962
5.108962
5.108962
5.108962
5.108962
5.108962
5.108962
5.108962
5.108962
5.108962
5.108963
5.108962
5.108962
5.108963
5.108963
5.108963
5.108962
5.108962
5.108963
5.108963
5.108963
5.108963
5.108963
5.108963
5.108963
5.108963
5.108963
5.108963
5.108963
5.108963
5.108963
5.108963
5.108963
5.108963
5.108963
5.108963
5.108963
5.108964
5.108963
5.108963
5.108963
5.108963
5.108964
5.108964
5.108964
5.108963
5.108964
5.108964
5.108964
5.108964
5.108964
5.108964
5.108964
5.108964
5.108964
5.108964
5.108964
5.108964
5.108964
5.108964
5.108964
5.108964
5.108964
5.108964
5.108964
5.108964
5.108964
5.108964
5.108964
5.108964
5.108964
5.108964
5.108965
5.108965
5.108965
5.108965
5.108965
5.108965
5.108965
5.108965
5.108965
5.108965
5.108965
5.108965
5.108965
5.108965
5.108965
5.108965
5.108965
5.108965
5.108965
5.108965
5.108965
5.108965
5.108965
5.108966
5.108966
5.108966
5.108966
5.108966
5.108966
5.108966
5.108966
5.108966
5.108966
5.108966
5.108966
5.108966
5.108966
5.108966
5.108966
5.108967
5.108966
5.108966
5.108967
5.108966
5.108966
5.108967
5.108967
5.108967
5.108967
5.108967
5.108968
5.108968
5.108968
5.108967
5.108968
5.108968
5.108967
5.108967
5.108967
5.108967
5.108968
5.108968
5.108968
5.108968
5.108968
5.108968
5.108968
5.108968
5.108968
5.108968
5.108968
5.108968
5.108968
5.108968
5.108968
5.108968
5.108968
5.108968
5.108968
5.108968
5.108968
5.108968
5.108968
5.108968
5.108968
5.108968
5.108968
5.108968
5.108969
5.108968
5.108969
5.108969
5.108969
5.108969
5.108969
5.108969
5.108969
5.108969
5.108969
5.108969
5.108969
5.108969
5.108969
5.108969
5.108969
5.108969
5.108969
5.108969
5.108969
5.108970
5.108969
5.108970
5.108970
5.108970
5.108970
5.108970
5.108970
5.108970
5.108970
5.108970
