0.0
0.0
5.51505365820049e-07
7.39938423066633e-06
2.02641640498769e-05
4.25621292379219e-05
7.28514933143742e-05
0.000113240042992402
0.000169934981386177
0.000242332185734995
0.00032877316698432
0.000434424931881949
0.000563062261790037
0.000709822517819703
0.000875919300597161
0.00104876991827041
0.00123275734949857
0.00126855983398855
0.0012687788112089
0.00126859452575445
0.00126852723769844
0.00126839336007833
0.00126819871366024
0.00126776786055416
0.00126708461903036
0.00126632675528526
0.00126552092842758
0.00126445177011192
0.00126312614884228
0.00126131123397499
0.00126021797768772
0.00126021821051836
0.00126021867617965
0.00126021960750222
0.00126022147014737
0.00126022438053042
0.00126023020129651
0.00126024114433676
0.00126025185454637
0.0012602626811713
0.00126027315855026
0.00126028119120747
0.00126028072554618
0.0012602765345946
0.00126026989892125
0.00126026256475598
0.00126025464851409
0.00126024766359478
0.00126024184282869
0.00126023951452225
0.00126024999190122
0.00126025616191328
0.00126026361249387
0.00126027374062687
0.00126028654631227
0.00126030237879604
0.00126031623221934
0.00126031250692904
0.00126030540559441
0.00126029411330819
0.00126028037630022
0.00126027129590511
0.00126026140060276
0.00126025557983667
0.00126025557983667
