0.0
-3.87316462185717e-33
-3.2812386052683e-07
-1.91746562450135e-06
-2.18372883864504e-06
-3.1657923500461e-06
-5.25739960721694e-06
-7.58701344238943e-06
-9.16095177672105e-06
-1.20563954624231e-05
-1.36113940243376e-05
-1.60613126354292e-05
-1.85981261893176e-05
-2.46107229031622e-05
-2.97126425721217e-05
-4.1694293031469e-05
-5.67236420465633e-05
-0.000123793448437937
-0.000145571961184032
-0.00018239245400764
-0.00024597009178251
-0.000341678329277784
-0.000465306628029794
-0.000502825598232448
-0.000568045943509787
-0.000666232430376112
-0.000812384532764554
-0.000981378369033337
-0.00114166631828994
-0.00131484260782599
-0.00149030901957303
-0.00165457720868289
-0.00181635015178472
-0.00198149774223566
-0.00214386614970863
-0.00229736347682774
-0.00244986987672746
-0.00259785680100322
-0.0027396697551012
-0.00287806475535035
-0.00301197730004787
-0.00314255291596055
-0.00326933711767197
-0.00339154992252588
-0.00350926071405411
-0.00362261757254601
-0.0037336761597544
-0.00384033401496708
-0.00394002115353942
-0.0040355590172112
-0.00412849290296435
-0.00421516224741936
-0.00429656729102135
-0.00437538558617234
-0.00444922316819429
-0.00451992964372039
-0.0045876819640398
-0.00465191015973687
-0.00471509294584394
-0.00477431528270245
-0.00483127683401108
-0.00488486746326089
-0.00493556400761008
-0.00498295528814197
-0.00502709066495299
-0.00506865279749036
-0.00510756485164165
-0.00514462264254689
-0.00517833465710282
-0.0052096713334322
-0.00523827318102121
-0.00526464683935046
-0.00528849195688963
-0.00530990166589618
-0.0053286817856133
-0.00534528447315097
-0.00535959098488092
-0.00537165906280279
-0.00538149382919073
-0.00538902822881937
-0.00539444154128432
-0.005397770088166
-0.00539890443906188
-0.00539906742051244
-0.00539903063327074
-0.00539901340380311
-0.0053990283049643
-0.00539900735020638
-0.00539899431169033
-0.00539933983236551
-0.00539938919246197
-0.00539944414049387
-0.00539951911196113
-0.00539960572496057
-0.00539970910176635
-0.00539973564445972
-0.00539974495768547
-0.00539979944005609
-0.00539980502799153
-0.0053998026996851
-0.00539984134957194
-0.0053999531082809
-0.00539996149018407
-0.00539998477324843
-0.00540004903450608
-0.00540008675307035
-0.00540004624053836
-0.00540003273636103
