0
0.428296
0.93721
1.078389
1.306038
1.92023
2.758048
3.609281
4.621419
5.547677
6.442366
7.267359
8.565166
9.224489
10.104942
10.84511
12.127422
12.317617
12.495208
12.624549
12.766156
12.86354
12.84813
12.779204
12.666854
12.480092
12.268116
12.18984
11.912082
11.641351
11.499891
11.346049
11.076008
10.769981
10.504539
10.244884
9.994106
9.73671
9.473523
9.22932
8.963134
8.696177
8.441624
8.199117
7.964554
7.712762
7.465149
7.26103
7.029586
6.795897
6.55957
6.324504
6.084744
5.896345
5.690221
5.476422
5.296747
5.062307
4.881475
4.651497
4.443373
4.241237
4.03697
3.855276
3.659329
3.478619
3.277002
3.115487
2.92353
2.753039
2.559782
2.349193
2.165284
2.002016
1.824071
1.653339
1.478795
1.301055
1.134514
0.961849
0.803433
0.653407
0.633619
0.646828
0.658105
0.663069
0.667225
0.665207
0.637921
0.629824
0.624651
0.613911
0.602531
0.595751
0.598486
0.600576
0.601487
0.600146
0.59733
0.590834
0.58607
0.588764
0.590094
0.594598
0.623098
0.63728
0.647196
