0.0
3.35354854996694e-09
3.05732442029694e-07
5.81465292270877e-06
1.92059378605336e-05
4.31110529461876e-05
8.81520099937916e-05
0.000153730768943205
0.000187165627721697
0.000220503643504344
0.00024460259010084
0.000250515731750056
0.000256331724813208
0.000262012938037515
0.000267517083557323
0.000270173128228635
0.000272184668574482
0.000274228019407019
0.000277307233773172
0.000280376232694834
0.000283412431599572
0.000283425266388804
0.000283436587778851
0.000283438770566136
0.000283438770566136
0.000283438799669966
0.000283438828773797
0.000283438828773797
0.000283438828773797
0.000283438828773797
0.000283438828773797
0.000283438857877627
0.000283438857877627
0.000283438886981457
0.000283438886981457
0.000283438886981457
0.000283438916085288
0.000283438974292949
0.000283438974292949
0.000283438974292949
0.000283438974292949
0.000283439003396779
0.00028343903250061
0.00028343903250061
0.00028343903250061
0.00028343906160444
0.000283439090708271
0.000283439090708271
0.000283439119812101
0.000283439119812101
0.000283439119812101
0.000283439148915932
0.000283439148915932
0.000283439178019762
0.000283439178019762
0.000283439207123592
0.000283439207123592
0.000283439236227423
0.000283439236227423
0.000283439265331253
0.000283439265331253
0.000283439265331253
0.000283439294435084
0.000283439294435084
0.000283439323538914
0.000283439323538914
0.000283439323538914
0.000283439352642745
0.000283439381746575
0.000283439381746575
0.000283439410850406
0.000283439410850406
0.000283439410850406
0.000283439439954236
0.000283439439954236
0.000283439469058067
0.000283439469058067
0.000283439498161897
0.000283439527265728
0.000283439556369558
0.000283439556369558
0.000283439585473388
0.000283439585473388
0.000283439614577219
0.000283439614577219
0.00028343967278488
0.00028343967278488
0.00028343967278488
0.00028343970188871
0.00028343970188871
0.000283439760096371
0.000283439760096371
0.000283439760096371
0.000283439789200202
0.000283439789200202
0.000283439818304032
0.000283439818304032
0.000283439818304032
0.000283439847407863
0.000283439876511693
0.000283439876511693
0.000283439905615523
0.000283439905615523
0.000283439934719354
0.000283439934719354
0.000283439934719354
0.000283439934719354
0.000283439963823184
0.000283439992927015
0.000283439992927015
0.000283439992927015
0.000283439992927015
0.000283440022030845
0.000283440022030845
0.000283440022030845
0.000283440051134676
0.000283440051134676
0.000283440051134676
0.000283440080238506
0.000283440080238506
0.000283440080238506
0.000283440109342337
0.000283440109342337
0.000283440138446167
0.000283440167549998
0.000283440167549998
0.000283440196653828
0.000283440225757658
0.000283440254861489
0.000283440254861489
0.000283440283965319
0.00028344031306915
0.00028344034217298
0.000283440371276811
0.000283440400380641
0.000283440400380641
0.000283440429484472
0.000283440429484472
0.000283440458588302
0.000283440458588302
0.000283440487692133
0.000283440516795963
0.000283440516795963
0.000283440516795963
0.000283440516795963
0.000283440545899794
0.000283440545899794
0.000283440545899794
0.000283440575003624
0.000283440575003624
0.000283440604107454
0.000283440633211285
0.000283440633211285
0.000283440633211285
0.000283440691418946
0.000283440691418946
0.000283440691418946
0.000283440691418946
0.000283440720522776
0.000283440749626607
0.000283440749626607
0.000283440778730437
0.000283440778730437
0.000283440807834268
0.000283440836938098
0.000283440836938098
0.000283440866041929
0.000283440866041929
0.000283440895145759
0.000283440895145759
0.000283440895145759
0.000283440924249589
0.00028344095335342
0.00028344098245725
0.00028344098245725
0.00028344098245725
0.000283441011561081
0.000283441011561081
0.000283441040664911
0.000283441069768742
0.000283441127976403
0.000283441127976403
0.000283441127976403
0.000283441157080233
0.000283441157080233
0.000283441186184064
0.000283441186184064
0.000283441215287894
0.000283441215287894
0.000283441215287894
0.000283441244391724
0.000283441244391724
0.000283441273495555
0.000283441273495555
0.000283441302599385
0.000283441331703216
0.000283441331703216
0.000283441360807046
0.000283441360807046
0.000283441389910877
0.000283441389910877
0.000283441419014707
0.000283441448118538
0.000283441477222368
0.000283441477222368
0.000283441506326199
0.000283441506326199
0.000283441535430029
0.000283441564533859
0.000283441564533859
0.00028344159363769
0.00028344159363769
0.00028344162274152
0.00028344162274152
0.000283441651845351
0.000283441680949181
0.000283441680949181
0.000283441680949181
0.000283441710053012
0.000283441710053012
0.000283441739156842
0.000283441739156842
0.000283441739156842
0.000283441768260673
0.000283441768260673
0.000283441768260673
0.000283441797364503
0.000283441797364503
0.000283441826468334
0.000283441826468334
0.000283441855572164
0.000283441855572164
0.000283441884675995
0.000283441913779825
0.000283441913779825
0.000283441942883655
0.000283441971987486
0.000283441971987486
0.000283442001091316
0.000283442030195147
0.000283442030195147
0.000283442030195147
0.000283442059298977
0.000283442059298977
0.000283442059298977
0.000283442088402808
0.000283442088402808
0.000283442117506638
0.000283442117506638
0.000283442146610469
0.000283442146610469
0.000283442146610469
0.000283442175714299
0.000283442175714299
0.000283442175714299
0.00028344220481813
0.00028344220481813
0.00028344223392196
0.00028344223392196
0.00028344226302579
0.00028344226302579
0.000283442292129621
0.000283442292129621
0.000283442321233451
0.000283442350337282
0.000283442350337282
0.000283442350337282
0.000283442379441112
0.000283442379441112
0.000283442379441112
0.000283442408544943
0.000283442437648773
0.000283442437648773
0.000283442437648773
0.000283442466752604
0.000283442466752604
0.000283442466752604
0.000283442495856434
0.000283442495856434
0.000283442524960265
0.000283442554064095
0.000283442554064095
0.000283442583167925
0.000283442583167925
0.000283442612271756
0.000283442612271756
0.000283442641375586
0.000283442641375586
0.000283442641375586
0.000283442670479417
0.000283442699583247
0.000283442699583247
0.000283442728687078
0.000283442728687078
0.000283442757790908
0.000283442757790908
0.000283442786894739
0.000283442815998569
0.000283442815998569
0.000283442815998569
0.0002834428451024
0.00028344287420623
0.00028344287420623
0.00028344287420623
0.00028344287420623
0.000283442903310061
0.000283442932413891
0.000283442932413891
0.000283442961517721
0.000283442961517721
0.000283442990621552
0.000283442990621552
0.000283443019725382
0.000283443048829213
0.000283443048829213
0.000283443048829213
0.000283443077933043
0.000283443077933043
0.000283443107036874
0.000283443107036874
0.000283443136140704
0.000283443165244535
0.000283443165244535
0.000283443165244535
0.000283443194348365
0.000283443223452196
0.000283443252556026
0.000283443252556026
0.000283443281659856
0.000283443281659856
0.000283443310763687
0.000283443339867517
0.000283443339867517
0.000283443339867517
0.000283443368971348
0.000283443368971348
0.000283443398075178
0.000283443427179009
0.000283443427179009
0.000283443456282839
0.000283443456282839
0.00028344348538667
0.0002834435144905
0.000283443543594331
0.000283443543594331
0.000283443572698161
0.000283443572698161
0.000283443601801991
0.000283443601801991
0.000283443630905822
0.000283443630905822
0.000283443630905822
0.000283443660009652
0.000283443660009652
0.000283443689113483
0.000283443689113483
0.000283443718217313
0.000283443747321144
0.000283443776424974
0.000283443776424974
0.000283443776424974
0.000283443805528805
0.000283443805528805
0.000283443805528805
0.000283443805528805
0.000283443834632635
0.000283443863736466
0.000283443892840296
0.000283443892840296
0.000283443892840296
0.000283443921944126
0.000283443951047957
0.000283443951047957
0.000283443980151787
0.000283444009255618
0.000283444038359448
0.000283444038359448
0.000283444067463279
0.000283444067463279
0.000283444096567109
0.000283444096567109
0.00028344412567094
0.00028344412567094
0.00028344415477477
0.000283444183878601
0.000283444183878601
0.000283444183878601
0.000283444212982431
0.000283444242086262
0.000283444271190092
0.000283444300293922
0.000283444300293922
0.000283444329397753
0.000283444329397753
0.000283444329397753
0.000283444387605414
0.000283444416709244
0.000283444416709244
0.000283444445813075
0.000283444445813075
0.000283444474916905
0.000283444474916905
0.000283444504020736
0.000283444504020736
0.000283444504020736
0.000283444533124566
0.000283444533124566
0.000283444562228397
0.000283444562228397
0.000283444562228397
0.000283444591332227
0.000283444620436057
0.000283444620436057
0.000283444649539888
0.000283444649539888
0.000283444678643718
0.000283444707747549
0.000283444707747549
0.000283444707747549
0.000283444736851379
0.00028344476595521
0.00028344479505904
0.00028344479505904
0.00028344479505904
0.000283444824162871
0.000283444853266701
0.000283444882370532
0.000283444882370532
0.000283444882370532
0.000283444911474362
0.000283444911474362
0.000283444969682023
0.000283444969682023
0.000283444969682023
0.000283444969682023
0.000283444998785853
0.000283445027889684
0.000283445027889684
0.000283445027889684
0.000283445056993514
0.000283445056993514
0.000283445086097345
0.000283445086097345
0.000283445115201175
0.000283445115201175
0.000283445144305006
0.000283445144305006
0.000283445144305006
0.000283445173408836
0.000283445202512667
0.000283445231616497
0.000283445260720327
0.000283445260720327
0.000283445260720327
0.000283445289824158
0.000283445318927988
0.000283445318927988
0.000283445348031819
0.000283445348031819
0.000283445377135649
0.000283445377135649
0.00028344540623948
0.00028344540623948
0.00028344543534331
0.00028344543534331
0.000283445464447141
0.000283445464447141
0.000283445493550971
0.000283445493550971
0.000283445522654802
0.000283445522654802
0.000283445522654802
0.000283445551758632
0.000283445580862463
0.000283445609966293
0.000283445609966293
0.000283445609966293
0.000283445639070123
0.000283445668173954
0.000283445697277784
0.000283445726381615
0.000283445726381615
0.000283445755485445
0.000283445755485445
0.000283445784589276
0.000283445813693106
0.000283445813693106
0.000283445842796937
0.000283445842796937
0.000283445871900767
0.000283445871900767
0.000283445901004598
0.000283445901004598
0.000283445930108428
0.000283445930108428
0.000283445930108428
0.000283445959212258
0.000283445988316089
0.000283445988316089
0.000283446017419919
0.000283446017419919
