-0.000000
0.000000
0.419008
0.931726
1.540485
2.295848
2.809124
2.806466
2.745466
2.611973
2.501711
2.477842
2.457197
2.441846
2.440934
2.448508
2.453645
2.457292
2.462572
2.468662
2.476909
2.476979
2.477057
2.477071
2.477071
2.477071
2.477071
2.477071
2.477071
2.477071
2.477071
2.477071
2.477071
2.477071
2.477072
2.477072
2.477072
2.477072
2.477072
2.477072
2.477072
2.477072
2.477072
2.477072
2.477073
2.477073
2.477073
2.477073
2.477073
2.477073
2.477073
2.477073
2.477073
2.477073
2.477074
2.477074
2.477074
2.477074
2.477074
2.477074
2.477074
2.477074
2.477074
2.477074
2.477074
2.477074
2.477074
2.477074
2.477075
2.477075
2.477075
2.477075
2.477075
2.477075
2.477075
2.477075
2.477075
2.477076
2.477075
2.477075
2.477075
2.477076
2.477076
2.477076
2.477076
2.477076
2.477076
2.477076
2.477077
2.477077
2.477076
2.477077
2.477077
2.477077
2.477077
2.477077
2.477077
2.477077
2.477077
2.477077
2.477078
2.477078
2.477078
2.477078
2.477078
2.477078
2.477078
2.477078
2.477078
2.477078
2.477078
2.477078
2.477078
2.477078
2.477078
2.477079
2.477079
2.477079
2.477079
2.477079
2.477080
2.477079
2.477079
2.477080
2.477079
2.477079
2.477079
2.477080
2.477080
2.477080
2.477080
2.477080
2.477080
2.477080
2.477080
2.477081
2.477081
2.477081
2.477081
2.477082
2.477082
2.477082
2.477082
2.477082
2.477082
2.477082
2.477082
2.477082
2.477082
2.477082
2.477082
2.477082
2.477082
2.477082
2.477083
2.477083
2.477083
2.477083
2.477083
2.477084
2.477083
2.477083
2.477083
2.477083
2.477083
2.477083
2.477083
2.477083
2.477083
2.477083
2.477084
2.477084
2.477084
2.477084
2.477084
2.477084
2.477085
2.477084
2.477084
2.477085
2.477085
2.477085
2.477085
2.477085
2.477086
2.477085
2.477085
2.477086
2.477086
2.477086
2.477086
2.477086
2.477086
2.477086
2.477086
2.477086
2.477086
2.477086
2.477087
2.477087
2.477087
2.477087
2.477087
2.477088
2.477087
2.477088
2.477087
2.477088
2.477088
2.477088
2.477088
2.477088
2.477088
2.477088
2.477088
2.477088
2.477088
2.477088
2.477089
2.477088
2.477089
2.477089
2.477089
2.477089
2.477089
2.477089
2.477089
2.477089
2.477090
2.477090
2.477090
2.477090
2.477090
2.477090
2.477090
2.477090
2.477090
2.477090
2.477090
2.477090
2.477091
2.477090
2.477090
2.477091
2.477091
2.477091
2.477091
2.477091
2.477091
2.477091
2.477091
2.477092
2.477091
2.477091
2.477091
2.477091
2.477092
2.477092
2.477091
2.477092
2.477092
2.477092
2.477092
2.477092
2.477092
2.477092
2.477093
2.477093
2.477093
2.477093
2.477093
2.477093
2.477093
2.477093
2.477093
2.477093
2.477093
2.477093
2.477094
2.477094
2.477094
2.477094
2.477094
2.477094
2.477094
2.477094
2.477094
2.477094
2.477094
2.477095
2.477094
2.477095
2.477095
2.477095
2.477095
2.477095
2.477095
2.477095
2.477095
2.477095
2.477095
2.477096
2.477096
2.477096
2.477096
2.477096
2.477096
2.477096
2.477096
2.477096
2.477096
2.477096
2.477097
2.477096
2.477097
2.477097
2.477097
2.477097
2.477097
2.477097
2.477098
2.477098
2.477098
2.477098
2.477098
2.477098
2.477099
2.477099
2.477099
2.477099
2.477099
2.477099
2.477099
2.477099
2.477099
2.477099
2.477099
2.477099
2.477099
2.477099
2.477099
2.477099
2.477100
2.477100
2.477100
2.477100
2.477100
2.477100
2.477100
2.477100
2.477100
2.477101
2.477101
2.477101
2.477101
2.477101
2.477101
2.477101
2.477101
2.477101
2.477101
2.477101
2.477102
2.477102
2.477102
2.477102
2.477102
2.477102
2.477102
2.477102
2.477102
2.477102
2.477102
2.477103
2.477103
2.477103
2.477103
2.477103
2.477103
2.477103
2.477103
2.477103
2.477103
2.477103
2.477104
2.477104
2.477104
2.477104
2.477104
2.477104
2.477104
2.477104
2.477104
2.477104
2.477105
2.477105
2.477105
2.477105
2.477105
2.477105
2.477105
2.477105
2.477105
2.477106
2.477105
2.477106
2.477106
2.477106
2.477106
2.477106
2.477106
2.477106
2.477106
2.477106
2.477106
2.477106
2.477106
2.477107
2.477107
2.477107
2.477107
2.477107
2.477107
2.477107
2.477108
2.477108
2.477108
2.477108
2.477108
2.477108
2.477108
2.477108
2.477108
2.477108
2.477108
2.477108
2.477108
2.477109
2.477109
2.477109
2.477109
2.477109
2.477109
2.477109
2.477109
2.477109
2.477109
2.477109
2.477109
2.477109
2.477109
2.477110
2.477110
2.477111
2.477110
2.477110
2.477111
2.477110
2.477110
2.477111
2.477111
2.477111
2.477111
2.477111
2.477111
2.477111
2.477111
2.477112
2.477112
2.477112
2.477112
2.477112
2.477112
2.477112
2.477112
2.477112
2.477112
2.477112
2.477112
2.477113
2.477113
2.477113
2.477113
2.477113
2.477113
2.477114
2.477114
2.477114
2.477114
2.477114
2.477114
2.477114
2.477114
2.477114
2.477115
2.477114
2.477114
2.477114
2.477114
2.477114
2.477114
