-0.0
2.92450327607944e-16
1.18712307539681e-07
4.55325789516792e-07
5.06855258208816e-07
5.99348823016044e-07
7.0761370807304e-07
1.51377207657788e-06
2.15823638427537e-06
1.71539068105631e-06
9.04625267139636e-07
5.2757968660444e-07
-5.66493326914497e-07
-3.35823096975219e-06
-3.85398197977338e-06
-4.63429023511708e-06
-3.59325713361613e-06
-3.12096926791128e-06
-9.52508344198577e-07
-3.70930501958355e-06
-3.02680746244732e-06
-3.07877598970663e-06
-2.15218278754037e-06
-9.67611413216218e-07
-1.61688149091788e-07
4.67351128463633e-07
3.85744351660833e-06
-2.86516296910122e-07
-9.27623659663368e-07
-1.31741580844391e-06
-1.23525114759104e-06
-1.97831741388654e-06
-4.74374246550724e-08
2.52074642048683e-07
-4.24276095145615e-07
5.49547166883713e-07
7.51934749132488e-07
8.33764715935104e-07
-7.84192025093944e-07
-6.87808778820909e-07
-2.7160785975866e-07
-1.18640400614822e-07
7.79439233156154e-08
2.75975253316574e-07
4.16551301896106e-07
2.91957007902965e-07
3.92212086808286e-07
3.07116579278954e-07
6.67678250465542e-08
1.42491217047791e-07
-4.07744437325164e-07
-3.22605956171174e-07
-2.4204177861975e-07
-6.27003373665502e-08
9.66535935731372e-08
4.18936451751506e-07
4.50537299911957e-07
3.59597152055358e-07
4.31243392995384e-07
1.96743144442735e-07
2.2783285658079e-07
2.26582756113203e-07
-1.01520072348649e-08
5.60776243219152e-08
-9.43068698688876e-08
3.3967126000789e-08
-9.06206878426019e-08
-7.25235622667242e-08
8.64417870616307e-08
1.78696154762292e-07
3.91161165680387e-07
3.96159862248169e-07
2.37435187955271e-07
4.49902245236444e-07
1.73185867424763e-07
2.19204139284557e-08
1.04812329482229e-07
1.26923509924382e-07
1.4089550859353e-07
1.61075831783819e-07
1.32416516862577e-07
7.63667458159034e-08
1.15149305202067e-07
4.9535856305738e-08
3.03550677926978e-08
9.2100208348711e-08
1.6185367712751e-08
1.14698195829988e-07
2.23661800191621e-07
3.04324430544511e-07
1.80427832674468e-07
1.84779992196127e-07
9.74913518803078e-08
3.6803726288781e-08
1.25705241771357e-07
3.09104393636517e-07
2.14025021705311e-07
6.36966888123425e-08
1.82406097337662e-07
1.65951405506348e-07
1.57739805217716e-07
-4.48555965704145e-08
1.03870661405381e-07
1.5732643987576e-07
5.42377165402286e-08
1.13564510684228e-07
