0.0
1.58526816562699e-07
8.54842710396042e-07
8.31516331345483e-07
7.23888661013916e-07
5.31397517988808e-07
4.33868024174444e-07
7.55268274588161e-07
9.00157090200082e-07
9.51120171066577e-07
1.08998381165293e-06
9.32844102408126e-07
9.5142593181663e-07
1.06732250060304e-06
1.25147516882862e-06
1.40317297336878e-06
1.72962154465495e-06
2.23275651478616e-06
2.38394022744615e-06
2.49075196734339e-06
2.45200453719008e-06
2.3937257083162e-06
2.25607914217107e-06
2.14132614928531e-06
2.02991077458137e-06
1.87672367246705e-06
1.77118204192084e-06
1.62864535013796e-06
1.49592165143986e-06
1.37317010739935e-06
1.26165957681224e-06
1.15965303848498e-06
1.066863660526e-06
9.79852075033705e-07
8.93370383892034e-07
8.16902058886626e-07
7.45051863759727e-07
6.38726589841099e-07
5.41030146905541e-07
4.53189898053097e-07
3.72747791743677e-07
2.96363992902116e-07
2.24137437498939e-07
1.53495022914285e-07
9.05681076801557e-08
2.91801676155501e-08
4.14668877013469e-09
4.0839038817353e-09
3.79687170593002e-09
3.49180151459905e-09
3.31176108758768e-09
3.40802164267018e-09
3.59869178900851e-09
3.88445586807507e-09
3.9969352272351e-09
4.0392653666288e-09
3.85361120791572e-09
3.36506267295533e-09
3.18950332811596e-09
3.18210280347841e-09
3.18210280347841e-09
