-0.0
3.55839802068658e-10
-2.08542587643024e-08
-4.7839421313256e-09
-4.74483385914937e-09
-2.78753304883139e-08
-3.00244664686034e-08
-5.55269252799917e-09
-2.70088094111998e-08
-2.3523170966655e-08
-8.64565663505346e-09
5.66997186979279e-08
1.38861651066691e-08
-1.94540916709229e-09
-1.71652573044412e-07
-2.58238287642598e-07
-3.37291567120701e-07
3.82951839128509e-08
-1.01372279459611e-07
-9.49439709074795e-08
-1.97513145394623e-07
-1.72000000020489e-07
-6.87014107825235e-08
-5.39112079422921e-08
5.83531800657511e-08
-2.01671355171129e-08
-2.59951775660738e-08
-2.51429810305126e-08
-1.13723217509687e-08
2.21507434616797e-08
-6.56018528388813e-09
-4.42505552200601e-08
1.20026015792973e-08
2.03281160793267e-08
7.00310920365155e-09
-2.94166966341436e-08
-6.50788933853619e-08
6.9239831645973e-09
-8.20455170469359e-09
1.49966581375338e-08
-2.91133801511023e-08
-3.29555405187421e-08
-3.26613189827185e-08
1.14699787445716e-08
-8.99024144018767e-09
-1.35213440444204e-09
2.43468711857986e-09
1.76078529534607e-09
7.03762381704109e-10
-1.33432820348389e-10
-7.43867190067249e-11
1.54098778182288e-09
9.55146184367095e-10
1.6111272316266e-09
1.22873888841468e-09
9.54495149585455e-10
-9.32160126865256e-10
-1.46549439250521e-14
-1.24344978758018e-14
6.54627463347879e-11
6.54627463347879e-11
