0.0
0.0
3.42343497550246e-07
1.70797750342899e-06
2.65599373960868e-06
3.52158440364292e-06
3.67870347872667e-06
4.05575838158256e-06
4.09846688853577e-06
3.92331730836304e-06
4.01820807383046e-06
4.58034946859698e-06
5.29557655681856e-06
6.09464632361778e-06
7.17218063073233e-06
8.0177787822322e-06
8.19257638795534e-06
8.36152776173549e-06
8.51453569339355e-06
8.61906391946832e-06
8.62414890434593e-06
8.62753222463652e-06
8.63061541167554e-06
8.63261448103003e-06
8.63388959260192e-06
8.6341906353482e-06
8.63431887410115e-06
8.63393506733701e-06
8.63282730279025e-06
8.63217974256258e-06
8.63252444105456e-06
8.63396053318866e-06
8.63589866639813e-06
8.63815876073204e-06
8.64053890836658e-06
8.64417779666837e-06
8.64959110913333e-06
8.65686797624221e-06
8.65775382408174e-06
8.65845686348621e-06
8.65890069690067e-06
8.6589152488159e-06
8.65795027493732e-06
8.65416222950444e-06
8.64878711581696e-06
8.64353842189303e-06
8.64233788888669e-06
8.63995774125215e-06
8.63671448314562e-06
8.63119657878997e-06
8.62683737068437e-06
8.62390970723936e-06
8.62113029143075e-06
8.61958778841654e-06
8.6202344391495e-06
8.62445631355513e-06
8.62934575707186e-06
8.63412606122438e-06
8.64089724927908e-06
8.65030779095832e-06
8.66342088556848e-06
8.68194183567539e-06
8.70740768732503e-06
8.74123725225218e-06
8.77053116710158e-06
8.79836807143874e-06
8.84410019352799e-06
8.91226682142587e-06
9.01557450561086e-06
9.20231013878947e-06
9.42858059715945e-06
9.57705924520269e-06
9.62998547038296e-06
9.68299355008639e-06
9.69049779087072e-06
9.68296444625594e-06
9.6695575848571e-06
9.65388881013496e-06
9.63661204878008e-06
9.60977195063606e-06
9.57121210376499e-06
9.51518359215697e-06
9.43083978199866e-06
9.29651378100971e-06
9.06452623894438e-06
8.74537272466114e-06
8.42723693494918e-06
7.57786847316311e-06
6.45240561425453e-06
5.14547764396411e-06
2.56764292316802e-06
3.84744595294251e-07
1.82053678798866e-08
1.67362728120679e-08
1.49359582479747e-08
1.24377779187057e-08
3.36088046282157e-10
2.39061936913032e-10
1.9028977005231e-10
1.39720332525961e-10
1.27158422680296e-10
1.55533141921183e-10
2.02088248912879e-10
6.27953093169931e-13
1.63603245534327e-12
1.96266288811364e-12
2.36200403853914e-12
2.65765859840117e-12
1.75176518256437e-12
6.26703658586358e-13
1.34215673920938e-14
1.66091559993323e-13
1.77145123114557e-13
1.50542772692219e-13
1.74062844758398e-13
3.41476792588974e-13
5.12887096074804e-13
3.13958440408685e-13
4.74476632029291e-13
2.01990957597251e-13
4.80267138992102e-13
3.41983928155154e-13
1.01659295131257e-12
5.66895488884889e-13
4.13998127229628e-13
1.80168420872533e-13
3.59565702949885e-13
6.54611564607221e-13
1.78754417951704e-12
2.25781806445502e-12
1.65178168452101e-12
7.64481251740168e-13
3.48853324699805e-13
2.0750302788964e-13
9.17161041124465e-14
2.01371512238528e-13
6.68387642392796e-15
4.08295088277083e-13
1.07183630460722e-12
7.85462190081021e-13
6.82678089405919e-13
2.90098755564502e-13
2.16050037560832e-13
5.91108813372682e-13
9.84554560275186e-13
6.32329041558299e-13
5.69618571061303e-13
6.75671270235906e-13
6.84487622831798e-13
7.74490660406663e-13
5.05831162546377e-13
1.0650695820083e-12
1.63948260349656e-12
8.11000572253917e-13
5.45320733014165e-13
1.54826683158166e-12
2.17278712383306e-12
2.91114072951959e-12
2.20928765733153e-12
1.34063756190156e-12
6.76259937805457e-13
1.36869018180739e-13
1.21061819762154e-14
4.34159307084129e-14
5.8263161276887e-14
5.66704072991336e-14
6.65512160354445e-14
1.0357900382665e-13
1.08877113596563e-13
7.46258794776661e-14
8.66842269622511e-14
1.17574990000056e-13
1.22152965910741e-13
