0
0.00120000005699694
0.00239999988116324
0.00360000017099083
0.0039000001270324
0.00434999982826412
0.004518749890849
0.00458203139714897
0.00467695319093764
0.00467917765490711
0.00468251504935324
0.00468256720341742
0.0046826193574816
0.00468267151154578
0.00468272366560996
0.00468277581967414
0.0046828540507704
0.00468297093175352
0.00468314695172012
0.00468332297168672
0.00468333414755762
0.00468335044570267
0.0046833751257509
0.00468341237865389
0.00468346825800836
0.00468355161137879
0.00468367687426508
0.00468372390605509
0.00468373554758728
0.00468374718911946
0.00468376488424838
0.00468379142694175
0.00468383100815118
0.00468389061279595
0.00468397955410183
0.00468406896106899
0.00468415836803615
0.00468429201282561
0.00468442565761507
0.00468444242142141
0.00468445918522775
0.0046844759490341
0.00468450109474361
0.00468453881330788
0.00468459515832365
0.00468467990867794
0.00468480656854808
0.00468485453166068
0.00468492577783764
0.00468495232053101
0.00468497932888568
0.00468498119153083
0.00468498258851469
0.00468498538248241
0.00468498910777271
0.00468499469570816
0.00468500307761133
0.00468501565046609
0.00468503474257887
0.00468506361357868
0.00468510645441711
0.00468517071567476
0.00468523497693241
0.00468529923819006
0.00468536396510899
0.00468542822636664
0.00468552461825311
0.00468566943891347
0.00468588690273464
0.00468621239997447
0.00468653836287558
0.0046868643257767
0.00468688481487334
0.00468690483830869
0.00468692532740534
0.0046869560610503
0.00468700169585645
0.00468707061372698
0.00468717352487147
0.00468732812441886
0.00468734255991876
0.00468736444599927
0.00468738633207977
0.00468738772906363
0.00468738912604749
0.00468739098869264
0.00468739378266037
0.00468739843927324
0.00468740542419255
0.00468741566874087
0.00468743103556335
0.00468745431862772
0.00468748924322426
0.00468752416782081
0.00468755909241736
0.00468759401701391
0.00468762847594917
0.00468768109567464
0.0046877006534487
0.00468770763836801
0.00468771881423891
0.00468773557804525
0.00468775187619031
0.00468776863999665
0.00468779332004488
0.00468783057294786
0.00468788645230234
0.00468796980567277
0.00468809553422034
0.00468828366138041
0.00468833069317043
0.00468837819062174
0.00468844850547612
0.00468855467624962
0.00468859425745905
0.00468865386210382
0.00468867621384561
0.0046887097414583
0.00468874326907098
0.00468877679668367
0.00468881032429636
0.00468886061571539
0.00468893605284393
0.00468904920853675
0.00468909158371389
0.00468913395889104
0.00468917633406818
0.00468924012966454
0.00468933559022844
0.00468943058513105
0.00468952604569495
0.00468966946937144
0.00468988413922489
0.00468989764340222
0.00468991114757955
0.00468993117101491
0.00468996143899858
0.00469000660814345
0.0046900745946914
0.00469017657451332
0.00469021475873888
0.00469027203507722
0.00469027762301266
0.00469028134830296
0.00469028553925455
0.00469028647057712
0.00469028647057712
0.00469028693623841
0.00469028693623841
0.00469028693623841
0.00469028693623841
0.0046902874018997
0.0046902874018997
0.0046902874018997
0.0046902874018997
0.00469028786756098
0.00469028786756098
0.00469028786756098
0.00469028786756098
0.00469028786756098
0.00469028833322227
0.00469028833322227
0.00469028833322227
0.00469028879888356
0.00469028879888356
0.00469028926454485
0.00469028926454485
0.00469028926454485
0.00469028973020613
0.00469028973020613
0.00469028973020613
0.00469029019586742
0.00469029019586742
0.00469029019586742
0.00469029066152871
0.00469029112719
0.00469029159285128
0.00469029159285128
0.00469029159285128
0.00469029205851257
0.00469029252417386
0.00469029252417386
0.00469029298983514
0.00469029298983514
0.00469029392115772
0.00469029392115772
0.00469029438681901
0.00469029485248029
0.00469029531814158
0.00469029578380287
0.00469029578380287
0.00469029578380287
0.00469029624946416
0.00469029624946416
0.00469029624946416
0.00469029671512544
0.00469029671512544
0.00469029718078673
0.00469029811210931
0.00469029811210931
0.00469029857777059
0.00469029857777059
0.00469029857777059
0.00469029857777059
0.00469029904343188
0.00469029904343188
0.00469029950909317
0.00469030044041574
0.00469030044041574
0.00469030090607703
0.00469030090607703
0.00469030090607703
0.00469030137173832
0.00469030137173832
0.0046903018373996
0.00469030230306089
0.00469030276872218
0.00469030370004475
0.00469030509702861
0.00469030602835119
0.00469030695967376
0.00469030789099634
0.0046903092879802
0.00469031115062535
0.00469031254760921
0.00469031487591565
0.00469031813554466
0.00469032372348011
0.00469032558612526
0.00469032838009298
0.00469033257104457
0.00469033909030259
0.0046903460752219
0.00469034747220576
0.00469034933485091
0.00469035073183477
0.00469035306014121
0.00469035678543151
0.00469036237336695
0.0046903679613024
0.00469037354923785
0.0046903791371733
0.00469038472510874
0.00469039031304419
0.00469039590097964
0.0046904010232538
0.00469040661118925
0.00469041499309242
0.00469042337499559
0.00469043175689876
0.00469044013880193
0.00469044200144708
0.00469044432975352
0.00469044619239867
0.00469044945202768
0.00469045410864055
0.00469046109355986
0.00469047133810818
0.00469048717059195
0.0046905109193176
0.00469053466804326
0.00469055795110762
0.00469058169983328
0.00469061709009111
0.00469065248034895
0.00469068833626807
0.00469069718383253
0.00469070603139699
0.00469071906991303
0.00469073909334839
0.00469076889567077
0.00469079916365445
0.0046908010262996
0.00469080382026732
0.00469080801121891
0.00469081406481564
0.00469082384370268
0.00469083781354129
0.00469085923396051
0.00469089089892805
0.00469093886204064
0.00469101103954017
0.00469111860729754
0.00469128019176424
0.00469152280129492
0.00469176541082561
0.0046920080203563
0.00469237216748297
0.00469239498488605
0.00469241780228913
0.00469244015403092
0.00469247461296618
0.00469252583570779
0.0046926022041589
0.00469271768815816
0.00469283270649612
0.00469286157749593
0.00469290441833437
0.00469296961091459
0.00469306646846235
0.00469310279004276
0.00469311675988138
0.00469313026405871
0.00469314376823604
0.00469316425733268
0.00469319499097765
0.00469322572462261
0.00469325645826757
0.00469328765757382
0.00469333375804126
0.00469337985850871
0.00469342595897615
0.00469347205944359
0.00469354097731412
0.00469354749657214
0.00469355401583016
0.00469356053508818
0.00469357031397522
0.00469358474947512
0.00469360663555563
0.00469363969750703
0.00469368859194219
0.00469376263208687
0.00469387345947325
0.00469391490332782
0.00469397730194032
0.00469407089985907
0.00469409418292344
0.0046941174659878
0.00469414074905217
0.00469416403211653
0.00469418778084219
0.00469421106390655
0.00469422829337418
0.0046942459885031
0.00469427206553519
0.00469431164674461
0.0046943707857281
0.00469445972703397
0.00469459244050086
0.00469460501335561
0.00469461758621037
0.00469463015906513
0.00469464878551662
0.00469467672519386
0.004694719100371
0.00469476100988686
0.00469480338506401
0.00469480711035431
0.00469481130130589
0.00469481502659619
0.00469482108019293
0.00469482992775738
0.00469484343193472
0.00469486298970878
0.00469489325769246
0.00469493796117604
0.0046950054820627
0.00469510699622333
0.00469511630944908
0.0046951302792877
0.00469515169970691
0.00469518383033574
0.00469523179344833
0.00469524995423854
0.0046952769625932
0.00469529698602855
0.0046953174751252
0.00469534774310887
0.00469535519368947
0.00469536310993135
0.00469537428580225
0.00469539151526988
0.00469541712664068
0.00469544273801148
0.00469546834938228
0.00469549396075308
0.00469551957212389
0.00469554518349469
0.00469557079486549
0.00469557731412351
0.00469558383338154
0.00469559035263956
0.0046955996658653
0.00469561410136521
0.00469563598744571
0.00469566811807454
0.00469571701250971
0.00469575333409012
0.00469579012133181
0.00469582644291222
0.00469583575613797
0.00469583622179926
0.00469583668746054
0.00469583715312183
0.00469583808444441
0.00469583855010569
0.00469583994708955
0.0046958418097347
0.00469584506936371
0.00469584506936371
0.00469584506936371
0.004695845535025
0.004695845535025
0.00469584600068629
0.00469584646634758
0.00469584693200886
0.00469584786333144
0.0046958492603153
0.00469584972597659
0.00469585019163788
0.00469585065729916
0.00469585112296045
0.00469585158862174
0.00469585205428302
0.0046958529856056
0.0046958529856056
0.0046958529856056
0.00469585345126689
0.00469585345126689
0.00469585391692817
0.00469585438258946
0.00469585484825075
0.00469585577957332
0.00469585624523461
0.00469585717655718
0.00469585810787976
0.00469585903920233
0.0046958604361862
0.00469586136750877
0.00469586276449263
0.00469586416147649
0.00469586462713778
0.00469586509279907
0.00469586509279907
0.00469586555846036
0.00469586648978293
0.00469586788676679
0.00469586928375065
0.00469587021507323
0.00469587207771838
0.0046958748716861
0.00469587906263769
0.00469588558189571
0.00469589489512146
0.0046959042083472
0.00469591352157295
0.0046959228347987
0.00469593214802444
0.00469594611786306
0.00469596753828228
0.00469599920324981
0.00469604670070112
0.00469609419815242
0.00469614169560373
0.00469617708586157
0.0046962124761194
0.00469624833203852
0.00469630188308656
0.00469631492160261
0.00469632516615093
0.00469633494503796
0.00469635031186044
0.00469635589979589
0.00469636428169906
0.00469637685455382
0.0046963959466666
0.00469641503877938
0.00469643413089216
0.00469645275734365
0.00469648162834346
0.00469652400352061
0.00469658826477826
0.00469668465666473
0.00469672051258385
0.00469675683416426
0.0046967591624707
0.00469676149077714
0.00469676335342229
0.00469676568172872
0.00469676801003516
0.0046967703383416
0.00469677359797061
0.00469677499495447
0.00469677639193833
0.0046967773232609
0.00469677965156734
0.00469678011722863
0.0046967810485512
0.00469678151421249
0.00469678197987378
0.00469678244553507
0.00469678244553507
0.00469678291119635
0.00469678337685764
0.00469678337685764
0.00469678384251893
0.00469678430818021
0.0046967847738415
0.00469678523950279
