0.0
0.00999999977648258
0.0199999995529652
0.0299999993294477
0.0324999988079071
0.0350000001490116
0.0387500002980232
0.0425000004470348
0.0462500005960464
0.0500000007450581
0.0537500008940697
0.0575000010430813
0.0612500011920929
0.0649999976158142
0.0687500014901161
0.0724999979138374
0.0762500017881393
0.0799999982118607
0.0837500020861626
0.0874999985098839
0.0931250005960464
0.0952343717217445
0.0983984395861626
0.103144533932209
0.110263675451279
0.120263673365116
0.130263671278954
0.140263676643372
0.150263667106628
0.160263672471046
0.170263677835464
0.180263668298721
0.190263673663139
0.200263679027557
0.210263669490814
0.220263674855232
0.230263665318489
0.240263670682907
0.250263661146164
0.260263681411743
0.270263671875
0.280263662338257
0.290263682603836
0.300263673067093
0.31026366353035
0.320263683795929
0.330263674259186
0.340263664722443
0.350263684988022
0.360263675451279
0.370263665914536
0.380263686180115
0.390263676643372
0.400263667106628
0.410263657569885
0.420263677835464
0.430263668298721
0.440263658761978
0.450263679027557
0.460263669490814
0.470263659954071
0.48026368021965
0.490263670682907
0.500263690948486
0.510263681411743
0.520263671875
0.530263662338257
0.540263652801514
0.550263643264771
0.560263693332672
0.570263683795929
0.580263674259186
0.590263664722443
0.600263655185699
0.610263645648956
0.620263695716858
0.630263686180115
0.640263676643372
0.650263667106628
0.660263657569885
0.670263648033142
0.680263698101044
0.690263688564301
0.700263679027557
0.710263669490814
0.720263659954071
0.730263650417328
0.740263700485229
0.750263690948486
0.760263681411743
0.770263671875
0.780263662338257
0.790263652801514
0.800263643264771
0.810263693332672
0.820263683795929
0.830263674259186
0.840263664722443
0.850263655185699
0.860263645648956
0.870263695716858
0.880263686180115
0.890263676643372
0.900263667106628
0.910263657569885
0.920263648033142
0.930263698101044
0.940263688564301
0.950263679027557
0.960263669490814
0.970263659954071
0.980263650417328
0.990263700485229
1.0
