-0.0
1.13686837721616e-13
1.13686837721616e-13
1.13686837721616e-13
-1.70530256582424e-13
1.70530256582424e-13
5.6843418860808e-14
1.13686837721616e-13
8.68635652295779e-09
-1.58220245793927e-07
-3.09950337396003e-07
-3.10599716613069e-07
7.1752947405912e-07
-1.21433185995556e-06
2.22221933654509e-06
7.76899105403572e-06
-9.37015283852816e-06
4.15810063714162e-06
-1.58593738888158e-05
-1.76018984348048e-05
-1.21410121209919e-05
-1.40681841003243e-05
-1.76794856088236e-05
-2.19333596760407e-05
-2.54437036346644e-05
-4.1718318243511e-05
-4.87400538986549e-05
-5.15006686327979e-05
-5.18133310833946e-05
-4.74754488095641e-05
-4.55639237770811e-05
-4.36023692600429e-05
-4.0425977203995e-05
-3.41642007697374e-05
-3.04114510072395e-05
-2.6902140234597e-05
-2.47120187850669e-05
-2.41123780142516e-05
-2.33692990150303e-05
-2.26871343329549e-05
-2.1789746824652e-05
-2.0357794710435e-05
-1.81377545231953e-05
-1.51121930684894e-05
-1.08617241494358e-05
-1.05128565337509e-05
-1.01485493360087e-05
-9.78948082774878e-06
-9.27668588701636e-06
-8.53434903547168e-06
-7.58790702093393e-06
-7.58790702093393e-06
