-0.0
7.105427357601e-14
0.0108790639787912
0.0240617413073778
0.0396843813359737
0.0618028491735458
0.0751378312706947
0.0845567137002945
0.0922582224011421
0.0994399040937424
0.106299616396427
0.109769120812416
0.113891884684563
0.117541797459126
0.122200317680836
0.128076672554016
0.133251637220383
0.138814195990562
0.152142882347107
0.166079357266426
0.178375869989395
0.189326018095016
0.202103614807129
0.210418969392776
0.204987674951553
0.204867348074913
0.199339523911476
0.193158432841301
0.186405390501022
0.179544910788536
0.174650117754936
0.168339312076569
0.160832539200783
0.15405809879303
0.148397147655487
0.143253371119499
0.138184428215027
0.131582736968994
0.124742709100246
0.117598868906498
0.109973020851612
0.101904273033142
0.0940266996622086
0.0867861211299896
0.0801158249378204
0.0735786408185959
0.0670451447367668
0.0604836195707321
0.0539281144738197
0.0473726615309715
0.0406252779066563
0.0337898433208466
0.0267073065042496
0.0191091671586037
0.0119199249893427
0.00511017628014088
3.33429716192768e-06
1.67635448633519e-06
1.73469823039341e-06
1.76246737737529e-06
1.81973337021191e-06
1.86874501650891e-06
1.931921360665e-06
1.97755889530526e-06
2.00318072529626e-06
2.03357467398746e-06
2.0537045202218e-06
2.06501908905921e-06
2.11913084058324e-06
2.2160897970025e-06
2.2656074634142e-06
2.27633290705853e-06
2.25781172957795e-06
2.17270508073852e-06
2.29191186917888e-06
2.30278965318576e-06
2.28847397920617e-06
2.2996559891908e-06
2.32480419981584e-06
2.30842965720512e-06
2.32541265177133e-06
2.27928717322357e-06
2.26792985813518e-06
2.25911207962781e-06
2.25544158638513e-06
2.25619396587717e-06
2.24726659325825e-06
2.23744268623705e-06
2.23362030737917e-06
2.22128051063919e-06
2.2039075702196e-06
2.18451168620959e-06
2.13684688787907e-06
2.09683230423252e-06
2.07339371627313e-06
2.03099489226588e-06
2.12279678635241e-06
2.23853794523166e-06
2.20838091991027e-06
2.18217996916792e-06
2.14280726140714e-06
2.05671221920056e-06
2.04172761186783e-06
2.0386594314914e-06
2.03987110580783e-06
2.04207208298612e-06
2.05511150852544e-06
2.05166543310042e-06
2.05448145607079e-06
2.06092227017507e-06
2.06670483748894e-06
