0.0
0.00120000005699694
0.00150000001303852
0.00194999994710088
0.00262499996460974
0.00329999998211861
0.00397500023245811
0.00465000001713634
0.00490312511101365
0.00515625020489097
0.00540937483310699
0.00566249992698431
0.00591562502086163
0.00616875011473894
0.00654843728989363
0.00711796851828694
0.00797226559370756
0.00917226541787386
0.0103722652420402
0.011572265997529
0.0127722658216953
0.0139722656458616
0.0151722654700279
0.0163722652941942
0.0175722651183605
0.0187722649425268
0.0199722647666931
0.0211722664535046
0.0223722662776709
0.0235722661018372
0.0247722659260035
0.0259722657501698
0.0271722655743361
0.0283722653985023
0.0295722652226686
0.0307722650468349
0.0319722667336464
0.0331722646951675
0.034372266381979
0.0355722643435001
0.0367722660303116
0.0379722639918327
0.0391722656786442
0.0403722673654556
0.0415722653269768
0.0427722670137882
0.0439722649753094
0.0451722666621208
0.046372264623642
0.0475722663104534
0.0487722642719746
0.049972265958786
0.0511722639203072
0.0523722656071186
0.0535722672939301
0.0547722652554512
0.0559722669422626
0.0571722649037838
0.0583722665905952
0.0595722645521164
0.0607722662389278
0.061972264200449
0.0631722658872604
0.0643722638487816
0.0646722689270973
0.0651222690939903
0.0657972693443298
0.0668097659945488
0.0680097639560699
0.0692097619175911
0.0704097673296928
0.071609765291214
0.0728097632527351
0.0740097686648369
0.075209766626358
0.0764097645878792
0.0776097625494003
0.0788097679615021
0.0800097659230232
0.0812097638845444
0.0824097692966461
0.0836097672581673
0.0848097652196884
0.0860097631812096
0.0872097685933113
0.0884097665548325
0.0896097645163536
0.0908097624778748
0.0920097678899765
0.0932097658514977
0.0944097638130188
0.0956097692251205
0.0968097671866417
0.0980097651481628
0.099209763109684
0.100409768521786
0.101609766483307
0.102809764444828
0.104009762406349
0.105209767818451
0.106409765779972
0.107609763741493
0.108809769153595
0.110009767115116
0.111209765076637
0.112409763038158
0.11360976845026
0.114809766411781
0.116009764373302
0.117209762334824
0.118409767746925
0.119609765708447
0.119999997317791
