-0.0
-1.27897692436818e-13
9.6351868705824e-08
-1.08729182102252e-07
7.9162600741256e-07
1.66969584824983e-06
2.9369184630923e-06
5.55789301870391e-06
8.9043296611635e-06
1.04311056929873e-05
1.01832083601039e-05
8.2873557403218e-06
8.03419970907271e-06
9.26035500015132e-06
2.08572892006487e-05
2.07095690711867e-05
2.07580706046429e-05
2.10999787668698e-05
2.12076338357292e-05
2.09381396416575e-05
1.98562811419833e-05
1.86039869731758e-05
1.60723393491935e-05
-2.49050935963169e-06
-5.59099862584844e-06
-1.81033101398498e-07
4.1549137677066e-06
3.8478865462821e-06
3.55201336788014e-06
3.37951496476308e-06
3.23406129609793e-06
3.01691397908144e-06
2.78776133200154e-06
2.4412693164777e-06
1.94117819773965e-06
1.78690606844611e-06
1.38966788654216e-06
1.2971468095202e-06
1.27356543089263e-06
1.25400765682571e-06
1.22788696899079e-06
1.5673904272262e-06
1.84657619684003e-06
2.2615677153226e-06
3.05905268760398e-06
5.57214661967009e-06
1.04187165561598e-05
1.1662399629131e-05
1.30012922454625e-05
1.46604361361824e-05
1.68224978551734e-05
1.99524147319607e-05
2.60226443060674e-05
4.13222660426982e-05
7.68750105635263e-05
9.7288895631209e-05
0.00011445464042481
0.000129203850519843
0.000138312869239599
0.000141514596180059
0.000142384771606885
0.000142660675919615
0.000142491146107204
0.000141994532896206
0.00014114860096015
0.00013945164391771
0.00013869913527742
0.000138184012030251
0.00013779106666334
0.000137431241455488
0.000137201364850625
0.00013691742788069
0.000136556322104298
0.000136461982037872
0.000136230606585741
0.000135989830596372
0.000135559603222646
0.000134934496600181
0.000133834153530188
0.000131747205159627
0.000128113097161986
0.000127526043797843
0.000126952887512743
0.000126367929624394
0.000125173188280314
0.000122945653856732
0.000120517121104058
0.000117135990876704
0.000116107024950907
0.000114950038550887
0.000112736277515069
0.000109654924017377
0.000104935592389666
9.79348697001114e-05
9.02185201994143e-05
8.45365066197701e-05
7.96983586042188e-05
7.62022318667732e-05
7.36148649593815e-05
7.15793285053223e-05
7.04927006154321e-05
6.99050287948921e-05
6.96078714099713e-05
6.93844485795125e-05
6.89514636178501e-05
6.85511040501297e-05
6.81325400364585e-05
6.7517175921239e-05
6.69805012876168e-05
6.63879909552634e-05
6.54125324217603e-05
6.38965066173114e-05
6.16267570876516e-05
5.84456502110697e-05
5.57162056793459e-05
5.25780342286453e-05
4.9545407819096e-05
4.48956234322395e-05
4.01361903641373e-05
3.58141332981177e-05
3.77791839127894e-05
4.43716780864634e-05
3.58837132807821e-05
3.35682852892205e-05
2.13514103961643e-05
2.76574428426102e-05
2.27420168812387e-05
2.89793424599338e-05
2.7934469471802e-05
2.43559879891109e-05
1.24314638014766e-05
3.23111780744512e-05
3.45880507666152e-05
4.1557133954484e-05
1.48299459397094e-05
-3.74589617422316e-05
-3.71870119124651e-05
-3.71050628018565e-05
-3.70994930563029e-05
-3.6625442589866e-05
-3.70194866263773e-05
-3.79840166715439e-05
-3.96765863115434e-05
-4.07017541874666e-05
-4.12529225286562e-05
-4.07401494157966e-05
-4.03137819375843e-05
-4.11700639233459e-05
-4.12577828683425e-05
-4.15597787650768e-05
-4.1521321691107e-05
-4.18944146076683e-05
-4.25465041189454e-05
-4.22905250161421e-05
-4.24131758336443e-05
-4.22029515902977e-05
-4.15976282965858e-05
-4.16135735576972e-05
-4.09833555750083e-05
-3.9356789784506e-05
-3.73228394892067e-05
-3.53152900061104e-05
-3.33634998241905e-05
-3.22129781125113e-05
-3.02044445561478e-05
-2.80255280813435e-05
-2.54420683631906e-05
-2.39769215113483e-05
-2.21847531065578e-05
-2.02334122150205e-05
-1.89241472980939e-05
-1.73068074218463e-05
-1.622035051696e-05
-1.55399611685425e-05
-1.35410509756184e-05
-1.12244815682061e-05
-1.19033047667472e-05
-9.1372758106445e-06
-7.88751185609726e-06
-5.00407350045862e-06
-9.45584247347142e-07
-1.63041548262299e-07
-9.36711970211945e-08
1.75747416619743e-09
1.75747416619743e-09
