0
0.00056953122839332
0.00142382818739861
0.00262382824439555
0.00382382806856185
0.00502382835838944
0.00532382831443101
0.00577382801566273
0.00644882826600224
0.00746132771018892
0.0086613284656778
0.00926132837776096
0.00986132828984406
0.0104613282019273
0.0110613281140104
0.0115113282809034
0.0116238283226267
0.0117363283643499
0.0117644533747808
0.0117925783852116
0.0118207033956424
0.0118488284060732
0.011876953416504
0.0119050784269348
0.0119332034373656
0.0119613284477964
0.0119683590019122
0.0119753904873506
0.0119824219727889
0.0119929692009464
0.0120035154977814
0.0120140627259389
0.0120246090227738
0.0120351562509314
0.0120457034790889
0.0120562497759238
0.0120720701524988
0.0120878905290738
0.0121037109056488
0.0121195312822238
0.0121353516587988
0.0121511720353738
0.0121669924119488
0.0121828127885238
0.0121986331650988
0.0122144535416738
0.0122302739182488
0.0122460933635012
0.0122698243940249
0.0122935544932261
0.0123172855237499
0.0123410156229511
0.0123647457221523
0.0123884767526761
0.0124122068518773
0.0124359378824011
0.0124596679816023
0.0124833980808035
0.0125071291113273
0.0125308592105285
0.0125545902410522
0.0125783203402535
0.0125842528650538
0.0125901853898541
0.0125990841770545
0.0126024220371619
0.0126057589659468
0.0126090958947316
0.0126090958947316
