-0.0
-1.75211887746364e-18
2.90128809865564e-10
1.22781784739345e-10
-2.9831426218152e-10
-1.99315763893537e-09
7.1759131969884e-10
1.71758074429817e-09
1.19871401693672e-09
4.81122697237879e-10
1.84627424459904e-09
1.1723386705853e-09
-2.56113708019257e-09
-2.59205990005285e-09
1.38243194669485e-10
8.70022631715983e-09
-5.9026206145063e-09
-1.29784893942997e-08
-2.08801793633029e-08
-7.5287971412763e-09
2.45909177465364e-08
3.89791239285842e-08
2.06637196242809e-08
2.29447323363274e-08
3.92683432437479e-08
5.39293978363276e-08
9.28266672417521e-08
2.15022737393156e-07
4.3471300159581e-07
7.17544025974348e-07
1.13638452603482e-06
1.85408498509787e-06
2.59187800111249e-06
3.51879498339258e-06
4.59088550996967e-06
5.63127468922175e-06
7.05931597622111e-06
8.47495175548829e-06
1.02269877970684e-05
1.20571930892766e-05
1.43126271723304e-05
1.71503706951626e-05
2.1397147065727e-05
2.88707924482878e-05
3.17813464789651e-05
3.5147852031514e-05
3.88893822673708e-05
4.66803103336133e-05
6.0148500779178e-05
7.35211506253108e-05
8.5954052337911e-05
9.67336964095011e-05
0.000102081103250384
0.000103073325590231
0.000103188736829907
0.00010286222823197
0.000101435034594033
9.92855566437356e-05
9.49299428611994e-05
8.93056640052237e-05
8.01865826360881e-05
7.7440170571208e-05
7.97857792349532e-05
7.81666167313233e-05
7.63661009841599e-05
7.64160940889269e-05
7.99013141659088e-05
9.01228559087031e-05
0.000109575521491934
8.09438934084028e-05
6.59833604004234e-05
5.97574216953944e-05
-5.03606715938076e-05
-0.000228657765546814
-0.000471333332825452
0.000195606306078844
0.000400989083573222
0.000392104062484577
0.000372804293874651
0.000357127195456997
0.000336496945237741
0.000304936431348324
0.000313117750920355
0.000302526459563524
0.000257762207183987
0.000187615878530778
9.06991990632378e-05
-6.90373053657822e-06
-2.67340255959425e-05
-0.00011459626693977
-0.000101846075267531
-3.26016997860279e-05
-1.55466586875264e-05
5.39531938557047e-05
0.000119988042570185
0.000180504503077827
0.00022505089873448
0.000261620531091467
0.000338168698363006
0.000391322799259797
0.000388792308513075
0.000385221326723695
0.000381097896024585
0.000342559680575505
0.000265918992226943
0.000193093554116786
0.000127561914268881
4.85732380184345e-05
-3.52703773387475e-06
-2.68433614110108e-05
-5.31120822415687e-05
-7.97771135694347e-05
-0.000112193447421305
-0.000162177195306867
-0.000150797583046369
-0.000125794365885668
-9.85441874945536e-05
-6.92621251801029e-05
-4.24269528593868e-05
6.59078068565577e-05
2.58443630940519e-08
5.59552404411079e-14
5.59552404411079e-14
