-0.0
-8.43316378439985e-16
0.00794627610594034
0.0161664616316557
0.0177409164607525
0.0194217972457409
0.0270208138972521
0.0412488542497158
0.052415307611227
0.0677333325147629
0.0821418091654778
0.0941077843308449
0.108447656035423
0.120506629347801
0.123155742883682
0.124824665486813
0.123623974621296
0.122193291783333
0.120500117540359
0.121044419705868
0.119018405675888
0.117192968726158
0.115837350487709
0.11642112582922
0.114915579557419
0.113836526870728
0.111520312726498
0.110090479254723
0.108370333909988
0.106316410005093
0.104119852185249
0.102182865142822
0.100351944565773
0.0987441018223763
0.0972774177789688
0.0961487218737602
0.0953364595770836
0.0943902060389519
0.0927746146917343
0.0906281843781471
0.0892079472541809
0.0873328596353531
0.0853162929415703
0.0838723853230476
0.0817626714706421
0.0798467695713043
0.0787263885140419
0.0773607268929482
0.0771682858467102
0.0756207257509232
0.0748239904642105
0.0730317384004593
0.0711830034852028
0.0702038332819939
0.0683705806732178
0.0672616735100746
0.0652915686368942
0.0641573667526245
0.0621825717389584
0.0614697523415089
0.0599849745631218
0.0594005584716797
0.0584657602012157
0.0574836023151875
0.0559982396662235
0.0549543425440788
0.0537456013262272
0.0522466227412224
0.0512591302394867
0.0494656004011631
0.0486113876104355
0.0467603951692581
0.0457502529025078
0.0446096882224083
0.0433602817356586
0.0428491272032261
0.041760042309761
0.0413413234055042
0.0406014546751976
0.0398700907826424
0.039290975779295
0.0379111841320992
0.0372898951172829
0.0364569686353207
0.0348167084157467
0.0337518639862537
0.0320019572973251
0.0307126119732857
0.0296461805701256
0.0281706061214209
0.0267013534903526
0.0260228756815195
0.0253926943987608
0.0245288908481598
0.0241026617586613
0.0235338658094406
0.0231904685497284
0.022905420511961
0.0224111955612898
0.0220350902527571
0.0216543432325125
0.0210547186434269
0.0202057640999556
0.0198531858623028
