0.0
0.00999999977648258
0.0199999995529652
0.0299999993294477
0.0399999991059303
0.0500000007450581
0.0599999986588955
0.0700000002980232
0.0799999982118607
0.0900000035762787
0.100000001490116
0.101250000298023
0.10249999910593
0.102558590471745
0.102617189288139
0.102675780653954
0.102734372019768
0.102792970836163
0.102851562201977
0.102910153567791
0.102968752384186
0.103012695908546
0.103056639432907
0.103100582957268
0.103166505694389
0.10323242098093
0.103298336267471
0.103364259004593
0.103430174291134
0.103496097028255
0.103562012314796
0.103627927601337
0.103726804256439
0.103875122964382
0.104097597301006
0.104431301355362
0.104931868612766
0.105682715773582
0.106808990240097
0.107935257256031
0.109061524271965
0.11018779873848
0.111314065754414
0.112158767879009
0.113003470003605
0.113848179578781
0.114481702446938
0.11452129483223
0.114560894668102
0.114600487053394
0.114659883081913
0.11474896967411
0.114838063716888
0.114927150309086
0.115016244351864
0.11514987796545
0.11535032838583
0.115500666201115
0.115651004016399
0.115801341831684
0.115951687097549
0.116102024912834
0.116252362728119
0.116402700543404
0.116553038358688
0.116703376173973
0.116853713989258
0.117004059255123
0.117154397070408
0.117304734885693
0.11753024160862
0.117868505418301
0.118375897407532
0.119136989116669
0.119707807898521
0.120278626680374
0.121134854853153
0.122419193387032
0.124345704913139
0.126272216439247
0.128198727965355
0.131088495254517
0.135423138737679
0.141925126314163
0.143550619482994
0.143956989049911
0.144363358616829
0.144972920417786
0.14588725566864
0.147258773446083
0.149316042661667
0.152401939034462
0.157030791044235
0.163974061608315
0.173974052071571
0.183974057435989
0.193974062800407
0.203974053263664
0.213974058628082
0.223974049091339
0.233974054455757
0.243974059820175
0.253974050283432
0.263974070549011
0.273974061012268
0.283974051475525
0.293974041938782
0.303974062204361
0.313974052667618
0.323974043130875
0.333974063396454
0.343974053859711
0.353974044322968
0.363974064588547
0.373974055051804
0.38397404551506
0.39397406578064
0.403974056243896
0.413974046707153
0.423974066972733
0.433974057435989
0.443974047899246
0.453974068164825
0.463974058628082
0.473974049091339
0.483974069356918
0.486474066972733
0.490224063396454
0.49163031578064
0.493739694356918
0.496903747320175
0.501649856567383
0.508768975734711
0.518768966197968
0.528768956661224
0.538769006729126
0.548768997192383
0.55876898765564
0.568768978118896
0.578768968582153
0.58876895904541
0.598768949508667
0.608768999576569
0.618768990039825
0.628768980503082
0.638768970966339
0.648768961429596
0.658768951892853
0.668769001960754
0.678768992424011
0.688768982887268
0.698768973350525
0.708768963813782
0.718768954277039
0.72876900434494
0.738768994808197
0.748768985271454
0.758768975734711
0.768768966197968
0.778768956661224
0.788769006729126
0.798768997192383
0.80876898765564
0.818768978118896
0.828768968582153
0.83876895904541
0.848768949508667
0.858768999576569
0.868768990039825
0.878768980503082
0.888768970966339
0.898768961429596
0.90126895904541
0.905018985271454
0.905106842517853
0.905238687992096
0.905238687992096
