0.0
7.48654031212936e-07
7.48907268643961e-07
1.06553841305868e-06
2.00774570657813e-06
2.677729298739e-06
3.33956609210873e-06
4.36014352089842e-06
6.12090525464737e-06
9.36986452870769e-06
1.53889177454403e-05
2.4281758669531e-05
3.4059750760207e-05
4.28381681558676e-05
5.29565622855444e-05
6.45687177893706e-05
7.77658133301884e-05
9.38003140618093e-05
0.000113455054815859
0.000139793570269831
0.000147970014950261
0.000156585098011419
0.00016576521738898
0.000176472312887199
0.000176788875251077
0.00017703055345919
0.000177274792804383
0.00017751996347215
0.000177886511664838
0.000178434202098288
0.000179265422048047
0.000180563467438333
0.000182454750756733
0.000185603261343203
0.000187931786058471
0.000190334510989487
0.000191444021766074
0.000192698658793233
0.00019421469187364
0.000195793880266137
