0.0
-5.30013909541821e-20
6.45170212010271e-06
2.66104198090034e-05
5.90321033087093e-05
0.000102052836155053
0.000105146202258766
0.000110096727439668
0.000118340409244411
0.000127486666315235
0.000137393275508657
0.000153402157593518
0.000179633309016936
0.000223326234845445
0.000272546400083229
0.000285758171230555
0.000299241248285398
0.00030607552616857
0.000312966702040285
0.00031986489193514
0.000325038388837129
0.000330243346979842
0.000335480086505413
0.000343393330695108
0.000355389958713204
0.000373652117559686
0.000401641591452062
0.000445055775344372
0.000456210953416303
0.000467563892016187
0.000479197420645505
0.000482156639918685
0.000482899602502584
0.000483643787447363
0.000484389194753021
0.000485135824419558
0.000485883676446974
0.000486632721731439
0.000487382931169122
0.000488134188344702
0.000488698249682784
0.00048926257295534
0.000489685742650181
0.000490108970552683
0.000490532373078167
0.000490956008434296
0.000491379876621068
0.000491803977638483
0.000492228253278881
0.000492652470711619
0.000493076455313712
0.000493500381708145
0.000493924540933222
0.000494561449158937
0.000495518266689032
0.000496957101859152
0.000498400302603841
0.000499847868923098
0.00050202728016302
0.000505314150359482
0.00051028368761763
0.000515299034304917
0.000520358444191515
0.000525460403878242
0.000530603574588895
0.000538391235750169
0.000546260562259704
0.000554205616936088
0.000562223314773291
0.000570310861803591
0.000578464067075402
0.000586679147090763
0.000599109509494156
0.000617976998910308
0.00063709111418575
0.000656436488498002
0.000676000490784645
0.000695770548190922
0.000715734320692718
0.000735992274712771
0.000756656168960035
0.000777711102273315
0.000799117377027869
0.000820830115117133
0.000842803798150271
0.000865007343236357
0.000887422007508576
0.000910031434614211
0.000932822294998914
0.000967325177043676
0.00101973616983742
0.00107289000879973
0.00112690299283713
0.00118237105198205
0.00123959372285753
0.00129822094459087
0.00135794281959534
0.00141855608671904
0.00148020894266665
0.0015435847453773
0.00160894670989364
0.00167588389012963
0.00174402282573283
0.00179576256778091
0.00184795458335429
0.00190049863886088
0.00195327028632164
0.00196318281814456
0.00197309860959649
0.00198301277123392
0.00198549008928239
0.00198796577751637
0.0019904391374439
0.00199290947057307
0.00199537561275065
0.00199783663265407
0.00200029229745269
0.00200274190865457
0.00200518546625972
0.00200883881188929
0.00201156921684742
0.00201564934104681
0.0020186968613416
0.00202173343859613
0.00202475930564106
0.00202927831560373
0.00203601433895528
0.00204603234305978
0.0020608794875443
0.0020828100387007
0.00210444140248001
0.00212585553526878
0.00214706757105887
0.00216809147968888
0.00219932780601084
0.0022455477155745
0.00231354963034391
0.00241217156872153
0.00255040149204433
0.00273400219157338
0.00289058103226125
0.00301804603077471
0.00311470264568925
0.00317569985054433
0.00318471831269562
0.00319280824624002
0.00319640268571675
0.00319640291854739
0.00319640291854739
0.00319640338420868
0.00319640384986997
0.0031964045483619
0.00319640571251512
0.00319640710949898
0.00319640920497477
0.00319641130045056
0.00319641316309571
0.00319641502574086
0.00319641688838601
0.00319641828536987
0.00319641991518438
0.00319642131216824
0.00319642294198275
0.00319642457179725
0.0031964264344424
0.00319642852991819
0.00319643085822463
0.00319643318653107
0.0031964355148375
0.00319643807597458
0.00319644040428102
0.00319644273258746
0.00319644506089389
0.00319644738920033
0.00319644995033741
0.00319645227864385
0.00319645507261157
0.00319645786657929
0.00319646066054702
0.00319646345451474
0.00319646578282118
0.00319646811112761
0.00319646997377276
0.00319647160358727
0.00319647276774049
0.00319647393189371
0.00319647486321628
0.00319647556170821
0.0031964760273695
0.00319647626020014
0.00319647626020014
0.00319647626020014
0.00319647626020014
0.00319647579453886
0.00319647579453886
