-0.0
2.54640365029288e-16
-1.39378926178324e-07
4.88880687044002e-08
2.86112026515184e-07
1.31296201288933e-06
2.39134806179209e-06
1.3277185644256e-06
3.59521436621435e-07
-5.84277586312965e-07
5.51288394490257e-07
2.0227180357324e-06
5.03863520862069e-06
-2.26113661483396e-06
-2.2541826183442e-06
-1.11114241008181e-06
-6.28582711215131e-07
5.9956255427096e-07
1.23186509881634e-06
4.73323598271236e-06
6.48009518045001e-06
7.65468939789571e-07
-3.03349224850535e-07
-7.2232069214806e-08
-1.00623765320051e-07
2.74441845249385e-07
1.04045466287062e-06
2.10158214031253e-06
1.87828027264914e-06
2.29138640861493e-06
1.97710869542789e-06
-1.46958518598694e-06
-8.25836650619749e-07
-1.16197043098509e-06
-1.04922401078511e-06
4.34051798947621e-07
1.66272002388723e-07
1.04700848169159e-06
1.97554527403554e-06
1.7791016944102e-06
3.33809839503374e-06
1.02647481980966e-06
-5.00676833325997e-09
-6.88565251039108e-07
-3.20354047289584e-07
-3.26545887219254e-07
-9.53750713961199e-08
-9.64246282819659e-08
2.98874965665163e-07
6.54973973723827e-07
1.11724693852011e-06
1.40649581226171e-06
1.09806455839134e-06
1.72341106008389e-06
7.39127926863148e-07
6.29519490757957e-07
6.80066477798391e-07
3.40129645337583e-07
1.23169229482301e-07
1.81712948688073e-07
1.91685785466689e-07
2.52296558755916e-07
2.81678580904554e-07
4.20777382714732e-07
4.33331194926723e-07
4.60056753581739e-07
6.06659682489408e-07
5.18797833137796e-07
2.26003976422362e-07
3.70009558992024e-07
3.82627035833139e-07
2.47492380367476e-07
3.06233403080114e-07
3.50385221281613e-07
1.71846920693497e-07
3.37014057549823e-07
2.18179991406942e-07
2.62015703356155e-07
2.98916859264864e-07
2.89557817723107e-07
3.13167731746944e-07
3.43032240834873e-07
3.3121006026704e-07
2.14819010579959e-07
2.19772118725814e-07
1.0113780035681e-07
1.94145457044215e-07
9.31858608055336e-08
1.22748360809055e-07
2.93616835733701e-07
2.59692626514152e-07
7.02426632415154e-08
1.3870999282517e-07
2.19615685637109e-07
2.48058654506167e-07
1.44780130995059e-07
2.13615237498743e-07
2.54584449521644e-07
2.2700953650201e-07
2.49353888648329e-07
3.39510506819352e-07
