0.0
0.00999999977648258
0.0199999995529652
0.0299999993294477
0.0399999991059303
0.0500000007450581
0.0599999986588955
0.0700000002980232
0.0799999982118607
0.0900000035762787
0.100000001490116
0.10249999910593
0.104999996721745
0.107500001788139
0.109999999403954
0.112499997019768
0.11625000089407
0.121875002980232
0.130312502384186
0.138750001788139
0.147187501192093
0.155625000596046
0.1640625
0.172499999403954
0.172524720430374
0.172549441456795
0.172574162483215
0.172598883509636
0.172635957598686
0.172691568732262
0.172775000333786
0.172795861959457
0.172816708683968
0.172837570309639
0.17285843193531
0.172879278659821
0.172900140285492
0.172921001911163
0.172952279448509
0.17299921810627
0.173046141862869
0.173093065619469
0.173163458704948
0.173233851790428
0.173304244875908
0.173321843147278
0.173339441418648
0.173357039690018
0.173374637961388
0.173392236232758
0.173409834504128
0.173427432775497
0.173453822731972
0.173493415117264
0.173552811145782
0.17364190518856
0.173730999231339
0.173820078372955
0.173909172415733
0.17404280602932
0.174243256449699
0.174543932080269
0.174844622612
0.175145298242569
0.175596311688423
0.176047325134277
0.176498338580132
0.176949366927147
0.177625894546509
0.178640678524971
0.180162861943245
0.180234208703041
0.180305555462837
0.180376917123795
0.180448263883591
0.180555298924446
0.180715844035149
0.180956646800041
0.181317865848541
0.181859701871872
0.181995153427124
0.182130619883537
0.182333812117577
0.182410001754761
0.182486191391945
0.18256239593029
0.182638585567474
0.182752877473831
0.182924315333366
0.18318147957325
0.183567211031914
0.184145823121071
0.185013726353645
0.185339197516441
0.185827389359474
0.186559692025185
0.187291994690895
0.187337756156921
0.187383532524109
0.187429293990135
0.187497943639755
0.187566593289375
0.187635257840157
0.187738239765167
0.187892705202103
0.188047170639038
0.18816302716732
0.188278868794441
0.188394725322723
0.188510581851006
0.188626423478127
0.188742280006409
0.188916057348251
0.188981220126152
0.189046397805214
0.189111560583115
0.189209312200546
0.189355939626694
0.189410924911499
0.189493402838707
0.189617112278938
0.189802676439285
0.190081045031548
0.19018542766571
0.190289810299873
0.190394192934036
0.190498575568199
0.190655156970024
0.1908900141716
0.191242322325706
0.191770762205124
0.192563429474831
0.193356096744537
0.194148764014244
0.194941446185112
0.196130439639091
0.197913944721222
0.200589209794998
0.204602092504501
0.210621431469917
0.219650417566299
0.229650422930717
0.239650428295135
0.249650418758392
0.259650409221649
0.269650429487228
0.279650419950485
0.289650410413742
0.299650430679321
0.309650421142578
0.319650411605835
0.329650431871414
0.339650422334671
0.349650412797928
0.359650433063507
0.369650423526764
0.379650413990021
0.3896504342556
0.399650424718857
0.409650415182114
0.419650435447693
0.42965042591095
0.439650416374207
0.449650436639786
0.459650427103043
0.469650417566299
0.479650408029556
0.489650428295135
0.499650418758392
0.509650409221649
0.519650399684906
0.529650449752808
0.539650440216064
0.549650430679321
0.559650421142578
0.569650411605835
0.579650402069092
0.589650392532349
0.59965044260025
0.609650433063507
0.619650423526764
0.629650413990021
0.639650404453278
0.649650394916534
0.659650444984436
0.669650435447693
0.67965042591095
0.689650416374207
0.699650406837463
0.70965039730072
0.719650447368622
0.729650437831879
0.739650428295135
0.749650418758392
0.759650409221649
0.769650399684906
0.779650449752808
0.789650440216064
0.799650430679321
0.809650421142578
0.819650411605835
0.829650402069092
0.839650392532349
0.84965044260025
0.859650433063507
0.869650423526764
0.879650413990021
0.889650404453278
0.899650394916534
0.909650444984436
0.919650435447693
0.92965042591095
0.939650416374207
0.949650406837463
0.949650406837463
