0.0
1.05588966903269e-07
4.9570503506402e-06
2.50315606535878e-05
3.15187498927116e-05
4.17148876294959e-05
6.36576660326682e-05
9.34173294808716e-05
0.000129780542920344
0.000158646478666924
0.00018748726870399
0.000223405921133235
0.000269411044428125
0.000330619979649782
0.000399385113269091
0.000476725777843967
0.000546207942534238
0.000602847198024392
0.000620464270468801
0.000647446315269917
0.000647458829917014
0.00064746179850772
0.000647463137283921
0.000647464650683105
0.000647464126814157
0.000647459935862571
0.000647454289719462
0.000647443695925176
0.000647388573270291
0.000647335953544825
0.00064724893309176
0.000647107895929366
0.000646755041088909
0.000646174245048314
0.000646139669697732
0.000646139786113054
0.000646140077151358
0.000646140426397324
0.000646140892058611
0.000646141357719898
0.000646141357719898
0.000646140018943697
0.000646136177238077
0.0006461325683631
0.000646128377411515
0.000646127795334905
0.000646132801193744
0.000646138039883226
0.000646143860649318
0.000646149390377104
0.000646153755951673
0.000646155036520213
0.000646154163405299
0.00064614973962307
0.000646142871119082
0.00064613635186106
0.000646130123641342
0.000646128028165549
0.000646132451947778
0.000646137865260243
0.000646143045742065
0.000646148924715817
0.000646154046989977
0.00064615806331858
0.000646159460302442
0.000646158354356885
0.000646154570858926
0.000646148284431547
0.000646140484604985
0.000646134372800589
0.000646128319203854
0.000646131695248187
0.00064613571157679
0.000646141124889255
0.000646147003863007
0.000646152824629098
0.000646158587187529
0.000646162312477827
0.000646164873614907
0.000646165572106838
0.000646162778139114
0.000646158994641155
0.000646152650006115
0.000646145606879145
0.000646139727905393
0.000646133325062692
0.000646133674308658
0.000646136933937669
0.000646140426397324
0.000646145024802536
0.000646150903776288
0.000646156666334718
0.000646162428893149
0.000646167900413275
0.000646171101834625
0.000646173197310418
0.000646173837594688
0.0006461720331572
0.00064616953022778
0.000646163884084672
0.000646156549919397
0.000646150845568627
0.000646145665086806
0.00064614147413522
0.000646141881588846
0.00064614211441949
0.00064614531584084
0.000646148750092834
0.000646152417175472
0.000646156957373023
0.000646162428893149
0.00064616824965924
0.000646173080895096
0.000646176922600716
0.000646179891191423
0.00064618227770552
0.000646182743366808
0.000646183267235756
0.000646180531475693
0.000646176573354751
0.000646176165901124
