0.0
1.19685930859481e-29
1.63553102083824e-06
4.94665709993569e-06
6.99893280398101e-06
9.54506231209962e-06
1.22126593851135e-05
1.47338359965943e-05
1.69890918186866e-05
1.89957754628267e-05
2.17586275539361e-05
3.02336193271913e-05
3.79791490559001e-05
4.56549132650252e-05
5.84984918532427e-05
7.74803920648992e-05
9.77346717263572e-05
0.000147916318383068
0.000160132476594299
0.000178159869392402
0.000184540782356635
0.000192870342289098
0.000204068928724155
0.000224346615141258
0.00024099022266455
0.000252272933721542
0.000257515290286392
0.000243768547079526
0.000218112749280408
0.000185335549758747
0.000132013723487034
4.13702036894392e-05
8.37016705190763e-06
6.82124618833768e-06
6.65014931655605e-06
6.62341335555539e-06
6.61499143461697e-06
6.61244166622055e-06
6.60975501887151e-06
6.60896012050216e-06
6.60868863633368e-06
6.60859041090589e-06
6.60845080346917e-06
6.60839941701852e-06
6.60839941701852e-06
6.60839896227117e-06
6.60839896227117e-06
6.60839850752382e-06
6.60839850752382e-06
6.60839850752382e-06
