-0.0
1.85481866310511e-07
-5.3053014426041e-07
-2.42436044572969e-07
1.89367710845545e-07
-1.07560526885209e-06
-7.63901425671065e-06
-3.52553888660623e-06
-4.65028278995305e-07
2.19206594920252e-06
1.71434476214927e-06
5.76583806832787e-06
-2.2657222871203e-06
-1.82068815774983e-05
-1.16138508019503e-05
-1.13575406430755e-05
-9.36537071538623e-06
2.44113834924065e-07
1.78232494363328e-05
1.69824525073636e-05
-5.03239789395593e-07
-1.38800533022732e-05
-3.82773941964842e-06
-6.78262767905835e-06
8.26938958198298e-06
9.92799323284999e-06
7.48567799746525e-06
1.107494426833e-05
1.10944711195771e-05
-3.04205423162784e-06
9.24774212762713e-09
-1.19246760732494e-06
-1.9405415514484e-06
-9.87425119092222e-06
9.22979779716115e-06
1.15120856207795e-05
4.94479172630236e-06
5.29109092894942e-06
1.50931391544873e-05
1.85843346116599e-05
1.09676875581499e-05
-2.76837818091735e-06
-5.22517802892253e-06
8.24297876533819e-06
1.57562208187301e-05
1.52011489262804e-05
9.10161179490387e-06
8.60127056512283e-06
8.1668531493051e-06
2.8073391149519e-06
5.00840269523906e-06
-1.69264149008086e-06
-3.15471152134705e-06
8.18009539216291e-07
9.99857002170756e-06
1.89242382475641e-05
1.61362549988553e-05
1.53339005919406e-05
1.47860546348966e-05
1.0064048183267e-05
1.17682520794915e-06
-1.27358953250223e-05
-1.95236571016721e-05
-1.91532981261844e-05
-5.99902068643132e-06
1.83395477506565e-05
4.5660348405363e-05
5.71571981708985e-05
4.30430918640923e-05
2.43362137553049e-05
2.12657105294056e-05
1.34702740979264e-05
4.5236511141411e-06
-9.63940601650393e-06
-2.35446386795957e-05
-4.20962351199705e-05
-4.9688751460053e-05
-3.35868498950731e-05
-6.20214814261999e-06
2.02010851353407e-05
3.86267383873928e-05
4.5033866626909e-05
3.47635614161845e-05
1.77766414708458e-05
5.95462825003779e-06
8.92121988727013e-07
-1.1368771083653e-05
-2.54936257988447e-05
-4.03728990931995e-05
-4.90398451802321e-05
-4.99093548569363e-05
-4.86652425024658e-05
-2.91868473141221e-05
-5.17290845891694e-06
1.14154081529705e-05
2.07453158509452e-05
2.49963995884173e-05
2.46007875830401e-05
1.4896567336109e-05
1.04614218798815e-06
-1.98992802324938e-06
