0.0
0.00120000005699694
0.00240000011399388
0.00359999993816018
0.00389999989420176
0.00419999985024333
0.00465000001713634
0.00532499980181456
0.00557812489569187
0.00595781253650784
0.00652734376490116
0.00738164084032178
0.00759521499276161
0.00780878914520144
0.00802236329764128
0.0082359379157424
0.00844951160252094
0.00866308622062206
0.00887665990740061
0.00909023452550173
0.00930380821228027
0.00962417013943195
0.0101047120988369
0.0108255250379443
0.0115463379770517
0.0122671509161592
0.0125374561175704
0.0129429129883647
0.0129524162039161
0.0129666700959206
0.0129880513995886
0.0130201242864132
0.0130231305956841
0.0130234127864242
0.0130234127864242
