0.0
6.92591470397019e-07
2.85965506918728e-06
4.43864655608195e-06
4.13648604080663e-06
4.52715948995319e-06
4.65529956272803e-06
4.86374483443797e-06
5.15454394189874e-06
5.46348383068107e-06
5.71838108953671e-06
5.96546442466206e-06
6.26368228040519e-06
6.71219004289014e-06
7.21568358130753e-06
7.69087819207925e-06
8.30648423288949e-06
9.62812282523373e-06
1.20115510071628e-05
1.56747046275996e-05
1.6711484931875e-05
1.77973361132899e-05
1.7810809367802e-05
1.78218924702378e-05
1.78333775693318e-05
1.78506506927079e-05
1.78768368641613e-05
1.79150956682861e-05
1.79533253685804e-05
1.79893013410037e-05
1.8025164536084e-05
1.80576535058208e-05
1.80853076017229e-05
1.81129198608687e-05
1.81218856596388e-05
1.80709212145302e-05
1.80210645339685e-05
1.80118768184911e-05
1.80248898686841e-05
1.80482838914031e-05
1.80768256541342e-05
1.81074901774991e-05
1.81548293767264e-05
1.82256771950051e-05
1.83289503183914e-05
1.84885848284466e-05
1.87587866093963e-05
1.91794333659345e-05
1.98129655473167e-05
2.08000656130025e-05
2.23304650717182e-05
2.4741520974203e-05
2.54750375461299e-05
2.53058224188862e-05
2.55219911196036e-05
2.57027131738141e-05
2.63510592048988e-05
2.65756279986817e-05
2.6799107217812e-05
2.68239673459902e-05
2.68487456196453e-05
2.68723015324213e-05
2.68941330432426e-05
2.69121301244013e-05
2.69260835921159e-05
2.69275042228401e-05
2.6927760700346e-05
2.69273914454971e-05
2.69012562057469e-05
2.68484855041606e-05
2.68291732936632e-05
2.68468229478458e-05
2.68707535724388e-05
2.68973381025717e-05
2.69450119958492e-05
2.7021553250961e-05
2.71400367637398e-05
2.73127534455853e-05
2.74270332738524e-05
2.7554458938539e-05
2.75266120297601e-05
2.73549030680442e-05
2.66633342107525e-05
2.6247143978253e-05
2.61828645307105e-05
2.613233300508e-05
2.58607087744167e-05
2.5750154236448e-05
2.55321683653165e-05
2.54950609814841e-05
2.55007962550735e-05
2.55168142757611e-05
2.55460217886139e-05
2.55811373790493e-05
2.54658098128857e-05
2.51271776505746e-05
2.46012332354439e-05
2.36536980082747e-05
2.22561884584138e-05
2.09347927011549e-05
1.99503592739347e-05
1.84554264706094e-05
1.70304028870305e-05
1.58546499733347e-05
1.48306044138735e-05
1.34780348162167e-05
1.11790895971353e-05
9.19485864869785e-06
7.60304237701348e-06
6.10943834544742e-06
4.34912362834439e-06
2.35442666962626e-06
7.67062999784685e-07
3.32368337296884e-08
1.82741448639945e-08
1.88568609615913e-08
1.77895422837082e-08
1.82552390981527e-08
1.70819234313058e-08
1.7044801126076e-08
1.66422822189816e-08
1.65571396593123e-08
1.65571396593123e-08
