0.0
4.87350204636527e-09
9.34554122977715e-08
3.2533428111492e-06
1.56630940182367e-05
4.59020993730519e-05
9.04522457858548e-05
0.000132627465063706
0.00018590729450807
0.000247563468292356
0.000314587785396725
0.000424346624640748
0.000457288668258116
0.00049173878505826
0.000526536896359175
0.000562149158213288
0.000595652440097183
0.000629361427854747
0.000664292310830206
0.000696250877808779
0.000704338424839079
0.000712582492269576
0.000715684320311993
0.000718793191481382
0.00072190840728581
0.000726609432604164
0.0007336669950746
0.000743992102798074
0.000754516513552517
0.000764830445405096
0.000775265390984714
0.000785806274507195
0.000786463671829551
0.000787122407928109
0.000787782191764563
0.000788773177191615
0.000789765093941242
0.000790757418144494
0.000791743746958673
0.000792726292274892
0.000793455285020173
0.000793993705883622
0.000794513616710901
0.000795003608800471
0.000795512867625803
0.000796038133557886
0.000796544190961868
0.000796954380348325
0.0007973542669788
0.000797756831161678
0.000798362132627517
0.000799276982434094
0.000800658366642892
0.00080275273649022
0.000804864743258804
0.000806999683845788
0.000809159479103982
0.000811345467809588
0.000813554041087627
0.000815781007986516
0.000818022293969989
0.00082027877215296
0.000822557660285383
0.000824861461296678
0.00082718936027959
0.000829536176752299
0.000831902376376092
0.000834293256048113
0.000836709165014327
0.000839111919049174
0.00084153184434399
0.000843950547277927
0.00084634916856885
0.000848185911308974
0.000850048498250544
0.000851923949085176
0.000853807898238301
0.00085571949603036
0.000857635983265936
0.000858114042785019
0.000858592335134745
0.000859070452861488
0.000859547464642674
0.000860022730194032
0.000860496540553868
0.000860971165820956
0.000861444103065878
0.000861923501361161
0.000862406915985048
0.000862890854477882
0.000863377761561424
0.000863869092427194
0.000864364206790924
0.000864862813614309
0.000865615031216294
0.00086674588965252
0.00086844788165763
0.000871075317263603
0.000875062774866819
0.000881019397638738
0.000889773829840124
0.000903109728824347
0.000916969554964453
0.000931268616113812
0.000953262264374644
0.000955621944740415
0.000957078766077757
0.000958542805165052
0.000960775534622371
0.00096422218484804
0.000969602959230542
0.000975169881712645
0.000980877783149481
0.000986660015769303
0.000992550165392458
0.000998542993329465
0.00100766983814538
0.0010219372343272
0.00103913631755859
0.0010559301590547
0.0010729106143117
0.00108427472878247
0.00108642620034516
0.0010890691773966
0.00109221856109798
0.00109302834607661
0.00109331705607474
0.00109352020081133
0.00109380320645869
0.00109386967960745
0.00109396025072783
0.00109410029835999
0.00109432789031416
0.00109439692460001
0.00109452346805483
0.00109467410948128
0.00109475280623883
0.0010948374401778
0.00109500053804368
0.00109517097007483
0.00109551195055246
0.0010959681821987
0.00109658192377537
0.00109676911961287
0.00109713373240083
0.00109754630830139
0.00109815725591034
0.00109911849722266
0.00110066903289407
0.00110226322431117
0.00110278686042875
0.00110358488745987
0.00110490072984248
0.00110717234201729
0.00111097400076687
0.00111670710612088
0.00112128537148237
0.00112321856431663
0.00112395570613444
0.00112451589666307
0.00112529739271849
0.00112622464075685
0.00112749659456313
0.00112856435589492
0.00112909043673426
0.00112953339703381
0.00112977146636695
0.00112984201405197
0.00112990429624915
0.00112994783557951
0.00113003118894994
0.00113007926847786
0.0011300629703328
0.00113005039747804
0.00113004585728049
0.0011300448095426
0.0011300448095426
