0.0
0.0
0.0
0.0
0.0
3.58799882166361e-12
6.86154119633464e-11
6.23063489690878e-10
2.67018274158204e-09
6.9088073040291e-09
1.6309547490323e-08
2.13716209174208e-08
3.1086514695744e-08
3.49711903879779e-08
3.71388821918117e-08
4.13595238057951e-08
4.7000174419054e-08
5.32421147170226e-08
5.99826464053876e-08
6.68242989831924e-08
6.86465710941775e-08
7.05222191754729e-08
7.26296747188826e-08
7.71032802049376e-08
8.51175698812767e-08
8.88513440600036e-08
9.51075165289694e-08
1.21381873441351e-07
2.45763629891371e-07
2.6296661417291e-06
3.86150168196764e-06
1.12929565148079e-05
1.9471553969197e-05
5.19685454491992e-05
5.82370703341439e-05
5.88954098930117e-05
5.89431147091091e-05
5.89493647566997e-05
5.89497431064956e-05
5.89497321925592e-05
5.89496739848983e-05
5.89495248277672e-05
5.89491901337169e-05
5.89484370721038e-05
5.89468108955771e-05
5.89432129345369e-05
5.89359697187319e-05
5.89233350183349e-05
5.89049486734439e-05
5.8896195696434e-05
5.88866751058958e-05
5.88426664762665e-05
6.12776275374927e-05
6.16900870227255e-05
6.1626524257008e-05
6.14226155448705e-05
6.3356346799992e-05
6.39841600786895e-05
6.37507691862993e-05
6.35120595688932e-05
6.32733645034023e-05
6.30273934802972e-05
6.2781386077404e-05
6.25447573838755e-05
6.22584266238846e-05
6.2197053921409e-05
6.19252168689854e-05
6.16199904470704e-05
6.12979565630667e-05
6.12558287684806e-05
6.09514536336064e-05
6.06171306571923e-05
6.02967047598213e-05
6.02269246883225e-05
5.98366204940248e-05
5.97917969571427e-05
5.94463672314305e-05
5.9360118029872e-05
5.93499426031485e-05
5.927397069172e-05
5.91935677221045e-05
5.91876196267549e-05
5.90854251640849e-05
5.90828058193438e-05
5.89830451644957e-05
5.89767660130747e-05
5.88807160966098e-05
5.87539980188012e-05
5.87351714784745e-05
5.8599889598554e-05
5.8589648688212e-05
5.84485278523061e-05
5.84441295359284e-05
5.82719221711159e-05
5.82720349484589e-05
5.8117675507674e-05
5.80999330850318e-05
5.80681480641942e-05
5.79278312216047e-05
5.78331164433621e-05
5.76804304728284e-05
5.76805396121927e-05
5.74330260860734e-05
5.74331243115012e-05
5.71863747609314e-05
5.7185701734852e-05
5.69074945815373e-05
5.68931245652493e-05
5.6893262808444e-05
5.6600652897032e-05
5.66007729503326e-05
5.65949776500929e-05
5.63082467124332e-05
5.63083412998822e-05
5.59199688723311e-05
5.59200416319072e-05
5.5915537814144e-05
5.55317819816992e-05
5.55318656552117e-05
5.53312020201702e-05
5.51436969544739e-05
5.51438242837321e-05
5.46846349607222e-05
5.46847622899804e-05
5.46849150850903e-05
5.4225845815381e-05
5.4226034990279e-05
5.42261368536856e-05
5.39181091880891e-05
5.37671730853617e-05
5.376730041462e-05
5.37673258804716e-05
5.34732280357275e-05
5.31716395926196e-05
5.31716905243229e-05
5.31717596459202e-05
5.31718360434752e-05
5.30162469658535e-05
5.25762079632841e-05
5.25762516190298e-05
5.25762734469026e-05
5.19806417287327e-05
5.1980674470542e-05
5.19806817464996e-05
