0.0
4.84459263750936e-19
1.12924081197008e-09
4.79860595703485e-08
2.07434524668315e-07
4.48203479663789e-07
9.15732130124525e-07
1.23753602565557e-06
1.46640059028869e-06
1.50976507029554e-06
1.55493921738525e-06
1.61047512392543e-06
1.34774575144547e-06
1.3834661558576e-06
1.41963357691566e-06
1.55163684212312e-06
1.82426674655289e-06
1.98511406779289e-06
2.25003304876736e-06
2.51899814429635e-06
2.75846105068922e-06
2.75990782938607e-06
2.76093010143086e-06
2.76192395176622e-06
2.76337482318922e-06
2.76548325928161e-06
2.76852165370656e-06
2.77277558780042e-06
2.77875460596988e-06
2.78686275123619e-06
2.79362689070695e-06
2.79911114375864e-06
2.80387780549063e-06
2.80834024124488e-06
2.81268876278773e-06
2.81700863524748e-06
2.82079463431728e-06
2.82036626231275e-06
2.82030441667303e-06
2.82030623566243e-06
2.82030714515713e-06
2.82030805465183e-06
2.82030896414653e-06
2.82031032838859e-06
2.82031078313594e-06
2.82031146525696e-06
2.82031146525696e-06
2.82031192000431e-06
2.82031192000431e-06
2.82031192000431e-06
2.82031192000431e-06
2.82031169263064e-06
2.82031169263064e-06
2.82031169263064e-06
2.82031169263064e-06
2.82031169263064e-06
2.82031192000431e-06
2.82031192000431e-06
2.82031214737799e-06
2.82031260212534e-06
2.82031282949902e-06
2.82031328424637e-06
2.82031373899372e-06
2.82031442111474e-06
2.82031510323577e-06
2.82031555798312e-06
2.82031601273047e-06
2.8203166948515e-06
2.8203176043462e-06
2.8203185138409e-06
2.82031919596193e-06
2.82031987808296e-06
2.82032101495133e-06
2.82032237919339e-06
2.82032465293014e-06
2.8203278361616e-06
2.8203323836351e-06
2.82033829535067e-06
2.82034329757153e-06
2.82034670817666e-06
2.82034966403444e-06
2.82035352938692e-06
2.82035853160778e-06
2.82036535281804e-06
2.82037490251241e-06
2.82038422483311e-06
2.82038627119618e-06
2.82038695331721e-06
2.82038740806456e-06
2.82036535281804e-06
2.82022165265516e-06
2.81988559436286e-06
2.8192796435178e-06
2.81845177596551e-06
2.81756388176291e-06
2.81662664747273e-06
2.81576649285853e-06
2.81501297649811e-06
2.81423172054929e-06
2.81403686130943e-06
2.81403686130943e-06
