0.0
5.15163776526606e-07
3.20750132232206e-06
8.34081220091321e-06
1.26710192489554e-05
1.55953312059864e-05
1.59923547471408e-05
1.62255764735164e-05
1.68310398294125e-05
1.81077994056977e-05
2.00680551643018e-05
2.00680551643018e-05
2.00680551643018e-05
2.01628226932371e-05
2.117204167007e-05
2.20251895370893e-05
2.26897227548761e-05
2.59192856901791e-05
6.05733730481006e-05
8.99029182619415e-05
0.000124457947094925
0.000157063564984128
0.000188271107617766
0.000216077998629771
0.000242483351030387
0.000269608834059909
0.000296791316941381
0.0003243375394959
0.000351303402567282
0.000378032884327695
0.000404791033361107
0.000431362772360444
0.000457717949757352
0.000484412361402065
0.000511662452481687
0.000537968066055328
0.000563377747312188
0.000588872935622931
0.000613658630754799
0.000637488206848502
0.000661162135656923
0.00068464782088995
0.000707191182300448
0.000728774350136518
0.000750199717003852
0.000772253551986068
0.000793799699749798
0.000815237173810601
0.000834453734569252
0.000853134144563228
0.000871615717187524
0.000889671326149255
0.000906557426787913
0.000923269719351083
0.00093902664957568
0.00095436762785539
0.000968656211625785
0.000981278950348496
0.000993983238004148
0.00100652175024152
0.00101975526195019
0.00103339098859578
0.00104662904050201
0.00105970050208271
0.00107210595160723
0.001084134564735
0.00109568482730538
0.00110713904723525
0.00111820525489748
0.00112945062573999
0.00114093837328255
0.00115199643187225
0.00116264016833156
0.00117221742402762
0.00118190061766654
0.00119152024853975
0.00120140856597573
0.0012107613729313
0.0012200593482703
0.00122926651965827
0.00123760162387043
0.00124588282778859
0.00125406868755817
0.00126212975010276
0.00127014087047428
0.00127820333000273
0.00128636043518782
0.00129444501362741
0.00130223017185926
0.0013097666669637
0.00131720874924213
0.00132454221602529
0.00133180094417185
0.00133892858866602
0.00134640757460147
0.0013542678207159
0.00136181665584445
0.00136845943052322
0.00137499941047281
0.00138145603705198
0.00138778483960778
