0.0
0.0
0.0
0.0
3.37547940987282e-11
3.53567036759372e-11
3.53594861723927e-11
1.08330722170535e-09
8.75161560998095e-08
9.7498627837922e-07
2.63897413788072e-06
1.01680325315101e-05
2.68441253865603e-05
5.28586788277607e-05
7.87809913163073e-05
0.000105317027191631
0.000130977598018944
0.000157101778313518
0.000183046489837579
0.000207237113500014
0.000230794452363625
0.000253888050792739
0.000276436127023771
0.000298392085824162
0.000319779937854037
0.00034063495695591
0.000360724661732092
0.000380600889911875
0.000399886921513826
0.000418233394157141
0.000436378380982205
0.000453990767709911
0.000470841303467751
0.000487118522869423
0.000502940791193396
0.000518313841894269
0.000532658013980836
0.000547141069546342
0.000560925982426852
0.000573784695006907
0.000585621572099626
0.00059781817253679
0.000609976588748395
0.000620318809524179
0.000629958231002092
0.000639834033790976
0.000649947847705334
0.000657872995361686
0.000665131898131222
0.000673656235449016
0.000677764182910323
0.000680159952025861
0.000684471393469721
0.000690430053509772
0.000696455012075603
0.000700251548551023
0.000705894140992314
0.000708525301888585
0.000711213564500213
0.000714683323167264
0.000715916394256055
0.000718686205800623
0.00071876565925777
0.000721787917427719
0.000715788803063333
0.000709677929989994
0.000693401030730456
0.000694369722623378
0.000692211848217994
0.000692560104653239
0.000686074781697243
0.000684660335537046
0.000667192914988846
0.000666151114273816
0.00066012516617775
0.000658080156426877
0.000647615117486566
0.000645918131340295
0.000635172182228416
0.000631682283710688
0.000620051578152925
0.000615540251601487
0.000599360617343336
0.000583577260840684
0.000564821297302842
0.000557954423129559
0.000542475958354771
0.000535408093128353
0.000514879531692713
0.000508085649926215
0.000488177436636761
0.00047856877790764
0.000459585804492235
0.000435788795584813
0.00039949978236109
0.000389842898584902
0.000371470086975023
0.000358645163942128
0.000341690378263593
0.000324284366797656
0.000298247556202114
0.000274127261945978
0.000257261679507792
0.000239541215705685
0.000218006098293699
0.000191942497622222
0.000177566616912372
0.000175313514773734
