0.0
0.00120000005699694
0.00240000011399388
0.00359999993816018
0.00480000022798777
0.00600000005215406
0.00719999987632036
0.00839999970048666
0.00960000045597553
0.0108000002801418
0.0120000001043081
0.0131999999284744
0.0143999997526407
0.015599999576807
0.0167999994009733
0.0168070308864117
0.0168123040348291
0.0168175790458918
0.0168228521943092
0.0168281253427267
0.0168333984911442
0.0168386716395617
0.0168439447879791
0.0168492179363966
0.0168544929474592
0.0168597660958767
0.0168650392442942
0.0168703123927116
0.0168782230466604
0.016890088096261
0.0169078856706619
0.0169112235307693
0.0169145595282316
0.016917897388339
0.0169212333858013
0.0169245712459087
0.0169279091060162
0.0169312451034784
0.0169345829635859
0.0169370844960213
0.0169395878911018
0.0169420912861824
0.0169458445161581
0.0169514771550894
0.0169571079313755
0.0169627387076616
0.0169683713465929
0.016974002122879
0.0169796328991652
0.0169852655380964
0.0169908963143826
0.0169993434101343
0.0170120131224394
0.0170310195535421
0.0170595273375511
0.0171022918075323
0.0171664357185364
0.0172626525163651
0.0174069777131081
0.0175513029098511
0.0176956281065941
0.0179121177643538
0.0182368494570255
0.0187239479273558
0.0189066082239151
0.0191806014627218
0.0194545947015285
0.0194717198610306
0.0194888431578875
0.0195059683173895
0.0195230934768915
0.0195402167737484
0.0195659045130014
0.0196044333279133
0.0196622293442488
0.0196766778826714
0.0196875147521496
0.0196983516216278
0.019709188491106
0.0197200253605843
0.0197308622300625
0.0197416972368956
0.0197525341063738
0.019763370975852
0.0197742078453302
0.0197904631495476
0.019814845174551
0.0198392271995544
0.019863611087203
0.0199001841247082
0.0199550446122885
0.0200373344123363
0.0201607700437307
0.0203459244221449
0.0206236559897661
0.0210402514785528
0.021665146574378
0.0226024873554707
0.023802487179637
0.0250024888664484
0.0262024886906147
0.027402488514781
0.0286024883389473
0.0298024881631136
0.0310024879872799
0.0322024896740913
0.0334024876356125
0.0346024893224239
0.0358024872839451
0.0370024889707565
0.0382024869322777
0.0385024882853031
0.0389524884521961
0.0396274887025356
0.0406399890780449
0.041839987039566
0.0430399887263775
0.0442399866878986
0.0454399883747101
0.0466399863362312
0.0478399880230427
0.0490399897098541
0.0502399876713753
0.0514399893581867
0.0526399873197079
0.0538399890065193
0.0550399869680405
0.0562399886548519
0.0574399866163731
0.0586399883031845
0.0598399862647057
0.0610399879515171
0.0622399896383286
0.0634399875998497
0.0646399855613708
0.0658399909734726
0.0670399889349937
0.0682399868965149
0.069439984858036
0.0706399902701378
0.0718399882316589
0.0730399861931801
0.0742399916052818
0.075439989566803
0.0766399875283241
0.0778399854898453
0.079039990901947
0.0802399888634682
0.0814399868249893
0.0826399847865105
0.0838399901986122
0.0850399881601334
0.0862399861216545
0.0874399915337563
0.0886399894952774
0.0898399874567986
0.0910399854183197
0.0922399908304214
0.0934399887919426
0.0937399864196777
0.0938524901866913
0.094021238386631
0.094021238386631
