-0.0
-1.70530256582424e-13
-1.39843791657768e-07
-7.47781996324193e-08
1.00389115686994e-07
-6.34345269645564e-08
-3.33162006427301e-07
-3.83111000701319e-08
2.23490133066662e-07
3.38295194524108e-07
8.57144186738878e-08
-2.41825546254404e-07
3.82395228371024e-07
1.09362918010447e-06
7.96357198851183e-07
2.97241058433428e-07
-3.12527845380828e-07
-6.76958734402433e-07
-6.56509655527771e-07
3.80627170670778e-07
1.19002652354538e-06
1.77375477505848e-06
2.47350544668734e-06
4.08108462579548e-06
6.48663262836635e-06
1.17397430585697e-05
1.41744967550039e-05
1.19218457257375e-05
7.78393587097526e-06
-1.07691303128377e-05
-1.57502290676348e-05
-6.74825150781544e-06
-7.28203758626478e-07
-8.29170858196449e-07
-6.90704564476619e-06
-7.25374093235587e-06
-7.5464672590897e-06
-7.18715136827086e-06
-7.12410201231251e-06
-6.86385328663164e-06
-6.75977616992895e-06
-6.63773380438215e-06
-6.50288529868703e-06
-6.27354756943532e-06
-6.0402785493352e-06
-5.84378813073272e-06
-5.70483007322764e-06
-5.53877271158854e-06
-5.38316908205161e-06
-5.24296274306835e-06
-5.05111029269756e-06
-4.87862826048513e-06
-4.72768078907393e-06
-4.5224937821331e-06
-4.21125696448144e-06
-3.6958890632377e-06
-2.70024793280754e-06
-1.18699517770438e-06
-5.10988684254698e-07
5.24059942108579e-07
3.16927707899595e-06
4.44657689513406e-06
5.86939586355584e-06
8.02359500085004e-06
-3.3681380955386e-06
-3.15745819534641e-06
-3.26235021930188e-06
-3.43074680131394e-06
-3.64149855158757e-06
-3.94128801417537e-06
-4.27699342253618e-06
-4.78118181490572e-06
-5.52068377146497e-06
-6.53962706564926e-06
-8.4371476987144e-06
-9.29080943024019e-06
-1.02666217571823e-05
-1.21415032481309e-05
-1.48484514284064e-05
-1.87097830348648e-05
-2.47753487201408e-05
-3.44386353390291e-05
-4.69021215394605e-05
-6.19519705651328e-05
-7.55841538193636e-05
-8.94673867151141e-05
-9.81103657977656e-05
-0.000104702216049191
-0.00010911731806118
-0.000107085055788048
-0.000103784914244898
-9.99114636215381e-05
-9.51697875279933e-05
-9.00734594324604e-05
-8.53265810292214e-05
-8.11252612038516e-05
-7.66723678680137e-05
-7.02631514286622e-05
-6.23781670583412e-05
-5.49444885109551e-05
-4.71772909804713e-05
-3.67581160389818e-05
-3.28144378727302e-05
-3.32788258674555e-05
-3.38102981913835e-05
-3.45754451700486e-05
-3.55873380613048e-05
-3.68111286661588e-05
-3.82654725399334e-05
-3.96841642213985e-05
-4.10685934184585e-05
-4.2936262616422e-05
-4.51317137049045e-05
-4.69658843940124e-05
-4.8435598728247e-05
-4.95374042657204e-05
-5.05017378600314e-05
-5.13455088366754e-05
-5.26056574017275e-05
-5.44859358342364e-05
-5.69464973523282e-05
-6.15762692177668e-05
-6.50353176752105e-05
-0.000319389393553138
-0.000321738189086318
-0.000279763713479042
-0.000251446268521249
-0.000239109300309792
-0.00023351761046797
-0.000225926953135058
-0.000204333089641295
-0.000168563157785684
-0.000125237100291997
-7.54916691221297e-05
-2.19013018067926e-05
5.55521473870613e-05
0.000132615474285558
0.000193228857824579
0.000207364209927619
0.000220987712964416
0.000224345290916972
0.000225609051994979
0.000226922129513696
0.000228240271098912
0.000229582597967237
0.000230988662224263
0.000232450402108952
0.000234765218920074
0.000237212079809979
0.000239757588133216
0.000242437003180385
0.000245144474320114
0.000247469142777845
0.00024946650955826
0.000251282704994082
0.000252972968155518
0.000254564365604892
0.000256847473792732
0.000260175991570577
0.000265090435277671
0.000272204633802176
0.000282508670352399
0.000298864964861423
0.000326339213643223
0.000346453307429329
0.000364677660400048
0.000416461145505309
0.000499417365062982
0.000600265804678202
0.000636450946331024
0.00070709700230509
0.000759999558795244
0.000770513201132417
0.000780500180553645
0.000790287274867296
0.000792714999988675
0.00079641054617241
0.000800177804194391
0.000804112234618515
0.00080716289812699
0.000810240511782467
0.000813334772828966
0.000818060128949583
0.000825075316242874
0.000831734680105001
0.000838250911328942
0.000844658759888262
0.000854134792461991
0.000868019706103951
0.000888206996023655
0.000917474215384573
0.000957174401264638
0.000994575675576925
0.00100327748805285
0.00101272959727794
0.00101530039682984
0.00101789250038564
0.00102055666502565
0.00102332257665694
0.00102616776712239
0.00102909503038973
0.00103209412191063
0.0010351634118706
0.00103830290026963
0.00104151910636574
0.00104480679146945
0.00104814069345593
0.0010512238368392
0.001054109307006
0.0010569371515885
0.00105971295852214
0.00106379797216505
0.00106982688885182
0.00107881240546703
0.00108961621299386
0.00110164692159742
0.0011141283903271
0.00113620609045029
0.00114596274215728
0.00115270959213376
0.0011574839008972
0.00116194214206189
0.00116598722524941
0.0011691841064021
0.00117106141988188
0.0011728887911886
0.00117469648830593
0.00117650290485471
0.00117832131218165
0.00118015403859317
0.00118200050201267
0.00118386710528284
0.00118666689377278
0.0011908927699551
0.00119705277029425
0.00120563560631126
0.00121664104517549
0.00123103556688875
0.00124880590010434
0.0012498777359724
0.00125064409803599
0.00125137390568852
0.00125244515947998
0.00125350744929165
0.00125456065870821
0.00125561724416912
0.00125670561101288
0.00125782715622336
0.00125862460117787
0.00125939457211643
0.00126014789566398
0.00126089039258659
0.00126161915250123
0.0012626932002604
0.00126426317729056
0.00126612361054868
0.00126838928554207
0.00127101992256939
0.00127367640379816
0.00127478176727891
0.0012835580855608
0.00125381140969694
0.00119957700371742
0.00118589191697538
0.00117194221820682
0.00116864731535316
0.00116537301801145
0.00116214156150818
0.00115797040052712
0.00115445046685636
0.0011515385704115
0.0011494840728119
0.00114843877963722
0.00114785588812083
0.00114868022501469
0.00115079421084374
0.00115544523578137
0.00115886190906167
0.0011613517999649
0.00116397102829069
0.00116878456901759
0.00117792980745435
0.0011985688470304
0.00120386062189937
0.00120997964404523
0.00121785083319992
0.00122857838869095
0.00124628783669323
0.00125670374836773
0.00126762059517205
0.00127870589494705
0.00128475821111351
0.00129012693651021
0.00129467819351703
0.00129799649585038
0.00130058766808361
0.00130363763310015
0.00130735454149544
0.00131198391318321
0.00131823192350566
0.00132748996838927
0.00133712100796402
0.00134523457381874
0.00135192205198109
0.00141371157951653
0.00144727481529117
0.00144104962237179
0.00144108256790787
0.0013861283659935
0.0011493485653773
0.000903172534890473
0.000553319812752306
-6.95860653650016e-05
-0.000862913904711604
-0.000930485024582595
-0.000892618263605982
-0.00080291269114241
-0.000757595233153552
-0.000719086965546012
-0.000683658639900386
-0.000630123482551426
-0.000547709176316857
-0.000450489314971492
-0.000371495436411351
-0.000305472844047472
-0.000247224932536483
-0.000243198068346828
-0.000238130873185582
-0.000235922270803712
-0.000232522928854451
-0.000219674489926547
-0.00020116800442338
-0.000198804438696243
-0.000197364730411209
-0.000195866145077161
-0.00019341784354765
-0.000191079845535569
-0.000189067446626723
-0.0001877686008811
-0.000186619945452549
-0.000185496406629682
-0.000184322474524379
-0.00018296302005183
-0.000181518116733059
-0.000179897848283872
-0.000179381531779654
-0.000178883012267761
-0.000178039175807498
-0.000176854475284927
-0.00017501664115116
-0.0001730005024001
-0.000171807128936052
-0.000171111081726849
-0.000170534185599536
-0.00017020376981236
-0.000169711536727846
-0.000169251798070036
-0.000168443933944218
-0.000167184160090983
-0.000165285833645612
-0.000162513941177167
-0.00015734345652163
-0.000151800777530298
-0.000147857877891511
-0.00014232836838346
-0.000140300966450013
-0.000137916853418574
-0.000136958042276092
-0.000136090937303379
-0.000134523215820082
-0.000132340748677962
-0.000129254549392499
-0.000124808881082572
-0.00011970718333032
-0.000116367664304562
-0.00011288656241959
-0.000105694402009249
-9.12594405235723e-05
-6.84813858242705e-05
-4.55962690466549e-05
-2.47803436650429e-05
-1.30853622977156e-05
-6.6619468270801e-06
-1.13724017865025e-05
-1.27261628222186e-05
-1.33850408019498e-05
-1.34899783006404e-05
-1.32812820083927e-05
-1.29359686980024e-05
-1.23632053146139e-05
-1.1565767636057e-05
-1.15991315396968e-05
-1.51648455357645e-05
-2.49721233558375e-05
-4.16215989389457e-05
-6.48928908049129e-05
-0.00010728623601608
-0.000171628722455353
-0.000251890131039545
-0.000302663363981992
-0.000331508810631931
-0.000379006844013929
-0.000421806878875941
-0.000416739494539797
-0.000408327847253531
-0.000406292267143726
-0.000272163189947605
-0.000144026344059967
-2.10793114092667e-05
9.40507452469319e-05
0.000204459080123343
0.000254530226811767
0.000198348323465325
0.00015388973406516
0.000107356368971523
-5.9668152971426e-05
-0.000399696320528165
-0.000491225917357951
-0.000355965923517942
-0.000235440573305823
-5.81477033847477e-05
-2.56719232538671e-07
-2.41530159428294e-07
-2.30368868869846e-07
-2.21445787929042e-07
-2.09237441595178e-07
-1.91538248373035e-07
-1.69955200135519e-07
-1.43159326171372e-07
-1.73314930407287e-07
-1.80914412339916e-07
-1.89138575024117e-07
-2.27107022965356e-07
-2.45708378088239e-07
-2.61005254742486e-07
-2.69107943040581e-07
-2.58648526596517e-07
-2.29065292955966e-07
-2.05517494578089e-07
-1.80990667786318e-07
-1.62670175996027e-07
-1.40708067419837e-07
-1.29364991607872e-07
-1.5682770992953e-07
-1.58072296585487e-07
-1.36039631115636e-07
-1.08146650745766e-07
-8.90879903181485e-08
-7.08433134377628e-08
-6.41477555518577e-08
-6.13344468547439e-08
-5.36352473545776e-08
-5.18798941584464e-08
-5.18592884191094e-08
-4.20280059643119e-08
-5.5214599115061e-08
-5.96495794980001e-08
-5.44100373645051e-08
-4.51545645319129e-08
-3.56669147549837e-08
-2.64057007370866e-08
-1.63377222861527e-08
-1.80120736104072e-08
-2.70413522684976e-08
-3.53727926949432e-08
-3.18134993904096e-08
-9.71766667134943e-09
-4.11998257732193e-09
-2.18889795178256e-09
7.82819142841618e-10
7.82819142841618e-10
