0.0
3.55087266257215e-08
2.9564644137281e-06
1.5505034753005e-05
3.8758029404562e-05
7.58709138608538e-05
0.000129204854601994
0.000196732449694537
0.000254916376434267
0.000268589734332636
0.000268867646809667
0.000268927775323391
0.000268972245976329
0.000269002048298717
0.000269018753897399
0.000269017444225028
0.000269014679361135
0.000269012642093003
0.000269005598966032
0.000268995354417711
0.000268985226284713
0.000268974457867444
0.000268962234258652
0.000268949603196234
0.000268939358647913
0.000268932490143925
0.000268926989519969
0.000268915377091616
0.000268902193056419
0.000268888048594818
0.000268873205641285
0.000268857489572838
0.00026884296676144
0.000268827076070011
0.000268812582362443
0.000268801144557074
0.000268791482085362
0.000268778996542096
0.00026876843185164
0.000268762843916193
0.000268758449237794
0.000268754636636004
0.000268756877630949
0.000268764095380902
0.00026877285563387
0.000268785370280966
0.00026882637757808
0.00026882704696618
0.000268827629042789
0.000268828443950042
0.00026882893871516
0.000268829317064956
0.000268829229753464
0.000268829026026651
0.000268828647676855
0.000268828152911738
0.000268828007392585
0.000268828036496416
0.000268828152911738
0.00026882829843089
0.000268828589469194
0.000268828996922821
0.000268829346168786
0.000268829695414752
0.000268829695414752
0.000268829695414752
0.000268829695414752
0.000268829695414752
0.000268829695414752
0.000268829695414752
0.000268829695414752
0.000268829695414752
0.000268829695414752
0.000268829695414752
0.000268829695414752
0.000268829695414752
0.000268829695414752
0.000268829695414752
0.000268829695414752
0.000268829695414752
0.000268829695414752
0.000268829695414752
0.000268829695414752
0.000268829695414752
0.000268829695414752
0.000268829695414752
0.000268829695414752
0.000268829695414752
0.000268829695414752
0.000268829695414752
0.000268829695414752
0.000268829695414752
0.000268829695414752
0.000268829695414752
0.000268829695414752
0.000268829695414752
0.000268829695414752
0.000268829695414752
0.000268829695414752
0.000268829695414752
0.000268829695414752
0.000268829695414752
0.000268829695414752
0.000268829695414752
0.000268829695414752
0.000268829695414752
0.000268829695414752
0.000268829695414752
0.000268829695414752
0.000268829695414752
0.000268829695414752
0.000268829695414752
0.000268829695414752
0.000268829695414752
0.000268829695414752
0.000268829695414752
0.000268829695414752
0.000268829695414752
0.000268829695414752
0.000268829695414752
0.000268829695414752
0.000268829695414752
0.000268829695414752
0.000268829695414752
0.000268829695414752
0.000268829695414752
0.000268829695414752
0.000268829695414752
0.000268829695414752
0.000268829695414752
0.000268829695414752
0.000268829695414752
0.000268829695414752
0.000268829695414752
0.000268829695414752
0.000268829695414752
0.000268829695414752
0.000268829695414752
0.000268829695414752
0.000268829695414752
0.000268829695414752
0.000268829695414752
0.000268829695414752
0.000268829695414752
0.000268829695414752
0.000268829695414752
0.000268829695414752
0.000268829695414752
0.000268829695414752
0.000268829695414752
0.000268829695414752
0.000268829695414752
0.000268829695414752
0.000268829695414752
0.000268829695414752
0.000268829695414752
0.000268829695414752
0.000268829695414752
0.000268829695414752
0.000268829695414752
0.000268829695414752
0.000268829695414752
0.000268829695414752
0.000268829695414752
0.000268829695414752
0.000268829695414752
0.000268829695414752
0.000268829695414752
0.000268829695414752
0.000268829695414752
0.000268829695414752
0.000268829695414752
0.000268829695414752
0.000268829695414752
0.000268829695414752
0.000268829695414752
0.000268829695414752
0.000268829695414752
0.000268829695414752
0.000268829695414752
0.000268829695414752
0.000268829695414752
0.000268829695414752
0.000268829695414752
0.000268829695414752
0.000268829695414752
0.000268829695414752
0.000268829695414752
0.000268829695414752
0.000268829695414752
0.000268829695414752
0.000268829695414752
0.000268829695414752
0.000268829695414752
0.000268829695414752
0.000268829695414752
0.000268829695414752
0.000268829695414752
0.000268829695414752
0.000268829695414752
0.000268829695414752
0.000268829695414752
0.000268829695414752
0.000268829695414752
0.000268829695414752
0.000268829695414752
0.000268829695414752
0.000268829695414752
0.000268829695414752
0.000268829695414752
0.000268829695414752
0.000268829695414752
0.000268829695414752
0.000268829695414752
0.000268829695414752
0.000268829695414752
0.000268829695414752
0.000268829695414752
0.000268829695414752
0.000268829695414752
0.000268829695414752
0.000268829695414752
0.000268829695414752
0.000268829695414752
0.000268829695414752
0.000268829695414752
0.000268829695414752
0.000268829695414752
0.000268829695414752
0.000268829695414752
0.000268829695414752
0.000268829695414752
0.000268829695414752
0.000268829695414752
0.000268829695414752
0.000268829695414752
0.000268829695414752
0.000268829695414752
0.000268829695414752
0.000268829695414752
0.000268829695414752
0.000268829695414752
0.000268829695414752
0.000268829695414752
0.000268829695414752
0.000268829695414752
0.000268829695414752
0.000268829695414752
0.000268829695414752
0.000268829695414752
0.000268829695414752
0.000268829695414752
0.000268829695414752
0.000268829695414752
0.000268829695414752
0.000268829695414752
0.000268829695414752
0.000268829695414752
0.000268829695414752
0.000268829695414752
0.000268829695414752
0.000268829695414752
0.000268829695414752
0.000268829695414752
0.000268829695414752
0.000268829695414752
0.000268829695414752
0.000268829695414752
0.000268829695414752
0.000268829695414752
0.000268829695414752
0.000268829695414752
0.000268829695414752
0.000268829695414752
0.000268829695414752
0.000268829695414752
0.000268829695414752
0.000268829695414752
0.000268829695414752
0.000268829695414752
0.000268829695414752
0.000268829695414752
0.000268829695414752
0.000268829695414752
0.000268829695414752
0.000268829695414752
0.000268829695414752
0.000268829695414752
0.000268829695414752
0.000268829695414752
0.000268829695414752
0.000268829695414752
0.000268829695414752
0.000268829695414752
0.000268829695414752
0.000268829695414752
0.000268829695414752
0.000268829695414752
0.000268829695414752
0.000268829695414752
0.000268829695414752
0.000268829695414752
0.000268829695414752
0.000268829695414752
0.000268829695414752
0.000268829695414752
0.000268829695414752
0.000268829695414752
0.000268829695414752
0.000268829695414752
0.000268829695414752
0.000268829695414752
0.000268829695414752
0.000268829695414752
0.000268829695414752
0.000268829695414752
0.000268829695414752
0.000268829695414752
0.000268829695414752
0.000268829695414752
0.000268829695414752
0.000268829695414752
0.000268829695414752
0.000268829695414752
0.000268829695414752
0.000268829695414752
0.000268829695414752
0.000268829695414752
0.000268829695414752
0.000268829695414752
0.000268829695414752
0.000268829695414752
0.000268829695414752
0.000268829695414752
0.000268829695414752
0.000268829695414752
0.000268829695414752
0.000268829695414752
0.000268829695414752
0.000268829695414752
0.000268829695414752
0.000268829695414752
0.000268829695414752
0.000268829695414752
0.000268829695414752
0.000268829695414752
0.000268829695414752
0.000268829695414752
0.000268829695414752
0.000268829695414752
0.000268829695414752
0.000268829695414752
0.000268829695414752
0.000268829695414752
0.000268829695414752
0.000268829695414752
0.000268829695414752
0.000268829695414752
0.000268829695414752
0.000268829695414752
0.000268829695414752
0.000268829695414752
0.000268829695414752
0.000268829695414752
0.000268829695414752
0.000268829695414752
0.000268829695414752
0.000268829695414752
0.000268829695414752
0.000268829695414752
0.000268829695414752
0.000268829695414752
0.000268829695414752
0.000268829695414752
0.000268829695414752
0.000268829695414752
0.000268829695414752
0.000268829695414752
0.000268829695414752
0.000268829695414752
0.000268829695414752
0.000268829695414752
0.000268829695414752
0.000268829695414752
0.000268829695414752
0.000268829695414752
0.000268829695414752
0.000268829695414752
0.000268829695414752
0.000268829695414752
0.000268829695414752
0.000268829695414752
0.000268829695414752
0.000268829695414752
0.000268829695414752
0.000268829695414752
0.000268829695414752
0.000268829695414752
0.000268829695414752
0.000268829695414752
0.000268829695414752
0.000268829695414752
0.000268829695414752
0.000268829695414752
0.000268829695414752
0.000268829695414752
0.000268829695414752
0.000268829695414752
0.000268829695414752
0.000268829695414752
0.000268829695414752
0.000268829695414752
0.000268829695414752
0.000268829695414752
0.000268829695414752
0.000268829695414752
0.000268829695414752
0.000268829695414752
0.000268829695414752
0.000268829695414752
0.000268829695414752
0.000268829695414752
0.000268829695414752
0.000268829695414752
0.000268829695414752
0.000268829695414752
0.000268829695414752
0.000268829695414752
0.000268829695414752
0.000268829695414752
0.000268829695414752
0.000268829695414752
0.000268829695414752
0.000268829695414752
0.000268829695414752
0.000268829695414752
0.000268829695414752
0.000268829695414752
0.000268829695414752
0.000268829695414752
0.000268829695414752
0.000268829695414752
0.000268829695414752
0.000268829695414752
0.000268829695414752
0.000268829695414752
0.000268829695414752
0.000268829695414752
0.000268829695414752
0.000268829695414752
0.000268829695414752
0.000268829695414752
0.000268829695414752
0.000268829695414752
0.000268829695414752
0.000268829695414752
0.000268829695414752
0.000268829695414752
0.000268829695414752
0.000268829695414752
0.000268829695414752
0.000268829695414752
0.000268829695414752
0.000268829695414752
0.000268829695414752
0.000268829695414752
0.000268829695414752
0.000268829695414752
0.000268829695414752
0.000268829695414752
0.000268829695414752
0.000268829695414752
0.000268829695414752
0.000268829695414752
0.000268829695414752
0.000268829695414752
0.000268829695414752
0.000268829695414752
0.000268829695414752
0.000268829695414752
0.000268829695414752
0.000268829695414752
0.000268829695414752
0.000268829695414752
0.000268829695414752
0.000268829695414752
0.000268829695414752
0.000268829695414752
0.000268829695414752
0.000268829695414752
0.000268829695414752
0.000268829695414752
0.000268829695414752
0.000268829695414752
0.000268829695414752
0.000268829695414752
0.000268829695414752
0.000268829695414752
0.000268829695414752
0.000268829695414752
0.000268829695414752
