0
0.00120000005699694
0.00239999988116324
0.00360000017099083
0.00479999999515712
0.00599999981932342
0.006299999775365
0.00675000040791929
0.00691874953918159
0.00717187463305891
0.00723515613935888
0.00729843764565885
0.00732216774486005
0.00734589877538383
0.00736962887458503
0.00737556139938533
0.00738149392418564
0.00738151720725
0.00738152279518545
0.0073815283831209
0.00738153024576605
0.00738153210841119
0.00738153303973377
0.00738153397105634
0.00738153490237892
0.00738153490237892
0.00738153490237892
0.00738153583370149
0.00738153676502407
0.00738153769634664
0.00738153769634664
0.00738153769634664
0.00738153862766922
0.00738153955899179
0.00738153955899179
0.00738154049031437
0.00738154142163694
0.00738154142163694
0.00738154142163694
0.00738154235295952
0.00738154328428209
0.00738154328428209
0.00738154421560466
0.00738154514692724
0.00738154514692724
0.00738154607824981
0.00738154607824981
0.00738154700957239
0.00738154700957239
0.00738154794089496
0.00738154794089496
0.00738154794089496
0.00738154887221754
0.00738154887221754
0.00738154980354011
0.00738154980354011
0.00738155073486269
0.00738155073486269
0.00738155073486269
0.00738155166618526
0.00738155166618526
0.00738155166618526
0.00738155259750784
0.00738155259750784
0.00738155352883041
0.00738155352883041
0.00738155446015299
0.00738155446015299
0.00738155446015299
0.00738155539147556
0.00738155539147556
0.00738155632279813
0.00738155632279813
0.00738155725412071
0.00738155818544328
0.00738155818544328
0.00738155911676586
0.00738156004808843
0.00738156004808843
0.00738156004808843
0.00738156097941101
0.00738156191073358
0.00738156284205616
0.00738156284205616
0.00738156284205616
0.00738156284205616
0.00738156377337873
0.00738156377337873
0.00738156470470131
0.00738156470470131
0.00738156563602388
0.00738156563602388
0.00738156656734646
0.00738156656734646
0.00738156656734646
0.00738156749866903
0.0073815684299916
0.0073815684299916
0.00738156936131418
0.00738157029263675
0.00738157122395933
0.00738157122395933
0.00738157122395933
0.0073815721552819
0.00738157308660448
0.00738157308660448
0.00738157401792705
0.00738157494924963
0.00738157494924963
0.0073815758805722
0.00738157681189478
0.00738157681189478
0.00738157774321735
0.00738157774321735
0.00738157774321735
0.00738157867453993
0.0073815796058625
0.0073815796058625
0.00738158053718507
0.00738158053718507
0.00738158146850765
0.00738158239983022
0.0073815833311528
0.00738158426247537
0.00738158426247537
0.00738158426247537
0.00738158519379795
0.00738158519379795
0.00738158612512052
0.00738158612512052
0.0073815870564431
0.0073815870564431
0.00738158798776567
0.00738158798776567
0.00738158891908825
0.00738158891908825
0.00738158891908825
0.00738158891908825
0.00738158985041082
0.00738158985041082
0.0073815907817334
0.0073815907817334
0.00738159171305597
0.00738159264437854
0.00738159357570112
0.00738159357570112
0.00738159357570112
0.00738159450702369
0.00738159450702369
0.00738159543834627
0.00738159543834627
0.00738159636966884
0.00738159730099142
0.00738159730099142
0.00738159730099142
0.00738159823231399
0.00738159823231399
0.00738159823231399
0.00738159916363657
0.00738159916363657
0.00738160009495914
0.00738160009495914
0.00738160102628172
0.00738160102628172
0.00738160102628172
0.00738160102628172
0.00738160102628172
0.00738160102628172
0.00738160195760429
0.00738160288892687
0.00738160382024944
0.00738160382024944
0.00738160475157201
0.00738160475157201
0.00738160475157201
0.00738160568289459
0.00738160661421716
0.00738160661421716
0.00738160661421716
0.00738160754553974
0.00738160754553974
0.00738160847686231
0.00738160847686231
0.00738160940818489
0.00738160940818489
0.00738161033950746
0.00738161033950746
0.00738161127083004
0.00738161220215261
0.00738161220215261
0.00738161313347519
0.00738161313347519
0.00738161406479776
0.00738161499612034
0.00738161499612034
0.00738161592744291
0.00738161592744291
0.00738161685876548
0.00738161685876548
0.00738161779008806
0.00738161872141063
0.00738161965273321
0.00738161965273321
0.00738162058405578
0.00738162151537836
0.00738162151537836
0.00738162244670093
0.00738162337802351
0.00738162430934608
0.00738162430934608
0.00738162430934608
0.00738162524066866
0.00738162524066866
0.00738162617199123
0.00738162617199123
0.00738162710331381
0.00738162710331381
0.00738162803463638
0.00738162896595895
0.00738162989728153
0.00738162989728153
0.0073816308286041
0.0073816308286041
0.00738163175992668
0.00738163175992668
0.00738163269124925
0.00738163269124925
0.00738163362257183
0.00738163362257183
0.0073816345538944
0.0073816345538944
0.00738163548521698
0.00738163548521698
0.00738163641653955
0.00738163734786213
0.00738163734786213
0.0073816382791847
0.0073816382791847
0.00738163921050728
0.00738163921050728
0.00738164014182985
0.00738164014182985
0.00738164107315242
0.00738164107315242
0.007381642004475
0.00738164293579757
0.00738164293579757
0.00738164386712015
0.00738164386712015
0.00738164479844272
0.0073816457297653
0.0073816457297653
0.00738164666108787
0.00738164759241045
0.00738164759241045
0.00738164852373302
0.00738164852373302
0.0073816494550556
0.0073816494550556
0.0073816494550556
0.0073816494550556
0.0073816494550556
0.00738165038637817
0.00738165038637817
0.00738165131770075
0.00738165224902332
0.00738165318034589
0.00738165318034589
0.00738165411166847
0.00738165411166847
0.00738165504299104
0.00738165504299104
0.00738165504299104
0.00738165504299104
0.00738165597431362
0.00738165597431362
0.00738165690563619
0.00738165690563619
0.00738165783695877
0.00738165783695877
0.00738165876828134
0.00738165876828134
0.00738165969960392
0.00738166063092649
0.00738166063092649
0.00738166156224907
0.00738166249357164
0.00738166249357164
0.00738166342489422
0.00738166342489422
0.00738166435621679
0.00738166435621679
0.00738166435621679
0.00738166528753936
0.00738166528753936
0.00738166621886194
0.00738166715018451
0.00738166715018451
0.00738166715018451
0.00738166808150709
0.00738166808150709
0.00738166901282966
0.00738166994415224
0.00738166994415224
0.00738166994415224
0.00738167087547481
0.00738167087547481
0.00738167180679739
0.00738167180679739
0.00738167273811996
0.00738167366944254
0.00738167366944254
0.00738167366944254
0.00738167460076511
0.00738167553208769
0.00738167553208769
0.00738167646341026
0.00738167739473283
0.00738167739473283
0.00738167739473283
0.00738167832605541
0.00738167832605541
0.00738167925737798
0.00738168018870056
0.00738168018870056
0.00738168018870056
0.00738168112002313
0.00738168205134571
0.00738168298266828
0.00738168391399086
0.00738168391399086
0.00738168391399086
0.00738168391399086
0.00738168484531343
0.00738168484531343
0.00738168577663601
0.00738168670795858
0.00738168670795858
0.00738168763928116
0.00738168857060373
0.00738168857060373
0.00738168857060373
0.0073816895019263
0.0073816895019263
0.00738169043324888
0.00738169043324888
0.00738169136457145
0.00738169229589403
0.00738169229589403
0.0073816932272166
0.0073816932272166
0.00738169415853918
0.00738169415853918
0.00738169508986175
0.00738169602118433
0.0073816969525069
0.0073816969525069
0.00738169788382948
0.00738169881515205
0.00738169881515205
0.00738169974647463
0.00738169974647463
0.00738169974647463
0.0073817006777972
0.0073817006777972
0.00738170160911977
0.00738170254044235
0.00738170254044235
0.00738170347176492
0.00738170347176492
0.00738170347176492
0.0073817044030875
0.00738170533441007
0.00738170626573265
0.00738170719705522
0.00738170719705522
0.0073817081283778
0.00738170905970037
0.00738170905970037
0.00738170905970037
0.00738170999102295
0.00738171092234552
0.00738171092234552
0.0073817118536681
0.00738171278499067
0.00738171278499067
0.00738171278499067
0.00738171371631324
0.00738171371631324
0.00738171371631324
0.00738171464763582
0.00738171557895839
0.00738171557895839
0.00738171651028097
0.00738171651028097
0.00738171744160354
0.00738171744160354
0.00738171837292612
0.00738171837292612
0.00738171837292612
0.00738171930424869
0.00738172023557127
0.00738172023557127
0.00738172023557127
0.00738172116689384
0.00738172116689384
0.00738172209821642
0.00738172209821642
0.00738172302953899
0.00738172302953899
0.00738172396086157
0.00738172396086157
0.00738172396086157
0.00738172489218414
0.00738172489218414
0.00738172489218414
0.00738172582350671
0.00738172582350671
0.00738172675482929
0.00738172675482929
0.00738172768615186
0.00738172768615186
0.00738172768615186
0.00738172861747444
0.00738172861747444
0.00738172954879701
0.00738172954879701
0.00738173048011959
0.00738173141144216
0.00738173141144216
0.00738173234276474
0.00738173234276474
0.00738173327408731
0.00738173327408731
0.00738173420540989
0.00738173420540989
0.00738173420540989
0.00738173513673246
0.00738173606805504
0.00738173606805504
0.00738173699937761
0.00738173699937761
0.00738173793070018
0.00738173793070018
0.00738173886202276
0.00738173886202276
0.00738173979334533
0.00738173979334533
0.00738173979334533
0.00738174072466791
0.00738174072466791
0.00738174165599048
0.00738174165599048
0.00738174258731306
0.00738174258731306
0.00738174351863563
0.00738174444995821
0.00738174444995821
0.00738174538128078
0.00738174538128078
0.00738174631260336
0.00738174631260336
0.00738174724392593
0.00738174817524851
0.00738174910657108
0.00738174910657108
0.00738174910657108
0.00738175003789365
0.00738175003789365
0.00738175096921623
0.0073817519005388
0.00738175283186138
0.00738175376318395
0.00738175376318395
0.00738175376318395
0.00738175469450653
0.0073817556258291
0.0073817556258291
0.00738175655715168
0.00738175655715168
0.00738175748847425
0.00738175748847425
0.00738175841979683
0.00738175841979683
0.00738175841979683
0.0073817593511194
0.00738176028244198
0.00738176028244198
0.00738176121376455
0.00738176121376455
0.00738176214508712
0.00738176214508712
0.00738176214508712
0.0073817630764097
0.00738176400773227
0.00738176400773227
0.00738176493905485
0.00738176493905485
0.00738176587037742
0.00738176587037742
