0.0
0.0
5.4037502650317e-07
1.09455777419498e-06
1.11931262836151e-06
1.47187552101968e-06
1.91081699085771e-06
2.03558056455222e-06
2.23531014853506e-06
2.46141121351684e-06
2.71065528067993e-06
2.8744138944603e-06
3.07005939248484e-06
2.96917687592213e-06
3.04644231619022e-06
3.314288051115e-06
3.91241292163613e-06
4.17015371567686e-06
4.40288158642943e-06
4.210520273773e-06
4.09620770369656e-06
3.91890625905944e-06
3.85356588594732e-06
3.82981124857906e-06
3.79509492631769e-06
3.78459708372247e-06
3.78031859327166e-06
3.77184505850892e-06
3.76774187316187e-06
3.7590259580611e-06
3.75590093426581e-06
3.75135277863592e-06
3.74951309822791e-06
3.74904379896179e-06
3.74857404494833e-06
3.74806995750987e-06
3.74740739061963e-06
3.74721435036918e-06
3.74706974071159e-06
3.74692626792239e-06
3.74671117242542e-06
3.7463150874828e-06
3.7463150874828e-06
3.74631486010912e-06
3.74631463273545e-06
3.74631463273545e-06
