0.0
0.0
0.0
0.0
0.0
0.0
0.0
3.05167974223863e-11
2.68970778982691e-09
1.53229802180022e-08
3.78756084273846e-08
8.80424693150417e-08
1.76959645159513e-07
2.86703908614072e-07
3.91748727679442e-07
4.9333766583004e-07
6.05591935709526e-07
7.16257090971339e-07
7.93811523180921e-07
8.71282338721358e-07
9.15640441689902e-07
9.53002540882153e-07
1.00945646863693e-06
1.02233184406941e-06
1.02191893347481e-06
1.01820455711277e-06
1.01392004125955e-06
1.00963586646685e-06
1.00866020602552e-06
1.00535089586629e-06
1.00020577065152e-06
9.98256950879295e-07
9.95060304376238e-07
9.89915520221984e-07
9.89094701253634e-07
9.84626126410149e-07
9.79337301032501e-07
9.7933684628515e-07
9.74047907220665e-07
9.71194140220177e-07
9.6751750788826e-07
9.66143716141232e-07
9.60988018050557e-07
9.60570901042956e-07
9.54457618718152e-07
9.48889123719709e-07
9.47765954606439e-07
9.43454097068752e-07
9.41074233651307e-07
9.37969048209197e-07
9.34383081130363e-07
9.28382121401228e-07
9.26500490550097e-07
9.26500035802746e-07
9.18618525247439e-07
9.18618866307952e-07
9.12079769932461e-07
9.10737469439482e-07
9.04211219676654e-07
9.02650867828925e-07
9.02069530184235e-07
8.94565062026231e-07
8.94564834652556e-07
8.87822181994125e-07
8.86476868799946e-07
8.79285892096959e-07
8.77348554695345e-07
8.77348156791413e-07
8.69193172547966e-07
8.68220638494677e-07
8.68141682985879e-07
8.59094029692642e-07
8.59094200222899e-07
8.50697063015105e-07
8.4959106061433e-07
8.49591231144586e-07
8.40088716813625e-07
8.40088944187301e-07
8.38109656342567e-07
8.30587453037879e-07
8.30588021472067e-07
8.20365528397815e-07
8.1934933859884e-07
8.1934985018961e-07
8.11035192782583e-07
8.11035192782583e-07
