0
0.240794
0.713905
1.365963
2.127489
2.626924
2.744229
2.765613
2.76751
2.849147
2.886602
2.951503
2.997785
3.038866
3.256462
3.471516
3.663626
3.853222
4.162477
4.509695
5.084966
5.793817
6.73273
7.348868
7.706776
7.798951
7.946941
8.047641
8.085712
8.121716
8.155319
8.180701
8.208501
8.214385
8.219726
8.22495
8.233164
8.242432
8.261126
8.290438
8.376655
8.534423
8.686698
8.833981
9.046179
9.350648
9.752665
10.256607
10.841978
11.229307
11.229527
11.229638
11.229765
11.229998
11.230622
11.231525
11.231656
11.23177
11.231829
11.231596
11.230805
11.229396
11.228412
11.227695
11.227547
11.227677
11.227852
11.228205
11.228609
11.229114
11.230644
11.232528
11.234584
11.237871
11.242802
11.250181
11.261858
11.2781
11.280547
11.282144
11.282206
11.280862
11.27851
11.273747
11.272203
11.270397
11.267149
11.262839
11.255972
11.248181
11.238557
11.225783
11.214579
11.204094
11.188525
11.165674
11.135194
11.106816
11.090645
11.082008
11.077554
11.075764
11.075151
11.076064
11.07879
11.078592
11.069997
11.059011
11.049666
11.047577
11.045371
11.043038
11.04053
11.037805
11.034658
11.030329
11.025526
11.018252
11.011318
11.003973
10.995325
10.980858
10.953926
10.871992
10.810145
10.768989
10.742
10.724505
10.713788
10.707054
10.702772
10.698529
10.694443
10.689843
10.683696
10.674334
10.659749
10.638582
10.609356
10.575676
10.57236
10.618952
10.653204
10.513908
10.327147
10.19866
10.10445
9.994053
9.79274
9.60622
9.419721
9.22746
9.024887
8.768555
8.50663
8.246197
7.983679
7.720164
7.456622
7.194382
6.933379
6.672376
6.412713
6.153761
5.895174
5.63889
5.383334
5.129887
4.879908
4.633582
4.3884
4.142552
3.900042
3.658136
3.418458
3.180587
2.942824
2.707959
2.475555
2.245351
2.015009
1.784651
1.55423
1.32625
1.099921
0.875754
0.653878
0.43517
0.223983
0.174742
0.109564
0.086242
0.0772
0.064078
0.057448
0.05489
0.05394
0.053848
0.05346
0.049689
0.047596
0.041739
0.023013
0.006518
0.00143
0.000346
0.00026
0.000255
0.000255
0.000254
0.000254
0.000254
0.000253
0.000252
0.00025
0.000248
0.000244
0.000241
0.000238
0.000234
0.000222
0.000203
0.000201
0.000191
0.000168
0.00017
0.00014
0.000112
7.9e-05
3.6e-05
5e-06
3e-06
-1e-06
-1e-06
