-0.0
7.6400397119869e-08
1.0951807780657e-06
3.18489310302539e-06
8.63463174027856e-06
1.65962737810332e-05
2.25882868107874e-05
2.63464680756442e-05
2.74253252428025e-05
2.76921855402179e-05
3.00425235764123e-05
2.06725417228881e-05
6.66283813188784e-06
-1.80581264430657e-05
-8.96759229362942e-05
-0.00021566498617176
-0.000256986852036789
-0.000289879826596007
-0.000325571571011096
-0.000366344960639253
-0.000412044726544991
-0.00046530447434634
-0.000536474166437984
-0.000648527464363724
-0.000786570715717971
-0.000951958470977843
-0.00136224878951907
-0.00159385893493891
-0.00173377920873463
-0.001837023999542
-0.00194125471170992
-0.0020222591701895
-0.00206466112285852
-0.00208650971762836
-0.00209801713936031
-0.00210484047420323
-0.00210928125306964
-0.00211440003477037
-0.00212186411954463
-0.00213238736614585
-0.00214522448368371
-0.00215579546056688
-0.00216800393536687
-0.0021564366761595
-0.00214197114109993
-0.00209950702264905
-0.00196986412629485
-0.00175902445334941
-0.00143702165223658
-0.00140997127164155
-0.0012846946483478
0.000238381195231341
0.00036214551073499
0.000382680795155466
0.000424872734583914
0.000411156244808808
0.000410286680562422
0.000410353764891624
0.000410265405662358
0.000409443338867277
0.000407204002840444
0.000403901329264045
0.000398920004954562
0.000393865542719141
0.000385235442081466
0.000373192480765283
0.000365031650289893
0.000376840616809204
0.000362955150194466
0.000329582078848034
0.000291703414404765
0.000343638443155214
0.000391727255191654
0.000406470615416765
0.000400954158976674
0.000386807136237621
0.000378666649339721
0.000374871160602197
0.000366778636816889
0.000363003375241533
0.000310611096210778
0.000247393822064623
0.00021571914840024
0.000114738926640712
-4.49112740170676e-05
1.74021424754756e-05
1.55058223754168e-05
1.54335830302443e-05
1.54154768097214e-05
1.53958135342691e-05
1.53683740791166e-05
1.53377277456457e-05
1.53014516399708e-05
1.52154789248016e-05
1.51051426655613e-05
1.49370689541684e-05
1.48223207361298e-05
1.45777194120456e-05
1.44743789860513e-05
1.4209921573638e-05
1.36782791742007e-05
1.30422604343039e-05
1.26719223771943e-05
1.26797367556719e-05
1.32400546135614e-05
1.38476261781761e-05
1.44597761391196e-05
1.39665471579065e-05
1.22726860354305e-05
1.07206506072544e-05
1.19376491056755e-05
1.29801483126357e-05
1.25982123790891e-05
1.23866775538772e-05
1.41098980748211e-05
1.6678210158716e-05
1.7139405827038e-05
1.71983720065327e-05
1.61947900778614e-05
1.52003467519535e-05
1.34930860440363e-05
1.20071390483645e-05
1.11463823486702e-05
1.01887935670675e-05
9.03770978766261e-06
8.34960428619524e-06
9.16363660508068e-06
1.00978977570776e-05
9.98106315819314e-06
9.52708069235086e-06
9.2243335529929e-06
1.03917000160436e-05
1.04856444522738e-05
1.04011078292388e-05
1.03243901321548e-05
1.04083419500967e-05
1.03206421044888e-05
9.91038723441307e-06
9.28499048313824e-06
8.50111155159539e-06
7.671666025999e-06
7.12968585503404e-06
6.51450864097569e-06
6.23996174908825e-06
6.07548008701997e-06
6.63410992274294e-06
6.94771733833477e-06
6.7298910835234e-06
6.60176283417968e-06
6.36137110632262e-06
6.13391466686153e-06
6.33851504971972e-06
7.12073870090535e-06
6.99046904628631e-06
6.68199527353863e-06
6.5506264945725e-06
6.40585858491249e-06
6.18811554886634e-06
6.09694097875035e-06
5.82289339945419e-06
5.42543875781121e-06
4.99602765557938e-06
4.66506935481448e-06
4.47362435807008e-06
4.4122557483206e-06
3.95624874727218e-06
3.65038204108714e-06
4.04476986659574e-06
4.25481084675994e-06
4.39813402408618e-06
4.00958788304706e-06
3.6472556530498e-06
3.31090586769278e-06
2.78105676443374e-06
2.36905975725676e-06
2.22508288061363e-06
