0.0
-5.13378314806645e-18
3.71493842976633e-06
2.46823747147573e-05
7.05517959431745e-05
0.000137329305289313
0.000222604954615235
0.000325859495205805
0.000448007107479498
0.00058924505719915
0.000748141785152256
0.000923587766010314
0.000935078598558903
0.000943725288379937
0.00095240242080763
0.000961110810749233
0.000969850108958781
0.000983016099780798
0.00100289063993841
0.00103296968154609
0.0010786532657221
0.00109595141839236
0.00112205173354596
0.00113187218084931
0.00114656856749207
0.00116847618483007
0.00120102276559919
0.00124917202629149
0.00132006721105427
0.00142467278055847
0.00157606520224363
0.00174134375993162
0.00189453293569386
0.00203668163158
0.00216676783747971
0.00228380877524614
0.00238860072568059
0.00248087220825255
0.0025597068015486
0.00262488494627178
0.00267637707293034
0.00271400576457381
0.00273755961097777
0.00274627888575196
0.00274676363915205
0.00274676526896656
0.00274676689878106
0.00274676852859557
0.00274677015841007
0.00274677202105522
0.00274677365086973
0.00274677528068423
0.00274677667766809
0.0027467783074826
0.00274677970446646
0.00274678110145032
0.00274678226560354
0.0027467836625874
0.00274678505957127
0.00274678645655513
0.00274678785353899
0.0027467894833535
0.002746791113168
0.00274679274298251
0.00274679437279701
0.00274679600261152
0.00274679763242602
0.00274679949507117
0.00274680112488568
0.00274680275470018
0.00274680438451469
0.00274680578149855
0.00274680717848241
0.00274680857546628
0.00274680973961949
0.00274681113660336
0.00274681206792593
0.00274681323207915
0.00274681416340172
0.0027468150947243
0.00274681602604687
0.00274681695736945
0.00274681765586138
0.00274681812152267
0.0027468188200146
0.00274681928567588
0.00274681975133717
0.00274682021699846
0.0027468204498291
0.00274682091549039
0.00274682114832103
0.00274682138115168
0.00274682161398232
0.00274682184681296
0.00274682207964361
0.00274682231247425
0.00274682231247425
0.00274682231247425
0.00274682231247425
0.00274682231247425
0.00274682231247425
