0.0
-6.80147759406867e-19
3.61050638275628e-07
4.75144906886271e-06
7.03319346939679e-06
1.12047873699339e-05
1.93063169717789e-05
3.01981399388751e-05
4.55134504591115e-05
6.60585428704508e-05
9.03263207874261e-05
0.0001172069387394
0.000124459475046024
0.000136037575430237
0.000155278932652436
0.000177085079485551
0.000200850248802453
0.00022607327264268
0.000252638681558892
0.000280428648693487
0.000309322262182832
0.000356340286089107
0.000436588015872985
0.000467106787255034
0.000478777306852862
0.000496588880196214
0.000524269300512969
0.000567832088563591
0.000579054874833673
0.000590393145103008
0.000607593625318259
0.000633779796771705
0.000643711886368692
0.000658717704936862
0.000681458099279553
0.000716029666364193
0.00075105985160917
0.000786507269367576
0.000840511231217533
0.000895451521500945
0.000909315305761993
0.000923223095014691
0.000944164930842817
0.000975818315055221
0.0010238301474601
0.00104196020402014
0.00106922187842429
0.00111020286567509
0.00115133717190474
0.00119271862786263
0.00125496892724186
0.00127828551921993
0.00131317845080048
0.0013653178466484
0.00144310505129397
0.00152043113484979
0.00159727281425148
0.00162595079746097
0.00166880118194968
0.00168481224682182
0.00170876027550548
0.00171771948225796
0.00172107620164752
0.00172610860317945
0.00173365045338869
0.00174494890961796
0.00174918153788894
0.00175552628934383
0.00176503416150808
0.00177927420008928
0.00180059764534235
0.00183258147444576
0.00188063748646528
0.00195238995365798
0.00205841450951993
0.00209764740429819
0.00215595448389649
0.00224225269630551
0.00230605527758598
0.00232187798246741
0.00232779793441296
0.00233666459098458
0.00234993314370513
0.00235489942133427
0.00236233812756836
0.00237347208894789
0.00239011482335627
0.00241498835384846
0.00242430157959461
0.00243826978839934
0.00245923129841685
0.00249066925607622
0.00253767427057028
0.00260768225416541
0.00271132122725248
0.00274721439927816
0.00275056762620807
0.00275559350848198
0.00276312278583646
0.00277439365163445
0.00279125035740435
0.00281641841866076
0.00282581825740635
0.00283987796865404
0.00286088464781642
0.00289208814501762
0.00290368450805545
0.00292101711966097
0.00292749749496579
0.00293719884939492
0.0029517060611397
0.00297336396761239
0.00300562754273415
0.00300638051703572
0.00300750974565744
0.00300920312292874
0.00301174190826714
0.00301554682664573
0.00301697268150747
0.00301710632629693
0.00301730679348111
0.00301738199777901
0.00301741017028689
0.00301745254546404
0.00301745650358498
0.00301745790056884
0.00301746022887528
0.00301746092736721
0.00301746232435107
0.00301746232435107
0.00301746255718172
0.00301746255718172
0.00301746255718172
0.00301746255718172
0.00301746255718172
0.00301746255718172
0.00301746255718172
