-0.0
2.05059503219994e-16
-9.3211838247953e-10
-1.70448402059264e-08
-6.69615474180318e-09
8.50013748276979e-09
2.80761014437303e-08
1.30876287585124e-09
-1.3126373232808e-07
-4.64313416159712e-07
-6.82741301716305e-07
-4.4994885683991e-07
-4.590747266775e-07
-1.94366293726489e-07
-1.96874680113979e-07
3.61898855771869e-07
7.03417754266411e-07
-1.60714989760891e-07
4.17752744397148e-07
3.71979695046321e-07
1.21946504805237e-06
1.48514664033428e-06
2.01274451683275e-06
2.2099120542407e-06
2.2379208530765e-06
3.2015195756685e-06
3.08928429149091e-06
3.2910902518779e-06
3.32980562234297e-06
3.36594530381262e-06
3.45708394888788e-06
3.58975376002491e-06
3.63004801329225e-06
3.72817157767713e-06
3.82370490115136e-06
3.70850466424599e-06
3.00155079457909e-06
3.21964762406424e-06
3.1360614229925e-06
3.71628266293555e-06
3.83238511858508e-06
3.93424852518365e-06
4.06427716370672e-06
4.90283855469897e-06
4.6775458031334e-06
4.45441401097924e-06
4.08333289669827e-06
4.17142291553319e-06
1.58875627676025e-06
6.80018274579197e-07
2.08965502679348e-07
1.59016053657979e-07
-1.62108335644007e-08
-2.79549567494541e-07
-1.19677861221135e-06
2.57350620813668e-07
5.38893800694495e-07
-1.00028410088271e-06
4.50252991868183e-06
4.13928501075134e-06
4.34152752859518e-06
4.29960346082225e-06
4.37226117355749e-06
4.42108284914866e-06
4.47348429588601e-06
4.47377533419058e-06
4.4164844439365e-06
4.37410926679149e-06
4.33366949437186e-06
4.35679976362735e-06
4.35857509728521e-06
4.7711655497551e-06
2.79380037682131e-06
3.88449552701786e-06
1.1166681360919e-05
8.94273398444057e-06
6.32164301350713e-06
2.27864074986428e-06
2.70305463345721e-06
2.47855496127158e-06
2.14455212699249e-06
2.23639653995633e-06
-6.51205482427031e-07
-7.53017957322299e-07
-8.31394572742283e-07
-8.69746145326644e-07
-1.59197952598333e-08
5.070905899629e-07
4.36179107055068e-07
4.44510078523308e-07
8.74023680808023e-06
6.85726990923285e-06
6.60568184684962e-06
7.01216777088121e-06
8.91806121217087e-06
8.89922375790775e-06
9.26768552744761e-06
9.01470048120245e-06
9.61526529863477e-06
9.21131140785292e-06
7.64775177231058e-06
6.74137118039653e-06
6.88184809405357e-06
8.06697062216699e-06
9.65938670560718e-06
8.91322270035744e-06
8.83127358974889e-06
8.51942240842618e-06
7.79315814725123e-06
7.3064184107352e-06
6.87142164679244e-06
5.48859679838642e-06
8.00553971203044e-06
7.94901279732585e-06
8.06680327514187e-06
8.15463863546029e-06
8.19000706542283e-06
8.1575162766967e-06
8.06311800261028e-06
8.05469608167186e-06
8.05404124548659e-06
8.04681985755451e-06
8.04480077931657e-06
8.04410956334323e-06
8.04340743343346e-06
8.04352748673409e-06
8.04324736236595e-06
8.04331648396328e-06
8.0433273978997e-06
8.04328738013282e-06
8.04329829406925e-06
8.04333103587851e-06
8.04333103587851e-06
8.04330193204805e-06
8.04333103587851e-06
8.04333103587851e-06
8.04333103587851e-06
