0.0
-1.93076562027272e-06
-2.60953152064758e-06
-2.76478112937184e-06
-3.03048796013172e-06
-4.13260841014562e-06
-5.31949444848578e-06
-6.03437047175248e-06
-7.05323463989771e-06
-8.24161088530673e-06
-9.27145811147057e-06
-9.45312967814971e-06
-9.67148935160367e-06
-9.94064612314105e-06
-1.02870781120146e-05
-1.07013011074741e-05
-1.07060250229551e-05
-1.07094874692848e-05
-1.07130508695263e-05
-1.0716488759499e-05
-1.07217119875713e-05
-1.07294026747695e-05
-1.07407449831953e-05
-1.07583946373779e-05
-1.07758905869559e-05
-1.07924406620441e-05
-1.08154972622287e-05
-1.08454187284224e-05
-1.08733302113251e-05
-1.08966951302136e-05
-1.09213215182535e-05
-1.09340935523505e-05
-1.09363709270838e-05
-1.09303036879282e-05
-1.09201746454346e-05
-1.09093862192822e-05
-1.08965805338812e-05
-1.08835220089532e-05
-1.08660133264493e-05
-1.08496269604075e-05
-1.08242456917651e-05
-1.07596897578333e-05
-1.10699393189861e-05
-1.11245408334071e-05
-1.53301334648859e-05
-2.25128169404343e-05
-2.4147673684638e-05
-2.42694495682372e-05
-2.43935919570504e-05
-2.44293059949996e-05
-2.44670973188477e-05
-2.45079754677135e-05
-2.4552642571507e-05
-2.46020372287603e-05
-2.46541258093202e-05
-2.47055340878433e-05
-2.47575881076045e-05
-2.48102060140809e-05
-2.48567848757375e-05
-2.49022286880063e-05
-2.49497916229302e-05
-2.50034772761865e-05
-2.50586344918702e-05
-2.51235560426721e-05
-2.51929814112373e-05
-2.52718637057114e-05
-2.53984107985161e-05
-2.54739497904666e-05
-2.55261384154437e-05
-2.5567414922989e-05
-2.56015591730829e-05
-2.5631448806962e-05
-2.56588973570615e-05
-2.56970652117161e-05
-2.57512256212067e-05
-2.58302770816954e-05
-2.59449352597585e-05
-2.61227469309233e-05
-2.63179372268496e-05
-2.65135477093281e-05
-2.67091018031351e-05
-2.68012809101492e-05
-2.6875059120357e-05
-2.69556112471037e-05
-2.7054566089646e-05
-2.70749405899551e-05
-2.70959735644283e-05
-2.71311764663551e-05
-2.71778772003017e-05
-2.72291435976513e-05
-2.72836296062451e-05
-2.73412970273057e-05
-2.74000703939237e-05
-2.74552639893955e-05
-2.75360453088069e-05
-2.76393675449071e-05
-2.77416074823122e-05
-2.7809823222924e-05
-2.78851639450295e-05
-2.79588984994916e-05
-2.80283020401839e-05
-2.80932199530071e-05
-2.81543707387755e-05
-2.8250266041141e-05
-2.83337431028485e-05
-2.84073012153385e-05
-2.84713223663857e-05
-2.85491878457833e-05
-2.85959213215392e-05
-2.86359390884172e-05
-2.86722170130815e-05
-2.87061102426378e-05
-2.87540697172517e-05
-2.88228529825574e-05
-2.89228573819855e-05
-2.90719963231822e-05
-2.92243603325915e-05
-2.92640233965358e-05
-2.93277389573632e-05
-2.93798402708489e-05
-2.94218316412298e-05
-2.94697038043523e-05
-2.95328754873481e-05
-2.95962454401888e-05
-2.96441194223007e-05
-2.96798898489214e-05
-2.9712184186792e-05
-2.97422411676962e-05
-2.97851347568212e-05
-2.98472714348463e-05
-2.99383573292289e-05
-3.0071609216975e-05
-3.02695607388159e-05
-3.05661997117568e-05
-3.10212453769054e-05
-3.17829799314495e-05
-3.25727523886599e-05
-3.26263216265943e-05
-3.26803892676253e-05
-3.27357302012388e-05
-3.27923371514771e-05
-3.28505630022846e-05
-3.2911411835812e-05
-3.2975720387185e-05
-3.30457223753911e-05
-3.31047522195149e-05
-3.3177449950017e-05
-3.32533927576151e-05
-3.33253665303346e-05
-3.33834941557143e-05
-3.34325814037584e-05
-3.34758624376263e-05
-3.35299992002547e-05
-3.35773620463442e-05
-3.36199445882812e-05
-3.36590019287542e-05
-3.3695570891723e-05
-3.37303790729493e-05
-3.3763859391911e-05
-3.38123609253671e-05
-3.3883308788063e-05
-3.39895814249758e-05
-3.41500344802625e-05
-3.42135717801284e-05
-3.42781422659755e-05
-3.43442661687732e-05
-3.4412103559589e-05
-3.44817781297024e-05
-3.45540174748749e-05
-3.46299675584305e-05
-3.46908236679155e-05
-3.47581517416984e-05
-3.48163521266542e-05
-3.48916437360458e-05
-3.49777728843037e-05
-3.50522168446332e-05
-3.51114395016339e-05
-3.51622365997173e-05
-3.52063070749864e-05
-3.52627430402208e-05
-3.53127579728607e-05
-3.53586074197665e-05
-3.54017138306517e-05
-3.54428848368116e-05
-3.54831063305028e-05
-3.55425654561259e-05
-3.56310592906084e-05
-3.57630706275813e-05
-3.59652585757431e-05
-3.62745267921127e-05
-3.67408647434786e-05
-3.74588344129734e-05
-3.87311156373471e-05
-4.00597491534427e-05
-4.12983354181051e-05
-4.24977915827185e-05
-4.36714108218439e-05
-4.537396307569e-05
-4.77784342365339e-05
-5.09949459228665e-05
-5.8186113164993e-05
-6.87234787619673e-05
-7.27367005310953e-05
-7.66817393014207e-05
-8.10112614999525e-05
-8.71794691192918e-05
-9.11932656890713e-05
-9.2284994025249e-05
-9.33525952859782e-05
-9.36662763706408e-05
-9.40091267693788e-05
-9.43913983064704e-05
-9.51099791564047e-05
-9.57644006120972e-05
-9.64519567787647e-05
-9.72182679106481e-05
-9.81381817837246e-05
-9.89469335763715e-05
-9.9983844847884e-05
-0.00010118634236278
-0.000102589401649311
-0.000104201018984895
-0.000105751452792902
-0.00010716153337853
-0.000108309337520041
-0.000109252818219829
-0.00011003743566107
-0.000110697634227108
-0.000111283938167617
-0.000111878471216187
-0.000112420391815249
-0.000112866378913168
-0.000113249043351971
-0.000113582485937513
-0.00011387983977329
-0.000114149166620336
-0.000114397873403504
-0.000114633337943815
-0.000114958958874922
-0.000115415263280738
-0.000116058516141493
-0.000116972885734867
-0.000117874667921569
-0.000118732845294289
-0.000119557655125391
-0.000120761505968403
-0.000122460405691527
-0.000124508238513954
-0.00012639157648664
-0.000128256258904003
-0.000130231186631136
-0.00013362402387429
-0.00013702770229429
-0.000140470379847102
-0.0001440246560378
-0.000149771047290415
-0.000156366440933198
-0.00016589809092693
-0.000181188705028035
-0.000185758981388062
-0.000190740247489884
-0.000198874666239135
-0.000212959086638875
-0.000217286724364385
-0.000222354676225223
-0.000228621371206827
-0.000229965909966268
-0.000231405254453421
-0.000233031300012954
-0.000234842518693767
-0.000236970750847831
-0.00023950585455168
-0.000242103007622063
-0.000244704657234251
-0.000247322663199157
-0.000249983946559951
-0.000254096608841792
-0.000259038002695888
-0.00026324694044888
-0.000267089024418965
-0.000270778225967661
-0.000276245700661093
-0.000284302921500057
-0.000296840385999531
-0.000316686724545434
-0.000336452998453751
-0.000354725867509842
-0.000372370675904676
-0.00038973955088295
-0.00041564810089767
-0.000453479937277734
-0.000506996701005846
-0.000580403080675751
-0.000688426371198148
-0.000871261407155544
-0.001135736820288
-0.00139489339198917
-0.00162703997921199
-0.00184710649773479
-0.00203914823941886
-0.00219810800626874
-0.00232654134742916
-0.00243118382059038
-0.00250664330087602
-0.00252007064409554
-0.00253479252569377
-0.00254706223495305
-0.0025470438413322
-0.00254699774086475
-0.00254695513285697
-0.00254690228030086
-0.0025468731764704
-0.00254686689004302
-0.00254691997542977
-0.0025470326654613
-0.00254715653136373
-0.00254725315608084
-0.00254728435538709
-0.0025472273118794
-0.00254713394679129
-0.00254704500548542
-0.00254696444608271
-0.00254688132554293
-0.00254685734398663
-0.00254686502739787
-0.00254696211777627
-0.0025471372064203
-0.00254732929170132
-0.00254749250598252
-0.00254759029485285
-0.00254763523116708
-0.00254758796654642
-0.00254751276224852
-0.00254741916432977
-0.00254730903543532
-0.00254724780097604
-0.00254716072231531
-0.00254713254980743
-0.00254714023321867
-0.00254723057150841
-0.00254739611409605
-0.00254754163324833
-0.00254771462641656
-0.00254783197306097
-0.00254790112376213
-0.00254790391772985
-0.00254785618744791
-0.00254775420762599
-0.0025477244053036
-0.00254772743210196
-0.00254767877049744
-0.00254760636016726
-0.00254752696491778
-0.00254745269194245
-0.00254730810411274
-0.00254736887291074
-0.00254743499681354
-0.00254756188951433
-0.00254778028465807
-0.00254798866808414
-0.00254818191751838
-0.00254836841486394
-0.0025484471116215
-0.00254846317693591
-0.0025484177749604
-0.00254833907820284
-0.00254826480522752
-0.00254815490916371
-0.00254808110184968
-0.00254796678200364
-0.00254783337004483
-0.00254773185588419
-0.00254762871190906
-0.0025475372094661
-0.00254744407720864
-0.00254750321619213
-0.00254761870019138
-0.00254776375368237
-0.00254781311377883
-0.00254783337004483
-0.00254786992445588
-0.00254788435995579
-0.002547905780375
-0.002547905780375
