0.0
0.00120000005699694
0.00240000011399388
0.00359999993816018
0.00480000022798777
0.00600000005215406
0.00719999987632036
0.00839999970048666
0.00960000045597553
0.0108000002801418
0.0120000001043081
0.0131999999284744
0.0143999997526407
0.015599999576807
0.0167999994009733
0.0179999992251396
0.0192000009119511
0.0204000007361174
0.0216000005602837
0.02280000038445
0.0230999998748302
0.0232124999165535
0.0233812499791384
0.0235500000417233
0.0235921870917082
0.0236343741416931
0.0236765630543232
0.0236871093511581
0.0236950200051069
0.0237029287964106
0.0237108394503593
0.0237227044999599
0.0237345695495605
0.0237464364618063
0.0237642340362072
0.023790929466486
0.0238309744745493
0.0238459929823875
0.0238685179501772
0.0239023063331842
0.0239529870450497
0.0240290109068155
0.0241430457681417
0.0243140980601311
0.0245706774294376
0.0249555446207523
0.0250998698174953
0.0253163576126099
0.0256410893052816
0.0261281877756119
0.0268588345497847
0.0271328277885914
0.0275438167154789
0.0281603001058102
0.028391482308507
0.0287382546812296
0.0292584113776684
0.0294534713029861
0.0297460611909628
0.03018494322896
0.0303495246917009
0.0305963959544897
0.030966704711318
0.0311055704951286
0.0313138701021671
0.031391978263855
0.0315091460943222
0.0315201319754124
0.0315201319754124
