0.0
3.28556353679232e-07
9.44002010783151e-07
2.85909277408791e-06
8.66616119310493e-06
1.09287184386631e-05
1.28135307022603e-05
1.45662816066761e-05
1.75296299858019e-05
2.17755223275162e-05
2.99691000691382e-05
4.51459018222522e-05
6.67322528897785e-05
9.73847782006487e-05
0.00011980995623162
0.000144426187034696
0.000170489744050428
0.000196186651010066
0.000225855837925337
0.000257263862295076
0.000285913411062211
0.000287381582893431
0.000288741546683013
0.000290633150143549
0.000293236167635769
0.000296714861178771
0.000297371967462823
0.000297978811431676
0.000298380589811131
0.000298676925012842
0.000298812054097652
0.00029892532620579
0.000299253966659307
0.000299476378131658
0.000299499864922836
0.000299523409921676
0.000299535953672603
0.000299561099382117
0.00029958866070956
0.000299592153169215
0.000299585401080549
0.000299561972497031
0.00029953516786918
0.000299509119940922
0.000299489736789837
0.000299472769256681
0.000299456587526947
0.000299436564091593
0.000299414416076615
0.000299381441436708
0.000299342646030709
0.000299290986731648
0.000299241248285398
0.000299197825370356
0.000299124600132927
0.000299053208436817
0.000299037725199014
0.000299041072139516
0.000299043633276597
0.000299047213047743
0.000299048639135435
0.00029904893017374
0.000299045932479203
0.000299043167615309
0.000299039907986298
0.000299037754302844
0.000299037812510505
0.000299041566904634
0.000299046601867303
0.000299049075692892
0.000299052800983191
0.000299053208436817
0.000299051258480176
0.000299049133900553
0.000299045554129407
0.000299040897516534
0.00029903999529779
0.000299038307275623
0.000299042061669752
0.000299044448183849
0.00029904575785622
0.000299048144370317
0.000299050007015467
0.00029905216069892
0.000299051054753363
0.000299051229376346
0.000299049454042688
0.000299045670544729
0.000299040839308873
0.000299039646051824
0.000299041334073991
0.000299043633276597
0.000299044186249375
0.000299046951113269
0.000299046601867303
0.000299048610031605
0.000299048901069909
0.000299050123430789
0.000299052713671699
0.000299052393529564
0.000299052422633395
0.000299052451737225
0.000299052480841056
0.000299052539048716
0.000299052568152547
0.000299052597256377
0.00029905210249126
0.00029905152041465
0.000299050501780584
0.000299050065223128
0.000299051433103159
0.000299046077998355
0.000299041741527617
0.000299040228128433
0.000299039616947994
0.00029904002440162
0.000299040781101212
0.000299040693789721
0.000299039966193959
0.000299041799735278
0.000299043458653614
0.000299044186249375
0.000299046834697947
0.000299046747386456
0.000299048610031605
0.000299048901069909
0.000299049512250349
0.000299050414469093
0.000299050618195906
0.000299050676403567
0.000299050676403567
0.000299050676403567
0.000299050705507398
0.000299050705507398
0.000299050734611228
0.000299050792818889
0.000299050734611228
0.000299053848721087
0.00029905402334407
0.000299053674098104
0.000299053092021495
0.000299053324852139
0.000299052800983191
0.000299053441267461
0.000299050007015467
0.000299047736916691
0.000299046165309846
0.000299042352708057
0.000299042701954022
0.000299043400445953
0.000299042440019548
0.000299040519166738
0.000299040460959077
0.000299041130347177
0.000299041566904634
0.000299041566904634
