0.0
4.1320320498528e-09
4.21610110379333e-07
6.56116753816605e-07
2.06122513191076e-06
4.79512482343125e-06
8.34553338791011e-06
1.27195917229983e-05
1.37449796966393e-05
1.5310075468733e-05
1.70992152561666e-05
1.94140284293098e-05
1.98286779777845e-05
2.03419094759738e-05
2.37381591432495e-05
2.84277684841072e-05
2.8704871510854e-05
2.89686449832516e-05
2.93356806650991e-05
2.94715318887029e-05
2.96320031338837e-05
2.96740654448513e-05
2.97318692901172e-05
2.97990809485782e-05
2.98028953693574e-05
2.98066643154016e-05
2.98097347695148e-05
2.98143168038223e-05
2.98180348181631e-05
2.98170343739912e-05
2.9809767511324e-05
2.97822643915424e-05
2.97318747470854e-05
2.96434300253168e-05
2.95541649393272e-05
2.9457545679179e-05
2.93489192699781e-05
2.93171669909498e-05
2.92841959890211e-05
2.92493441520492e-05
2.92126951535465e-05
2.91772848868277e-05
2.91426968033193e-05
2.91088090307312e-05
2.9075894417474e-05
2.90469961328199e-05
2.90203424810898e-05
2.89951713057235e-05
2.89708932541544e-05
2.89362342300592e-05
2.88843493763125e-05
2.88115697912872e-05
2.8738853870891e-05
2.86708764178911e-05
2.86525828414597e-05
2.86337308352813e-05
2.86137892544502e-05
2.85913756670197e-05
2.85707337752683e-05
2.85526748484699e-05
2.85323712887475e-05
2.85144451481756e-05
2.84987982013263e-05
2.84850157186156e-05
2.84725701931166e-05
2.84610287053511e-05
2.84500001725974e-05
2.84391153400065e-05
2.84279503830476e-05
2.8415863198461e-05
2.84023644780973e-05
2.83876288449392e-05
2.8372063752613e-05
2.8353064408293e-05
2.83377339655999e-05
2.83248173218453e-05
2.83133904304123e-05
2.83027620753273e-05
2.82925502688158e-05
2.82776309177279e-05
2.82556811725954e-05
2.82216460618656e-05
2.81883858406218e-05
2.81557768175844e-05
2.81098655250389e-05
2.80490585282678e-05
2.79935247817775e-05
2.79511041298974e-05
2.79112264252035e-05
2.7873415092472e-05
2.78346378763672e-05
2.78081970463973e-05
2.77893286693143e-05
2.77697381534381e-05
2.77440813079011e-05
2.77271228696918e-05
2.76398786809295e-05
2.73676196229644e-05
2.70204745902447e-05
2.65608050540322e-05
2.62053090409609e-05
2.57641931966646e-05
2.52585323323729e-05
2.47860898525687e-05
2.43200065597193e-05
2.37432159337914e-05
2.317250437045e-05
2.26398606173461e-05
2.17429878830444e-05
2.06292679649778e-05
1.94695021491498e-05
1.83319243660662e-05
1.71187566593289e-05
1.59269093273906e-05
1.48041935972287e-05
1.37107163027395e-05
1.25673241200275e-05
1.14455260700197e-05
1.04020709841279e-05
9.43412305787206e-06
8.52754692459712e-06
7.65287495596567e-06
6.82161589793395e-06
5.95604979025666e-06
5.10213249071967e-06
4.20991000282811e-06
3.37786673298979e-06
2.58289128396427e-06
1.83055510660779e-06
1.03902414139156e-06
3.5439913403934e-07
2.04044372509316e-08
1.81110486607849e-08
1.76837193777146e-08
1.77045773597229e-08
1.77149317437397e-08
1.77302847959027e-08
1.77362959874472e-08
1.77368306708559e-08
1.77368786324905e-08
1.77369514631209e-08
1.77369514631209e-08
1.77369532394778e-08
1.77369532394778e-08
1.77369532394778e-08
1.77369532394778e-08
1.77369532394778e-08
1.77369532394778e-08
1.77369532394778e-08
1.77369550158346e-08
1.77369550158346e-08
1.77369550158346e-08
1.77369550158346e-08
1.77369550158346e-08
1.77369550158346e-08
1.77369550158346e-08
1.77369567921914e-08
1.77369567921914e-08
1.77369567921914e-08
1.77369567921914e-08
1.77369567921914e-08
1.77369567921914e-08
1.77369567921914e-08
1.77369567921914e-08
1.77369585685483e-08
1.77369585685483e-08
1.77369585685483e-08
1.77369585685483e-08
1.77369585685483e-08
1.77369585685483e-08
1.77369585685483e-08
1.77369585685483e-08
1.77369603449051e-08
1.77369603449051e-08
1.77369603449051e-08
1.77369603449051e-08
1.77369603449051e-08
1.77369603449051e-08
1.77369603449051e-08
1.77369603449051e-08
1.77369603449051e-08
1.77369603449051e-08
1.77369603449051e-08
1.7736962121262e-08
1.77369603449051e-08
1.7736962121262e-08
1.7736962121262e-08
1.7736962121262e-08
1.7736962121262e-08
1.7736962121262e-08
1.7736962121262e-08
1.7736962121262e-08
1.7736962121262e-08
1.7736962121262e-08
1.7736962121262e-08
1.7736962121262e-08
1.7736962121262e-08
1.7736962121262e-08
