-0.0
3.15172883347259e-08
-1.98833731701598e-07
-4.25628513767151e-07
-5.13641225552419e-07
4.53546363132773e-07
1.02875583252171e-06
1.21288121590624e-06
4.20274409407284e-06
7.88771103543695e-07
-2.02732189791277e-06
-4.99594534630887e-06
-9.68534914136399e-06
-1.16334540507523e-05
-1.28754054458113e-05
-1.39010771817993e-05
-1.31023007270414e-05
-1.24387552205008e-05
-1.02576523204334e-05
-6.32019509794191e-06
-4.47090133093297e-06
-1.46075399243273e-06
4.49377694167197e-06
2.39737473748391e-05
2.6141384296352e-05
2.65327325905673e-05
2.62428584392183e-05
2.64057416643482e-05
2.69210540864151e-05
2.73982332146261e-05
2.82015389529988e-05
2.73158511845395e-05
2.64985974354204e-05
2.57757383224089e-05
2.52036625170149e-05
2.46774179686327e-05
2.40720801230054e-05
2.36080268223304e-05
2.31931808230001e-05
2.29851684707683e-05
2.25340991164558e-05
2.09198769880459e-05
1.94030253624078e-05
1.89342790690716e-05
2.34466533584055e-05
6.11741124885157e-05
6.09527196502313e-05
6.48030327283777e-05
6.59318757243454e-05
6.16327306488529e-05
4.39990617451258e-05
1.14354479592294e-05
-6.01827923674136e-06
-1.26283994177356e-05
-8.76023477758281e-06
1.44618388731033e-06
3.84684608434327e-06
1.03874699561857e-05
8.79390063346364e-06
1.48239269037731e-06
-1.01077603176236e-07
8.41002474771813e-07
9.84989310381934e-06
1.05306371551706e-05
7.75242915551644e-06
6.07083347858861e-06
2.92777440336067e-06
-7.00088639860041e-06
-1.27050971059361e-05
-1.28275987663073e-05
-5.84825829719193e-06
8.03684633865487e-06
1.22043256851612e-05
9.61652949627023e-06
3.39913094649091e-06
-8.67778908286709e-07
-1.65332858159672e-06
-1.28813462652033e-06
-5.78594153921586e-07
-1.07290452433517e-06
-3.13725786327268e-06
-7.73270585341379e-08
-4.06552771892166e-07
-9.7428119261167e-07
5.22155829685289e-08
3.36898267505603e-07
1.10189162683128e-07
9.77643281885321e-08
1.05865424870899e-07
1.11977861649848e-07
1.34870475676507e-07
1.71729382714148e-07
1.70205666449874e-07
1.56120520955483e-07
1.37588855864124e-07
1.24948130064695e-07
1.31241947087801e-07
1.61947724564016e-07
1.75897881149467e-07
1.80364736479532e-07
1.70770363183692e-07
1.74145640130519e-07
2.03497521056306e-07
2.01558449930417e-07
2.04790183033765e-07
1.77341064500069e-07
1.55991813244327e-07
1.29771578372129e-07
1.28837427837425e-07
1.49721998354835e-07
1.72657223629358e-07
1.82288076189252e-07
1.89226810221044e-07
1.84677872994143e-07
1.99910289211402e-07
2.277842128251e-07
2.14981554336191e-07
2.09348812063581e-07
1.89335906952692e-07
1.81750380079393e-07
1.77861906536236e-07
1.87768279147349e-07
2.13052175013217e-07
2.14674670928616e-07
2.06161558935491e-07
1.99955366042559e-07
1.88764147424081e-07
1.92137008525606e-07
1.89760186231069e-07
1.65679054475731e-07
1.29705000517788e-07
1.05041060294297e-07
8.93572433824374e-08
9.02719250461814e-08
1.18176814112303e-07
1.37871765559794e-07
