0.0
0.00120000005699694
0.00240000011399388
0.00270000007003546
0.00315000000409782
0.00382500002160668
0.00483749993145466
0.00513749988749623
0.00558750005438924
0.00626249983906746
0.00727500021457672
0.00847500003874302
0.00967499986290932
0.0108749996870756
0.0111750001087785
0.0114749995991588
0.0119249997660518
0.0123749999329448
0.0128250000998378
0.0132750002667308
0.0137250004336238
0.0141749996691942
0.0146249998360872
0.0150750000029802
0.0151875000447035
0.0152085935696959
0.0152296870946884
0.0152507815510035
0.0152718750759959
0.0153035158291459
0.0153509769588709
0.0154221681877971
0.0154355159029365
0.0154488645493984
0.0154622131958604
0.0154755618423223
0.015495584346354
0.0155256176367402
0.0155481435358524
0.0155706685036421
0.0156044568866491
0.0156551394611597
0.0157311614602804
0.0158451963216066
0.016016248613596
0.0162728279829025
0.0165294054895639
0.0167859848588705
0.0171708520501852
0.0177481546998024
0.0186141058802605
0.0198141057044268
0.0210141055285931
0.0222141072154045
0.0234141070395708
0.0246141068637371
0.0258141066879034
0.0270141065120697
0.028214106336236
0.0294141061604023
0.0306141059845686
0.0318141058087349
0.0330141074955463
0.0342141054570675
0.0354141071438789
0.0366141051054001
0.0378141067922115
0.0390141047537327
0.0402141064405441
0.0414141081273556
0.0426141060888767
0.0438141077756882
0.0450141057372093
0.0462141074240208
0.0474141053855419
0.0486141070723534
0.0498141050338745
0.051014106720686
0.0522141046822071
0.0534141063690186
0.05461410805583
0.0558141060173512
0.0570141077041626
0.0582141056656837
0.0594141073524952
0.0606141053140163
0.0618141070008278
0.0630141049623489
0.0642141029238701
0.0654141083359718
0.066614106297493
0.0678141042590141
0.0690141096711159
0.070214107632637
0.0714141055941582
0.0726141035556793
0.0738141089677811
0.0750141069293022
0.0762141048908234
0.0774141028523445
0.0786141082644463
0.0798141062259674
0.0810141041874886
0.0822141095995903
0.0834141075611115
0.0846141055226326
0.0858141034841537
0.0870141088962555
0.0882141068577766
0.0894141048192978
0.0906141027808189
0.0918141081929207
0.0930141061544418
0.094214104115963
0.0954141095280647
0.0966141074895859
0.097814105451107
0.0990141034126282
0.10021410882473
0.101414106786251
0.102614104747772
0.103814102709293
0.105014108121395
0.106214106082916
0.107414104044437
0.108614109456539
0.10981410741806
0.111014105379581
0.112214103341103
0.113414108753204
0.114614106714725
0.115814104676247
0.117014102637768
0.11821410804987
0.119414106011391
0.119999997317791
