0.0
6.75239114555612e-19
1.31840585182313e-18
1.26731866020397e-18
1.29759905409255e-18
1.312702338102e-18
1.2591132353226e-18
1.22766630997517e-18
1.20336332998806e-18
1.22958495540599e-18
1.27923698866237e-18
1.29684900807211e-18
1.73222112209714e-08
7.17569079711211e-08
2.77232743428613e-07
3.44929247830805e-07
4.75269871458295e-07
8.84649011823058e-07
1.58598754751438e-06
2.06003210223571e-06
2.66700567408407e-06
3.55610859514854e-06
5.34607852387126e-06
7.543133051513e-06
9.60458601184655e-06
1.35136679091374e-05
1.80376337084454e-05
2.45996143348748e-05
3.10165050905198e-05
3.90949462598655e-05
4.8802718083607e-05
6.28038687864318e-05
8.52675584610552e-05
0.00010919554188149
0.000164267607033253
0.000181933108251542
0.000221752663492225
0.000232071353821084
0.000241915171500295
0.000251854042289779
0.000254634564043954
0.000257503124885261
0.000260440720012411
0.000261563662206754
0.000263232592260465
0.000263864669250324
0.000264862872427329
0.000266618648311123
0.000268525269348174
0.000270533026196063
0.000272622070042416
0.00027589887031354
0.000281050190096721
0.000286530412267894
0.000292261189315468
0.000298253318760544
0.000304486165987328
0.000311036186758429
0.000321532395901158
0.000332750583766028
0.000344866304658353
0.000364767678547651
0.000399544689571485
0.000446994556114078
0.000512155529577285
0.000561784487217665
0.000585115572903305
0.000626271590590477
0.000643815961666405
0.000682546407915652
0.00069557799724862
0.000710203021299094
0.000723726523574442
0.000724946788977832
0.000725778809282929
0.000726883765310049
0.000728477956727147
0.000730731175281107
0.000735474110115319
0.00074746971949935
0.00075862102676183
0.000765092438086867
0.000767051242291927
0.000769865699112415
0.000770087586715817
0.000770408543758094
0.000770525133702904
0.000770568614825606
0.000770633749198169
0.000770658021792769
0.00077069440158084
0.000770695274695754
0.000770696555264294
0.000770697020925581
0.000770697079133242
0.000770697079133242
0.000770697079133242
0.000770697079133242
0.000770697079133242
0.000770697079133242
0.000770697079133242
0.000770697079133242
0.000770697079133242
0.000770697079133242
0.000770697079133242
0.000770697079133242
0.000770697079133242
0.000770697079133242
0.000770697079133242
0.000770697079133242
