0.0
6.60380905515012e-08
4.1763189528865e-07
1.91376875591232e-06
4.45779642177513e-06
4.56111774838064e-06
4.86930321130785e-06
5.25991254107794e-06
5.60557919015992e-06
5.62520017410861e-06
5.63972662348533e-06
5.65541267860681e-06
5.67189181310823e-06
5.68898849451216e-06
5.69003805139801e-06
5.69110170545173e-06
5.69217490919982e-06
5.69325038668467e-06
5.69430903851753e-06
5.69522853766102e-06
5.69615804124624e-06
5.69709300179966e-06
5.69802114114282e-06
5.6989092627191e-06
5.69962458030204e-06
5.69970916330931e-06
5.69980602449505e-06
5.70002839594963e-06
5.70089105167426e-06
5.70286874790327e-06
5.70491147300345e-06
5.70661541132722e-06
5.70809743294376e-06
5.70950123801595e-06
5.71147211303469e-06
5.71434929952375e-06
5.71863165532704e-06
5.72510225538281e-06
5.73175020690542e-06
5.73867646380677e-06
5.73934812564403e-06
5.7400270634389e-06
5.74071145820199e-06
5.7417428251938e-06
5.74277737541706e-06
5.74380464968272e-06
5.74480145587586e-06
5.74567866351572e-06
5.74608384340536e-06
5.74570276512532e-06
5.7457223192614e-06
5.74587829760276e-06
5.74669002162409e-06
5.7483102864353e-06
5.75001877223258e-06
5.75166632188484e-06
5.75330295760068e-06
5.75483454667847e-06
5.75707508687628e-06
5.76037109567551e-06
5.76530874241143e-06
5.77022274228511e-06
5.77522087041871e-06
5.7829115576169e-06
5.79486459173495e-06
5.81096810492454e-06
5.81188351134188e-06
5.8125619943894e-06
5.81322819925845e-06
5.8142045418208e-06
5.8156147133559e-06
5.81691574552679e-06
5.81791209697258e-06
5.81793483434012e-06
5.81707445235224e-06
5.81510585107026e-06
5.81329959459254e-06
5.81269023314235e-06
5.81250287723378e-06
5.81230369789409e-06
5.81221047468716e-06
5.8124860515818e-06
5.81300037083565e-06
5.81368612984079e-06
5.81483755013323e-06
5.81682070333045e-06
5.81915674047195e-06
5.81896074436372e-06
5.81796712140203e-06
5.81589665671345e-06
5.80901723878924e-06
5.79937523070839e-06
5.78876915824367e-06
5.77611990593141e-06
5.76686306885676e-06
5.76584807276959e-06
5.76766524318373e-06
5.77027822146192e-06
5.77289347347687e-06
5.77530227019452e-06
5.77880200580694e-06
5.7852225836541e-06
5.7960455706052e-06
5.81282438361086e-06
5.83712017032667e-06
5.86472879149369e-06
5.89606543144328e-06
5.94596986047691e-06
6.02055706622195e-06
6.10241340837092e-06
6.19247111899313e-06
6.22738980382564e-06
6.23535925114993e-06
6.24062022325234e-06
6.24143513050512e-06
6.24218046141323e-06
6.24279437033692e-06
6.24322137809941e-06
6.24324502496165e-06
6.24254744252539e-06
6.24067160970299e-06
6.23910091235302e-06
6.23859841653029e-06
6.23886216999381e-06
6.2402946241491e-06
6.24243830316118e-06
6.24443373453687e-06
6.24655558567611e-06
6.24876247456996e-06
6.25101711193565e-06
6.25442362434114e-06
6.25784514340921e-06
6.26128758085542e-06
6.26648670731811e-06
6.27429244559607e-06
6.28632142252172e-06
6.30211980023887e-06
6.3279153437179e-06
6.35545256955083e-06
6.3837237576081e-06
6.41321958028129e-06
6.44331430521561e-06
6.49085041004582e-06
6.54081168249832e-06
6.58673934594844e-06
6.6614079514693e-06
6.78831111144973e-06
6.914389814483e-06
7.05429420122528e-06
7.29802513887989e-06
7.39573260943871e-06
7.53477979742456e-06
7.64840206102235e-06
7.67096662457334e-06
7.67543588153785e-06
7.6751557571697e-06
7.67392612033291e-06
7.67204983276315e-06
7.66794073570054e-06
7.65811819292139e-06
7.64158630772727e-06
7.61667752158246e-06
7.57925499783596e-06
7.52843425289029e-06
7.46052273825626e-06
7.37485515855951e-06
7.27333781469497e-06
7.1935860432859e-06
7.14078396413242e-06
6.92902585797128e-06
6.54321320325835e-06
6.17674868408358e-06
5.8275941228203e-06
5.45458351552952e-06
5.11481357534649e-06
4.7821458792896e-06
4.45047680841526e-06
4.04734328185441e-06
3.56035366166907e-06
2.67880113824503e-06
1.85891349246958e-06
1.11325255147676e-06
4.92723870593181e-07
6.41914397192522e-08
2.59684167502883e-08
2.49898448601016e-08
2.51083314140033e-08
2.52161154179475e-08
2.58209293946265e-08
2.61824144587308e-08
2.71854094791024e-08
2.99742808351766e-08
3.34683889491316e-08
3.36412178114642e-08
3.33157927911998e-08
3.319053831774e-08
3.29448077707184e-08
3.24835589537997e-08
3.03820009150968e-08
2.8466306645214e-08
2.77837983730933e-08
2.76186540304479e-08
2.95872961686428e-08
3.49659821097248e-08
3.67068793138969e-08
3.75644439998268e-08
3.77128017703399e-08
3.76238666888185e-08
3.77305831023023e-08
3.76578981331477e-08
3.7376121753141e-08
3.61363383660773e-08
3.30807417014967e-08
3.01242017997083e-08
2.91141883934642e-08
2.89861894486876e-08
2.89831803002016e-08
2.89786665774727e-08
2.89719537249766e-08
2.89719004342714e-08
2.89718968815578e-08
2.89718915524873e-08
2.89718897761304e-08
2.89718862234167e-08
2.89718808943462e-08
2.89718791179894e-08
2.89718773416325e-08
2.89718737889189e-08
2.8971872012562e-08
2.89718702362052e-08
2.89718666834915e-08
2.8971861354421e-08
2.89718595780641e-08
2.89718560253505e-08
2.89718524726368e-08
2.89718506962799e-08
2.89718489199231e-08
2.89718453672094e-08
2.89718400381389e-08
2.89718364854252e-08
2.89718347090684e-08
2.89718293799979e-08
2.8971827603641e-08
2.89718258272842e-08
2.89718222745705e-08
2.89718204982137e-08
2.89718187218568e-08
2.89718151691432e-08
2.89718098400726e-08
2.89718080637158e-08
2.89718045110021e-08
2.89718009582884e-08
2.89717991819316e-08
2.89717974055748e-08
2.89717938528611e-08
2.89717885237906e-08
2.89717867474337e-08
2.897178319472e-08
2.89717796420064e-08
2.89717778656495e-08
2.89717760892927e-08
2.8971772536579e-08
2.89717672075085e-08
2.89717636547948e-08
2.8971761878438e-08
2.89717565493675e-08
2.89717547730106e-08
2.89717529966538e-08
2.89717476675833e-08
2.89717458912264e-08
2.89717441148696e-08
2.89717405621559e-08
2.89717370094422e-08
2.89717352330854e-08
2.89717316803717e-08
2.8971728127658e-08
2.89717263513012e-08
2.89717227985875e-08
2.89717192458738e-08
2.89717139168033e-08
2.89717121404465e-08
2.89717103640896e-08
2.89717050350191e-08
2.89717032586623e-08
2.89717014823054e-08
2.89716979295918e-08
2.89716961532349e-08
2.89716943768781e-08
2.89716908241644e-08
2.89716854950939e-08
2.8971683718737e-08
2.89716819423802e-08
2.89716766133097e-08
2.89716748369528e-08
2.8971673060596e-08
2.89716695078823e-08
2.89716641788118e-08
2.8971662402455e-08
2.89716606260981e-08
2.89716552970276e-08
2.89716535206708e-08
2.89716517443139e-08
2.89716481916003e-08
2.89716428625297e-08
2.89716410861729e-08
2.89716375334592e-08
2.89716322043887e-08
2.89716304280319e-08
2.8971628651675e-08
2.89716250989613e-08
2.89716233226045e-08
2.89716215462477e-08
2.8971617993534e-08
2.89716126644635e-08
2.89716108881066e-08
2.89716091117498e-08
2.89716037826793e-08
2.89716020063224e-08
2.89716002299656e-08
2.89715966772519e-08
2.89715913481814e-08
2.89715895718246e-08
2.89715860191109e-08
2.89715824663972e-08
2.89715806900404e-08
2.89715789136835e-08
2.8971573584613e-08
2.89715682555425e-08
2.89715664791856e-08
2.8971562926472e-08
2.89715593737583e-08
2.89715575974014e-08
2.89715540446878e-08
2.89715504919741e-08
2.89715487156172e-08
2.89715469392604e-08
2.89715433865467e-08
2.89715380574762e-08
2.89715362811194e-08
2.89715327284057e-08
2.8971529175692e-08
2.89715273993352e-08
2.89715256229783e-08
2.89715220702647e-08
2.89715167411941e-08
2.89715149648373e-08
2.89715114121236e-08
2.89715060830531e-08
2.89715043066963e-08
2.89715025303394e-08
2.89714989776257e-08
2.89714972012689e-08
2.89714954249121e-08
2.89714918721984e-08
2.89714865431279e-08
2.8971484766771e-08
2.89714829904142e-08
2.89714776613437e-08
2.89714758849868e-08
2.897147410863e-08
2.89714705559163e-08
2.89714652268458e-08
2.8971463450489e-08
2.89714598977753e-08
2.89714563450616e-08
2.89714545687048e-08
2.89714527923479e-08
2.89714492396342e-08
2.89714439105637e-08
2.897144035785e-08
2.89714385814932e-08
2.89714332524227e-08
2.89714314760658e-08
2.89714279233522e-08
2.89714243706385e-08
2.89714225942816e-08
2.89714208179248e-08
2.89714172652111e-08
2.89714137124975e-08
2.89714101597838e-08
2.89714083834269e-08
2.89714030543564e-08
2.89714030543564e-08
2.89713995016427e-08
2.89713959489291e-08
2.89713906198585e-08
2.89713888435017e-08
2.8971385290788e-08
2.89713817380743e-08
2.89713799617175e-08
2.89713781853607e-08
2.89713728562901e-08
2.89713728562901e-08
2.89713693035765e-08
2.89713675272196e-08
2.89713621981491e-08
2.89713604217923e-08
2.89713568690786e-08
2.89713533163649e-08
2.89713515400081e-08
2.89713497636512e-08
2.89713462109376e-08
2.8971340881867e-08
2.89713391055102e-08
2.89713355527965e-08
2.89713320000828e-08
2.8971330223726e-08
2.89713284473692e-08
2.89713248946555e-08
2.8971319565585e-08
2.89713160128713e-08
2.89713142365144e-08
2.89713089074439e-08
2.89713071310871e-08
2.89713053547302e-08
2.89713000256597e-08
2.89713000256597e-08
2.89712964729461e-08
2.89712946965892e-08
2.89712893675187e-08
2.89712875911619e-08
2.89712840384482e-08
2.89712804857345e-08
2.89712787093777e-08
2.89712769330208e-08
2.89712733803071e-08
2.89712680512366e-08
2.89712662748798e-08
2.89712627221661e-08
2.89712573930956e-08
2.89712556167387e-08
2.89712538403819e-08
2.89712502876682e-08
2.89712449585977e-08
2.89712431822409e-08
2.89712396295272e-08
2.89712343004567e-08
2.89712325240998e-08
2.8971230747743e-08
2.89712254186725e-08
2.89712236423156e-08
2.89712218659588e-08
2.89712183132451e-08
2.89712129841746e-08
2.89712112078178e-08
2.89712094314609e-08
2.89712041023904e-08
2.89712023260336e-08
2.89712005496767e-08
2.8971196996963e-08
2.89711916678925e-08
2.89711898915357e-08
2.8971186338822e-08
2.89711827861083e-08
2.89711810097515e-08
2.89711774570378e-08
2.89711739043241e-08
2.89711721279673e-08
2.89711703516105e-08
2.89711667988968e-08
2.89711614698263e-08
2.89711596934694e-08
2.89711579171126e-08
2.89711525880421e-08
2.89711525880421e-08
2.89711490353284e-08
2.89711454826147e-08
2.89711401535442e-08
2.89711383771873e-08
2.89711366008305e-08
2.897113127176e-08
2.89711294954031e-08
2.89711277190463e-08
2.89711241663326e-08
2.89711188372621e-08
2.89711152845484e-08
2.89711135081916e-08
2.89711081791211e-08
2.89711064027642e-08
2.89711046264074e-08
2.89710992973369e-08
2.89710992973369e-08
2.89710957446232e-08
2.89710921919095e-08
2.89710886391958e-08
2.8971086862839e-08
2.89710833101253e-08
2.89710797574116e-08
2.89710779810548e-08
2.89710744283411e-08
2.89710708756274e-08
2.89710655465569e-08
2.89710637702001e-08
2.89710602174864e-08
2.89710566647727e-08
2.89710548884159e-08
2.89710531120591e-08
2.89710477829885e-08
2.89710477829885e-08
2.89710442302749e-08
2.8971042453918e-08
