0.0
3.21723803153873e-08
3.23162261395282e-08
3.29378728736174e-08
3.31098846118039e-08
3.31100409312057e-08
3.31100942219109e-08
3.31101226436203e-08
3.31099414552227e-08
3.31095328931497e-08
3.31091882799228e-08
3.31089715643884e-08
3.31090070915252e-08
3.31095364458633e-08
3.31095826311412e-08
3.3109618158278e-08
3.31096572381284e-08
3.31097140815473e-08
3.31097993466756e-08
3.31098810590902e-08
3.31099627715048e-08
3.31100409312057e-08
3.3110115538193e-08
3.31101936978939e-08
3.31102718575949e-08
3.31103571227231e-08
3.31104423878514e-08
3.31106093653943e-08
3.31108864770613e-08
3.31111635887282e-08
3.31114300422541e-08
3.31118172880451e-08
3.31123679586653e-08
3.31128546804393e-08
3.31131744246704e-08
3.31133520603544e-08
3.31133733766364e-08
3.31133307440723e-08
3.31132632425124e-08
3.31132490316577e-08
3.31132419262303e-08
3.3113234820803e-08
3.31132312680893e-08
3.31132206099483e-08
3.31132028463799e-08
3.31131602138157e-08
3.31131069231105e-08
3.31130500796917e-08
3.31130500796917e-08
