0.0
1.14573023692874e-34
1.93386977542787e-08
4.31377486620477e-07
1.01720900147484e-06
1.09184509256011e-06
1.20032871109288e-06
1.30761134187196e-06
1.51612891841069e-06
1.84334976438549e-06
2.41604243456095e-06
2.58520071838575e-06
2.82896417047596e-06
2.84761654256727e-06
2.85086775875243e-06
2.85762939711276e-06
2.87588272840367e-06
2.92480899588554e-06
3.0543683351425e-06
3.39210555466707e-06
4.13362795370631e-06
4.62378920929041e-06
5.2551749831764e-06
5.792041974928e-06
5.87660224482534e-06
5.87687918596203e-06
5.87687918596203e-06
