0.0
7.77111495153804e-08
4.52621947033549e-07
6.80369964811689e-07
1.21587288504088e-06
1.4040922451386e-06
1.34772528781468e-06
1.32748243686365e-06
1.33711625949218e-06
1.34635661197535e-06
1.33015066694497e-06
1.33434468807536e-06
1.35578034132777e-06
1.3907105085309e-06
1.46247498378216e-06
1.59541752964287e-06
1.65924302564235e-06
1.62852518315049e-06
1.62774347245431e-06
1.86569229754241e-06
2.9972850370541e-06
3.60510875907494e-06
4.23767232859973e-06
4.55364215667942e-06
4.65268431071308e-06
4.64117647425155e-06
4.63238757220097e-06
4.63224023405928e-06
4.63975129605387e-06
4.65772973257117e-06
4.65909442937118e-06
4.65947368866182e-06
4.66034998680698e-06
4.66189339931589e-06
4.66563687950838e-06
4.67506652057637e-06
4.67799191028462e-06
4.67813151772134e-06
4.67813015347929e-06
4.67813060822664e-06
4.67813106297399e-06
4.67813151772134e-06
4.67813197246869e-06
4.67813242721604e-06
4.67813242721604e-06
4.67813288196339e-06
4.67813333671074e-06
4.67813379145809e-06
4.67813424620545e-06
4.67813424620545e-06
4.67813424620545e-06
4.67813424620545e-06
4.6781347009528e-06
4.6781347009528e-06
4.6781347009528e-06
4.6781347009528e-06
4.67813515570015e-06
4.67813515570015e-06
4.67813515570015e-06
4.67813515570015e-06
4.67813515570015e-06
4.6781356104475e-06
4.67813515570015e-06
4.6781356104475e-06
4.6781356104475e-06
4.6781356104475e-06
4.67813606519485e-06
4.6781356104475e-06
4.6781356104475e-06
4.6781356104475e-06
4.67813606519485e-06
4.67813606519485e-06
4.67813606519485e-06
4.67813606519485e-06
4.67813606519485e-06
4.6781365199422e-06
4.6781365199422e-06
4.67813697468955e-06
4.67813697468955e-06
4.67813697468955e-06
4.6781365199422e-06
4.67813697468955e-06
4.67813697468955e-06
4.67813697468955e-06
4.67813697468955e-06
4.6781374294369e-06
4.6781374294369e-06
4.67813697468955e-06
4.6781374294369e-06
4.6781374294369e-06
4.6781374294369e-06
4.6781374294369e-06
4.67813788418425e-06
4.67813788418425e-06
4.67813788418425e-06
4.67813788418425e-06
4.6781383389316e-06
4.67813879367895e-06
4.67813788418425e-06
4.6781383389316e-06
4.6781383389316e-06
4.67813879367895e-06
4.6781383389316e-06
4.6781383389316e-06
4.67813879367895e-06
4.67813924842631e-06
4.67813924842631e-06
4.67813970317366e-06
4.67813970317366e-06
4.67813924842631e-06
4.67813970317366e-06
4.67813924842631e-06
4.67813924842631e-06
4.67813970317366e-06
4.67813970317366e-06
4.67813970317366e-06
4.67813970317366e-06
4.67814015792101e-06
4.67813970317366e-06
4.67814015792101e-06
4.67814015792101e-06
4.67814015792101e-06
4.67814061266836e-06
4.67814015792101e-06
4.67814106741571e-06
4.67814106741571e-06
4.67814061266836e-06
4.67814061266836e-06
4.67814061266836e-06
4.67814106741571e-06
4.67814106741571e-06
4.67814106741571e-06
4.67814106741571e-06
4.67814152216306e-06
4.67814152216306e-06
4.67814152216306e-06
4.67814106741571e-06
4.67814152216306e-06
4.67814197691041e-06
4.67814197691041e-06
4.67814197691041e-06
4.67814243165776e-06
4.67814243165776e-06
4.67814197691041e-06
4.67814197691041e-06
4.67814243165776e-06
4.67814243165776e-06
4.67814243165776e-06
4.67814243165776e-06
4.67814288640511e-06
4.67814243165776e-06
4.67814288640511e-06
4.67814288640511e-06
4.67814288640511e-06
4.67814288640511e-06
4.67814288640511e-06
4.67814288640511e-06
4.67814379589981e-06
4.67814334115246e-06
4.67814334115246e-06
4.67814379589981e-06
4.67814379589981e-06
4.67814379589981e-06
4.67814379589981e-06
4.67814379589981e-06
4.67814379589981e-06
4.67814425064716e-06
4.67814425064716e-06
4.67814425064716e-06
4.67814425064716e-06
4.67814425064716e-06
4.67814470539452e-06
4.67814470539452e-06
4.67814470539452e-06
4.67814516014187e-06
4.67814470539452e-06
4.67814516014187e-06
4.67814470539452e-06
4.67814516014187e-06
4.67814516014187e-06
4.67814516014187e-06
4.67814516014187e-06
4.67814561488922e-06
4.67814516014187e-06
4.67814561488922e-06
4.67814561488922e-06
4.67814606963657e-06
4.67814606963657e-06
4.67814606963657e-06
4.67814606963657e-06
4.67814652438392e-06
4.67814652438392e-06
4.67814652438392e-06
4.67814652438392e-06
4.67814652438392e-06
4.67814697913127e-06
4.67814652438392e-06
4.67814652438392e-06
4.67814652438392e-06
4.67814652438392e-06
4.67814697913127e-06
4.67814697913127e-06
4.67814697913127e-06
4.67814743387862e-06
4.67814697913127e-06
4.67814743387862e-06
4.67814743387862e-06
4.67814743387862e-06
4.67814788862597e-06
4.67814788862597e-06
4.67814788862597e-06
4.67814788862597e-06
4.67814788862597e-06
4.67814788862597e-06
4.67814834337332e-06
4.67814834337332e-06
4.67814834337332e-06
4.67814879812067e-06
4.67814879812067e-06
4.67814925286802e-06
4.67814879812067e-06
4.67814879812067e-06
4.67814925286802e-06
4.67814879812067e-06
4.67814925286802e-06
4.67814925286802e-06
4.67814925286802e-06
4.67814925286802e-06
4.67814925286802e-06
4.67814970761538e-06
4.67814970761538e-06
4.67814970761538e-06
4.67814970761538e-06
4.67815016236273e-06
4.67814970761538e-06
4.67815061711008e-06
4.67815061711008e-06
4.67815016236273e-06
4.67815016236273e-06
4.67815061711008e-06
4.67815016236273e-06
4.67815061711008e-06
4.67815061711008e-06
4.67815061711008e-06
4.67815107185743e-06
4.67815107185743e-06
4.67815107185743e-06
4.67815107185743e-06
4.67815152660478e-06
4.67815107185743e-06
4.67815152660478e-06
4.67815152660478e-06
4.67815152660478e-06
4.67815152660478e-06
4.67815198135213e-06
4.67815198135213e-06
4.67815198135213e-06
4.67815243609948e-06
4.67815243609948e-06
4.67815243609948e-06
4.67815243609948e-06
4.67815243609948e-06
4.67815334559418e-06
4.67815289084683e-06
4.67815334559418e-06
4.67815289084683e-06
4.67815334559418e-06
4.67815334559418e-06
4.67815334559418e-06
4.67815334559418e-06
4.67815380034153e-06
4.67815380034153e-06
4.67815380034153e-06
4.67815380034153e-06
4.67815380034153e-06
4.67815380034153e-06
4.67815380034153e-06
4.67815380034153e-06
4.67815470983624e-06
4.67815470983624e-06
4.67815425508888e-06
4.67815470983624e-06
4.67815470983624e-06
4.67815425508888e-06
4.67815470983624e-06
4.67815516458359e-06
4.67815470983624e-06
4.67815470983624e-06
4.67815561933094e-06
4.67815516458359e-06
4.67815516458359e-06
4.67815561933094e-06
4.67815607407829e-06
4.67815516458359e-06
4.67815561933094e-06
4.67815561933094e-06
4.67815561933094e-06
4.67815561933094e-06
4.67815607407829e-06
4.67815607407829e-06
4.67815607407829e-06
4.67815607407829e-06
4.67815607407829e-06
4.67815607407829e-06
4.67815652882564e-06
4.67815652882564e-06
4.67815652882564e-06
4.67815652882564e-06
4.67815652882564e-06
4.67815698357299e-06
4.67815698357299e-06
4.67815698357299e-06
4.67815743832034e-06
4.67815698357299e-06
4.67815698357299e-06
4.67815743832034e-06
4.67815743832034e-06
4.67815789306769e-06
4.67815789306769e-06
4.67815743832034e-06
4.67815789306769e-06
4.67815834781504e-06
4.67815743832034e-06
4.67815789306769e-06
4.67815789306769e-06
4.67815834781504e-06
4.67815789306769e-06
4.67815834781504e-06
4.67815834781504e-06
4.67815834781504e-06
4.67815834781504e-06
4.67815834781504e-06
4.67815834781504e-06
4.67815880256239e-06
4.67815880256239e-06
4.67815880256239e-06
4.67815925730974e-06
4.67815925730974e-06
4.67815925730974e-06
4.67815925730974e-06
4.67815925730974e-06
4.67815925730974e-06
4.67815925730974e-06
4.67816016680445e-06
4.6781597120571e-06
4.6781597120571e-06
4.6781597120571e-06
4.67816016680445e-06
4.6781597120571e-06
4.6781606215518e-06
4.67816016680445e-06
4.67816016680445e-06
4.67816016680445e-06
4.6781606215518e-06
4.6781606215518e-06
4.6781606215518e-06
4.6781606215518e-06
4.67816107629915e-06
4.6781615310465e-06
4.6781606215518e-06
4.67816107629915e-06
4.67816107629915e-06
4.6781615310465e-06
4.67816107629915e-06
4.6781615310465e-06
4.67816107629915e-06
4.67816198579385e-06
4.6781615310465e-06
4.67816198579385e-06
4.67816198579385e-06
4.67816198579385e-06
4.67816198579385e-06
4.67816198579385e-06
4.67816198579385e-06
4.67816198579385e-06
4.67816198579385e-06
4.6781624405412e-06
4.6781624405412e-06
4.6781624405412e-06
4.6781624405412e-06
4.6781624405412e-06
4.67816289528855e-06
4.67816289528855e-06
4.67816289528855e-06
4.67816289528855e-06
4.67816289528855e-06
4.6781633500359e-06
4.67816289528855e-06
4.6781633500359e-06
4.6781633500359e-06
4.6781633500359e-06
4.67816380478325e-06
4.67816380478325e-06
4.6781633500359e-06
4.67816380478325e-06
4.6781642595306e-06
4.6781642595306e-06
4.67816380478325e-06
4.6781642595306e-06
4.6781642595306e-06
4.6781642595306e-06
4.6781642595306e-06
4.6781642595306e-06
4.6781642595306e-06
4.67816471427795e-06
4.67816471427795e-06
4.67816516902531e-06
4.67816562377266e-06
4.67816516902531e-06
4.67816516902531e-06
4.67816516902531e-06
4.67816516902531e-06
4.67816516902531e-06
4.67816516902531e-06
4.67816516902531e-06
4.67816562377266e-06
4.67816562377266e-06
4.67816562377266e-06
4.67816607852001e-06
4.67816562377266e-06
4.67816562377266e-06
4.67816607852001e-06
4.67816607852001e-06
4.67816653326736e-06
4.67816653326736e-06
4.67816653326736e-06
4.67816653326736e-06
4.67816653326736e-06
4.67816653326736e-06
4.67816653326736e-06
4.67816653326736e-06
4.67816698801471e-06
4.67816698801471e-06
4.67816698801471e-06
4.67816698801471e-06
4.67816744276206e-06
4.67816744276206e-06
4.67816698801471e-06
4.67816744276206e-06
4.67816744276206e-06
4.67816744276206e-06
4.67816744276206e-06
4.67816789750941e-06
4.67816789750941e-06
4.67816789750941e-06
4.67816835225676e-06
4.67816789750941e-06
4.67816789750941e-06
4.67816789750941e-06
4.67816835225676e-06
4.67816835225676e-06
4.67816835225676e-06
4.67816835225676e-06
4.67816835225676e-06
4.67816880700411e-06
4.67816880700411e-06
4.67816880700411e-06
4.67816880700411e-06
4.67816880700411e-06
4.67816926175146e-06
4.67816926175146e-06
4.67816926175146e-06
4.67816926175146e-06
4.67816926175146e-06
4.67816926175146e-06
4.67816926175146e-06
4.67816926175146e-06
4.67816926175146e-06
4.67816971649881e-06
4.67816971649881e-06
4.67816971649881e-06
4.67816971649881e-06
4.67816971649881e-06
4.67817017124617e-06
4.67816971649881e-06
4.67817017124617e-06
4.67817017124617e-06
4.67817017124617e-06
4.67817017124617e-06
4.67817017124617e-06
4.67817062599352e-06
4.67817062599352e-06
4.67817062599352e-06
4.67817062599352e-06
4.67817108074087e-06
4.67817108074087e-06
4.67817108074087e-06
4.67817108074087e-06
4.67817153548822e-06
4.67817153548822e-06
4.67817108074087e-06
4.67817153548822e-06
4.67817153548822e-06
4.67817153548822e-06
4.67817153548822e-06
4.67817199023557e-06
4.67817199023557e-06
4.67817153548822e-06
4.67817199023557e-06
4.67817199023557e-06
4.67817199023557e-06
