-0.000000
-0.000000
0.333818
0.920115
0.943625
0.828974
0.625568
0.704179
0.932719
1.169105
1.519269
1.985309
2.492057
3.090195
3.533001
3.969977
4.743199
5.031002
5.285361
5.641390
5.946711
6.189291
6.224120
6.232465
6.240867
6.253472
6.265304
6.276725
6.287795
6.303886
6.327323
6.349348
6.369525
6.387581
6.403808
6.418580
6.435394
6.450802
6.464957
6.478239
6.496126
6.511789
6.525979
6.539330
6.593938
6.772503
7.011620
7.345285
7.747140
8.196150
8.663582
8.689779
8.715660
8.741174
8.743583
8.747111
8.750621
8.754083
8.757518
8.760922
8.766003
8.773533
8.780991
8.788426
8.799735
8.811005
8.822197
8.833335
8.849900
8.874216
8.897465
8.914568
8.931414
8.956096
8.990622
8.982654
9.028029
9.087274
9.181363
9.309010
9.328256
9.405836
9.470209
9.557571
9.613893
9.592009
9.528428
9.182002
9.167266
9.126346
8.972529
8.885095
8.661862
7.705398
6.890929
3.221109
1.362012
0.260418
0.042773
0.000051
0.000012
0.000012
