0.0
3.14201258788671e-07
4.52963649877347e-06
1.06355582829565e-05
1.35744230647106e-05
1.82263556780526e-05
1.89051752386149e-05
1.95943539438304e-05
2.02930496016052e-05
2.10003145184601e-05
2.13570219784742e-05
2.17155775317224e-05
2.20758229261264e-05
2.24376381083857e-05
2.28105927817523e-05
2.30078512686305e-05
2.32107213378185e-05
2.34144663409097e-05
2.37216936511686e-05
2.41861398535548e-05
2.48908527282765e-05
2.49019431066699e-05
2.49040222115582e-05
2.49040313065052e-05
2.49040313065052e-05
2.49040331254946e-05
2.49040331254946e-05
2.4904034944484e-05
2.4904034944484e-05
2.49040367634734e-05
2.49040404014522e-05
2.4904044039431e-05
2.49040513153886e-05
2.49040604103357e-05
2.49040640483145e-05
2.49040695052827e-05
2.49040786002297e-05
2.49040804192191e-05
2.49040858761873e-05
2.49040931521449e-05
2.49041040660813e-05
2.49041077040602e-05
2.49041131610284e-05
2.49041222559754e-05
2.49041258939542e-05
2.4904129531933e-05
2.49041368078906e-05
2.4904147721827e-05
2.49041531787952e-05
2.49041586357635e-05
2.49041695496999e-05
2.49041713686893e-05
2.49041768256575e-05
2.49041859206045e-05
2.49041877395939e-05
2.49041931965621e-05
2.49041986535303e-05
2.49042095674668e-05
2.49042132054456e-05
2.49042186624138e-05
2.49042277573608e-05
2.49042404902866e-05
2.49042441282654e-05
2.4904251404223e-05
2.49042623181595e-05
2.49042659561383e-05
2.49042677751277e-05
2.49042732320959e-05
2.49042786890641e-05
2.49042877840111e-05
2.49042914219899e-05
2.49042950599687e-05
2.49043023359263e-05
2.49043096118839e-05
2.49043168878416e-05
2.49043205258204e-05
2.49043241637992e-05
2.49043332587462e-05
2.49043441726826e-05
2.49043514486402e-05
2.49043641815661e-05
2.49043678195449e-05
2.49043750955025e-05
2.49043860094389e-05
2.49043896474177e-05
2.49043951043859e-05
2.49044041993329e-05
2.49044078373117e-05
2.49044114752905e-05
2.49044205702376e-05
2.49044296651846e-05
2.49044351221528e-05
2.4904440579121e-05
2.4904449674068e-05
2.49044533120468e-05
2.4904458769015e-05
2.49044660449727e-05
2.49044787778985e-05
2.49044824158773e-05
2.49044896918349e-05
2.49044987867819e-05
2.49045006057713e-05
2.49045006057713e-05
2.49045042437501e-05
2.49045060627395e-05
2.49045115197077e-05
2.49045187956654e-05
2.49045297096018e-05
2.49045333475806e-05
2.49045388045488e-05
2.49045478994958e-05
2.49045515374746e-05
2.49045569944428e-05
2.49045642704004e-05
2.49045751843369e-05
2.49045806413051e-05
2.49045860982733e-05
2.49045951932203e-05
2.49045988311991e-05
2.49046042881673e-05
2.49046115641249e-05
2.49046242970508e-05
2.4904629754019e-05
2.49046352109872e-05
2.4904638848966e-05
2.49046424869448e-05
2.4904647943913e-05
2.490465703886e-05
2.490465703886e-05
2.49046588578494e-05
2.49046606768388e-05
2.49046624958282e-05
2.49046679527964e-05
2.49046734097647e-05
2.49046825047117e-05
2.49046861426905e-05
2.49046897806693e-05
2.49046988756163e-05
2.49047097895527e-05
2.49047225224786e-05
2.4904733436415e-05
2.49047370743938e-05
2.49047388933832e-05
2.49047443503514e-05
2.49047498073196e-05
2.4904760721256e-05
2.49047643592348e-05
2.49047661782242e-05
2.4904769816203e-05
2.49047734541818e-05
2.49047807301395e-05
2.49047880060971e-05
2.49047934630653e-05
2.49047971010441e-05
2.49048061959911e-05
2.49048171099275e-05
2.49048207479063e-05
2.49048225668957e-05
2.4904828023864e-05
2.49048334808322e-05
2.49048443947686e-05
2.49048480327474e-05
2.49048534897156e-05
2.49048625846626e-05
2.4904873498599e-05
2.49048789555673e-05
2.49048862315249e-05
2.49048971454613e-05
2.49049007834401e-05
2.49049062404083e-05
2.49049153353553e-05
2.49049189733341e-05
2.49049244303023e-05
2.490493170626e-05
2.49049426201964e-05
2.49049462581752e-05
2.49049535341328e-05
2.49049626290798e-05
2.49049662670586e-05
2.49049717240268e-05
2.49049808189739e-05
2.49049917329103e-05
2.49049971898785e-05
2.49050026468467e-05
2.49050062848255e-05
2.49050099228043e-05
2.49050171987619e-05
2.49050244747195e-05
2.49050281126983e-05
2.49050317506772e-05
2.49050408456242e-05
2.49050499405712e-05
2.49050553975394e-05
2.49050608545076e-05
2.49050699494546e-05
2.49050735874334e-05
2.49050790444016e-05
2.49050863203593e-05
2.49050972342957e-05
2.49051026912639e-05
2.49051081482321e-05
2.49051190621685e-05
2.49051227001473e-05
2.49051281571155e-05
2.49051354330732e-05
2.4905148165999e-05
2.49051536229672e-05
2.49051608989248e-05
2.49051718128612e-05
2.490517545084e-05
2.49051809078082e-05
2.49051900027553e-05
2.49051936407341e-05
2.49051972787129e-05
2.49052063736599e-05
2.49052081926493e-05
2.49052118306281e-05
2.49052172875963e-05
2.49052282015327e-05
2.49052318395115e-05
2.49052372964798e-05
2.49052445724374e-05
2.49052573053632e-05
2.4905260943342e-05
2.49052682192996e-05
2.4905279133236e-05
2.49052809522254e-05
2.49052882281831e-05
2.49052955041407e-05
2.49052991421195e-05
2.49053027800983e-05
2.49053118750453e-05
2.49053136940347e-05
2.49053173320135e-05
2.49053246079711e-05
2.49053337029181e-05
2.49053373408969e-05
2.49053427978652e-05
2.49053500738228e-05
2.49053609877592e-05
2.49053664447274e-05
2.49053719016956e-05
2.49053809966426e-05
2.49053919105791e-05
2.49054010055261e-05
2.49054101004731e-05
2.49054137384519e-05
2.49054191954201e-05
2.49054282903671e-05
2.49054392043035e-05
2.49054446612718e-05
2.49054519372294e-05
2.49054610321764e-05
2.49054664891446e-05
2.49054719461128e-05
2.49054810410598e-05
2.49054846790386e-05
2.49054883170174e-05
2.49054974119645e-05
2.49055065069115e-05
2.49055119638797e-05
2.49055174208479e-05
2.49055265157949e-05
2.49055301537737e-05
2.49055337917525e-05
2.49055374297313e-05
2.49055428866995e-05
2.49055501626572e-05
2.49055610765936e-05
2.49055665335618e-05
2.490557199053e-05
2.49055829044664e-05
2.49055865424452e-05
2.49055919994134e-05
2.49056010943605e-05
2.49056047323393e-05
2.49056083703181e-05
2.49056174652651e-05
2.49056265602121e-05
2.49056320171803e-05
2.49056374741485e-05
2.49056465690956e-05
2.49056593020214e-05
2.49056629400002e-05
2.4905666577979e-05
2.49056720349472e-05
2.49056793109048e-05
2.49056902248412e-05
2.490569386282e-05
2.49057011387777e-05
2.49057102337247e-05
2.49057138717035e-05
2.49057193286717e-05
2.49057266046293e-05
2.49057302426081e-05
2.49057356995763e-05
2.49057411565445e-05
2.4905752070481e-05
2.49057557084598e-05
2.4905761165428e-05
2.4905770260375e-05
2.49057738983538e-05
2.4905779355322e-05
2.49057866312796e-05
2.4905797545216e-05
2.49058011831949e-05
2.49058066401631e-05
2.49058157351101e-05
2.49058193730889e-05
2.49058248300571e-05
2.49058321060147e-05
2.49058448389405e-05
2.49058484769193e-05
2.4905855752877e-05
2.4905864847824e-05
2.49058721237816e-05
2.4905883037718e-05
2.49058884946862e-05
2.49058939516544e-05
2.49058975896332e-05
2.49058994086226e-05
2.49059048655909e-05
2.49059139605379e-05
2.49059157795273e-05
2.49059212364955e-05
2.49059285124531e-05
2.49059357884107e-05
2.49059412453789e-05
2.49059467023471e-05
2.49059539783048e-05
2.49059630732518e-05
2.49059721681988e-05
2.49059849011246e-05
2.4905986720114e-05
2.49059903580928e-05
2.4905995815061e-05
2.49060030910186e-05
2.49060140049551e-05
2.49060230999021e-05
2.49060340138385e-05
2.49060394708067e-05
2.49060449277749e-05
2.49060540227219e-05
2.49060594796902e-05
2.49060703936266e-05
2.49060867645312e-05
2.49060922214994e-05
2.4906099497457e-05
2.49061122303829e-05
2.49061231443193e-05
2.49061267822981e-05
2.49061304202769e-05
2.49061395152239e-05
2.49061431532027e-05
2.49061467911815e-05
2.49061540671391e-05
2.49061649810756e-05
2.49061686190544e-05
2.49061740760226e-05
2.49061831709696e-05
2.49061959038954e-05
2.49062013608636e-05
2.49062086368212e-05
2.49062195507577e-05
2.49062231887365e-05
2.49062304646941e-05
2.49062377406517e-05
2.49062413786305e-05
2.49062468355987e-05
2.49062541115563e-05
2.49062668444822e-05
2.4906270482461e-05
2.49062723014504e-05
2.49062777584186e-05
2.49062832153868e-05
2.49062904913444e-05
2.49062959483126e-05
2.4906306862249e-05
2.49063159571961e-05
2.49063268711325e-05
2.49063305091113e-05
2.49063359660795e-05
2.49063432420371e-05
2.49063559749629e-05
2.49063614319311e-05
2.49063687078888e-05
2.49063796218252e-05
2.49063814408146e-05
2.49063887167722e-05
2.49063978117192e-05
2.4906401449698e-05
2.49064050876768e-05
2.49064123636344e-05
2.49064160016133e-05
2.49064196395921e-05
2.49064269155497e-05
2.49064360104967e-05
2.49064432864543e-05
2.49064542003907e-05
2.49064578383695e-05
2.49064596573589e-05
2.49064632953377e-05
2.4906468752306e-05
2.4906477847253e-05
2.49064814852318e-05
2.49064869422e-05
2.49064942181576e-05
2.4906505132094e-05
2.49065105890622e-05
2.49065160460304e-05
2.49065269599669e-05
2.49065305979457e-05
2.49065342359245e-05
2.49065433308715e-05
2.49065560637973e-05
2.49065578827867e-05
2.49065615207655e-05
2.49065669777337e-05
2.49065742536914e-05
2.49065833486384e-05
2.49065888056066e-05
2.49065924435854e-05
2.49066015385324e-05
2.49066051765112e-05
2.49066106334794e-05
2.4906617909437e-05
2.49066288233735e-05
2.49066324613523e-05
2.49066379183205e-05
2.49066470132675e-05
2.49066506512463e-05
2.49066561082145e-05
2.49066633841721e-05
2.4906676117098e-05
2.49066815740662e-05
2.49066870310344e-05
2.49066961259814e-05
2.49066997639602e-05
2.49067015829496e-05
2.49067070399178e-05
2.49067106778966e-05
2.49067197728436e-05
2.4906721591833e-05
2.49067270488013e-05
2.49067343247589e-05
2.49067452386953e-05
2.49067488766741e-05
2.49067561526317e-05
2.49067634285893e-05
2.49067670665681e-05
2.49067725235363e-05
2.4906779799494e-05
2.49067907134304e-05
2.49067943514092e-05
2.49067961703986e-05
2.49068016273668e-05
2.4906807084335e-05
2.4906816179282e-05
2.49068198172608e-05
2.4906825274229e-05
2.49068343691761e-05
2.49068452831125e-05
2.49068507400807e-05
2.49068580160383e-05
2.49068598350277e-05
2.49068634730065e-05
2.49068689299747e-05
2.49068780249218e-05
2.49068816629006e-05
2.49068853008794e-05
2.49068943958264e-05
2.49068962148158e-05
2.49068998527946e-05
2.49069071287522e-05
2.49069144047098e-05
2.4906919861678e-05
2.49069234996568e-05
2.49069325946039e-05
2.49069435085403e-05
2.49069471465191e-05
2.49069544224767e-05
2.49069562414661e-05
2.49069598794449e-05
2.49069653364131e-05
2.49069726123707e-05
2.49069762503495e-05
2.49069817073178e-05
2.49069889832754e-05
2.49069998972118e-05
2.49070089921588e-05
2.49070199060952e-05
2.4907023544074e-05
2.49070308200317e-05
2.49070399149787e-05
2.49070508289151e-05
2.49070581048727e-05
2.49070635618409e-05
2.49070744757773e-05
2.49070872087032e-05
2.49070981226396e-05
2.4907109036576e-05
