0.0
1.0111058657003e-09
1.1890087989741e-06
2.63077708950732e-06
3.81642530555837e-06
7.9352394095622e-06
1.2502458957897e-05
1.56229089043336e-05
1.75950153789017e-05
1.80047572939657e-05
1.81625910045113e-05
1.85718090506271e-05
1.9315846657264e-05
2.05855139938649e-05
2.2971811631578e-05
2.30201840167865e-05
2.3067019355949e-05
2.31151989282807e-05
2.31640860874904e-05
2.32383190450491e-05
2.3347711248789e-05
2.35174520639703e-05
2.3784277800587e-05
2.4192699129344e-05
2.47171137743862e-05
2.51871279033367e-05
2.5643574190326e-05
2.57592146226671e-05
2.5881156034302e-05
2.60711021837778e-05
2.6379466362414e-05
2.68693238467677e-05
2.73977711913176e-05
2.75315414910438e-05
2.77317085419782e-05
2.80174717772752e-05
2.83114277408458e-05
2.85879159491742e-05
2.90399566438282e-05
2.9478969736374e-05
2.98546492558671e-05
2.98579143418465e-05
2.98627855954692e-05
2.98678514809581e-05
2.98756185657112e-05
2.9887842174503e-05
2.98995782941347e-05
2.99117036774987e-05
2.99240728054428e-05
2.99363073281711e-05
2.9940656531835e-05
2.9947435905342e-05
2.99578623526031e-05
2.99694293062203e-05
2.9979844839545e-05
2.99901457765372e-05
3.00054216495482e-05
3.00284191325773e-05
3.00617339235032e-05
3.01117670460371e-05
3.01870350085665e-05
3.02945627481677e-05
3.04479526676005e-05
3.06832916976418e-05
3.10055547743104e-05
3.15583638439421e-05
3.23826679959893e-05
3.25862893078011e-05
3.26290573866572e-05
3.25201472151093e-05
3.21989464282524e-05
3.14845783577766e-05
3.06339716189541e-05
2.96408834401518e-05
2.83823428617325e-05
2.68777384917485e-05
2.52256486419355e-05
2.26457141252467e-05
1.83565371116856e-05
1.03665033748257e-05
4.17859882873017e-06
1.19531603104406e-06
1.06292770851724e-06
9.43722056945262e-07
8.69951122695056e-07
8.11388076726871e-07
5.70327699733753e-07
3.64146274023369e-07
2.26492900878839e-07
1.60396041337663e-07
1.17104058006134e-07
1.12091903758937e-07
1.13794840217452e-07
1.15049914484189e-07
1.1465392901755e-07
1.13607534046878e-07
1.10371814798782e-07
1.09523838887071e-07
1.09548921045644e-07
1.11461268659241e-07
1.10752409909765e-07
1.12823684617069e-07
1.17596513860008e-07
1.22962291015938e-07
1.25973556919234e-07
1.31100932776462e-07
1.34674749574515e-07
1.40331025022533e-07
1.48547414369204e-07
1.516560246273e-07
1.52734671132748e-07
1.52770553540904e-07
1.50602303961023e-07
1.4662408887034e-07
1.38839908458976e-07
1.29434312157173e-07
1.21173783895756e-07
1.16965928498303e-07
1.16965928498303e-07
