0.0
-4.06498576692367e-19
1.235634385921e-06
1.39563890115824e-05
4.64195909444243e-05
9.93021749309264e-05
0.000178069749381393
0.000288651528535411
0.000433114619227126
0.000609407899901271
0.000812672427855432
0.00103707506787032
0.00121662206947803
0.00140469940379262
0.00160041044000536
0.00187209655996412
0.00215506576932967
0.00244856043718755
0.00275204563513398
0.00277133216150105
0.00280031934380531
0.00281120208092034
0.00282208132557571
0.00283295009285212
0.00284922844730318
0.00287358998320997
0.0029100130777806
0.0029643785674125
0.00304536521434784
0.00316564901731908
0.00334431370720267
0.00360982632264495
0.00389797519892454
0.00417621247470379
0.00444455305114388
0.00470441253855824
0.00495734764263034
0.00520184636116028
0.00543601810932159
0.00566038582473993
0.00587577233090997
0.00608242070302367
0.00627976888790727
0.0064667658880353
0.00664303079247475
0.00680862460285425
0.00696348259225488
0.00710754003375769
0.00724085373803973
0.00736348470672965
0.00747548835352063
0.00757691310718656
0.00766783440485597
0.0077483388595283
0.00781850889325142
0.00787841808050871
0.00792810134589672
0.00796757824718952
0.00799683295190334
0.00801557395607233
0.0080222450196743
0.0080222450196743
0.0080222450196743
0.0080222450196743
0.0080222450196743
0.0080222450196743
0.0080222450196743
0.0080222450196743
0.0080222450196743
0.0080222450196743
0.0080222450196743
0.0080222450196743
0.0080222450196743
0.0080222450196743
0.0080222450196743
0.0080222450196743
0.0080222450196743
0.0080222450196743
0.0080222450196743
0.0080222450196743
0.0080222450196743
0.0080222450196743
0.0080222450196743
0.0080222450196743
0.0080222450196743
0.0080222450196743
0.0080222450196743
0.0080222450196743
0.0080222450196743
0.0080222450196743
0.0080222450196743
0.0080222450196743
0.0080222450196743
0.0080222450196743
0.0080222450196743
0.0080222450196743
0.0080222450196743
0.0080222450196743
0.0080222450196743
0.0080222450196743
0.0080222450196743
0.0080222450196743
0.0080222450196743
0.0080222450196743
0.0080222450196743
0.0080222450196743
0.0080222450196743
0.0080222450196743
0.0080222450196743
0.0080222450196743
0.0080222450196743
0.0080222450196743
0.0080222450196743
0.0080222450196743
0.0080222450196743
0.0080222450196743
0.0080222450196743
0.0080222450196743
0.0080222450196743
0.0080222450196743
0.0080222450196743
0.0080222450196743
0.0080222450196743
0.0080222450196743
0.0080222450196743
0.0080222450196743
0.0080222450196743
0.0080222450196743
0.0080222450196743
0.0080222450196743
0.0080222450196743
0.0080222450196743
0.0080222450196743
0.0080222450196743
0.0080222450196743
0.0080222450196743
0.0080222450196743
0.0080222450196743
0.0080222450196743
0.0080222450196743
0.0080222450196743
0.0080222450196743
0.0080222450196743
0.0080222450196743
0.0080222450196743
0.0080222450196743
0.0080222450196743
0.0080222450196743
0.0080222450196743
0.0080222450196743
0.0080222450196743
0.0080222450196743
0.0080222450196743
0.0080222450196743
0.0080222450196743
0.0080222450196743
0.0080222450196743
0.0080222450196743
0.0080222450196743
0.0080222450196743
0.0080222450196743
0.0080222450196743
0.0080222450196743
0.0080222450196743
0.0080222450196743
0.0080222450196743
0.0080222450196743
0.0080222450196743
0.0080222450196743
0.0080222450196743
0.0080222450196743
0.0080222450196743
0.0080222450196743
0.0080222450196743
0.0080222450196743
0.0080222450196743
0.0080222450196743
0.0080222450196743
0.0080222450196743
0.0080222450196743
0.0080222450196743
0.0080222450196743
0.0080222450196743
0.0080222450196743
0.0080222450196743
0.0080222450196743
0.0080222450196743
0.0080222450196743
0.0080222450196743
0.0080222450196743
0.0080222450196743
0.0080222450196743
0.0080222450196743
0.0080222450196743
0.0080222450196743
0.0080222450196743
0.0080222450196743
0.0080222450196743
0.0080222450196743
0.0080222450196743
0.0080222450196743
0.0080222450196743
0.0080222450196743
0.0080222450196743
0.0080222450196743
0.0080222450196743
0.0080222450196743
0.0080222450196743
0.0080222450196743
0.0080222450196743
0.0080222450196743
0.0080222450196743
0.0080222450196743
0.0080222450196743
0.0080222450196743
0.0080222450196743
0.0080222450196743
0.0080222450196743
0.0080222450196743
0.0080222450196743
0.0080222450196743
0.0080222450196743
0.0080222450196743
0.0080222450196743
0.0080222450196743
0.0080222450196743
0.0080222450196743
0.0080222450196743
0.0080222450196743
0.0080222450196743
0.0080222450196743
0.0080222450196743
0.0080222450196743
0.0080222450196743
0.0080222450196743
0.0080222450196743
0.0080222450196743
0.0080222450196743
0.0080222450196743
0.0080222450196743
0.0080222450196743
0.0080222450196743
0.0080222450196743
0.0080222450196743
0.0080222450196743
0.0080222450196743
0.0080222450196743
0.0080222450196743
0.0080222450196743
0.0080222450196743
0.0080222450196743
0.0080222450196743
0.0080222450196743
0.0080222450196743
0.0080222450196743
0.0080222450196743
0.0080222450196743
0.0080222450196743
0.0080222450196743
0.0080222450196743
0.0080222450196743
0.0080222450196743
0.0080222450196743
0.0080222450196743
0.0080222450196743
0.0080222450196743
0.0080222450196743
0.0080222450196743
0.0080222450196743
0.0080222450196743
0.0080222450196743
0.0080222450196743
0.0080222450196743
0.0080222450196743
0.0080222450196743
0.0080222450196743
0.0080222450196743
0.0080222450196743
0.0080222450196743
0.0080222450196743
0.0080222450196743
0.0080222450196743
0.0080222450196743
0.0080222450196743
0.0080222450196743
0.0080222450196743
0.0080222450196743
0.0080222450196743
0.0080222450196743
0.0080222450196743
0.0080222450196743
0.0080222450196743
0.0080222450196743
0.0080222450196743
0.0080222450196743
0.0080222450196743
0.0080222450196743
0.0080222450196743
0.0080222450196743
0.0080222450196743
0.0080222450196743
0.0080222450196743
0.0080222450196743
0.0080222450196743
0.0080222450196743
0.0080222450196743
0.0080222450196743
0.0080222450196743
0.0080222450196743
0.0080222450196743
0.0080222450196743
0.0080222450196743
0.0080222450196743
0.0080222450196743
0.0080222450196743
0.0080222450196743
0.0080222450196743
0.0080222450196743
0.0080222450196743
0.0080222450196743
0.0080222450196743
0.0080222450196743
0.0080222450196743
0.0080222450196743
0.0080222450196743
0.0080222450196743
0.0080222450196743
0.0080222450196743
0.0080222450196743
0.0080222450196743
0.0080222450196743
0.0080222450196743
0.0080222450196743
0.0080222450196743
0.0080222450196743
0.0080222450196743
0.0080222450196743
0.0080222450196743
0.0080222450196743
0.0080222450196743
0.0080222450196743
0.0080222450196743
0.0080222450196743
0.0080222450196743
0.0080222450196743
0.0080222450196743
0.0080222450196743
0.0080222450196743
0.0080222450196743
0.0080222450196743
0.0080222450196743
0.0080222450196743
0.0080222450196743
0.0080222450196743
0.0080222450196743
0.0080222450196743
0.0080222450196743
0.0080222450196743
0.0080222450196743
0.0080222450196743
0.0080222450196743
0.0080222450196743
0.0080222450196743
0.0080222450196743
0.0080222450196743
0.0080222450196743
0.0080222450196743
0.0080222450196743
0.0080222450196743
0.0080222450196743
0.0080222450196743
0.0080222450196743
0.0080222450196743
0.0080222450196743
0.0080222450196743
0.0080222450196743
0.0080222450196743
0.0080222450196743
0.0080222450196743
0.0080222450196743
0.0080222450196743
0.0080222450196743
0.0080222450196743
0.0080222450196743
0.0080222450196743
0.0080222450196743
0.0080222450196743
0.0080222450196743
0.0080222450196743
0.0080222450196743
0.0080222450196743
0.0080222450196743
0.0080222450196743
0.0080222450196743
0.0080222450196743
0.0080222450196743
0.0080222450196743
0.0080222450196743
0.0080222450196743
0.0080222450196743
0.0080222450196743
0.0080222450196743
0.0080222450196743
0.0080222450196743
0.0080222450196743
0.0080222450196743
0.0080222450196743
0.0080222450196743
0.0080222450196743
0.0080222450196743
0.0080222450196743
0.0080222450196743
0.0080222450196743
0.0080222450196743
0.0080222450196743
0.0080222450196743
0.0080222450196743
0.0080222450196743
0.0080222450196743
0.0080222450196743
0.0080222450196743
0.0080222450196743
0.0080222450196743
0.0080222450196743
0.0080222450196743
0.0080222450196743
0.0080222450196743
0.0080222450196743
0.0080222450196743
0.0080222450196743
0.0080222450196743
0.0080222450196743
0.0080222450196743
0.0080222450196743
0.0080222450196743
0.0080222450196743
0.0080222450196743
0.0080222450196743
0.0080222450196743
0.0080222450196743
0.0080222450196743
0.0080222450196743
0.0080222450196743
0.0080222450196743
0.0080222450196743
0.0080222450196743
0.0080222450196743
0.0080222450196743
0.0080222450196743
0.0080222450196743
0.0080222450196743
0.0080222450196743
0.0080222450196743
0.0080222450196743
0.0080222450196743
0.0080222450196743
0.0080222450196743
0.0080222450196743
0.0080222450196743
0.0080222450196743
0.0080222450196743
0.0080222450196743
0.0080222450196743
0.0080222450196743
0.0080222450196743
0.0080222450196743
0.0080222450196743
0.0080222450196743
0.0080222450196743
0.0080222450196743
0.0080222450196743
0.0080222450196743
0.0080222450196743
0.0080222450196743
0.0080222450196743
0.0080222450196743
0.0080222450196743
0.0080222450196743
0.0080222450196743
0.0080222450196743
0.0080222450196743
0.0080222450196743
0.0080222450196743
0.0080222450196743
0.0080222450196743
0.0080222450196743
0.0080222450196743
0.0080222450196743
0.0080222450196743
0.0080222450196743
0.0080222450196743
0.0080222450196743
0.0080222450196743
0.0080222450196743
0.0080222450196743
0.0080222450196743
0.0080222450196743
0.0080222450196743
0.0080222450196743
0.0080222450196743
0.0080222450196743
