-0.0
-1.907551450131e-09
-3.58681973011699e-09
-1.07775122160092e-08
-3.83174665330444e-08
-5.63859430258162e-08
-8.69040377438068e-08
-1.27928615256678e-07
-1.68746737472247e-07
-2.22981725528371e-07
-1.12905581772793e-07
-2.65345079242252e-08
-1.79760900209658e-06
-9.88678038993385e-07
-2.06860931939445e-07
-1.6105332178995e-08
-1.8760056264e-06
-1.33759294840274e-06
-2.08183337235823e-07
-2.60661818174412e-06
-1.05719846033026e-06
-9.72308043856174e-07
-9.15171767701395e-07
-9.0300090960227e-07
-8.90720912138931e-07
-8.79494109540246e-07
-8.79494109540246e-07
-8.78137143445201e-07
-8.79281287780032e-07
-8.79406798048876e-07
-8.75117621035315e-07
-8.75028490554541e-07
-8.72727468959056e-07
-8.72536475071684e-07
-8.70884832693264e-07
-8.70148141984828e-07
-8.68605638970621e-07
-8.68529241415672e-07
-8.66928530740552e-07
-8.68696588440798e-07
-8.67587004904635e-07
-8.68296410772018e-07
-8.68716597324237e-07
-8.69798896019347e-07
-8.70655640028417e-07
-8.69562427396886e-07
-8.67639755597338e-07
-8.67146809468977e-07
-8.67932612891309e-07
-8.66557456902228e-07
-8.66892150952481e-07
-8.67876224219799e-07
-8.69718860485591e-07
-8.67892595124431e-07
-8.66615664563142e-07
-8.68234565132298e-07
-8.66220943862572e-07
-8.6882573668845e-07
-8.69402356329374e-07
-8.68540155352093e-07
-8.68381903273985e-07
-8.71090378495865e-07
-8.6940053733997e-07
-8.69687937665731e-07
-8.70199073688127e-07
-8.69644281920046e-07
-8.72032615006901e-07
-8.73200406203978e-07
-8.72756572789513e-07
-8.72161763254553e-07
-8.70904841576703e-07
-8.69275027071126e-07
-8.69247742230073e-07
-8.68763891048729e-07
-8.66806658450514e-07
-8.64032699610107e-07
-8.64971298142336e-07
-8.65245965542272e-07
-8.66544723976403e-07
-8.66297341417521e-07
-8.64314642967656e-07
-8.65422407514416e-07
-8.62972228787839e-07
-8.61997250467539e-07
-8.61733497004025e-07
-8.63969034980983e-07
-8.6437285062857e-07
-8.64145476953126e-07
-8.65727997734211e-07
-8.68029019329697e-07
-8.68561983224936e-07
-8.67525159264915e-07
-8.6890759121161e-07
-8.68516508489847e-07
-8.69011273607612e-07
-8.69284122018144e-07
-8.70666553964838e-07
-8.72976670507342e-07
-8.72216332936659e-07
-8.75150362844579e-07
-8.76882040756755e-07
-8.76498233992606e-07
-8.7710031948518e-07
-8.78369974088855e-07
-8.77460479387082e-07
-8.70742951519787e-07
-8.71101292432286e-07
-8.71266820468009e-07
-8.69980794959702e-07
-8.69284122018144e-07
-8.68323695613071e-07
-8.66582922753878e-07
-8.68250936036929e-07
-8.6988256953191e-07
-8.72487362357788e-07
-8.70664734975435e-07
-8.69407813297585e-07
-8.66826667333953e-07
-8.66300979396328e-07
-8.66464688442647e-07
-8.67423295858316e-07
-8.65642505232245e-07
-8.64840330905281e-07
-8.65724359755404e-07
-8.66295522428118e-07
-8.67694325279444e-07
-8.6834370449651e-07
-8.6594809545204e-07
-8.63868990563788e-07
-8.65871697897092e-07
-8.65802576299757e-07
-8.64181856741197e-07
-8.62959495862015e-07
-8.63103196024895e-07
-8.66088157636113e-07
-8.64329194882885e-07
-8.64401954459026e-07
-8.66555637912825e-07
-8.66883056005463e-07
-8.67215931066312e-07
-8.66695700096898e-07
-8.66139089339413e-07
-8.67003109306097e-07
-8.68069037096575e-07
-8.680308383191e-07
-8.66226400830783e-07
-8.644910849398e-07
-8.64241883391514e-07
-8.62813976709731e-07
-8.62180968397297e-07
-8.65944457473233e-07
-8.66933987708762e-07
-8.67017661221325e-07
-8.66457412485033e-07
-8.66177288116887e-07
-8.66151822265238e-07
-8.67587004904635e-07
-8.65733454702422e-07
-8.68076313054189e-07
-8.68640199769288e-07
-8.68898496264592e-07
-8.68940333020873e-07
-8.71068550623022e-07
-8.68218194227666e-07
-8.68305505719036e-07
-8.67041308083571e-07
-8.67386916070245e-07
-8.66080881678499e-07
-8.67185008246452e-07
-8.6879481386859e-07
-8.67790731717832e-07
-8.69466020958498e-07
-8.65838956087828e-07
-8.65606125444174e-07
-8.67097696755081e-07
-8.67550625116564e-07
-8.65518813952804e-07
-8.67210474098101e-07
-8.6888212535996e-07
-8.67905328050256e-07
-8.65402398630977e-07
-8.6343425209634e-07
-8.63436071085744e-07
-8.61728040035814e-07
-8.60840373206884e-07
-8.61473381519318e-07
-8.60569343785755e-07
-8.65584297571331e-07
-8.64911271492019e-07
-8.65577021613717e-07
-8.63081368152052e-07
-8.62124579725787e-07
-8.60305590322241e-07
-8.60143700265326e-07
-8.59714418766089e-07
-8.63918103277683e-07
-8.64438334247097e-07
-8.65755282575265e-07
-8.64187313709408e-07
-8.64851244841702e-07
-8.65054971654899e-07
-8.64371031639166e-07
-8.6452200775966e-07
-8.66508344188333e-07
-8.65351466927677e-07
-8.66521077114157e-07
-8.66470145410858e-07
-8.64265530253761e-07
-8.66320988279767e-07
-8.65640686242841e-07
-8.66888512973674e-07
-8.67505150381476e-07
-8.65944457473233e-07
-8.66728441906162e-07
-8.65602487465367e-07
-8.67659764480777e-07
-8.69300492922775e-07
-8.67750713950954e-07
-8.68058123160154e-07
-8.67908966029063e-07
-8.66515620145947e-07
-8.66915797814727e-07
-8.64616595208645e-07
-8.65264155436307e-07
-8.66923073772341e-07
-8.65609763422981e-07
-8.67550625116564e-07
-8.68905772222206e-07
-8.70386429596692e-07
-8.71155862114392e-07
-8.6742511484772e-07
-8.67226845002733e-07
-8.65862602950074e-07
-8.67879862198606e-07
-8.69129507918842e-07
-8.69786163093522e-07
-8.71559677761979e-07
-8.70835719979368e-07
-8.72722011990845e-07
-8.73778844834305e-07
-8.73495082487352e-07
-8.69238647283055e-07
-8.69413270265795e-07
-8.69433279149234e-07
-8.68774804985151e-07
-8.68680217536166e-07
-8.69191353558563e-07
-8.68070856085978e-07
-8.69631548994221e-07
-8.68716597324237e-07
-8.69806171976961e-07
-8.69516952661797e-07
-8.69873474584892e-07
-8.69526047608815e-07
-8.72274540597573e-07
-8.71103111421689e-07
-8.68207280291244e-07
-8.69193172547966e-07
-8.67874405230395e-07
-8.68136339704506e-07
-8.68085408001207e-07
-8.66559275891632e-07
-8.67839844431728e-07
-8.67034032125957e-07
-8.66621121531352e-07
-8.67647031554952e-07
-8.66310074343346e-07
-8.67745256982744e-07
-8.68067218107171e-07
-8.6876934801694e-07
-8.7016451288946e-07
-8.69793439051136e-07
-8.67201379151084e-07
-8.68689312483184e-07
-8.68933057063259e-07
-8.67845301399939e-07
-8.6574800661765e-07
-8.65080437506549e-07
-8.675688150106e-07
-8.67141352500767e-07
-8.63956302055158e-07
-8.67787093739025e-07
-8.67070411914028e-07
-8.67556082084775e-07
-8.66859409143217e-07
-8.67164999363013e-07
-8.6514228314627e-07
-8.6682484834455e-07
-8.6686122813262e-07
-8.68076313054189e-07
-8.68811184773222e-07
-8.6682484834455e-07
-8.65873516886495e-07
-8.64210960571654e-07
-8.65320544107817e-07
-8.63839886733331e-07
-8.62250089994632e-07
-8.65651600179262e-07
-8.66992195369676e-07
-8.65971742314287e-07
-8.66650225361809e-07
-8.66479240357876e-07
-8.66073605720885e-07
-8.64953108248301e-07
-8.64331013872288e-07
-8.62217348185368e-07
-8.60349246067926e-07
-8.62079104990698e-07
-8.60476575326174e-07
-8.6514774011448e-07
-8.6494765128009e-07
-8.66992195369676e-07
-8.65789843373932e-07
-8.63827153807506e-07
-8.63867171574384e-07
-8.64331013872288e-07
-8.65356923895888e-07
-8.65526089910418e-07
-8.67434209794737e-07
-8.6753789219074e-07
-8.67497874423862e-07
-8.66217305883765e-07
-8.67101334733889e-07
-8.67503331392072e-07
-8.67996277520433e-07
-8.66364644025452e-07
-8.6614272731822e-07
-8.64294634084217e-07
-8.63532477524132e-07
-8.65793481352739e-07
-8.65751644596457e-07
-8.66490154294297e-07
-8.66692062118091e-07
-8.65104084368795e-07
-8.63235982251354e-07
-8.63847162690945e-07
-8.60998625284992e-07
-8.61900844029151e-07
-8.60862201079726e-07
-8.60105501487851e-07
-8.58270141179673e-07
-8.58683051774278e-07
-8.63763489178382e-07
-8.63501554704271e-07
-8.63325112732127e-07
-8.63212335389107e-07
-8.60523869050667e-07
-8.6026375356596e-07
-8.58561179484241e-07
-8.59154170029797e-07
-8.59305146150291e-07
-8.64683897816576e-07
-8.63914465298876e-07
-8.64345565787517e-07
-8.64542016643099e-07
-8.64542016643099e-07
-8.6203908722382e-07
-8.65642505232245e-07
-8.66211848915555e-07
-8.66930349729955e-07
-8.67794369696639e-07
-8.68325514602475e-07
-8.67885319166817e-07
-8.66863047122024e-07
-8.6574254964944e-07
-8.65413312567398e-07
-8.63094101077877e-07
-8.63468812895007e-07
-8.61591615830548e-07
-8.60449290485121e-07
-8.60572981764562e-07
-8.60023646964692e-07
-8.59226929605938e-07
-8.57684426591732e-07
-8.5801730165258e-07
-8.62843080540188e-07
-8.62724846228957e-07
-8.62812157720327e-07
-8.63552486407571e-07
-8.63552486407571e-07
-8.6126965470612e-07
-8.66244590724818e-07
-8.66184564074501e-07
-8.67172275320627e-07
-8.66730260895565e-07
-8.68294591782615e-07
-8.66699338075705e-07
-8.65507900016382e-07
-8.66881237016059e-07
-8.67828930495307e-07
-8.68354618432932e-07
-8.67001290316693e-07
-8.68300048750825e-07
-8.67268681759015e-07
-8.66935806698166e-07
-8.67121343617328e-07
-8.68058123160154e-07
-8.69365976541303e-07
-8.70119038154371e-07
-8.73176759341732e-07
-8.73429598868825e-07
-8.74075340107083e-07
-8.7299122242257e-07
-8.764436643105e-07
-8.75485056894831e-07
-8.7079570221249e-07
-8.70062649482861e-07
-8.68822098709643e-07
-8.68903953232802e-07
-8.6948239186313e-07
-8.70068106451072e-07
-8.67292328621261e-07
-8.68792994879186e-07
-8.68541974341497e-07
-8.6657382780686e-07
-8.66129994392395e-07
-8.68849383550696e-07
-8.66572008817457e-07
-8.65367837832309e-07
-8.64713001647033e-07
-8.66464688442647e-07
-8.64452886162326e-07
-8.64823960000649e-07
-8.64794856170192e-07
-8.65693436935544e-07
-8.66262780618854e-07
-8.66928530740552e-07
-8.65826223162003e-07
-8.67226845002733e-07
-8.68549250299111e-07
-8.70502844918519e-07
-8.67246853886172e-07
-8.67263224790804e-07
-8.65473339217715e-07
-8.66721165948547e-07
-8.66053596837446e-07
-8.63417881191708e-07
-8.6508589447476e-07
-8.65218680701219e-07
-8.67496055434458e-07
-8.65673428052105e-07
-8.66366463014856e-07
-8.67987182573415e-07
-8.69327777763829e-07
-8.70624717208557e-07
-8.70555595611222e-07
-8.72681994223967e-07
-8.74075340107083e-07
-8.74062607181258e-07
-8.74571924214251e-07
-8.75685145729221e-07
-8.7752596300561e-07
-8.76867488841526e-07
-8.70102667249739e-07
-8.70068106451072e-07
-8.67614289745688e-07
-8.67739800014533e-07
-8.6691215983592e-07
-8.67752532940358e-07
-8.66293703438714e-07
-8.66471964400262e-07
-8.65396941662766e-07
-8.63548848428763e-07
-8.66528353071772e-07
-8.67477865540422e-07
-8.65609763422981e-07
-8.65920810610987e-07
-8.64160028868355e-07
-8.65251422510482e-07
-8.63385139382444e-07
-8.63898094394244e-07
-8.63374225446023e-07
-8.62108208821155e-07
-8.61185981193557e-07
-8.6183354142122e-07
-8.62586603034288e-07
-8.63814420881681e-07
-8.64924004417844e-07
-8.67034032125957e-07
-8.6920044850558e-07
-8.68607457960024e-07
-8.68792994879186e-07
-8.67927155923098e-07
-8.69213181431405e-07
-8.7082662503235e-07
-8.72420059749857e-07
-8.69962605065666e-07
-8.68403731146827e-07
-8.69260475155897e-07
-8.6731779447291e-07
-8.67952621774748e-07
-8.68421921040863e-07
-8.67257767822593e-07
-8.6753789219074e-07
-8.6674299382139e-07
-8.66137270350009e-07
-8.65800757310353e-07
-8.67898052092642e-07
-8.67918060976081e-07
-8.69020368554629e-07
-8.69560608407483e-07
