0.0
0.0
0.0
0.0
0.0
6.71791051606863e-12
2.38901572136019e-11
8.59855589507852e-11
3.18087306494519e-10
1.26121679766555e-09
4.01420896523064e-09
7.6049637698361e-09
1.04810258250154e-08
1.67953189134096e-08
2.34297914403214e-08
3.34843086591263e-08
4.82175863680823e-08
5.39390008214014e-08
6.57531487036067e-08
9.66001323376986e-08
1.74388233631362e-07
3.37038301267967e-07
4.31624584962265e-07
6.00027192376729e-07
8.48017293719749e-07
1.07903281332256e-06
1.58927252869034e-06
1.86777049293596e-06
1.96263295038079e-06
2.16775129047164e-06
2.21175218939607e-06
2.41735983763647e-06
2.75531624538417e-06
3.85444809580804e-06
3.9363026189676e-06
3.94347671317519e-06
3.94809376302874e-06
3.95434153688257e-06
3.96372206523665e-06
3.97731901102816e-06
3.9971441765374e-06
4.02073783334345e-06
4.02197929361137e-06
4.0194299799623e-06
4.01124316340429e-06
4.00546650780598e-06
3.98795464207069e-06
3.96875248043216e-06
4.05312130169477e-06
4.03462490794482e-06
4.01236957259243e-06
3.99159262087778e-06
3.96914765588008e-06
3.94568814954255e-06
3.9227852539625e-06
3.89976958103944e-06
3.87838872484281e-06
3.85146540793357e-06
3.8414495975303e-06
3.81882091460284e-06
3.79023731511552e-06
3.76410207536537e-06
3.75476292902022e-06
3.73009993381856e-06
3.7001593682362e-06
3.67396114597796e-06
3.66511380889278e-06
3.63010781256889e-06
3.62284913535404e-06
3.59509772351885e-06
3.57093676939257e-06
3.5652190035762e-06
3.54677922587143e-06
3.52634879163816e-06
3.52025722349936e-06
3.49388801623718e-06
3.49046467817971e-06
3.46518140759144e-06
3.46032493325765e-06
3.43649458045547e-06
3.41473037224205e-06
3.40865062753437e-06
3.38493555318564e-06
3.38080030815036e-06
3.35571826326486e-06
3.35292111230956e-06
3.31998876390571e-06
3.31999035552144e-06
3.29404815602174e-06
3.28705777974392e-06
3.27982706949115e-06
3.2541399832553e-06
3.23941458191257e-06
3.214408252461e-06
3.21315155815682e-06
3.1746792501508e-06
3.17468538924004e-06
3.1369881980936e-06
3.13495502268779e-06
3.09444567392347e-06
3.08797939396754e-06
3.08796165882086e-06
3.04100149151054e-06
3.04101354231534e-06
3.0352714475157e-06
2.9940388230898e-06
2.99403586723201e-06
2.94149367618957e-06
2.94150822810479e-06
2.93541620521864e-06
2.88898763756151e-06
2.88900491796085e-06
2.86138106275757e-06
2.83647796095465e-06
2.83626582131546e-06
2.77435196949227e-06
2.77434878626082e-06
2.77435128737125e-06
2.71522185357753e-06
2.71223461822956e-06
2.71224644166068e-06
2.6740488010546e-06
2.65015432887594e-06
2.6501722913963e-06
2.64804862126766e-06
2.61943819168664e-06
2.59134708358033e-06
2.59135345004324e-06
2.59135799751675e-06
2.54431301982549e-06
2.53253779192164e-06
2.53254393101088e-06
