0.0
1.1413884948297e-08
1.14168905440692e-08
1.14168940967829e-08
1.14168949849613e-08
1.14168949849613e-08
1.14168949849613e-08
1.14168949849613e-08
1.14168949849613e-08
1.14168949849613e-08
1.14168949849613e-08
1.14168949849613e-08
1.14168949849613e-08
1.14168949849613e-08
1.14168949849613e-08
1.14168949849613e-08
1.14168949849613e-08
1.14168949849613e-08
1.14168949849613e-08
1.14168949849613e-08
1.14168949849613e-08
1.14168949849613e-08
1.14168949849613e-08
1.14168949849613e-08
1.14168949849613e-08
1.14168949849613e-08
1.14168949849613e-08
1.14168949849613e-08
1.14168949849613e-08
1.14168949849613e-08
1.14168949849613e-08
1.14168949849613e-08
1.14168949849613e-08
1.61282436295096e-08
2.57408578363538e-06
1.20028016681317e-05
2.91413671220653e-05
5.79840525460895e-05
0.00010001847113017
0.000152783133671619
0.00020967515592929
0.000267212453763932
0.000320783728966489
0.00039206093060784
0.000481607799883932
0.000582143489737064
0.000691806082613766
0.000825398892629892
0.000968382926657796
0.00111607939470559
0.00115427142009139
0.00118651543743908
0.00124083226546645
0.00133055984042585
0.00147594849113375
0.00164514989592135
0.00182118616066873
0.0020021942909807
0.00222234078682959
0.00244297040626407
0.00267763831652701
0.00292656198143959
0.00319935032166541
0.00349055230617523
0.00377812306396663
0.00406089518219233
0.00435949442908168
0.0044279876165092
0.00442805513739586
0.00442813662812114
0.00442828563973308
0.00442851660773158
0.00442885421216488
0.00442920019850135
0.00442968681454659
0.00443033827468753
0.00443062279373407
0.00443092919886112
0.00443121697753668
0.0044315168634057
0.00443179719150066
0.004431979265064
0.00443215249106288
0.00443234015256166
0.00443249195814133
0.00443264190107584
0.0044327643699944
0.00443287240341306
0.00443302746862173
0.0044331974349916
0.00443338975310326
0.00443359045311809
0.00443377485498786
0.00443388801068068
0.00443388381972909
0.00443389313295484
0.00443397648632526
0.00443360675126314
0.00443291896954179
0.00443210080265999
0.00443117041140795
0.00443022232502699
0.00442928774282336
0.00442827539518476
0.00442719599232078
0.00442619761452079
0.00442533008754253
0.00442446861416101
0.00442353915423155
0.00442288350313902
