0.0
0.0
0.0
5.3083608619886e-09
5.18204785748821e-08
8.2563424541604e-08
1.2467292265228e-07
1.93165035966558e-07
2.52734793093623e-07
2.82143787444511e-07
2.87135407006645e-07
3.09866805991987e-07
3.36339496698201e-07
3.81374206881446e-07
4.74997506216823e-07
5.14394400852325e-07
5.4744657518313e-07
5.82944096549909e-07
6.7624137045641e-07
9.18350281153835e-07
1.24923576549918e-06
1.64170216976345e-06
2.02753858502547e-06
2.37688504967082e-06
2.77736012321839e-06
3.22160553878348e-06
3.9607475628145e-06
4.1688126657391e-06
4.39091809312231e-06
4.47729189545498e-06
4.51042296845117e-06
4.55938561572111e-06
4.55968438473064e-06
4.55979625257896e-06
4.55980716651538e-06
4.55982262792531e-06
4.55982444691472e-06
4.55982444691472e-06
4.55982444691472e-06
4.55982444691472e-06
