0.0
4.06895594551315e-07
4.63043562604071e-07
6.67806887122424e-07
6.67806887122424e-07
6.67806887122424e-07
6.67806887122424e-07
6.67806887122424e-07
6.67806887122424e-07
6.67806887122424e-07
6.8663860020024e-07
6.8663860020024e-07
6.8663860020024e-07
6.8663860020024e-07
6.8663860020024e-07
6.8663860020024e-07
6.8663860020024e-07
6.8663860020024e-07
6.8663860020024e-07
6.8663860020024e-07
6.8663860020024e-07
6.8663860020024e-07
6.8663860020024e-07
6.8663860020024e-07
6.8663860020024e-07
6.8663860020024e-07
6.8663860020024e-07
6.8663860020024e-07
6.8663860020024e-07
6.8663860020024e-07
6.8663860020024e-07
6.8663860020024e-07
6.8663860020024e-07
6.8663860020024e-07
6.8663860020024e-07
6.8663860020024e-07
6.8663860020024e-07
6.8663860020024e-07
6.8663860020024e-07
6.8663860020024e-07
6.8663860020024e-07
6.8663860020024e-07
6.8663860020024e-07
6.8663860020024e-07
6.8663860020024e-07
6.8663860020024e-07
6.8663860020024e-07
6.8663860020024e-07
6.8663860020024e-07
6.8663860020024e-07
6.8663860020024e-07
6.8663860020024e-07
6.8663860020024e-07
6.8663860020024e-07
6.8663860020024e-07
6.8663860020024e-07
6.8663860020024e-07
6.8663860020024e-07
6.89734065417724e-07
6.92529511070461e-07
7.03216130659712e-07
7.20623404504295e-07
7.45583292882657e-07
7.75428986798943e-07
8.47685555527278e-07
9.09818709260435e-07
9.32514637952409e-07
1.04967239167308e-06
1.05537526451371e-06
1.05557614915597e-06
1.05557614915597e-06
1.05557614915597e-06
1.05557614915597e-06
1.05557614915597e-06
1.05557614915597e-06
1.05557614915597e-06
1.05557614915597e-06
1.05557614915597e-06
1.05608796729939e-06
1.05750439161056e-06
1.05934248040285e-06
1.06127538401779e-06
1.06732136373466e-06
1.06732136373466e-06
1.06732136373466e-06
1.06732136373466e-06
1.07182199826639e-06
1.35493917241547e-06
1.35493917241547e-06
1.35493917241547e-06
1.35493917241547e-06
1.35493917241547e-06
1.35493917241547e-06
1.35493917241547e-06
1.35493917241547e-06
1.35493917241547e-06
1.35493917241547e-06
1.35493917241547e-06
1.35493917241547e-06
1.35493917241547e-06
1.35493917241547e-06
1.35493917241547e-06
1.35493917241547e-06
1.35493917241547e-06
1.35493917241547e-06
1.35493917241547e-06
1.35493917241547e-06
1.35493917241547e-06
1.35493917241547e-06
1.35493917241547e-06
1.35493917241547e-06
1.35493917241547e-06
1.35493917241547e-06
1.35493917241547e-06
1.35493917241547e-06
1.35493917241547e-06
1.35493917241547e-06
1.35493917241547e-06
1.35493917241547e-06
1.35493917241547e-06
1.35493917241547e-06
1.35493917241547e-06
1.35493917241547e-06
1.35493917241547e-06
1.35493917241547e-06
1.35493917241547e-06
1.35493917241547e-06
1.35493917241547e-06
1.35493917241547e-06
1.35493917241547e-06
1.35493917241547e-06
1.35493917241547e-06
1.35493917241547e-06
1.35493917241547e-06
1.35493917241547e-06
1.35493917241547e-06
1.35493917241547e-06
1.35493917241547e-06
1.35493917241547e-06
1.35493917241547e-06
1.35493917241547e-06
1.35493917241547e-06
1.35493917241547e-06
1.35493917241547e-06
1.35493917241547e-06
1.35497896280867e-06
1.35502421017009e-06
1.35503773890377e-06
1.35506229526072e-06
1.35508344101254e-06
1.35509174015169e-06
1.35509912979614e-06
1.35510390464333e-06
1.3551264146372e-06
1.35512925680814e-06
1.3551324400396e-06
1.35513914756302e-06
1.35513948862354e-06
1.35513948862354e-06
1.35513948862354e-06
1.35513948862354e-06
1.35513948862354e-06
1.35513948862354e-06
1.35513948862354e-06
1.35513948862354e-06
1.35513948862354e-06
1.35513948862354e-06
1.35513948862354e-06
1.35513948862354e-06
1.35513948862354e-06
1.35513948862354e-06
1.35513948862354e-06
1.35513948862354e-06
1.35513948862354e-06
1.35513948862354e-06
1.35513948862354e-06
1.35513948862354e-06
1.35513948862354e-06
1.35513948862354e-06
1.35513948862354e-06
1.35513948862354e-06
1.35513948862354e-06
1.35513948862354e-06
1.35513948862354e-06
1.35513948862354e-06
1.35513948862354e-06
1.35513948862354e-06
1.35513948862354e-06
1.35513948862354e-06
1.35513948862354e-06
1.35513948862354e-06
1.35513948862354e-06
1.35513948862354e-06
1.35513948862354e-06
1.35513948862354e-06
1.35513948862354e-06
1.35513948862354e-06
1.35513948862354e-06
1.35513948862354e-06
1.35513948862354e-06
1.35513948862354e-06
1.35513948862354e-06
1.35513948862354e-06
1.35513948862354e-06
1.35513948862354e-06
1.35513948862354e-06
1.35513948862354e-06
1.35513948862354e-06
1.35513948862354e-06
1.35513948862354e-06
1.35513948862354e-06
1.35513948862354e-06
1.35513948862354e-06
1.35513948862354e-06
1.35513948862354e-06
1.35513948862354e-06
1.35513948862354e-06
1.35513948862354e-06
1.35513948862354e-06
1.35513948862354e-06
1.35513948862354e-06
1.35513948862354e-06
1.35513948862354e-06
1.35513948862354e-06
1.35513948862354e-06
1.35513948862354e-06
1.35513948862354e-06
1.35513948862354e-06
1.35513948862354e-06
1.35513948862354e-06
1.35513948862354e-06
1.35513948862354e-06
1.35513948862354e-06
1.35513948862354e-06
1.35513948862354e-06
1.35513948862354e-06
1.35513948862354e-06
1.35513948862354e-06
1.35513948862354e-06
1.35513948862354e-06
1.35513948862354e-06
1.35513948862354e-06
1.35513948862354e-06
1.35513948862354e-06
1.35513948862354e-06
1.35513948862354e-06
1.35513948862354e-06
1.35513948862354e-06
1.35513948862354e-06
1.35513948862354e-06
1.35513948862354e-06
1.35513948862354e-06
1.35513948862354e-06
1.35513948862354e-06
1.35513948862354e-06
1.35513948862354e-06
1.35513948862354e-06
1.35513948862354e-06
1.35513948862354e-06
1.35513948862354e-06
1.35513948862354e-06
1.35513948862354e-06
1.35513948862354e-06
1.35513948862354e-06
1.35513948862354e-06
1.35513948862354e-06
1.35513948862354e-06
1.35513948862354e-06
1.35513948862354e-06
1.35513948862354e-06
1.35513948862354e-06
1.35513948862354e-06
1.35513948862354e-06
1.35513948862354e-06
1.35513948862354e-06
1.35513948862354e-06
1.35513948862354e-06
1.35513948862354e-06
1.35513948862354e-06
1.35513948862354e-06
1.35513948862354e-06
1.35513948862354e-06
1.35513948862354e-06
1.35513948862354e-06
1.35513948862354e-06
1.35513948862354e-06
1.35513948862354e-06
1.35513948862354e-06
1.35513948862354e-06
1.35513948862354e-06
1.35513948862354e-06
1.35513948862354e-06
1.35513948862354e-06
1.35513948862354e-06
1.35513948862354e-06
1.35513948862354e-06
1.35513948862354e-06
1.35513948862354e-06
1.35513948862354e-06
1.35513948862354e-06
1.35513948862354e-06
1.35513948862354e-06
1.35513948862354e-06
1.35513948862354e-06
1.35513948862354e-06
1.35513948862354e-06
1.35513948862354e-06
1.35513948862354e-06
1.35513948862354e-06
1.35513948862354e-06
1.35513948862354e-06
1.35513948862354e-06
1.35513948862354e-06
1.35513948862354e-06
1.35513948862354e-06
1.35513948862354e-06
1.35513948862354e-06
1.35513948862354e-06
1.35513948862354e-06
1.35513948862354e-06
1.35513948862354e-06
1.35513948862354e-06
1.35513948862354e-06
1.35513948862354e-06
1.35513948862354e-06
1.35513948862354e-06
1.35513948862354e-06
1.35513948862354e-06
1.35513948862354e-06
1.35513948862354e-06
1.35513948862354e-06
1.35513948862354e-06
1.35513948862354e-06
1.35513948862354e-06
1.35513948862354e-06
1.35513948862354e-06
1.35513948862354e-06
1.35513948862354e-06
1.35513948862354e-06
1.35513948862354e-06
1.35513948862354e-06
1.35513948862354e-06
1.35513948862354e-06
1.35513948862354e-06
1.35513948862354e-06
1.35513948862354e-06
1.35513948862354e-06
1.35513948862354e-06
1.35513948862354e-06
1.35513948862354e-06
1.35513948862354e-06
1.35513948862354e-06
1.35513948862354e-06
1.35513948862354e-06
1.35513948862354e-06
1.35513948862354e-06
1.35513948862354e-06
1.35513948862354e-06
1.35513948862354e-06
1.35513948862354e-06
1.35513948862354e-06
1.35513948862354e-06
1.35513948862354e-06
1.35513948862354e-06
1.35513948862354e-06
1.35513948862354e-06
1.35513948862354e-06
1.35513948862354e-06
1.35513948862354e-06
1.35513948862354e-06
1.35513948862354e-06
1.35513948862354e-06
1.35513948862354e-06
1.35513948862354e-06
1.35513948862354e-06
1.35513948862354e-06
1.35513948862354e-06
1.35513948862354e-06
1.35513948862354e-06
1.35513948862354e-06
1.35513948862354e-06
1.35513948862354e-06
1.35513948862354e-06
1.35513948862354e-06
1.35513948862354e-06
1.35513948862354e-06
1.35513948862354e-06
1.35513948862354e-06
1.35513948862354e-06
1.35513948862354e-06
1.35513948862354e-06
1.35513948862354e-06
1.35513948862354e-06
1.35513948862354e-06
1.35513948862354e-06
1.35513948862354e-06
1.35513948862354e-06
1.35513948862354e-06
1.35513948862354e-06
1.35513948862354e-06
1.35513948862354e-06
1.35513948862354e-06
1.35513948862354e-06
1.35513948862354e-06
1.35513948862354e-06
1.35513948862354e-06
1.35513948862354e-06
1.35513948862354e-06
1.35513948862354e-06
1.35513948862354e-06
1.35513948862354e-06
1.35513948862354e-06
1.35513948862354e-06
1.35513948862354e-06
1.35513948862354e-06
1.35513948862354e-06
1.35513948862354e-06
1.35513948862354e-06
1.35513948862354e-06
1.35513948862354e-06
1.35513948862354e-06
1.35513948862354e-06
1.35513948862354e-06
1.35513948862354e-06
1.35513948862354e-06
1.35513948862354e-06
1.35513948862354e-06
1.35513948862354e-06
1.35513948862354e-06
1.35513948862354e-06
1.35513948862354e-06
1.35513948862354e-06
1.35513948862354e-06
1.35513948862354e-06
1.35513948862354e-06
1.35513948862354e-06
1.35513948862354e-06
1.35513948862354e-06
1.35513948862354e-06
1.35513948862354e-06
1.35513948862354e-06
1.35513948862354e-06
1.35513948862354e-06
1.35513948862354e-06
1.35513948862354e-06
1.35513948862354e-06
1.35513948862354e-06
1.35513948862354e-06
1.35513948862354e-06
1.35513948862354e-06
1.35513948862354e-06
1.35513948862354e-06
1.35513948862354e-06
1.35513948862354e-06
1.35513948862354e-06
1.35513948862354e-06
1.35513948862354e-06
1.35513948862354e-06
1.35513948862354e-06
1.35513948862354e-06
1.35513948862354e-06
1.35513948862354e-06
1.35513948862354e-06
1.35513948862354e-06
1.35513948862354e-06
1.35513948862354e-06
1.35513948862354e-06
1.35513948862354e-06
1.35513948862354e-06
1.35513948862354e-06
1.35513948862354e-06
1.35513948862354e-06
1.35513948862354e-06
1.35513948862354e-06
1.35513948862354e-06
1.35513948862354e-06
1.35513948862354e-06
1.35513948862354e-06
1.35513948862354e-06
1.35513948862354e-06
1.35513948862354e-06
1.35513948862354e-06
1.35513948862354e-06
1.35513948862354e-06
1.35513948862354e-06
1.35513948862354e-06
1.35513948862354e-06
1.35513948862354e-06
1.35513948862354e-06
1.35513948862354e-06
1.35513948862354e-06
1.35513948862354e-06
1.35513948862354e-06
1.35513948862354e-06
1.35513948862354e-06
1.35513948862354e-06
1.35513948862354e-06
1.35513948862354e-06
1.35513948862354e-06
1.35513948862354e-06
1.35513948862354e-06
