0.0
-4.73268094839064e-33
-2.36789702512397e-07
-1.23362428894325e-06
-1.34111530769587e-06
-1.72741408732691e-06
-3.14800831802131e-06
-5.59028558200225e-06
-5.89909541304223e-06
-6.1544201344077e-06
-5.6793651310727e-06
-5.52004485143698e-06
-5.30730949321878e-06
-5.08150378664141e-06
-4.77246749142068e-06
-5.0164012463938e-06
-5.29797989656799e-06
-5.40244036528748e-06
-6.61477588437265e-06
-8.218051334552e-06
-9.73984606389422e-06
-1.15514467324829e-05
-1.44731347972993e-05
-1.96438759303419e-05
-2.14020528801484e-05
-2.34689505305141e-05
-2.44184502662392e-05
-2.723905890889e-05
-3.05400171782821e-05
-3.1518648029305e-05
-3.27131056110375e-05
-3.47242093994282e-05
-3.5483008105075e-05
-3.65853447874542e-05
-3.82211510441266e-05
-3.86242390959524e-05
-3.90200621041004e-05
-3.97170006181113e-05
-4.07374245696701e-05
-4.27840968768578e-05
-4.35736037616152e-05
-4.47229504061397e-05
-4.63798569398932e-05
-5.21568836120423e-05
-6.7602020862978e-05
-9.56326548475772e-05
-0.000130268352222629
-0.000193572006537579
-0.000263730675214902
-0.00032279608421959
-0.000345802400261164
-0.000388584128813818
-0.000454043154604733
-0.00047901167999953
-0.000517007254529744
-0.000520541274454445
-0.000525820185430348
-0.000533749640453607
-0.000545638846233487
-0.000550081196706742
-0.000556752143893391
-0.000566760078072548
-0.000581782311201096
-0.000587395625188947
-0.000595850753597915
-0.000608559348620474
-0.000627640692982823
-0.000656371004879475
-0.000667138781864196
-0.000671174435410649
-0.000677213305607438
-0.000679475837387145
-0.000682868121657521
-0.000687957624904811
-0.000689862994477153
-0.000692723086103797
-0.000697010080330074
-0.000698618125170469
-0.000701028562616557
-0.000704642268829048
-0.000710063788574189
-0.000718184455763549
-0.000730375468265265
-0.000748667342122644
-0.000776061438955367
-0.000778637360781431
-0.000779602327384055
-0.000781049486249685
-0.000783218536525965
-0.000786471529863775
-0.000791348284110427
-0.000798655673861504
-0.000809588120318949
-0.000825939874630421
-0.000832052552141249
-0.000840745284222066
-0.000853034493047744
-0.000871025607921183
-0.000877757905982435
-0.000887779577169567
-0.000891565519850701
-0.000897277728654444
-0.000899435894098133
-0.000902701867744327
-0.000907692534383386
-0.000908164540305734
-0.000908342946786433
-0.000908410002011806
-0.000908435089513659
-0.000908444577362388
-0.00090845872182399
-0.000908464018721133
-0.000908465997781605
-0.000908466754481196
-0.000908467045519501
-0.000908467452973127
-0.000908467569388449
-0.000908467802219093
-0.000908467860426754
-0.000908467860426754
-0.000908467860426754
-0.000908467860426754
