0.0
3.00261405072888e-07
7.66411176300608e-07
1.00487648069247e-06
1.18286482120311e-06
1.2128301705161e-06
1.58593502419535e-06
2.37944141190383e-06
3.61871116183465e-06
4.60223191112163e-06
5.59517138754018e-06
6.79207596476772e-06
7.62625313655008e-06
8.03775765234604e-06
8.04621231509373e-06
8.25547886051936e-06
9.10509879759047e-06
1.07181022031e-05
1.34006704683998e-05
1.66933550644899e-05
1.98679445020389e-05
2.40339013544144e-05
2.5306722818641e-05
2.70703912974568e-05
2.96255020657554e-05
3.46205088135321e-05
3.70828529412393e-05
4.15807662648149e-05
4.99432753713336e-05
7.10961176082492e-05
0.000124318059533834
0.000175638095242903
0.00023158552357927
0.000312415068037808
0.000339581718435511
0.000381955469492823
0.000398592674173415
0.000416136666899547
0.000434887915616855
0.000449479586677626
0.000464972050394863
0.000476938555948436
0.000489500816911459
0.000502209994010627
0.000521330861374736
0.000550075783394277
0.000593012722674757
0.000657966069411486
0.000755221699364483
0.000898894038982689
0.00105511769652367
0.00120643654372543
0.00135319784749299
0.00150272529572248
0.00165023270528764
0.0017944184364751
0.00194055039901286
0.00208377814851701
0.0022257340606302
0.00236355327069759
0.00250302976928651
0.00263890950009227
0.00277594057843089
0.00291005079634488
0.00303929182700813
0.00316651607863605
0.00329145533032715
0.00341599900275469
0.00353655754588544
0.00365417939610779
0.00376882031559944
0.00387940881773829
0.00398827437311411
0.00409591104835272
0.00420330511406064
0.00430774455890059
0.00441156513988972
0.00451579224318266
0.00461620232090354
0.0047139092348516
0.00480744149535894
0.00489681586623192
0.00498757930472493
0.00507713947445154
0.00516615761443973
0.00525464117527008
0.00534147070720792
0.00542607996612787
0.00550729734823108
0.00558756478130817
0.00566546572372317
0.00574218388646841
0.00581507245078683
0.00588591024279594
0.00595262879505754
0.00601842999458313
0.00607772450894117
0.00613628653809428
0.00619397964328527
0.00625255843624473
0.00631058216094971
0.00637103104963899
0.00643244991078973
0.0064916368573904
0.00655190926045179
0.0066122692078352
0.00667193485423923
0.00673036649823189
0.00678766891360283
0.00684281904250383
0.00689628021791577
0.00694874580949545
0.00700008310377598
0.00704987207427621
0.007096903398633
0.00714262202382088
0.00718617672100663
0.00722855189815164
0.00727140950039029
0.00731429224833846
0.00732248090207577
