0.0
0.0
0.0
1.74026908439373e-08
3.78260835987021e-08
5.39099893615003e-08
1.09020959371264e-07
2.11595406085507e-07
3.56819242597339e-07
5.21208278314589e-07
6.66189578168996e-07
8.21694641217618e-07
1.157408405561e-06
1.5756245375087e-06
2.36997061620059e-06
3.31444584844576e-06
4.39504037785809e-06
5.57762177777477e-06
6.86396742821671e-06
8.28429438115563e-06
9.41841062740423e-06
1.17563577077817e-05
1.50829655467533e-05
1.88256217370508e-05
2.2200900275493e-05
2.84650468529435e-05
4.10765678680036e-05
7.83841169322841e-05
0.000147423765156418
0.000221644499106333
0.000326307083014399
0.000436375878052786
0.000548784213606268
0.000670248817186803
0.000793189567048103
0.000918167061172426
0.00104454846587032
0.00118666177149862
0.00131370627786964
0.00143995846156031
0.00156641111243516
0.00169133138842881
0.00181531487032771
0.00193658075295389
0.00205634604208171
0.00217879423871636
0.00229723704978824
0.00241366517730057
0.00252463365904987
0.002633968135342
0.00274386256933212
0.00286315148696303
0.00296531920321286
0.00307430187240243
0.00318472785875201
0.00327852508053184
0.00337074766866863
0.00348883029073477
0.00357647123746574
0.0036561714950949
0.00377256167121232
0.00384963816031814
0.0039672339335084
0.00404306268319488
0.00411743856966496
0.00423271767795086
0.00430204812437296
0.00441798288375139
0.00448410492390394
0.00448459666222334
0.00447116233408451
0.00446786964312196
0.0044109346345067
0.00441092811524868
0.0043506994843483
0.00435072183609009
0.004288116004318
0.00428814440965652
0.00422837724909186
0.00422554044052958
0.00420589046552777
0.00416294485330582
0.00415143230929971
0.0040889261290431
0.00408894615247846
0.00402986444532871
0.00401489296928048
0.00401490274816751
0.0039408365264535
0.00394083093851805
0.00388698163442314
0.00386356445960701
0.00386358564719558
0.00378638133406639
0.00378640205599368
0.00378641556017101
0.00370920333079994
0.00370923127047718
0.00362836732529104
0.00361794792115688
0.00361796678043902
0.00358591508120298
0.0035266587510705
0.00352666154503822
0.00352662242949009
0.00343534420244396
0.00343535793945193
0.00338706979528069
0.0033440375700593
0.00334209878928959
0.00334210228174925
0.0033421057742089
0.00333696859888732
0.00324881775304675
0.00324880331754684
0.00324881682172418
