0.0
0.0
0.0
1.23137829177722e-06
3.24487882608082e-06
5.08881066707545e-06
7.15852320354315e-06
9.52289519773331e-06
1.10343999040197e-05
1.19160413305508e-05
1.24590642371913e-05
1.27300236272276e-05
1.37369088406558e-05
1.47060763993068e-05
1.66110385180218e-05
1.72053296410013e-05
1.65877900144551e-05
1.52194606926059e-05
1.28193560158252e-05
1.23098716358072e-05
1.23288846225478e-05
1.24618381960317e-05
1.27195862660301e-05
1.28584824778954e-05
1.3100734577165e-05
1.34443598653888e-05
1.35785076054162e-05
1.37391098178341e-05
1.37774004542734e-05
1.38245659400127e-05
1.38269715534989e-05
1.38285031425767e-05
1.38298300953466e-05
1.38304067149875e-05
1.38302621053299e-05
1.38276336656418e-05
1.38180193971493e-05
1.380629146297e-05
1.37921642817673e-05
1.37700171762845e-05
1.37361375891487e-05
1.36832632051664e-05
1.36129110615002e-05
1.35441669044667e-05
1.34834554046392e-05
1.34048459585756e-05
1.33114444906823e-05
1.3192023288866e-05
1.29879235828412e-05
1.27175762827392e-05
1.26666827782174e-05
1.22171340990462e-05
1.16350793177844e-05
1.10539704110124e-05
1.05142153188353e-05
1.02126878118725e-05
9.6799722086871e-06
9.08237325347727e-06
8.48590570967644e-06
7.99594545242144e-06
7.53987615098595e-06
6.93132415108266e-06
6.08521440881304e-06
5.12283259013202e-06
4.1934363252949e-06
3.32655235979473e-06
2.57544661508291e-06
2.23643701247056e-06
1.97065969587129e-06
1.7911769418788e-06
1.71538056292775e-06
1.75012019099086e-06
1.84421151061542e-06
1.98460770661768e-06
2.15877025766531e-06
2.56209727922396e-06
3.16827276947151e-06
4.06382605433464e-06
4.94662708661053e-06
4.92262097395724e-06
3.66389599548711e-06
2.38220059145533e-06
2.38123311646632e-06
2.38053598877741e-06
2.37965946325858e-06
2.37843232753221e-06
2.37679250858491e-06
2.37538142755511e-06
2.37584299611626e-06
2.37602603192499e-06
2.37667109104223e-06
2.37756898968655e-06
2.37777931033634e-06
2.37901053878886e-06
2.38004963648564e-06
2.3813915959181e-06
2.38185862144746e-06
2.38280949815817e-06
2.38361326410086e-06
2.38407710639876e-06
2.38418988374178e-06
2.38465372603969e-06
2.38468896895938e-06
2.38400161833852e-06
2.38384200201835e-06
2.38338634517277e-06
2.38368056670879e-06
2.38275333686033e-06
2.38162078858295e-06
2.38148163589358e-06
2.38048096434795e-06
2.37898757404764e-06
2.37769904742891e-06
2.3755287656968e-06
2.37307835959655e-06
2.37053359342099e-06
2.37084259424591e-06
2.37112340073509e-06
2.37103768085944e-06
2.3717352632957e-06
2.37242579714803e-06
2.37307654060714e-06
2.37420385928999e-06
2.37516701417917e-06
2.37731342167535e-06
2.3787074496795e-06
2.37944186665118e-06
2.38033248933789e-06
2.38057350543386e-06
