0.0
7.63204894838054e-08
7.63082397270409e-08
7.64285061904957e-08
1.10104906525521e-07
2.7240625399827e-07
6.91769400873454e-07
1.61098955686612e-06
2.86732120002853e-06
4.10768006986473e-06
5.85095267524594e-06
8.99224232853157e-06
1.24919588415651e-05
1.64102420967538e-05
2.21200916712405e-05
2.99156781693455e-05
4.09004387620371e-05
6.70350564178079e-05
0.000117959592898842
0.000131399894598871
0.000145260593853891
0.000173456326592714
0.000298502476653084
0.000410069857025519
0.000511732825543731
0.0006445751641877
0.000850876152981073
0.00110530690290034
0.00132510694675148
0.00150447420310229
0.00163306063041091
0.00173196336254478
0.00175807834602892
0.00175755482632667
0.00175675132777542
0.00175555446185172
0.00175389391370118
0.00175168074201792
0.00174771423917264
0.00174251943826675
0.00173438165802509
0.00172597612254322
0.00171794521156698
0.00171058555133641
0.00170223508030176
0.00169359322171658
0.00168535928241909
0.00167683011386544
0.00166752375662327
0.00165973627008498
0.00165018544066697
0.00164225650951266
0.00163392373360693
0.00162429211195558
0.00161660648882389
0.00160663085989654
0.00159912125673145
0.00158925307914615
0.0015810850309208
0.00157125887926668
0.00156330259051174
0.00155355746392161
0.00154524599201977
0.0015367103042081
0.00152691605035216
0.00151857954915613
0.00150914781261235
0.00150058709550649
0.00149125827010721
0.00148368044756353
0.00147295196074992
0.00146481802221388
0.00145608477760106
0.00144643418025225
0.00143809453584254
0.00142962706740946
0.00142115564085543
0.00141078582964838
0.00140291103161871
0.00139312888495624
0.00138423359021544
0.00137622095644474
0.00136741413734853
0.00135899754241109
0.00134878570679575
0.00134001695550978
0.00133218581322581
0.00132192403543741
0.00131205993238837
0.00130745698697865
0.0012965447967872
0.00128748640418053
0.00127881963271648
0.00126900942996144
0.00126110878773034
0.00125155912246555
0.0012410698691383
0.00123664550483227
0.00122619466856122
0.00121637363918126
0.00120997265912592
0.00119805487338454
0.00118839042261243
0.00118380470667034
0.00116952869575471
0.0011620067525655
0.00116078043356538
0.00116032781079412
0.00115967227611691
0.00115967227611691
