0.0
1.15852316184828e-07
1.26863153582235e-06
1.05566823549452e-05
3.12875308736693e-05
6.88550571794622e-05
0.000130716725834645
0.000211604739888571
0.000234436927712522
0.000270582095254213
0.000308247923385352
0.000317786179948598
0.00032736305729486
0.000337488803779706
0.00034750034683384
0.00034993898589164
0.000352377537637949
0.000354835385223851
0.000354990916093811
0.000354991410858929
0.000354991556378081
0.000354991701897234
0.000354991847416386
0.000354991905624047
0.000354991934727877
0.000354991963831708
0.000354992022039369
0.000354992022039369
0.000354992051143199
0.00035499210935086
0.00035499210935086
0.000354992138454691
0.000354992167558521
0.000354992196662351
0.000354992196662351
0.000354992225766182
0.000354992254870012
0.000354992254870012
0.000354992283973843
0.000354992313077673
0.000354992342181504
0.000354992342181504
0.000354992371285334
0.000354992429492995
0.000354992429492995
0.000354992458596826
0.000354992458596826
0.000354992487700656
0.000354992487700656
0.000354992516804487
0.000354992545908317
0.000354992575012147
0.000354992604115978
0.000354992604115978
0.000354992604115978
0.000354992633219808
0.000354992662323639
0.000354992691427469
0.0003549927205313
0.00035499274963513
0.00035499274963513
0.00035499274963513
0.000354992778738961
0.000354992807842791
0.000354992807842791
0.000354992836946622
0.000354992866050452
0.000354992866050452
0.000354992895154282
0.000354992924258113
0.000354992924258113
0.000354992953361943
0.000354992953361943
0.000354993011569604
0.000354993011569604
0.000354993040673435
0.000354993069777265
0.000354993069777265
0.000354993098881096
0.000354993098881096
0.000354993157088757
0.000354993157088757
0.000354993186192587
0.000354993215296417
0.000354993244400248
0.000354993273504078
0.000354993273504078
0.000354993302607909
0.000354993302607909
0.000354993331711739
0.00035499336081557
0.0003549933899194
0.000354993419023231
0.000354993419023231
0.000354993448127061
0.000354993448127061
0.000354993477230892
0.000354993477230892
0.000354993506334722
0.000354993506334722
0.000354993535438552
0.000354993564542383
0.000354993564542383
0.000354993593646213
0.000354993622750044
0.000354993651853874
0.000354993651853874
0.000354993651853874
0.000354993680957705
0.000354993710061535
0.000354993710061535
0.000354993768269196
0.000354993768269196
0.000354993797373027
0.000354993826476857
0.000354993855580688
0.000354993855580688
0.000354993884684518
0.000354993942892179
0.000354993942892179
0.000354993971996009
0.00035499400109984
0.00035499403020367
0.00035499403020367
0.000354994059307501
0.000354994117515162
0.000354994117515162
0.000354994146618992
0.000354994146618992
0.000354994175722823
0.000354994175722823
0.000354994204826653
0.000354994263034314
0.000354994292138144
0.000354994292138144
0.000354994292138144
0.000354994321241975
0.000354994321241975
0.000354994350345805
0.000354994350345805
0.000354994379449636
0.000354994408553466
0.000354994408553466
0.000354994437657297
0.000354994466761127
0.000354994495864958
0.000354994495864958
0.000354994524968788
0.000354994554072618
0.000354994583176449
0.000354994583176449
0.000354994583176449
0.000354994612280279
0.000354994612280279
0.00035499464138411
0.00035499467048794
0.000354994699591771
0.000354994699591771
0.000354994728695601
0.000354994728695601
0.000354994757799432
0.000354994786903262
0.000354994816007093
0.000354994816007093
0.000354994845110923
0.000354994874214754
0.000354994932422414
0.000354994932422414
0.000354994932422414
0.000354994961526245
0.000354994961526245
0.000354994990630075
0.000354995019733906
0.000354995048837736
0.000354995048837736
0.000354995077941567
0.000354995077941567
0.000354995107045397
0.000354995136149228
0.000354995165253058
0.000354995165253058
0.000354995194356889
0.000354995223460719
0.000354995223460719
0.000354995252564549
0.00035499528166838
0.00035499531077221
0.00035499531077221
0.000354995339876041
0.000354995368979871
0.000354995368979871
0.000354995398083702
0.000354995427187532
0.000354995427187532
0.000354995456291363
0.000354995514499024
0.000354995514499024
0.000354995543602854
0.000354995572706684
0.000354995572706684
0.000354995601810515
0.000354995630914345
0.000354995660018176
0.000354995689122006
0.000354995718225837
0.000354995747329667
0.000354995747329667
0.000354995776433498
0.000354995805537328
0.000354995805537328
0.000354995834641159
0.000354995863744989
0.000354995892848819
0.00035499592195265
0.00035499592195265
0.00035499595105648
0.000354995980160311
0.000354995980160311
0.000354996009264141
0.000354996009264141
0.000354996009264141
0.000354996038367972
0.000354996067471802
0.000354996067471802
0.000354996096575633
0.000354996096575633
0.000354996154783294
0.000354996183887124
0.000354996183887124
0.000354996212990955
0.000354996271198615
0.000354996300302446
0.000354996300302446
0.000354996329406276
0.000354996329406276
0.000354996358510107
0.000354996416717768
0.000354996416717768
0.000354996445821598
0.000354996474925429
0.000354996474925429
0.000354996504029259
0.00035499653313309
0.00035499656223692
0.00035499659134075
0.000354996620444581
0.000354996620444581
0.000354996649548411
0.000354996649548411
0.000354996707756072
0.000354996707756072
0.000354996736859903
0.000354996765963733
0.000354996824171394
0.000354996824171394
0.000354996853275225
0.000354996853275225
0.000354996882379055
0.000354996882379055
0.000354996940586716
0.000354996969690546
0.000354996998794377
0.000354996998794377
0.000354997027898207
0.000354997027898207
0.000354997057002038
0.000354997057002038
0.000354997086105868
0.000354997115209699
0.000354997115209699
0.000354997115209699
0.000354997144313529
0.00035499717341736
0.00035499717341736
0.00035499720252119
0.00035499720252119
0.000354997260728851
0.000354997260728851
0.000354997289832681
0.000354997318936512
0.000354997318936512
0.000354997348040342
0.000354997348040342
0.000354997406248003
0.000354997406248003
0.000354997435351834
0.000354997464455664
0.000354997493559495
0.000354997522663325
0.000354997551767156
0.000354997551767156
0.000354997580870986
0.000354997580870986
0.000354997609974816
0.000354997639078647
0.000354997639078647
0.000354997668182477
0.000354997726390138
0.000354997726390138
0.000354997755493969
0.000354997784597799
0.00035499781370163
0.00035499781370163
0.00035499784280546
0.00035499784280546
0.000354997871909291
0.000354997871909291
0.000354997901013121
0.000354997901013121
0.000354997930116951
0.000354997959220782
0.000354997959220782
0.000354997988324612
0.000354997988324612
0.000354997988324612
0.000354998017428443
0.000354998046532273
0.000354998046532273
0.000354998046532273
0.000354998075636104
0.000354998104739934
0.000354998133843765
0.000354998133843765
0.000354998162947595
0.000354998162947595
0.000354998192051426
0.000354998192051426
0.000354998221155256
0.000354998250259086
0.000354998250259086
0.000354998279362917
0.000354998279362917
0.000354998308466747
0.000354998337570578
0.000354998337570578
0.000354998366674408
0.000354998395778239
0.000354998395778239
0.000354998395778239
0.000354998424882069
0.0003549984539859
0.0003549984539859
0.00035499848308973
0.000354998512193561
0.000354998512193561
0.000354998541297391
0.000354998541297391
0.000354998570401222
0.000354998599505052
0.000354998599505052
0.000354998628608882
0.000354998628608882
0.000354998657712713
0.000354998686816543
0.000354998686816543
0.000354998715920374
0.000354998715920374
0.000354998745024204
0.000354998745024204
0.000354998774128035
0.000354998803231865
0.000354998832335696
0.000354998861439526
0.000354998861439526
0.000354998890543357
0.000354998890543357
0.000354998919647187
0.000354998948751017
0.000354998977854848
0.000354999006958678
0.000354999006958678
0.000354999036062509
0.000354999065166339
0.00035499909427017
0.00035499909427017
0.000354999123374
0.000354999152477831
0.000354999152477831
0.000354999181581661
0.000354999210685492
0.000354999239789322
0.000354999239789322
0.000354999268893152
0.000354999297996983
0.000354999297996983
0.000354999327100813
0.000354999356204644
0.000354999356204644
0.000354999385308474
0.000354999385308474
0.000354999414412305
0.000354999472619966
0.000354999501723796
0.000354999530827627
0.000354999559931457
0.000354999589035287
0.000354999589035287
0.000354999647242948
0.000354999647242948
0.000354999676346779
0.000354999676346779
0.00035499973455444
0.00035499973455444
0.00035499976365827
0.00035499976365827
0.000354999792762101
0.000354999792762101
0.000354999821865931
0.000354999850969762
0.000354999850969762
0.000354999880073592
0.000354999909177423
0.000354999938281253
0.000354999967385083
0.000354999996488914
0.000354999996488914
0.000355000025592744
0.000355000054696575
0.000355000083800405
0.000355000112904236
0.000355000112904236
0.000355000112904236
0.000355000142008066
0.000355000171111897
0.000355000171111897
0.000355000229319558
0.000355000258423388
0.000355000258423388
0.000355000316631049
0.000355000316631049
0.000355000345734879
0.00035500037483871
0.00035500040394254
0.000355000433046371
0.000355000433046371
0.000355000462150201
0.000355000462150201
0.000355000491254032
0.000355000491254032
0.000355000520357862
0.000355000549461693
0.000355000549461693
0.000355000607669353
0.000355000607669353
0.000355000636773184
0.000355000694980845
0.000355000694980845
0.000355000724084675
0.000355000724084675
0.000355000724084675
0.000355000753188506
0.000355000782292336
0.000355000782292336
0.000355000811396167
0.000355000811396167
0.000355000840499997
0.000355000869603828
0.000355000898707658
0.000355000898707658
0.000355000927811489
0.000355000927811489
0.000355000956915319
0.000355000986019149
0.00035500101512298
0.00035500101512298
0.00035500104422681
0.000355001073330641
0.000355001073330641
0.000355001102434471
0.000355001131538302
0.000355001160642132
0.000355001189745963
0.000355001218849793
0.000355001218849793
0.000355001247953624
0.000355001277057454
0.000355001277057454
0.000355001277057454
0.000355001306161284
0.000355001335265115
0.000355001364368945
0.000355001364368945
0.000355001393472776
0.000355001422576606
0.000355001422576606
0.000355001451680437
0.000355001480784267
0.000355001509888098
0.000355001509888098
0.000355001509888098
0.000355001538991928
0.000355001538991928
0.000355001568095759
0.000355001568095759
0.000355001597199589
0.000355001626303419
0.00035500165540725
0.00035500165540725
0.00035500168451108
0.000355001713614911
0.000355001742718741
