0.0
5.74770737671315e-08
2.09569293474487e-07
5.52448682356044e-07
1.50847699842416e-06
2.4745613700361e-06
4.74916623716126e-06
8.51453478389885e-06
1.29720656332211e-05
2.48506730713416e-05
3.19075443258043e-05
3.72168324247468e-05
4.32532106060535e-05
4.57471469417214e-05
5.01902941323351e-05
5.85652669542469e-05
5.95902238273993e-05
6.05772147537209e-05
6.08143927820493e-05
6.11596842645667e-05
6.15038807154633e-05
6.18590202066116e-05
6.2410079408437e-05
6.32800365565345e-05
6.35993346804753e-05
6.39344143564813e-05
6.42766972305253e-05
6.48512359475717e-05
6.50654910714366e-05
6.54050163575448e-05
6.5751897636801e-05
6.6104214056395e-05
6.66607811581343e-05
6.71166999381967e-05
6.7988112277817e-05
6.95900889695622e-05
7.13413537596352e-05
7.31594191165641e-05
7.60358016123064e-05
7.906329119578e-05
8.21497524157166e-05
8.68276401888579e-05
8.77387210493907e-05
8.86439374880865e-05
8.95488992682658e-05
9.04598273336887e-05
9.13884214241989e-05
9.23703919397667e-05
9.31662507355213e-05
9.38281009439379e-05
9.4526207249146e-05
9.52456321101636e-05
9.59552271524444e-05
9.66159568633884e-05
9.72376874415204e-05
9.78221505647525e-05
9.83743739197962e-05
9.88990359473974e-05
9.94001893559471e-05
0.000100114571978338
0.000101134835858829
0.000102613026683684
0.000104791099147405
0.000108014995930716
0.000112773166620173
0.000119880794954952
0.000130703250761144
0.000142845558002591
0.000153272980242036
0.000163382646860555
0.000173260705196299
0.000187557336175814
0.000207872697501443
0.000237755579291843
0.000284783338429406
0.000354573770891875
0.000451887055533007
0.000581071071792394
0.000696499715559185
0.000790314807090908
0.000873994780704379
0.000931191607378423
0.000962824269663543
0.000967341242358088
0.000971624918747693
0.000969738466665149
0.000964870268944651
0.000958739256020635
0.000951973837800324
0.000945433450397104
0.000938376586418599
0.000931588758248836
0.000924529798794538
0.000918158446438611
0.000911079114302993
0.000903750769793987
0.000896511017344892
0.00088992528617382
0.000882556254509836
0.000875396421179175
0.00086831790395081
0.000861266395077109
0.000853835372254252
0.000847142713610083
0.000839886080939323
0.000832308724056929
0.000825566239655018
0.000818065367639065
0.000811459729447961
0.000803963514044881
0.000796479638665915
0.000790010264609009
0.000782071554567665
0.000775485299527645
0.000768245197832584
0.00076035619713366
0.000753985717892647
0.000745902652852237
0.000739671115297824
0.000731686362996697
0.00072605797322467
0.000716817507054657
0.000711587490513921
0.000702448945958167
0.000696930335834622
0.000688851461745799
0.000683454156387597
0.000673963688313961
0.000668293505441397
0.000660316145513207
0.000653225579299033
0.000647527049295604
0.000639965466689318
0.000632781302556396
0.000624736538156867
0.000618295220192522
0.000610128336120397
0.000603270658757538
0.000597730628214777
0.000590015610214323
0.000583067710977048
0.000574407866224647
0.000567049952223897
0.000562085304409266
0.000552517536561936
0.000544879178050905
0.00054167170310393
0.000532613426912576
0.000524496426805854
0.000520190631505102
0.000510355923324823
0.000501992122735828
0.000498186389449984
0.000486919132526964
0.000481120019685477
0.000477611582027748
0.000466484227217734
0.000460250652395189
0.000452723208582029
0.000444142409833148
0.000437854876508936
0.000430786079959944
0.000420739845139906
0.00041704680188559
0.000410592503612861
0.000400242657633498
0.000398013449739665
