-0.0
1.27897692436818e-13
4.99669476994313e-06
8.45954036776675e-06
1.4840486983303e-05
6.01509236730635e-06
3.13055170408916e-06
3.82897269446403e-06
4.38276219938416e-06
1.30241824081168e-06
2.89489616989158e-06
8.41071232571267e-06
2.35831321333535e-05
3.73325565306004e-05
3.27855814248323e-05
3.00383908324875e-05
2.2627897124039e-05
1.18373027362395e-05
3.82359576178715e-06
2.16568441828713e-05
-0.000116055365651846
-7.87715835031122e-05
-5.31575569766574e-05
-4.22442244598642e-05
-3.18756210617721e-05
-2.84154375549406e-05
-2.80230378848501e-05
-2.86937647615559e-05
-2.80671520158648e-05
-2.7036017854698e-05
-2.5199115043506e-05
-2.06228578463197e-05
-1.8987397197634e-05
-1.16779847303405e-05
1.35349691845477e-05
2.04483803827316e-05
2.79188025160693e-05
4.02213263441809e-05
5.11952239321545e-05
0.000149167055496946
0.00017773402214516
0.000177906564204022
0.000172452302649617
0.000164782191859558
0.00015408537001349
0.00013971897715237
0.000134741450892761
0.000128840198158287
0.000121363133075647
0.000111105371615849
9.61158802965656e-05
7.02945981174707e-05
5.30171164427884e-05
3.96422219637316e-05
2.59338376054075e-05
1.38401737785898e-05
6.4961968746502e-06
2.30554724112153e-06
-9.13318217499182e-07
-1.91546132555231e-06
-1.95862594409846e-06
-1.72238287632354e-06
-1.19304968393408e-06
-3.91191861126572e-07
7.65619915910065e-07
2.98233862849884e-06
4.77325738756917e-06
7.65633376431651e-06
9.8449490906205e-06
1.29449981614016e-05
1.81553259608336e-05
3.17579469992779e-05
7.25416030036286e-05
0.000248078140430152
0.000284752866718918
0.000296233192784712
0.000298591738101095
0.000298110826406628
0.000296647805953398
0.000294163473881781
0.000290808791760355
0.00028399404254742
0.000276113802101463
0.000263333931798115
0.000249505857937038
0.000240833644056693
0.000230357196414843
0.000214008730836213
0.000210382000659592
0.000206419528694823
0.000199323185370304
0.00017657974967733
0.000153229746501893
0.000114557042252272
8.09361081337556e-05
4.03267258661799e-05
2.40286681219004e-06
-2.16075932257809e-05
-3.27162597386632e-05
-3.84696213586722e-05
-4.11568325944245e-05
-4.29226238338742e-05
-4.43303069914691e-05
-4.55667104688473e-05
-4.73416948807426e-05
-4.97281253046822e-05
-5.33304810232949e-05
-5.77642895223107e-05
-6.17291952949017e-05
-6.65089901303872e-05
-7.18430601409636e-05
-7.50748222344555e-05
-7.74293002905324e-05
-8.00048146629706e-05
-8.24289745651186e-05
-7.2994182119146e-05
-4.68315192847513e-05
-3.73498660337646e-05
-4.63953838334419e-05
-7.67687597544864e-05
-7.73292849771678e-05
-7.6564829214476e-05
-8.65313922986388e-05
6.09606613579672e-05
6.15592289250344e-05
6.17078330833465e-05
6.19308993918821e-05
6.22544903308153e-05
6.27851622994058e-05
6.38625424471684e-05
6.51707669021562e-05
6.51986701996066e-05
6.53514944133349e-05
6.52644448564388e-05
6.50654546916485e-05
6.52504531899467e-05
6.64211038383655e-05
6.7052009399049e-05
6.34702737443149e-05
5.74734331166837e-05
5.35302715434227e-05
5.19438217452262e-05
4.86470926261973e-05
4.94231571792625e-05
5.12686965521425e-05
5.03276278323028e-05
3.92718102375511e-05
3.34676806232892e-05
3.24448737956118e-05
3.15015713567846e-05
3.49605943483766e-05
1.83956763066817e-05
2.82769838122476e-06
1.84161694960494e-06
3.65443128202969e-07
-2.18120291606283e-07
-2.18120291606283e-07
