0.0
1.26110785458877e-06
1.26129339150793e-06
1.26151371659944e-06
1.26154213830887e-06
1.26154634472186e-06
1.26154668578238e-06
1.26154657209554e-06
1.26154657209554e-06
1.26154657209554e-06
1.26154657209554e-06
1.26154657209554e-06
1.26154657209554e-06
3.27964994539798e-06
1.56073292600922e-05
4.32484994234983e-05
8.61483931657858e-05
9.88559404504485e-05
0.000112207620986737
0.000122470592032187
0.000133214765810408
0.000144751800689846
0.000156360008986667
0.000168010228662752
0.000180689094122499
0.000195017244550399
0.000210233003599569
0.000225924275582656
0.000241920904954895
0.000258128478890285
0.000274764897767454
0.000300030165817589
0.000337631441652775
0.000376851123291999
0.000422615994466469
0.000434808171121404
0.000446752703282982
0.000459073489764705
0.000471958890557289
0.000475250126328319
0.000476490618893877
0.000478361645946279
0.000481179013149813
0.000485431955894455
0.000489711994305253
0.000494016741868109
0.000495637068524957
0.000498073466587812
0.000498988491017371
0.000500363414175808
0.000502430484630167
0.000505540461745113
0.000510214187670499
0.000517253531143069
0.000527830328792334
0.000531847181264311
0.000533356447704136
0.00053392443805933
0.000534777762368321
0.000535633706022054
0.00053649244364351
0.000537354208063334
0.000538219115696847
0.000539087224751711
0.000539958768058568
0.000540833745617419
0.000541712390258908
0.000542594527360052
0.000543491216376424
0.000544382957741618
0.000544605369213969
0.000544827955309302
0.000545051298104227
0.000545275688637048
0.000545501825399697
0.000545726157724857
0.00054594996618107
0.000546285242307931
0.00054678472224623
0.000547533680219203
0.000548283162061125
0.0005490334588103
0.000549784686882049
0.000550537195522338
0.000551291101146489
0.000552424637135118
0.000554131111130118
0.000556704704649746
0.000560595653951168
0.000566499831620604
0.000575542449951172
0.000584752997383475
0.00059408595552668
0.000603579333983362
0.000613225041888654
0.000616881647147238
0.000620557460933924
0.000624253530986607
0.00062984973192215
0.00063405983382836
0.000638286815956235
0.000642528117168695
0.000648916116915643
0.000658566481433809
0.000673190283123404
0.000695576774887741
0.000718488590791821
0.000741709663998336
0.000765233824495226
0.000789090467151254
0.000807049451395869
0.000825446099042892
0.000828917778562754
0.000831521523650736
0.000833476020488888
0.000833842786960304
0.00083420955343172
0.000834576436318457
0.000834714097436517
0.000834920618217438
0.000835127313621342
0.00083533430006355
0.000835541752167046
0.000835750310216099
0.000835962768178433
0.00083617540076375
0.000836387334857136
0.000836700550280511
0.000837165804114193
0.000837630592286587
0.000838095031213015
0.000838791602291167
0.000839836895465851
0.000841405882965773
0.000843761023133993
0.000847300980240107
0.000852631113957614
0.000860680418554693
0.000862192828208208
0.000864478293806314
0.000864506117068231
0.000864506466314197
0.000864506524521858
0.000864506582729518
0.00086450669914484
0.000864506815560162
0.000864506931975484
0.000864507048390806
0.000864507106598467
0.000864507223013788
0.00086450733942911
0.000864507514052093
0.000864507572259754
0.000864507630467415
0.000864507746882737
0.000864507805090398
0.000864507921505719
0.000864508037921041
0.000864508096128702
0.000864508154336363
0.000864508270751685
0.000864508328959346
0.000864508445374668
0.00086450861999765
0.000864508678205311
0.000864508736412972
0.000864508852828294
0.000864508911035955
0.000864509027451277
0.00086450920207426
0.000864509318489581
0.000864509318489581
0.000864509434904903
0.000864509551320225
0.000864509667735547
0.000864509784150869
0.000864509958773851
0.000864509958773851
0.000864510016981512
0.000864510133396834
0.000864510308019817
0.000864510366227478
0.0008645104826428
0.000864510599058121
0.000864510657265782
0.000864510715473443
0.000864510831888765
0.000864511006511748
0.000864511064719409
0.00086451112292707
0.000864511239342391
0.000864511297550052
0.000864511413965374
0.000864511530380696
0.000864511588588357
0.000864511646796018
0.000864511705003679
0.000864511879626662
0.000864511937834322
0.000864511996041983
0.000864512112457305
0.000864512170664966
0.000864512287080288
0.000864512345287949
0.000864512345287949
0.000864512345287949
0.00086451240349561
0.00086451240349561
0.00086451240349561
0.000864512461703271
0.000864512461703271
0.000864512519910932
0.000864512578118593
0.000864512694533914
0.000864512694533914
0.000864512694533914
0.000864512694533914
0.000864512752741575
0.000864512810949236
0.000864512869156897
0.000864512985572219
0.000864513101987541
0.000864513160195202
0.000864513276610523
0.000864513393025845
0.000864513451233506
0.000864513509441167
0.000864513625856489
0.00086451368406415
0.000864513742271811
0.000864513800479472
0.000864513975102454
0.000864513975102454
0.000864514091517776
0.000864514207933098
0.000864514382556081
0.000864514440763742
0.000864514498971403
0.000864514673594385
0.000864514731802046
0.000864514790009707
0.00086451496463269
0.00086451496463269
0.000864515022840351
0.000864515139255673
0.000864515313878655
0.000864515313878655
0.000864515372086316
0.000864515372086316
0.000864515372086316
0.000864515372086316
0.000864515430293977
0.000864515488501638
0.000864515546709299
0.00086451560491696
0.000864515663124621
0.000864515721332282
0.000864515837747604
0.000864515837747604
0.000864515837747604
0.000864515837747604
0.000864515895955265
0.000864515895955265
0.000864515954162925
0.000864515954162925
0.000864516012370586
0.000864516070578247
0.000864516186993569
0.000864516303408891
0.000864516361616552
0.000864516419824213
0.000864516536239535
0.000864516594447196
0.000864516652654856
0.000864516769070178
0.000864516769070178
0.000864516769070178
0.000864516769070178
0.000864516827277839
0.0008645168854855
0.000864516943693161
0.000864517060108483
0.000864517118316144
0.000864517176523805
0.000864517292939126
0.000864517409354448
0.000864517467562109
0.00086451752576977
0.000864517642185092
0.000864517816808075
0.000864517875015736
0.000864517991431057
0.000864518107846379
0.00086451816605404
0.000864518282469362
0.000864518398884684
0.000864518457092345
0.000864518515300006
0.000864518631715328
0.000864518748130649
0.00086451880633831
0.000864518922753632
0.000864519039168954
0.000864519097376615
0.000864519155584276
0.000864519271999598
0.00086451944662258
0.000864519504830241
0.000864519621245563
0.000864519737660885
0.000864519795868546
0.000864519854076207
0.000864520028699189
0.000864520028699189
0.00086452008690685
0.000864520203322172
0.000864520377945155
0.000864520494360477
0.000864520610775799
0.000864520785398781
0.000864520843606442
0.000864520901814103
0.000864521076437086
0.000864521134644747
0.000864521192852408
0.00086452130926773
0.00086452136747539
0.000864521425683051
0.000864521542098373
0.000864521600306034
0.000864521658513695
0.000864521716721356
0.000864521833136678
0.000864521891344339
0.000864521949552
0.000864522065967321
0.000864522182382643
0.000864522298797965
0.000864522357005626
0.000864522415213287
0.000864522473420948
0.000864522531628609
0.00086452258983627
0.000864522648043931
0.000864522764459252
0.000864522939082235
0.000864523055497557
0.00086452323012054
0.00086452323012054
0.000864523288328201
0.000864523462951183
0.000864523637574166
0.000864523695781827
0.000864523753989488
0.00086452387040481
0.000864523928612471
0.000864524045027792
0.000864524161443114
0.000864524219650775
0.000864524277858436
0.000864524336066097
0.00086452451068908
0.000864524568896741
0.000864524627104402
0.000864524685312063
0.000864524743519723
0.000864524801727384
0.000864524801727384
0.000864524801727384
0.000864524801727384
0.000864524859935045
0.000864524859935045
0.000864524918142706
0.000864524918142706
0.000864524976350367
0.000864525034558028
0.000864525092765689
0.000864525267388672
0.000864525267388672
0.000864525325596333
0.000864525442011654
0.000864525500219315
0.000864525558426976
0.000864525616634637
0.000864525674842298
0.000864525674842298
0.000864525674842298
0.000864525733049959
0.00086452579125762
0.000864525849465281
0.000864525907672942
0.000864525965880603
0.000864526024088264
0.000864526082295924
0.000864526082295924
0.000864526140503585
0.000864526140503585
0.000864526140503585
0.000864526140503585
0.000864526198711246
0.000864526198711246
0.000864526198711246
0.000864526256918907
0.000864526256918907
0.000864526315126568
0.000864526373334229
0.00086452643154189
0.000864526547957212
0.000864526664372534
0.000864526722580194
0.000864526780787855
0.000864526897203177
0.000864527013618499
0.000864527130033821
0.000864527188241482
0.000864527246449143
0.000864527362864465
0.000864527479279786
0.000864527479279786
0.000864527537487447
0.000864527537487447
0.000864527537487447
0.000864527595695108
0.000864527595695108
0.000864527595695108
0.000864527595695108
0.000864527595695108
0.000864527595695108
0.000864527595695108
0.000864527653902769
0.000864527653902769
0.00086452771211043
0.000864527770318091
0.000864527828525752
0.000864528003148735
0.000864528061356395
0.000864528119564056
0.000864528235979378
0.0008645283523947
0.000864528468810022
0.000864528585225344
0.000864528643433005
0.000864528701640666
0.000864528818055987
0.000864528934471309
0.000864529050886631
0.000864529109094292
0.000864529167301953
0.000864529283717275
0.000864529400132596
0.000864529400132596
0.000864529400132596
0.000864529458340257
0.000864529458340257
0.000864529458340257
0.000864529516547918
0.000864529516547918
0.000864529516547918
0.000864529516547918
0.000864529516547918
0.000864529516547918
0.000864529516547918
0.000864529574755579
0.00086452963296324
0.000864529691170901
0.000864529749378562
0.000864529749378562
0.000864529807586223
0.000864529807586223
0.000864529865793884
0.000864529865793884
0.000864529865793884
0.000864529865793884
0.000864529865793884
0.000864529865793884
0.000864529865793884
0.000864529924001545
0.000864529982209206
0.000864530040416867
0.000864530156832188
0.000864530331455171
0.000864530389662832
0.000864530447870493
0.000864530622493476
0.000864530622493476
0.000864530738908798
0.000864530797116458
0.000864530855324119
0.000864530971739441
0.000864531029947102
0.000864531029947102
0.000864531029947102
0.000864531029947102
0.000864531088154763
0.000864531146362424
0.000864531146362424
0.000864531146362424
0.000864531204570085
0.000864531262777746
0.000864531320985407
0.000864531495608389
