0.0
6.17484139938933e-26
3.39836194524295e-19
1.0965237606797e-06
3.24309417010227e-06
4.29879582952708e-06
4.6752402340644e-06
3.48913340530999e-06
3.71360943063337e-06
4.49294748250395e-06
4.71673092761193e-06
4.77695357403718e-06
4.83896928926697e-06
4.93417337565916e-06
5.08299126522616e-06
5.31810792381293e-06
5.56604936718941e-06
5.82596612730413e-06
6.09457129030488e-06
6.37195307717775e-06
6.65426796331303e-06
6.72513215249637e-06
6.79700269756722e-06
6.8240487962612e-06
6.86463545207516e-06
6.9054908635735e-06
6.94618529450963e-06
7.00773762218887e-06
7.09965752321295e-06
7.13436838850612e-06
7.18640831109951e-06
7.26403186490643e-06
7.38135713618249e-06
7.55836390453624e-06
7.73541614762507e-06
7.91339334682561e-06
8.09207358543063e-06
8.27147778181825e-06
8.45153681439115e-06
8.63155491970247e-06
8.81100822880398e-06
8.99132101039868e-06
9.17245142773027e-06
9.35327170736855e-06
9.53262133407407e-06
9.71196095633786e-06
9.8908112704521e-06
1.00677243608516e-05
1.02427229649038e-05
1.04158107205876e-05
1.05852204796975e-05
1.07507203210844e-05
1.0910728633462e-05
1.11475574158248e-05
1.15059465315426e-05
1.18783582365722e-05
1.22699193525477e-05
1.2697269085038e-05
1.34366082420456e-05
1.47330465551931e-05
1.6486059394083e-05
1.88519370567519e-05
2.39375949604437e-05
2.40676999965217e-05
2.39810724451672e-05
2.4347442376893e-05
2.42784026340814e-05
2.42065107158851e-05
2.42149490077281e-05
2.40203753492096e-05
2.4036973627517e-05
2.40283989114687e-05
2.38532284129178e-05
2.38141419686144e-05
2.39108812820632e-05
2.37957938225009e-05
2.36493469856214e-05
2.35236511798576e-05
2.3487367798225e-05
2.34756353165722e-05
2.34328454098431e-05
2.32832862820942e-05
2.31321100727655e-05
2.2987605916569e-05
2.28453318413813e-05
2.27179389185039e-05
2.25793373829219e-05
2.24522500502644e-05
2.23188781092176e-05
2.22001690417528e-05
2.20692254515598e-05
2.19553185161203e-05
2.1833884602529e-05
2.17230390262557e-05
2.16057342186105e-05
2.14954052353278e-05
2.13881066883914e-05
2.12872564588906e-05
2.11868773476453e-05
2.1094589101267e-05
2.10009493457619e-05
2.09114095923724e-05
2.08211786230095e-05
2.07386219699401e-05
2.06529493880225e-05
2.0573668734869e-05
2.04958305403125e-05
2.04164571186993e-05
2.03427953238133e-05
2.02696446649497e-05
2.01984348677797e-05
2.00810754904523e-05
1.99691530724522e-05
1.98578236449976e-05
1.97476692846976e-05
1.96451601368608e-05
1.95381981029641e-05
1.94472286239034e-05
1.93453106476227e-05
1.924553362187e-05
1.91633007489145e-05
1.90590908459853e-05
1.89804450201336e-05
1.88827525562374e-05
1.87999321497045e-05
1.84618802450132e-05
1.80259830813156e-05
1.76980975084007e-05
1.72930776898284e-05
1.69536942848936e-05
1.66143945534714e-05
1.62016240210505e-05
1.59131977852667e-05
1.55915549839847e-05
1.52186621562578e-05
1.49368815982598e-05
1.46366792250774e-05
1.43268835017807e-05
1.40673882924602e-05
1.37302376970183e-05
1.3454969121085e-05
1.32151135403547e-05
1.29129984998144e-05
1.26437498693122e-05
1.24083599075675e-05
1.21543134810054e-05
1.19132146210177e-05
1.169684855995e-05
1.14191325337742e-05
1.11894814835978e-05
1.09822713056928e-05
1.07755777207785e-05
1.05373019323451e-05
1.03231841421803e-05
1.01302530310932e-05
1.00718179965043e-05
