0.0
0.0
3.45438365911832e-07
1.99144324142253e-06
2.40383542404743e-06
3.07266691379482e-06
3.79612242795702e-06
5.03952924191253e-06
6.76071977068204e-06
8.20851892058272e-06
9.26361008168897e-06
1.0532990017964e-05
1.18118432510528e-05
1.36643702717265e-05
1.55115831148578e-05
1.69216109497938e-05
1.70707808138104e-05
1.71802275872324e-05
1.71859246620443e-05
1.71909614437027e-05
1.71954889083281e-05
1.71984447661089e-05
1.71983228938188e-05
1.7196169210365e-05
1.71921510627726e-05
1.717071972962e-05
1.7141073840321e-05
1.71084921021247e-05
1.70568164321594e-05
1.69856793945655e-05
1.68910555657931e-05
1.67642465385143e-05
1.65759611263638e-05
1.62523665494518e-05
1.57685499289073e-05
1.54239733092254e-05
1.45639660331653e-05
1.30050993902842e-05
1.13518381112954e-05
9.88570900517516e-06
8.0534837252344e-06
6.04855358687928e-06
4.41055590272299e-06
3.04710647469619e-06
1.83409986220795e-06
1.00297950211825e-06
6.04918909630214e-07
6.84558756347542e-07
9.54660890783998e-07
9.84931602943107e-07
9.85643850981432e-07
9.86210011433286e-07
9.86638497124659e-07
9.86441136774374e-07
9.86668510449817e-07
9.87070279734326e-07
9.87782073025301e-07
9.88346414487751e-07
9.88906663224043e-07
9.88849365057831e-07
9.89263753581326e-07
9.89120167105284e-07
9.89054456113081e-07
9.89014779406716e-07
9.88861529549467e-07
9.88300485005311e-07
9.87592898127332e-07
9.86698637461814e-07
9.87535827334796e-07
9.87928842732799e-07
9.88226929621305e-07
9.89340492196789e-07
9.90402440947946e-07
9.91367073766014e-07
9.92463583315839e-07
9.93219714473526e-07
9.93572598417813e-07
9.94280867416819e-07
9.93496996670729e-07
9.93122853287787e-07
9.93054641185154e-07
9.92772356767091e-07
9.91975980468851e-07
9.92191871773684e-07
9.92219156614738e-07
9.92118316389679e-07
9.91615138445923e-07
9.91293063634657e-07
9.90945977719093e-07
9.88762963061163e-07
9.87336761681945e-07
9.88072429208842e-07
9.88255806078087e-07
9.88231249721139e-07
9.8800364867202e-07
9.88631200016243e-07
9.88368583421106e-07
9.88002966550994e-07
9.88691567727074e-07
9.88324700301746e-07
9.88103238341864e-07
9.87665544016636e-07
9.86445570561045e-07
9.86666918834089e-07
9.87332441582112e-07
9.87210341918399e-07
9.86966369964648e-07
9.87357566373248e-07
9.88727038020443e-07
9.88869601314946e-07
9.88252509159793e-07
9.86714894679608e-07
9.87104044725129e-07
9.83854533842532e-07
9.80933350547275e-07
9.81360813057108e-07
9.80967683972267e-07
9.79957349045435e-07
9.77876538854616e-07
9.77976696958649e-07
