0.0
1.21860825941299e-14
2.70459054263483e-07
1.37600954985828e-05
4.56166053481866e-05
9.70787950791419e-05
0.000170233834069222
0.000262706424109638
0.000370713270967826
0.000490976439323276
0.000621722312644124
0.000761632225476205
0.000910536909941584
0.00107705558184534
0.00126183475367725
0.00147383997682482
0.00153088464867324
0.00158897135406733
0.00159263785462826
0.00159631425049156
0.00159999821335077
0.00160369335208088
0.00160741060972214
0.0016102067893371
0.00161300715990365
0.00161722651682794
0.00162145518697798
0.0016256864182651
0.00163203035481274
0.00164152751676738
0.00165573169942945
0.00167690881062299
0.00170819053892046
0.00175403791945428
0.00182204728480428
0.00192622223403305
0.00207498553209007
0.00227570114657283
0.00245841266587377
0.0026458315551281
0.00280638947151601
0.00294059328734875
0.00307450373657048
0.00319877569563687
0.00328001589514315
0.00333977257832885
0.00337985111400485
0.00340008432976902
0.00339922984130681
0.00338681414723396
0.00337443337775767
0.00336110172793269
0.00334937055595219
0.00333577790297568
0.00332459877245128
0.00331111764535308
0.00329818273894489
0.00328573444858193
0.00327264098450541
0.00326041062362492
0.00324691738933325
0.00323433824814856
0.00322027062065899
0.00320813688449562
0.00319441338069737
0.00318217719905078
0.00316851981915534
0.00315525615587831
0.00314210378564894
0.00312919449061155
0.00311602372676134
0.0031032741535455
0.00308974063955247
0.00307677360251546
0.00306269689463079
0.00305116223171353
0.00303658354096115
0.00302462745457888
0.00301076332107186
0.00299851503223181
0.00298458896577358
0.00297065544873476
0.00295974966138601
0.00294407084584236
0.00293415039777756
0.0029183377046138
0.00290864473208785
0.00289205345325172
0.0028797120321542
0.00286941020749509
0.00285225850529969
0.00284169148653746
0.0028287114109844
0.00281571759842336
0.00280463765375316
0.00278695393353701
0.00277699204161763
0.00276455376297235
0.00274843000806868
0.00273790466599166
0.00272416952066123
0.00271201296709478
0.00270083313807845
0.00268245837651193
0.00267153303138912
0.00265949824824929
0.00264499359764159
0.00263096368871629
0.00261824298650026
0.00260961870662868
0.00259446632117033
0.00258057378232479
0.00256697298027575
0.00255413586273789
0.00254069012589753
0.00252881436608732
0.00251354812644422
0.00249906908720732
0.00249183923006058
0.00248588901013136
