0.0
-9.73978546108457e-33
-1.02001865798229e-06
-1.98672364604136e-06
-2.29811143981351e-06
-2.71568660537014e-06
-2.76240211860568e-06
-2.80861445389746e-06
-2.85455848825222e-06
-2.8774240945495e-06
-2.90024672722211e-06
-2.92309323413065e-06
-2.9573986921605e-06
-2.99175076179381e-06
-3.02613784697314e-06
-3.02829585052677e-06
-3.02883381664287e-06
-3.02937110063795e-06
-3.02990861200669e-06
-3.03044589600177e-06
-3.03098295262316e-06
-3.03152000924456e-06
-3.03205706586596e-06
-3.03259412248735e-06
-3.03313140648243e-06
-3.03313436234021e-06
-3.03313618132961e-06
-3.03313800031901e-06
-3.03313845506636e-06
-3.03313890981372e-06
-3.03313913718739e-06
-3.03313936456107e-06
-3.03313959193474e-06
-3.03314027405577e-06
-3.03314050142944e-06
-3.03314095617679e-06
-3.03314141092415e-06
-3.03314209304517e-06
-3.03314254779252e-06
-3.0331427751662e-06
-3.03314300253987e-06
-3.03314345728722e-06
-3.03314391203457e-06
-3.03314413940825e-06
-3.0331445941556e-06
-3.03314504890295e-06
-3.03314527627663e-06
-3.0331455036503e-06
-3.03314618577133e-06
-3.03314618577133e-06
-3.03314664051868e-06
-3.03314686789236e-06
-3.03314777738706e-06
-3.03314823213441e-06
-3.03314891425543e-06
-3.03314914162911e-06
-3.03314959637646e-06
-3.03315005112381e-06
-3.03315027849749e-06
-3.03315050587116e-06
-3.03315096061851e-06
-3.03315164273954e-06
-3.03315209748689e-06
-3.03315232486057e-06
-3.03315232486057e-06
-3.03315255223424e-06
-3.03315277960792e-06
-3.03315300698159e-06
-3.03315323435527e-06
-3.03315368910262e-06
-3.03315391647629e-06
-3.03315414384997e-06
-3.03315459859732e-06
-3.03315528071835e-06
-3.03315550809202e-06
-3.0331557354657e-06
-3.03315641758672e-06
-3.03315641758672e-06
-3.03315687233408e-06
-3.03315687233408e-06
-3.03315709970775e-06
-3.03315732708143e-06
-3.03315778182878e-06
-3.03315823657613e-06
-3.0331584639498e-06
-3.03315869132348e-06
-3.03315914607083e-06
-3.03315937344451e-06
-3.03315960081818e-06
-3.03316005556553e-06
-3.03316073768656e-06
-3.03316096506023e-06
-3.03316119243391e-06
-3.03316164718126e-06
-3.03316187455493e-06
-3.03316232930229e-06
-3.03316255667596e-06
-3.03316323879699e-06
-3.03316346617066e-06
-3.03316392091801e-06
-3.03316437566536e-06
-3.03316460303904e-06
-3.03316483041272e-06
-3.03316505778639e-06
-3.03316551253374e-06
-3.03316596728109e-06
-3.03316619465477e-06
-3.03316642202844e-06
-3.03316687677579e-06
-3.03316755889682e-06
-3.03316755889682e-06
-3.03316801364417e-06
-3.03316846839152e-06
-3.03316892313887e-06
-3.03316937788622e-06
-3.03316983263358e-06
-3.03317006000725e-06
-3.03317028738093e-06
-3.0331705147546e-06
-3.03317119687563e-06
-3.0331714242493e-06
-3.03317165162298e-06
-3.03317165162298e-06
-3.03317187899665e-06
-3.03317210637033e-06
-3.03317233374401e-06
-3.03317301586503e-06
-3.03317324323871e-06
-3.03317369798606e-06
-3.03317392535973e-06
-3.03317415273341e-06
-3.03317438010708e-06
-3.03317483485444e-06
-3.03317551697546e-06
-3.03317574434914e-06
-3.03317597172281e-06
-3.03317642647016e-06
-3.03317733596487e-06
-3.03317756333854e-06
-3.03317779071222e-06
-3.03317870020692e-06
-3.03317870020692e-06
-3.03317915495427e-06
-3.03317960970162e-06
-3.03317983707529e-06
-3.03318029182265e-06
-3.03318051919632e-06
-3.03318120131735e-06
-3.0331816560647e-06
-3.03318233818572e-06
-3.0331825655594e-06
-3.03318279293308e-06
-3.03318279293308e-06
-3.03318279293308e-06
-3.03318302030675e-06
-3.03318324768043e-06
-3.03318324768043e-06
-3.03318370242778e-06
-3.0331843845488e-06
-3.0331843845488e-06
-3.03318483929615e-06
-3.03318529404351e-06
-3.03318574879086e-06
-3.03318620353821e-06
-3.03318688565923e-06
-3.03318711303291e-06
-3.03318734040658e-06
-3.03318802252761e-06
-3.03318824990129e-06
-3.03318847727496e-06
-3.03318893202231e-06
-3.03318915939599e-06
-3.03318961414334e-06
-3.03318984151701e-06
-3.03319052363804e-06
-3.03319075101172e-06
-3.03319097838539e-06
-3.03319166050642e-06
-3.03319166050642e-06
-3.03319188788009e-06
-3.03319257000112e-06
-3.0331927973748e-06
-3.03319325212215e-06
-3.03319347949582e-06
-3.03319393424317e-06
-3.03319416161685e-06
-3.03319438899052e-06
-3.03319507111155e-06
-3.03319529848523e-06
-3.03319575323258e-06
-3.03319620797993e-06
-3.0331964353536e-06
-3.03319666272728e-06
-3.03319711747463e-06
-3.03319779959565e-06
-3.03319802696933e-06
-3.03319848171668e-06
-3.03319916383771e-06
-3.03319916383771e-06
-3.03319961858506e-06
-3.03320007333241e-06
-3.03320052807976e-06
-3.03320098282711e-06
-3.03320143757446e-06
-3.03320189232181e-06
-3.03320211969549e-06
-3.03320234706916e-06
-3.03320280181651e-06
-3.03320325656387e-06
-3.03320325656387e-06
-3.03320348393754e-06
-3.03320393868489e-06
-3.03320416605857e-06
-3.03320462080592e-06
-3.03320507555327e-06
-3.03320507555327e-06
-3.03320530292694e-06
-3.03320553030062e-06
-3.0332057576743e-06
-3.03320598504797e-06
-3.03320598504797e-06
-3.03320643979532e-06
-3.033206667169e-06
-3.03320712191635e-06
-3.03320734929002e-06
-3.03320803141105e-06
-3.03320825878473e-06
-3.0332084861584e-06
-3.03320894090575e-06
-3.03320962302678e-06
-3.03320985040045e-06
-3.0332103051478e-06
-3.0332103051478e-06
-3.03321098726883e-06
-3.03321144201618e-06
-3.03321166938986e-06
-3.03321189676353e-06
-3.03321235151088e-06
-3.03321280625823e-06
-3.03321303363191e-06
-3.03321348837926e-06
-3.03321417050029e-06
-3.03321439787396e-06
-3.03321485262131e-06
-3.03321530736866e-06
-3.03321553474234e-06
-3.03321576211601e-06
-3.03321621686337e-06
-3.03321644423704e-06
-3.03321667161072e-06
-3.03321712635807e-06
-3.03321758110542e-06
-3.03321780847909e-06
-3.03321826322644e-06
-3.0332187179738e-06
-3.03321940009482e-06
-3.0332196274685e-06
-3.03321985484217e-06
-3.03322008221585e-06
-3.0332205369632e-06
-3.03322099171055e-06
-3.03322121908423e-06
-3.03322190120525e-06
-3.03322212857893e-06
-3.0332223559526e-06
-3.03322281069995e-06
-3.0332232654473e-06
-3.03322372019466e-06
-3.03322417494201e-06
-3.03322462968936e-06
-3.03322508443671e-06
-3.03322531181038e-06
-3.03322553918406e-06
-3.03322599393141e-06
-3.03322644867876e-06
-3.03322644867876e-06
-3.03322690342611e-06
-3.03322735817346e-06
-3.03322781292081e-06
-3.03322804029449e-06
-3.03322849504184e-06
-3.03322872241552e-06
-3.03322894978919e-06
-3.03322963191022e-06
-3.03323008665757e-06
-3.03323031403124e-06
-3.03323054140492e-06
-3.03323122352595e-06
-3.03323145089962e-06
-3.0332316782733e-06
-3.03323236039432e-06
-3.033232587768e-06
-3.03323304251535e-06
-3.03323326988902e-06
-3.03323372463637e-06
-3.03323395201005e-06
-3.0332344067574e-06
-3.03323508887843e-06
-3.0332353162521e-06
-3.03323577099945e-06
-3.0332362257468e-06
-3.03323645312048e-06
-3.03323668049416e-06
-3.03323736261518e-06
-3.03323781736253e-06
-3.03323827210988e-06
-3.03323849948356e-06
-3.03323918160459e-06
-3.03323940897826e-06
-3.03323963635194e-06
-3.03324009109929e-06
-3.03324077322031e-06
-3.03324100059399e-06
-3.03324145534134e-06
-3.03324168271502e-06
-3.03324213746237e-06
-3.03324259220972e-06
-3.03324304695707e-06
-3.03324327433074e-06
-3.03324372907809e-06
-3.03324395645177e-06
-3.03324418382545e-06
-3.0332446385728e-06
-3.03324486594647e-06
-3.03324509332015e-06
-3.03324532069382e-06
-3.0332455480675e-06
-3.03324577544117e-06
-3.0332464575622e-06
-3.03324691230955e-06
-3.0332473670569e-06
-3.03324782180425e-06
-3.03324804917793e-06
-3.03324850392528e-06
-3.03324873129895e-06
-3.03324895867263e-06
-3.03324941341998e-06
-3.03324986816733e-06
-3.03325032291468e-06
-3.03325055028836e-06
-3.03325123240938e-06
-3.03325168715673e-06
-3.03325214190409e-06
-3.03325214190409e-06
-3.03325236927776e-06
-3.03325305139879e-06
-3.03325327877246e-06
-3.03325350614614e-06
-3.03325396089349e-06
-3.03325418826716e-06
-3.03325464301452e-06
-3.03325487038819e-06
-3.03325555250922e-06
-3.03325577988289e-06
-3.03325600725657e-06
-3.03325668937759e-06
-3.03325691675127e-06
-3.03325714412495e-06
-3.0332575988723e-06
-3.03325828099332e-06
-3.033258508367e-06
-3.03325873574067e-06
-3.0332594178617e-06
-3.03325964523538e-06
-3.03325987260905e-06
-3.0332603273564e-06
-3.03326055473008e-06
-3.03326078210375e-06
-3.03326100947743e-06
-3.0332612368511e-06
-3.03326146422478e-06
-3.03326214634581e-06
-3.03326260109316e-06
-3.03326282846683e-06
-3.03326328321418e-06
-3.03326396533521e-06
-3.03326396533521e-06
-3.03326419270888e-06
-3.03326464745624e-06
-3.03326487482991e-06
-3.03326510220359e-06
-3.03326555695094e-06
-3.03326623907196e-06
-3.03326646644564e-06
-3.03326669381931e-06
-3.03326737594034e-06
-3.03326737594034e-06
-3.03326783068769e-06
-3.03326805806137e-06
-3.03326828543504e-06
-3.03326851280872e-06
-3.03326896755607e-06
-3.03326942230342e-06
-3.0332696496771e-06
-3.03326987705077e-06
-3.0332705591718e-06
-3.03327078654547e-06
-3.03327124129282e-06
-3.03327192341385e-06
-3.03327215078752e-06
-3.03327283290855e-06
-3.0332732876559e-06
-3.03327351502958e-06
-3.03327374240325e-06
-3.0332741971506e-06
-3.03327442452428e-06
-3.03327465189795e-06
-3.03327510664531e-06
-3.03327533401898e-06
-3.03327578876633e-06
-3.03327601614001e-06
-3.03327647088736e-06
-3.03327669826103e-06
-3.03327715300838e-06
-3.03327760775574e-06
-3.03327783512941e-06
-3.03327806250309e-06
-3.03327851725044e-06
-3.03327874462411e-06
-3.03327919937146e-06
-3.03327942674514e-06
-3.03328010886617e-06
-3.03328079098719e-06
-3.03328147310822e-06
-3.03328170048189e-06
-3.03328215522924e-06
-3.03328238260292e-06
-3.03328306472395e-06
-3.0332835194713e-06
-3.03328374684497e-06
-3.03328397421865e-06
-3.03328465633967e-06
-3.03328465633967e-06
-3.03328511108703e-06
-3.03328556583438e-06
-3.03328602058173e-06
-3.0332862479554e-06
-3.03328670270275e-06
-3.0332871574501e-06
-3.03328738482378e-06
-3.03328761219746e-06
-3.03328806694481e-06
-3.03328829431848e-06
-3.03328852169216e-06
-3.03328897643951e-06
-3.03328943118686e-06
-3.03328965856053e-06
-3.03328988593421e-06
-3.03329034068156e-06
-3.03329056805524e-06
-3.03329056805524e-06
-3.03329079542891e-06
-3.03329102280259e-06
-3.03329125017626e-06
-3.03329147754994e-06
-3.03329193229729e-06
-3.03329215967096e-06
-3.03329238704464e-06
-3.03329284179199e-06
-3.03329306916567e-06
-3.03329329653934e-06
-3.03329352391302e-06
-3.03329420603404e-06
-3.03329443340772e-06
-3.03329466078139e-06
-3.03329511552874e-06
-3.03329534290242e-06
-3.0332955702761e-06
-3.03329602502345e-06
-3.0332964797708e-06
-3.03329693451815e-06
-3.03329716189182e-06
-3.03329761663917e-06
-3.03329784401285e-06
-3.03329807138653e-06
-3.03329852613388e-06
-3.0332992082549e-06
-3.03329943562858e-06
-3.03329966300225e-06
-3.0333001177496e-06
-3.03330034512328e-06
-3.03330057249696e-06
-3.03330102724431e-06
-3.03330125461798e-06
-3.03330148199166e-06
-3.03330193673901e-06
-3.03330261886003e-06
-3.03330307360739e-06
-3.03330375572841e-06
-3.03330398310209e-06
-3.03330421047576e-06
-3.03330466522311e-06
-3.03330466522311e-06
-3.03330511997046e-06
-3.03330557471782e-06
-3.03330602946517e-06
-3.03330625683884e-06
-3.03330671158619e-06
-3.03330716633354e-06
-3.03330739370722e-06
-3.03330762108089e-06
