0.0
1.52554140462004e-31
1.51441429352417e-06
8.0966765381163e-06
9.95915888779564e-06
1.22220953926444e-05
1.25165079225553e-05
1.2805733604182e-05
1.30907747006859e-05
1.32304330691113e-05
1.33679141072207e-05
1.35040882014437e-05
1.37062843350577e-05
1.39055600811844e-05
1.41016562338336e-05
1.41137707032613e-05
1.41168056870811e-05
1.41198397614062e-05
1.4122874745226e-05
1.41259088195511e-05
1.41289401653921e-05
1.41319706017384e-05
1.41350010380847e-05
1.4138031474431e-05
1.41410619107774e-05
1.41410637297668e-05
1.41410791911767e-05
1.41410937430919e-05
1.41410973810707e-05
1.41411010190495e-05
1.41411028380389e-05
1.41411046570283e-05
1.41411082950071e-05
1.41411128424807e-05
1.41411137519754e-05
1.41411155709648e-05
1.41411182994489e-05
1.41411219374277e-05
1.41411255754065e-05
1.41411273943959e-05
1.41411283038906e-05
1.41411319418694e-05
1.41411310323747e-05
1.41411337608588e-05
1.41411355798482e-05
1.41411410368164e-05
1.41411401273217e-05
1.41411428558058e-05
1.41411446747952e-05
1.41411464937846e-05
1.41411474032793e-05
1.41411519507528e-05
1.41411537697422e-05
1.4141157407721e-05
1.41411610456998e-05
1.41411628646892e-05
1.4141163774184e-05
1.41411674121628e-05
1.41411683216575e-05
1.41411710501416e-05
1.4141172869131e-05
1.41411774166045e-05
1.4141181964078e-05
1.41411828735727e-05
1.41411810545833e-05
1.4141181964078e-05
1.4141181964078e-05
1.41411837830674e-05
1.41411856020568e-05
1.41411901495303e-05
1.41411901495303e-05
1.41411919685197e-05
1.41411937875091e-05
1.41411974254879e-05
1.41411974254879e-05
1.41412010634667e-05
1.41412028824561e-05
1.41412047014455e-05
1.41412056109402e-05
1.41412065204349e-05
1.41412065204349e-05
1.4141209248919e-05
1.41412110679084e-05
1.41412137963925e-05
1.4141215615382e-05
1.41412174343714e-05
1.41412201628555e-05
1.41412201628555e-05
1.41412228913396e-05
1.41412238008343e-05
1.41412274388131e-05
1.41412283483078e-05
1.41412310767919e-05
1.4141233805276e-05
1.41412347147707e-05
1.41412356242654e-05
1.41412392622442e-05
1.41412419907283e-05
1.4141242900223e-05
1.41412456287071e-05
1.41412483571912e-05
1.41412501761806e-05
1.414125199517e-05
1.41412529046647e-05
1.41412547236541e-05
1.41412574521382e-05
1.41412574521382e-05
1.4141261090117e-05
1.41412619996117e-05
1.41412656375905e-05
1.41412683660747e-05
1.41412692755694e-05
1.41412729135482e-05
1.41412747325376e-05
1.41412792800111e-05
1.41412792800111e-05
1.41412801895058e-05
1.41412820084952e-05
1.41412847369793e-05
1.41412865559687e-05
1.41412883749581e-05
1.41412892844528e-05
1.41412901939475e-05
1.41412911034422e-05
1.41412920129369e-05
1.4141294741421e-05
1.41412974699051e-05
1.41412992888945e-05
1.41413001983892e-05
1.41413029268733e-05
1.4141303836368e-05
1.41413056553574e-05
1.41413074743468e-05
1.41413102028309e-05
1.41413111123256e-05
1.41413138408097e-05
1.41413165692938e-05
1.41413202072727e-05
1.41413229357568e-05
1.41413247547462e-05
1.4141328392725e-05
1.4141328392725e-05
1.41413329401985e-05
1.41413338496932e-05
1.41413356686826e-05
1.41413365781773e-05
1.41413411256508e-05
1.41413438541349e-05
1.41413484016084e-05
1.41413529490819e-05
1.41413538585766e-05
1.41413511300925e-05
1.41413511300925e-05
1.41413529490819e-05
1.41413538585766e-05
1.41413538585766e-05
1.4141355677566e-05
1.41413574965554e-05
1.41413602250395e-05
1.41413620440289e-05
1.41413638630183e-05
1.41413656820077e-05
1.41413684104919e-05
1.4141371138976e-05
1.41413747769548e-05
1.41413775054389e-05
1.41413784149336e-05
1.41413811434177e-05
1.41413820529124e-05
1.41413856908912e-05
1.41413875098806e-05
1.414138932887e-05
1.414138932887e-05
1.41413929668488e-05
1.41413956953329e-05
1.41413956953329e-05
1.41414002428064e-05
1.41414011523011e-05
1.41414038807852e-05
1.41414066092693e-05
1.41414066092693e-05
1.41414093377534e-05
1.41414111567428e-05
1.41414138852269e-05
1.41414138852269e-05
1.41414157042163e-05
1.41414184327004e-05
1.41414211611846e-05
1.4141422980174e-05
1.41414247991634e-05
1.41414275276475e-05
1.41414302561316e-05
1.41414311656263e-05
1.41414329846157e-05
1.41414384415839e-05
1.41414375320892e-05
1.4141441170068e-05
1.41414429890574e-05
1.41414429890574e-05
1.41414475365309e-05
1.41414484460256e-05
1.41414539029938e-05
1.41414557219832e-05
1.41414566314779e-05
1.41414602694567e-05
1.41414620884461e-05
1.41414648169302e-05
1.41414675454143e-05
1.41414666359196e-05
1.4141468454909e-05
1.41414693644037e-05
1.41414702738984e-05
1.4141474821372e-05
1.41414784593508e-05
1.41414775498561e-05
1.41414793688455e-05
1.41414811878349e-05
1.41414811878349e-05
1.41414811878349e-05
1.41414820973296e-05
1.4141483916319e-05
1.41414866448031e-05
1.41414884637925e-05
1.41414884637925e-05
1.41414921017713e-05
1.41414939207607e-05
1.41414948302554e-05
1.41414975587395e-05
1.41415002872236e-05
1.41415030157077e-05
1.41415066536865e-05
1.41415066536865e-05
1.41415093821706e-05
1.41415102916653e-05
1.41415157486335e-05
1.41415148391388e-05
1.41415184771176e-05
1.41415221150964e-05
1.4141520296107e-05
1.41415230245912e-05
1.41415248435806e-05
1.41415284815594e-05
1.41415303005488e-05
1.41415321195382e-05
1.41415348480223e-05
1.41415366670117e-05
1.41415375765064e-05
1.41415430334746e-05
1.41415412144852e-05
1.41415439429693e-05
1.4141544852464e-05
1.41415493999375e-05
1.41415503094322e-05
1.41415521284216e-05
1.41415548569057e-05
1.41415603138739e-05
1.41415594043792e-05
1.41415612233686e-05
1.41415621328633e-05
1.41415648613474e-05
1.41415694088209e-05
1.41415703183156e-05
1.41415712278103e-05
1.41415775942733e-05
1.41415766847786e-05
1.41415775942733e-05
1.41415812322521e-05
1.41415839607362e-05
1.41415848702309e-05
1.4141587598715e-05
1.41415912366938e-05
1.41415921461885e-05
1.41415930556832e-05
1.41415976031567e-05
1.4141596693662e-05
1.41415994221461e-05
1.41416012411355e-05
1.4141605788609e-05
1.4141605788609e-05
1.41416076075984e-05
1.41416112455772e-05
1.41416121550719e-05
1.41416139740613e-05
1.41416157930507e-05
1.41416194310295e-05
1.41416212500189e-05
1.4141623978503e-05
1.41416257974925e-05
1.41416276164819e-05
1.4141630344966e-05
1.41416312544607e-05
1.41416339829448e-05
1.41416348924395e-05
1.41416403494077e-05
1.41416385304183e-05
1.41416412589024e-05
1.41416430778918e-05
1.41416467158706e-05
1.414164853486e-05
1.41416503538494e-05
1.41416530823335e-05
1.41416539918282e-05
1.4141657629807e-05
1.41416585393017e-05
1.41416630867752e-05
1.41416639962699e-05
1.41416676342487e-05
1.41416694532381e-05
1.41416703627328e-05
1.41416730912169e-05
1.4141675819701e-05
1.41416785481852e-05
1.4141682186164e-05
1.4141682186164e-05
1.41416840051534e-05
1.41416867336375e-05
1.41416903716163e-05
1.4141691281111e-05
1.41416931001004e-05
1.41416976475739e-05
1.41416967380792e-05
1.41416985570686e-05
1.41417031045421e-05
1.41417021950474e-05
1.41417040140368e-05
1.41417040140368e-05
1.41417058330262e-05
1.41417085615103e-05
1.41417112899944e-05
1.41417140184785e-05
1.4141718565952e-05
1.4141718565952e-05
1.41417222039308e-05
1.41417249324149e-05
1.41417240229202e-05
1.41417258419096e-05
1.41417276608991e-05
1.41417322083726e-05
1.41417331178673e-05
1.41417349368567e-05
1.41417376653408e-05
1.4141743122309e-05
1.4141743122309e-05
1.41417449412984e-05
1.41417467602878e-05
1.41417476697825e-05
1.41417503982666e-05
1.4141752217256e-05
1.41417549457401e-05
1.41417558552348e-05
1.41417567647295e-05
1.41417604027083e-05
1.41417622216977e-05
1.41417640406871e-05
1.41417667691712e-05
1.41417694976553e-05
1.41417694976553e-05
1.41417713166447e-05
1.41417740451288e-05
1.41417776831076e-05
1.41417804115918e-05
1.41417813210865e-05
1.41417840495706e-05
1.414178586856e-05
1.41417867780547e-05
1.41417904160335e-05
1.41417913255282e-05
1.41417922350229e-05
1.41417940540123e-05
1.41417940540123e-05
1.41417976919911e-05
1.41417986014858e-05
1.41418022394646e-05
1.4141804058454e-05
1.41418058774434e-05
1.41418086059275e-05
1.41418095154222e-05
1.4141813153401e-05
1.41418149723904e-05
1.41418167913798e-05
1.41418177008745e-05
1.41418195198639e-05
1.41418231578427e-05
1.41418249768321e-05
1.41418258863268e-05
1.41418286148109e-05
1.41418304338004e-05
1.41418322527898e-05
1.41418358907686e-05
1.41418358907686e-05
1.41418368002633e-05
1.4141837709758e-05
1.41418440762209e-05
1.41418422572315e-05
1.41418440762209e-05
1.4141846804705e-05
1.41418513521785e-05
1.41418522616732e-05
1.41418568091467e-05
1.41418577186414e-05
1.41418595376308e-05
1.41418622661149e-05
1.41418631756096e-05
1.41418668135884e-05
1.41418677230831e-05
1.41418704515672e-05
1.41418722705566e-05
1.41418731800513e-05
1.41418749990407e-05
1.41418768180301e-05
1.41418813655037e-05
1.41418795465142e-05
1.41418822749984e-05
1.41418840939878e-05
1.41418868224719e-05
1.4141889550956e-05
1.41418904604507e-05
1.41418931889348e-05
1.41418950079242e-05
1.41418959174189e-05
1.41418995553977e-05
1.41419013743871e-05
1.41419050123659e-05
1.414190774085e-05
1.41419104693341e-05
1.41419113788288e-05
1.41419159263023e-05
1.4141916835797e-05
1.41419204737758e-05
1.41419213832705e-05
1.41419241117546e-05
1.4141925930744e-05
1.41419277497334e-05
1.41419286592281e-05
1.41419313877122e-05
1.41419350256911e-05
1.41419368446805e-05
1.41419386636699e-05
1.4141941392154e-05
1.41419423016487e-05
1.41419432111434e-05
1.41419477586169e-05
1.41419468491222e-05
1.41419495776063e-05
1.4141950487101e-05
1.41419550345745e-05
1.41419559440692e-05
1.41419577630586e-05
1.41419614010374e-05
1.41419623105321e-05
1.41419604915427e-05
1.41419604915427e-05
1.41419614010374e-05
1.41419632200268e-05
1.41419659485109e-05
1.41419695864897e-05
1.41419695864897e-05
1.41419704959844e-05
1.41419741339632e-05
1.41419750434579e-05
1.41419759529526e-05
1.4141977771942e-05
1.41419805004261e-05
1.41419814099208e-05
1.41419832289102e-05
1.41419868668891e-05
1.41419868668891e-05
1.41419895953732e-05
1.41419905048679e-05
1.41419959618361e-05
1.41419950523414e-05
1.41419977808255e-05
1.41419995998149e-05
1.41420005093096e-05
1.4142002328299e-05
1.41420050567831e-05
1.41420086947619e-05
1.41420096042566e-05
1.4142011423246e-05
1.41420159707195e-05
1.41420159707195e-05
1.41420186992036e-05
1.41420214276877e-05
1.4142020518193e-05
1.41420223371824e-05
1.41420250656665e-05
1.41420268846559e-05
1.41420305226347e-05
1.41420341606135e-05
1.41420341606135e-05
1.41420377985924e-05
1.41420396175818e-05
1.41420414365712e-05
1.41420423460659e-05
1.41420441650553e-05
1.41420478030341e-05
1.41420487125288e-05
1.41420514410129e-05
1.4142054169497e-05
1.41420559884864e-05
1.41420568979811e-05
