0
0.345995
0.90797
0.987679
1.369623
2.228016
2.420412
2.686098
2.780141
2.871545
2.968915
3.071888
3.098541
3.125416
3.165194
3.17517
3.185165
3.200148
3.222712
3.25644
3.264895
3.273387
3.286091
3.305264
3.310071
3.314853
3.322027
3.332791
3.348885
3.372996
3.382028
3.395564
3.415871
3.446204
3.491165
3.50781
3.532714
3.569739
3.624505
3.70584
3.843401
3.98933
4.129074
4.263655
4.362746
4.364584
4.366471
4.368386
4.370312
4.372259
4.374219
4.376167
4.378128
4.380097
4.382066
4.385007
4.387932
4.390855
4.393784
4.398164
4.402545
4.406913
4.411283
4.415647
4.422198
4.424647
4.427101
4.429724
4.432499
4.43568
4.438117
4.440554
4.444209
4.449687
4.457895
4.47018
4.482445
4.494677
4.506854
4.518938
4.530983
4.543029
4.555001
4.566921
4.578801
4.596498
4.614015
4.631402
4.648667
4.674314
4.712163
4.767854
4.781337
4.792696
4.795045
4.79709
4.798906
4.800554
4.801962
4.803712
4.805198
4.806699
4.808587
4.811232
4.814581
4.818466
4.822914
4.827394
4.830257
4.831837
4.832418
4.832851
4.83333
4.833878
4.834653
4.835816
4.837385
4.840166
4.845878
4.853185
4.854852
4.856506
4.856821
4.857114
4.857256
4.857278
4.857092
4.856882
4.856645
4.856385
4.85598
4.85517
4.85517
