0.0
2.23181933003969e-12
2.26359837991741e-12
2.26672023165286e-12
3.33093080027991e-12
6.60784187783703e-12
9.11869885156236e-12
9.91516937998149e-12
1.01533850771496e-11
1.02709039190296e-11
1.07421276734909e-11
1.23602673235412e-11
1.47816169027148e-11
2.1573926672902e-11
4.00967731239987e-11
9.03180030764617e-11
2.03856875824471e-10
4.33632685314933e-10
7.52216788857396e-10
1.5809338282935e-09
2.62189892019649e-09
3.28593552367806e-09
3.46412276641672e-09
3.64487218185161e-09
3.94349042309727e-09
4.06658795526482e-09
4.19602486090298e-09
4.32058078203568e-09
4.4411838651115e-09
4.62492888431143e-09
4.9800883417106e-09
5.62420066074765e-09
6.57196030928731e-09
8.92145290976032e-09
1.54826853560053e-08
2.23560565615344e-08
2.82968937170835e-08
3.24585620603557e-08
3.66283927633049e-08
4.02390298859245e-08
4.20164276704327e-08
4.26605133441171e-08
4.29673647772688e-08
4.31295923419839e-08
4.32369695602119e-08
4.33229523366663e-08
4.34174900476592e-08
4.35845919355415e-08
4.38045688611055e-08
4.38602576480207e-08
4.39236558236189e-08
4.39984759736944e-08
4.41427197017674e-08
4.43464216459688e-08
4.4648942321146e-08
4.51365593789887e-08
4.60030982196713e-08
4.75908130681546e-08
5.12946449759966e-08
5.53484440501961e-08
5.81344394845473e-08
6.10328356742684e-08
6.36757420124923e-08
6.5527295589618e-08
6.62134027606953e-08
6.64409753881046e-08
6.65581580960861e-08
6.66287505168839e-08
6.66811175165094e-08
6.67258390762981e-08
6.67703972112577e-08
6.6826416400545e-08
6.69094575300733e-08
6.70362112487055e-08
6.72227429276973e-08
6.74945823675444e-08
6.790009621227e-08
6.85821746060356e-08
6.9753959053287e-08
7.08994036813237e-08
7.14687686809157e-08
7.17809243155898e-08
7.19998851650416e-08
7.21638713230277e-08
7.23642941125036e-08
7.2664136041567e-08
7.27749878137729e-08
7.29187803472087e-08
7.30955420635837e-08
7.33101899186295e-08
7.35693177489338e-08
7.38813312750608e-08
7.42571870659958e-08
7.47122257394039e-08
7.52763114064692e-08
7.59796279226066e-08
7.73348460825218e-08
8.05260924607865e-08
8.49824886017814e-08
9.230134878635e-08
9.42709874607317e-08
9.65348831982737e-08
1.01321482759431e-07
1.09361394606822e-07
1.17947820399422e-07
1.30966796518805e-07
1.43492144388802e-07
1.5496253524816e-07
1.73291454075297e-07
2.33156399076506e-07
3.24779875882086e-07
3.86750429015592e-07
4.53925082410933e-07
5.05755622270954e-07
5.30502859419357e-07
5.41217559657525e-07
5.46282706181955e-07
5.4863164677954e-07
5.49920571302209e-07
5.50690117506747e-07
5.51223422462499e-07
5.51653386082762e-07
5.52659571440017e-07
5.54194230062421e-07
5.55783401523513e-07
5.57819532787107e-07
5.59882607831241e-07
5.62521222491341e-07
5.65294726584398e-07
5.68516099974659e-07
5.7165959788108e-07
5.77322111894318e-07
5.86493513310415e-07
5.94762923356029e-07
5.99769293785357e-07
6.0966493720116e-07
6.13464521848073e-07
6.18286605913454e-07
6.29519604444795e-07
6.45502382212726e-07
6.62438708332047e-07
6.77298999107734e-07
6.9593261287082e-07
7.2576762022436e-07
7.55611722524918e-07
7.80017103352293e-07
8.04495016382134e-07
8.22316849280469e-07
8.33996125493286e-07
8.4371657749216e-07
8.49521882173576e-07
8.51274478463893e-07
8.51936817980459e-07
8.52337393553171e-07
8.52752350510855e-07
8.53218750762608e-07
8.54598283694941e-07
8.58006728776672e-07
8.62473484630755e-07
8.64886260387721e-07
8.66367486196395e-07
8.6746700844742e-07
8.68508948315139e-07
8.69248765411612e-07
8.7123731873362e-07
8.73460464845266e-07
8.74949137141812e-07
8.78393848324777e-07
8.87729243004287e-07
8.98190080533823e-07
9.07294804619596e-07
9.18770695079729e-07
9.36311948862567e-07
9.82277811090171e-07
1.02263231838151e-06
1.04095454389608e-06
1.07226242107572e-06
1.10362611849268e-06
1.13279440938641e-06
1.15659270250035e-06
1.18080856736924e-06
1.20460379093856e-06
1.23881955005345e-06
1.28707097246661e-06
1.32308082356758e-06
1.35983066229528e-06
1.36968026254181e-06
1.38017117023992e-06
1.38295183660375e-06
1.38584562137112e-06
1.39056135139981e-06
1.39631765705417e-06
1.39798646614508e-06
1.39982091695856e-06
1.40312488383643e-06
1.40753650157421e-06
1.4145985005598e-06
1.43142165143217e-06
1.45306808008172e-06
1.47845992160001e-06
1.51692790950619e-06
1.55980160343461e-06
1.59456942583347e-06
1.62445485329954e-06
1.65956225828268e-06
1.68705480518838e-06
1.70859823356295e-06
1.72560157807311e-06
1.73910018474999e-06
1.75416766978742e-06
1.76995729361806e-06
1.78158950348006e-06
1.79094320174045e-06
1.79915355147386e-06
1.80930544502189e-06
1.81804557541909e-06
1.82601525011705e-06
1.83740758075146e-06
1.85237172445341e-06
1.87198622825235e-06
1.89868876532273e-06
1.93558093997126e-06
1.98610860024928e-06
2.05291235033656e-06
2.13878138310974e-06
2.2454735244537e-06
2.37405902225873e-06
2.53581174547435e-06
2.70519262812741e-06
2.83607823803322e-06
2.93886068902793e-06
3.04010632135032e-06
3.12345764541533e-06
3.18816773869912e-06
3.24940356222214e-06
3.30685065819125e-06
3.3627381981205e-06
3.40168526236084e-06
3.41114969160117e-06
3.42705584444047e-06
3.42379803441872e-06
3.41919030688587e-06
3.4123827390431e-06
3.4024967590085e-06
3.38666291099798e-06
3.36394305122667e-06
3.34521359945938e-06
3.32564832206117e-06
3.30631269207515e-06
3.28516784975363e-06
3.26458825838927e-06
3.24375150739797e-06
3.22381583828246e-06
3.20502067552297e-06
3.18513843922119e-06
3.16698583446851e-06
3.14802741741005e-06
3.13231680593162e-06
3.11543112729851e-06
3.1007036795927e-06
3.08517655867036e-06
3.06988772535988e-06
3.0542034892278e-06
3.03785532196343e-06
3.02243824990001e-06
3.00330452773778e-06
2.98820145872014e-06
2.96998996418552e-06
2.9528625873354e-06
2.9375203212112e-06
2.91798983198532e-06
2.90224943455542e-06
2.88191517938685e-06
2.86504132418486e-06
2.84762654700899e-06
2.82961036646157e-06
2.81367670140753e-06
2.79544246950536e-06
2.77865569842106e-06
2.76076934824232e-06
2.74246531262179e-06
2.72543843493622e-06
2.70874284069578e-06
2.69107636086119e-06
2.6744116894406e-06
2.65790322373505e-06
2.64059781329706e-06
2.62396793004882e-06
2.60707838606322e-06
2.6060517939186e-06
2.604516566862e-06
2.604516566862e-06
