0.0
7.40179302738397e-07
7.40186692382849e-07
8.04473927473737e-07
1.19232436190941e-05
5.29679273313377e-05
0.000119861157145351
0.000201300194021314
0.000291071861283854
0.000386707426514477
0.000492740131448954
0.000618092890363187
0.00076323002576828
0.000937487988267094
0.00113861379213631
0.00136609119363129
0.00162812636699528
0.00192668603267521
0.00225899880751967
0.00261112279258668
0.00299284304492176
0.00329429702833295
0.00337171624414623
0.0034496458247304
0.00352797540836036
0.00352918868884444
0.00353010161779821
0.00353101501241326
0.00353192910552025
0.00353330001235008
0.00353535334579647
0.00353739899583161
0.00353892566636205
0.00354043697007
0.00354195665568113
0.00354346609674394
0.00354497227817774
0.00354647566564381
0.00354873016476631
0.00355212669819593
0.00355725805275142
0.00356241571716964
0.00356761855073273
0.00357285304926336
0.0035781015176326
0.00358335301280022
0.00358860427513719
0.00359384715557098
0.00359777244739234
0.00359850795939565
0.00359924277290702
0.00359997688792646
0.00360107654705644
0.00360217434354126
0.00360326934605837
0.00360436062328517
0.00360544654540718
0.0036065278109163
0.00360760907642543
0.00360869173891842
0.00360976997762918
0.0036113930400461
0.00361383380368352
0.00361750880256295
0.00362121080979705
0.00362400314770639
0.00362680479884148
0.00362960947677493
0.00363241694867611
0.00363522628322244
0.00363803585059941
0.0036408444866538
0.00364365056157112
0.00364645337685943
0.00364925223402679
0.00365204596891999
0.00365483341738582
0.00365760643035173
0.00366036430932581
0.00366312661208212
0.00366591149941087
0.00366870732977986
0.00367150874808431
0.00367431435734034
0.00367852649651468
0.00368484668433666
0.00368642527610064
0.0036880022380501
0.00368957780301571
0.00369115173816681
0.0036927240435034
0.00369429448619485
0.00369586306624115
0.00369742908515036
0.00369899231009185
0.00370055250823498
0.00370210572145879
0.00370366056449711
0.00370521610602736
0.00370678049512208
0.0037070750258863
0.00370737002231181
0.00370781449601054
0.00370826479047537
0.00370871042832732
0.0037091625854373
0.00370961660519242
0.00371007295325398
0.00371075817383826
0.0037118352483958
0.00371296587400138
0.00371402758173645
0.00371557893231511
0.00371781783178449
0.00372000667266548
0.00372215174138546
0.00372427958063781
0.00372640020214021
0.0037285266444087
0.00373064749874175
0.00373276672326028
0.00373488594777882
0.00373806827701628
0.00374124851077795
0.00374442874453962
0.0037492064293474
0.00375643116421998
0.00376737653277814
0.00377835286781192
0.00378933898173273
0.00380038400180638
0.00381139386445284
0.00382241769693792
0.00383344921283424
0.00384449097327888
0.00385547871701419
0.00385753670707345
0.00385959492996335
0.00386167340911925
0.00386325060389936
0.00386481964960694
0.00386638264171779
0.00386871630325913
0.00387222832068801
0.00387573009356856
0.00387921999208629
0.00388439954258502
0.00389206898398697
0.00389972748234868
0.00390738621354103
0.00391502724960446
0.0039226608350873
0.00393032981082797
0.0039380481466651
0.00394972926005721
0.00396730983629823
0.00399373518303037
0.00402017449960113
0.00404663942754269
0.0040734289214015
0.00410029478371143
0.00412723841145635
0.00416783150285482
0.00420857034623623
0.00424924585968256
0.00429006898775697
0.00433105649426579
0.00439251400530338
0.00445360038429499
0.00451484555378556
0.00457596266642213
0.00463686091825366
0.00469756266102195
0.00475697498768568
0.00477874046191573
0.00478691281750798
0.00479918625205755
0.00480842124670744
0.00481536192819476
0.00482056988403201
0.00482577458024025
0.00483097042888403
0.00483874417841434
0.00485035823658109
0.00485904980450869
0.00486772228032351
0.0048698908649385
0.00487206084653735
0.00487260380759835
0.00487314723432064
0.00487396353855729
0.00487478310242295
0.00487498845905066
0.00487519428133965
0.00487550441175699
0.0048758159391582
0.004876131657511
0.00487645622342825
0.00487678498029709
0.00487712072208524
0.0048776320181787
0.004878387786448
0.00487913424149156
0.00487987464293838
0.00488096615299582
0.00488204229623079
0.00488310446962714
0.00488415500149131
0.00488519482314587
0.00488673523068428
0.00488901697099209
0.00489127961918712
0.00489353016018867
0.00489577418193221
0.00489912088960409
0.00490245735272765
0.0049057868309319
0.00491077406331897
0.00491822324693203
0.00492935813963413
0.00494600646197796
0.00497089512646198
0.00500810844823718
0.00506378011777997
0.00514726061373949
0.00527355121448636
0.0054625840857625
0.00572569295763969
0.00604146439582109
0.00634290464222431
0.00662754289805889
0.00690161157399416
0.00714386440813541
0.00734417093917727
0.00751452427357435
0.00765670090913773
0.00776629848405719
0.00781541597098112
0.00781752355396748
0.00781193654984236
0.00780210457742214
0.00780020095407963
0.00779712945222855
0.00779237039387226
0.00778482109308243
0.00777342403307557
0.00776057690382004
0.00774885201826692
0.00773523468524218
0.00772113585844636
0.00770810339599848
0.0076939812861383
0.00768031273037195
0.00766633171588182
0.0076523064635694
0.00763833709061146
0.00762382056564093
0.00761021114885807
0.00759373512119055
0.00757754826918244
0.00756137166172266
0.00754466652870178
0.00752804661169648
0.00750978710129857
0.00749350804835558
0.00747143104672432
0.00745598413050175
0.00743676163256168
0.00741749070584774
0.00740196509286761
0.00738014094531536
0.00736374408006668
0.00734187243506312
0.00732375867664814
0.00730584934353828
0.00728442054241896
0.00726792216300964
0.00724739581346512
0.00722826970741153
0.00720870960503817
0.0071863541379571
0.00716832932084799
0.00714845582842827
0.00712621584534645
0.0071080313064158
0.00708715664222836
0.00706505356356502
0.0070449560880661
0.00702264113351703
0.00702131818979979
0.00701938010752201
0.00701938010752201
