-0.000000
0.000000
0.304048
0.747001
1.157352
1.588103
1.974913
2.918026
3.640865
4.332631
4.957776
5.755037
6.362751
7.355100
8.379371
8.864774
8.933648
8.934795
8.936013
8.937448
8.939048
8.940728
8.942451
8.944172
8.945865
8.947530
8.949159
8.951593
8.955210
8.958791
8.961761
8.956790
8.952453
8.942642
8.928792
8.922876
8.913777
8.897786
8.875187
8.851786
8.822882
8.793724
8.766950
8.743132
8.713190
8.694360
8.675903
8.668583
8.665881
8.665833
8.667098
8.669192
8.673062
8.679484
8.689272
8.705075
8.728207
8.761383
8.805236
8.846873
8.884505
8.932592
8.975486
9.012307
9.045223
9.079572
9.120137
9.179089
9.285062
9.461589
9.523045
9.607457
9.613386
9.620066
9.626601
9.632997
9.641625
9.648069
9.653368
9.658326
9.658386
9.657577
9.655104
9.650350
9.643278
9.633744
9.622692
9.611034
9.598276
9.585637
9.572798
9.553613
9.525797
9.485482
9.469800
9.455081
9.441164
9.427060
9.413984
9.394738
9.365598
9.323695
9.290519
9.275428
9.259134
9.254481
9.249181
9.247763
9.246273
9.243798
9.240913
9.237221
9.231703
9.221123
9.197300
9.173311
9.151473
9.123945
9.092102
9.067894
9.049759
9.036218
9.026037
9.018467
9.010789
9.003549
8.998259
8.993752
8.987966
8.980042
8.968733
8.950884
8.926023
8.889767
8.835172
8.753661
8.656208
8.580273
8.437135
7.981838
7.347241
6.696823
6.151027
5.496060
4.781723
4.105237
3.413310
2.667720
1.829014
0.961859
0.736594
0.379891
0.002615
0.000000
0.000000
