0.0
0.0
0.0
0.0
0.0
0.0
0.0
0.0
0.0
0.0
0.0
0.0
0.0
0.0
0.0
0.0
0.0
0.0
0.0
0.0
0.0
0.0
0.0
0.0
0.0
0.0
0.0
0.0
0.0
0.0
0.0
0.0
0.0
0.0
0.0
0.0
0.0
0.0
0.0
0.0
0.0
0.0
0.0
0.0
0.0
0.0
0.0
0.0
0.0
0.0
0.0
0.0
0.0
0.0
0.0
0.0
0.0
1.18375461652079e-16
1.08286676066965e-12
7.94193877329263e-12
5.04377165033709e-11
2.32862062965467e-10
1.30972033218768e-09
7.67523822275962e-09
1.93263307579628e-08
3.27399547472851e-08
5.34615409719663e-08
6.53625207291952e-08
2.792347970626e-07
6.91618367909541e-07
1.02221542874759e-06
1.25468534406536e-06
1.40819122407265e-06
1.52857126067829e-06
1.62037372319901e-06
1.69813415595854e-06
1.78774917003466e-06
1.85129840701848e-06
1.8976733144882e-06
1.93888558897015e-06
1.9792723833234e-06
2.03313402380445e-06
2.08732217288343e-06
2.11935184779577e-06
2.14404758480669e-06
2.16693365473475e-06
2.18627383219427e-06
2.20528090721928e-06
2.22269227379002e-06
2.23742881644284e-06
2.25197504732932e-06
2.2635056211584e-06
2.27586292567139e-06
2.28549288294744e-06
2.29590727940376e-06
2.30440650739183e-06
2.31183776122634e-06
2.32007914746646e-06
2.3251554921444e-06
2.33149489758944e-06
2.33759715229098e-06
2.34326375903038e-06
2.34650110542134e-06
