-0.0
-1.83257973653522e-16
3.64205266242352e-18
6.31250642196777e-18
-6.85034587369465e-18
1.17371965837599e-18
2.16954564742118e-18
-3.77780003197868e-18
-4.7045074294244e-18
-3.22388680658867e-18
2.60541378875012e-18
-4.22205226920131e-18
1.5585530306571e-20
6.12616909973918e-18
-3.42727480278382e-18
1.80032075970864e-18
-2.16355748017175e-18
2.05580293652116e-18
1.94221346082961e-18
-5.29558546614611e-18
-4.76829215363897e-18
-6.55259394040006e-19
6.01127453983617e-18
1.26727709437819e-18
-5.72168605200687e-18
-4.0272198020818e-18
-3.30591913511617e-18
1.13718003015126e-17
5.10485581486485e-18
1.03375077256467e-18
-1.3672269821542e-18
-2.81121963387577e-18
2.83701774282007e-18
-2.81827300295901e-18
6.63000150212278e-19
2.89640103899525e-18
5.93376523489812e-18
-9.92598206217912e-18
-4.34179824339694e-18
-4.95493594628452e-18
7.40458997132968e-19
7.48495387656166e-18
4.28517276738401e-18
-4.04278899557127e-18
6.74919822839167e-18
2.98205122817308e-08
1.0666099115042e-07
-9.28916051634587e-07
-1.83353222382721e-06
-2.54720907832962e-06
-4.5229298848426e-06
-5.54811958863866e-06
-4.89358353661373e-06
-5.24757706443779e-06
-8.40385109768249e-06
-1.10814071376808e-05
6.22797961113974e-06
2.88802402792498e-06
-8.58215935295448e-06
-7.45020224712789e-06
-7.36460060579702e-06
1.75287277670577e-05
6.22938387095928e-06
-1.13358692033216e-06
-2.77112849289551e-06
-6.10243296250701e-06
-2.72507895715535e-06
-3.29352042172104e-06
-5.52053097635508e-06
-6.14815508015454e-06
-9.50555840972811e-06
-1.07570231193677e-05
-6.83472899254411e-06
4.1246967157349e-06
1.07094092527404e-05
1.39384137582965e-05
1.09958564280532e-05
7.81633571023121e-06
1.28677347674966e-05
1.24456200865097e-05
1.44047517096624e-05
1.9450337276794e-05
8.24111339170486e-06
2.28346325457096e-05
1.53828514157794e-05
1.42516582855023e-05
2.17042324948125e-05
1.54400113387965e-05
2.20936926780269e-05
1.05377839645371e-05
2.30927107622847e-05
2.31991725740954e-05
2.95174286293332e-05
2.75098100246396e-05
3.18289494316559e-05
2.09741920116358e-05
1.8815047951648e-05
1.45676131069195e-05
1.10473811218981e-05
1.35077752929647e-05
1.24942489492241e-05
1.622843228688e-05
1.65368073794525e-05
