0.0
-3.00894760361736e-33
-2.32670757327469e-07
-1.15043701498507e-06
-1.21604341529746e-06
-1.37637425723369e-06
-1.89405193395942e-06
-2.55963618656097e-06
-3.13749205815839e-06
-4.10809070672258e-06
-4.93075140184374e-06
-5.81649373998516e-06
-6.69382325213519e-06
-7.12849578121677e-06
-7.26126108929748e-06
-7.11981738277245e-06
-7.91981983638834e-06
-8.90033606992802e-06
-1.20559525385033e-05
-1.62908381753368e-05
-2.35112820519134e-05
-2.65617545665009e-05
-4.55082226835657e-05
-8.67970229592174e-05
-0.000149623054312542
-0.000225628667976707
-0.000305069901514798
-0.000383338512619957
-0.000459636503364891
-0.000533120182808489
-0.00061256205663085
-0.000693287700414658
-0.000771803606767207
-0.000847725255880505
-0.000925769447349012
-0.00100281205959618
-0.00107852858491242
-0.00115291762631387
-0.00122637546155602
-0.00129880476742983
-0.00136971799656749
-0.00143926369491965
-0.00150760391261429
-0.00157490489073098
-0.0016412406694144
-0.00170686619821936
-0.00177147204522043
-0.00183497567195445
-0.00189739849884063
-0.0019585785921663
-0.00201870338059962
-0.00207759835757315
-0.00213545653969049
-0.00219189398922026
-0.00224726786836982
-0.00230188202112913
-0.00235566101036966
-0.00240858737379313
-0.00246081850491464
-0.00251234858296812
-0.00256277457810938
-0.00261134561151266
-0.00265793828293681
-0.00270335283130407
-0.00274771358817816
-0.00279048667289317
-0.00283218780532479
-0.00287265633232892
-0.00291165639646351
-0.00294941780157387
-0.00298619666136801
-0.00302294758148491
-0.00305877928622067
-0.00309362448751926
-0.00312767177820206
-0.00316076469607651
-0.00319324061274529
-0.00322449440136552
-0.00325501128099859
-0.00328478775918484
-0.00331396167166531
-0.00334258214570582
-0.00337034766562283
-0.00339770829305053
-0.00342375016771257
-0.0034487450029701
-0.00347404950298369
-0.00349834049120545
-0.00352200400084257
-0.00354490638710558
-0.00356712564826012
-0.00358871696516871
-0.00360983796417713
-0.0036310562863946
-0.00365175865590572
-0.00367180327884853
-0.00369129725731909
-0.003710160497576
-0.0037288898602128
-0.00374718778766692
-0.00376511970534921
-0.00378215243108571
-0.00379842706024647
-0.00381436850875616
-0.0038298424333334
-0.00383362779393792
-0.00383936404250562
-0.00384748377837241
-0.00385970342904329
-0.00387362530454993
-0.00388739258050919
-0.00390051770955324
-0.00391312595456839
-0.00392527226358652
-0.00393683835864067
-0.00394273642450571
