0.0
-2.13427125704912e-33
8.97858684728692e-30
-1.77147808244627e-06
-1.47182663567946e-06
-3.35149775310128e-06
-8.89650982571766e-06
-1.63568547577597e-05
-2.51835772360209e-05
-3.84154154744465e-05
-5.63588946533855e-05
-7.7013042755425e-05
-0.000107759529782925
-0.000147840633871965
-0.00029410794377327
-0.000486169214127585
-0.000670773559249938
-0.000863732595462352
-0.00104873883537948
-0.00122685404494405
-0.00138524861540645
-0.0015545457135886
-0.00171687360852957
-0.00187249586451799
-0.00201032729819417
-0.00215598242357373
-0.0022942591458559
-0.00242545595392585
-0.00254935445263982
-0.00266592623665929
-0.00277622044086456
-0.00287990947254002
-0.00297658029012382
-0.00306613580323756
-0.00314973806962371
-0.00322736706584692
-0.00329814502038062
-0.00336247426457703
-0.00342063372954726
-0.00347246904857457
-0.00351790897548199
-0.00355792744085193
-0.0035920855589211
-0.00361989461816847
-0.00364128174260259
-0.00365649862214923
-0.00366586889140308
-0.00366693455725908
-0.00366725982166827
-0.00366735854186118
-0.00366738741286099
-0.00366741884499788
-0.00366742163896561
-0.00366742536425591
-0.00366742676123977
-0.00366742978803813
-0.00366743048653007
-0.00366743165068328
-0.00366743211634457
-0.00366743304766715
-0.00366743933409452
-0.00366744422353804
-0.00366744585335255
-0.00366744631901383
-0.00366744631901383
-0.00366744655184448
-0.00366744678467512
-0.00366744701750576
-0.00366744701750576
-0.00366744701750576
-0.00366744725033641
-0.00366744725033641
-0.00366744725033641
-0.00366744725033641
-0.00366744725033641
-0.00366744725033641
-0.00366744725033641
-0.00366744725033641
-0.00366744725033641
-0.00366744725033641
-0.00366744725033641
-0.00366744725033641
-0.00366744725033641
-0.00366744725033641
-0.00366744725033641
