0.0
-3.30622772518344e-19
9.53993239960482e-09
1.26161964431049e-07
5.69562132568535e-07
1.81505072305299e-06
3.83566521122702e-06
6.47787010166212e-06
1.20403519758838e-05
2.32847996812779e-05
3.47986606357154e-05
5.46024821233004e-05
8.49652133183554e-05
0.000120474862342235
0.000231751837418415
0.00040594395250082
0.000591420684941113
0.000792644859757274
0.000991771696135402
0.00118751975242049
0.00138628238346428
0.00158963061403483
0.00177792564500123
0.00196361029520631
0.00214628526009619
0.00234282249584794
0.00253579369746149
0.00270782317966223
0.00287732458673418
0.00304370117373765
0.00320765119977295
0.00336548336781561
0.00352016440592706
0.00366994854994118
0.00381999020464718
0.00396321061998606
0.00410376256331801
0.00423926021903753
0.00437135947868228
0.00450223870575428
0.00462392438203096
0.00474685523658991
0.0048631364479661
0.00498049566522241
0.00509230745956302
0.00519891921430826
0.00530457869172096
0.00540435500442982
0.00550240697339177
0.00560058327391744
0.00569210248067975
0.00577774457633495
0.00586234359070659
0.00594389997422695
0.00601877784356475
0.00610329629853368
0.00617158273234963
0.00624246522784233
0.00630693743005395
0.00637199776247144
0.00642774766311049
0.00649538449943066
0.00654660724103451
0.00660321721807122
0.0066447970457375
0.0066906800493598
0.00673560937866569
0.0067701069638133
0.00682601286098361
0.00684724561870098
0.00688946805894375
0.00691403495147824
0.0069319917820394
0.00697227986529469
0.00697675067931414
0.00701479008421302
0.00703186960890889
0.00704290019348264
0.00706927664577961
0.00705494685098529
0.00707367481663823
0.00708725675940514
0.00707345781847835
0.0070928493514657
0.00710349902510643
0.00707906158640981
0.00709248706698418
0.00707518076524138
0.00704906461760402
0.0070577128790319
0.00702852290123701
0.00701766042038798
0.00702100433409214
0.0069895857013762
0.00696931686252356
0.00696757296100259
0.00691122142598033
0.00688252970576286
0.00687094405293465
0.00683617917820811
0.00679659703746438
