0
0.223657
0.806565
1.327218
2.079621
3.149511
4.308904
5.332403
6.077738
6.654249
7.155503
7.64857
8.19889
8.677222
9.096768
9.560541
10.137824
10.420654
10.741285
10.813002
10.874234
10.91784
10.973771
11.035285
11.095644
11.153086
11.165587
11.177087
11.18832
11.198969
11.204941
11.208735
11.209246
11.209418
11.209122
11.208094
11.205772
11.203384
11.201344
11.199762
11.19874
11.198209
11.198071
11.198096
11.198374
11.199024
11.199834
11.201412
11.201947
11.190778
11.182749
11.173515
11.162591
11.151076
11.138896
11.120541
11.093231
11.081928
11.070721
11.059859
11.043544
11.020098
10.997421
10.981311
10.965746
10.9507
10.928853
10.897073
10.852305
10.835164
10.819106
10.802641
10.786845
10.763796
10.730398
10.6825
10.61434
10.566267
10.525183
10.490969
10.452764
10.429504
10.42031
10.373149
10.189507
9.928396
9.668263
9.531016
9.294335
8.989243
8.746405
8.519395
8.221329
7.884273
7.538299
7.189573
6.844144
6.493863
6.150266
5.808242
5.46803
5.132261
4.797886
4.464896
4.131368
3.79957
3.473564
3.150489
2.831161
2.511607
2.193902
1.881315
1.570995
1.26265
0.957072
0.635973
0.308148
0.004304
3.7e-05
3.6e-05
3.4e-05
3.2e-05
3e-05
2.8e-05
2.7e-05
2.7e-05
2.5e-05
2.1e-05
1.9e-05
1.6e-05
1.2e-05
8e-06
2e-06
-4e-06
-9e-06
-1.1e-05
-1.1e-05
