0.0
-3.85741079350425e-33
-8.59258636131252e-34
2.86663086990529e-33
1.11166669734577e-32
1.77018428974298e-32
1.66040413763571e-32
2.67808881267049e-32
2.08546553975534e-32
3.24547995240844e-32
3.05598203459544e-32
4.56844036341498e-32
-8.70432529609388e-07
-9.49299874264398e-07
-1.55755128616875e-06
-2.22117137127498e-06
-6.82141217112076e-06
-8.70952135301195e-06
-1.23997688206146e-05
-1.32062596094329e-05
-1.4325534721138e-05
-1.55089364852756e-05
-1.67102862178581e-05
-1.81666200660402e-05
-2.00122140086023e-05
-2.5575835024938e-05
-3.21848674502689e-05
-5.20057219546288e-05
-7.78519897721708e-05
-0.000157761547598056
-0.000185780882020481
-0.000215980369830504
-0.000247365882387385
-0.000288618670310825
-0.000346018758136779
-0.0003724136040546
-0.000411606655688956
-0.000470995582873002
-0.000558297382667661
-0.000679081014823169
-0.000795605417806655
-0.000899831939022988
-0.00101061246823519
-0.00111862632911652
-0.0012306016869843
-0.00133564823772758
-0.00144038675352931
-0.00154481502249837
-0.00164603628218174
-0.00174458266701549
-0.00183981191366911
-0.00193172204308212
-0.00202016113325953
-0.00210474734194577
-0.00218523805961013
-0.00226237694732845
-0.0023340592160821
-0.00240238034166396
-0.00246667163446546
-0.00252739386633039
-0.00258562969975173
-0.00264116073958576
-0.00269370642490685
-0.002743910998106
-0.00279171043075621
-0.00283695547841489
-0.00287950690835714
-0.00291888718493283
-0.00295560550875962
-0.00298901996575296
-0.00301922438666224
-0.0030466194730252
-0.00307186227291822
-0.00309492950327694
-0.00311593408696353
-0.00313494144938886
-0.00315166311338544
-0.0031663766130805
-0.00317908334545791
-0.00318992580287158
-0.0031986478716135
-0.00320540764369071
-0.00321022002026439
-0.00321302795782685
-0.00321386614814401
-0.00321393273770809
-0.00321394763886929
-0.00321396766230464
-0.00321399164386094
-0.00321400864049792
-0.0032140149269253
-0.00321400514803827
-0.00321402703411877
-0.00321402703411877
-0.00321402424015105
-0.00321404961869121
-0.00321406009607017
-0.00321406847797334
-0.00321407406590879
-0.00321408174932003
-0.0032140810508281
-0.00321407662704587
-0.00321409059688449
-0.00321410014294088
-0.00321408011950552
-0.00321407499723136
-0.00321409408934414
-0.00321409129537642
-0.0032140810508281
-0.00321409315802157
-0.00321409967727959
