0.0
3.68803690046282e-35
5.0761701686497e-07
9.57573320192751e-07
1.63750360115955e-06
2.39289897763229e-06
2.61292075265374e-06
1.96036148736312e-06
1.60240756486019e-06
1.61566379119904e-06
1.77941660695069e-06
2.10405528378033e-06
2.37159588323266e-06
2.8378626666381e-06
3.32464696839452e-06
3.78452796212514e-06
4.45697651230148e-06
6.31226521363715e-06
9.14257452677703e-06
1.11183480839827e-05
1.04506534626125e-05
9.82623168965802e-06
9.62869762588525e-06
9.5116065494949e-06
9.37214099394623e-06
9.33788578549866e-06
9.24105916055851e-06
9.10903054318624e-06
8.98361940926407e-06
8.97471818461781e-06
8.87100486579584e-06
8.74036777531728e-06
8.59640476846835e-06
8.45118393044686e-06
8.31549368740525e-06
8.20562036096817e-06
8.08195090939989e-06
7.991512575245e-06
7.84595158620505e-06
7.69718189985724e-06
7.56505824028864e-06
7.48537422623485e-06
7.35902995074866e-06
7.24741357771563e-06
7.14642055754666e-06
7.09432470102911e-06
6.98582152836025e-06
6.90580873197177e-06
6.80257744534174e-06
6.65726338411332e-06
6.50325273454655e-06
6.33885656498023e-06
6.15092085354263e-06
6.01886176809785e-06
5.87484191783005e-06
5.76209049540921e-06
5.6522767408751e-06
5.52935671294108e-06
5.43399755770224e-06
5.2821847020823e-06
5.18903971169493e-06
5.01325257573626e-06
4.90045658807503e-06
4.72147166874493e-06
4.58378690382233e-06
4.42195732830442e-06
4.3255831769784e-06
4.19330626755254e-06
4.12363488067058e-06
4.01049555875943e-06
3.96025916415965e-06
3.85613884645863e-06
3.80517849407624e-06
3.69646272702084e-06
3.61015668204345e-06
3.49557876688777e-06
3.38307518177317e-06
3.25995642924681e-06
3.12478277919581e-06
3.01625482279633e-06
2.82956170849502e-06
2.72307784143777e-06
2.61762238551455e-06
2.45921478381206e-06
2.36510095419362e-06
2.22096537072503e-06
2.13607199839316e-06
2.05502442440775e-06
1.93453547581157e-06
1.85962085197389e-06
1.76307366928086e-06
1.68357485108572e-06
1.62079061283293e-06
1.51354936406278e-06
1.39173437219142e-06
1.27607233935123e-06
1.11989049855765e-06
1.02517208233621e-06
9.58714394982962e-07
8.64863920924108e-07
8.07233163868659e-07
7.6007751204088e-07
7.03280306879606e-07
6.60335388147359e-07
5.9515656403164e-07
4.97639121022075e-07
4.29621593411866e-07
3.72675970083947e-07
3.11872526026491e-07
2.65558497858365e-07
2.4061421299848e-07
