0.0
4.84459263750936e-19
1.78961456764881e-09
6.3686385942674e-08
2.21954280732461e-07
3.50935437154476e-07
7.21668129699538e-07
1.65479434599547e-06
2.1496352928807e-06
2.92839581561566e-06
4.42154578195186e-06
7.09902406015317e-06
8.31766556075308e-06
1.01534224086208e-05
1.3052141184744e-05
1.63606200658251e-05
1.99742153199622e-05
2.31925860134652e-05
2.65202033915557e-05
3.03190408885712e-05
3.48664616467431e-05
3.97150979551952e-05
4.47047932539135e-05
4.97042201459408e-05
5.02337825309951e-05
5.04394010931719e-05
5.05163334310055e-05
5.06327305629384e-05
5.06753312947694e-05
5.06913856952451e-05
5.06974283780437e-05
5.07065051351674e-05
5.07099102833308e-05
5.0715148972813e-05
5.0715148972813e-05
