0.0
0.0
4.89251391941106e-17
8.48475920819507e-16
1.49097395671025e-13
4.92841878418915e-11
1.05699882180232e-09
1.84837389838322e-09
2.85527379517703e-09
2.88244361712486e-09
2.9087208197609e-09
2.93126589667736e-09
2.95140822892392e-09
2.97003577287569e-09
2.99649838275684e-09
3.03548208790971e-09
3.09455772118383e-09
3.19099702217329e-09
3.23823146075597e-09
3.27720162118794e-09
3.31889249416406e-09
3.36153704871833e-09
3.40681238775176e-09
3.45272366253369e-09
3.50002915538994e-09
3.57197538214393e-09
3.69613717410289e-09
3.82348819272238e-09
3.96760535537055e-09
4.11370892905438e-09
4.28305080291125e-09
4.48804327035646e-09
4.55673365706843e-09
4.63417215712525e-09
4.73107952814189e-09
4.85487472445811e-09
5.0115622762803e-09
5.18765430612689e-09
5.36065059009161e-09
5.6378097745835e-09
6.03484862082837e-09
6.50272991009615e-09
6.93461377210269e-09
7.13953296482828e-09
7.25944948598567e-09
7.35724103861912e-09
7.44647898898165e-09
7.56940554680341e-09
7.69989938476101e-09
7.8055011343281e-09
7.90398324568287e-09
8.00463162420328e-09
8.1546343011496e-09
8.41106206905806e-09
8.65597815646879e-09
8.91057538865425e-09
9.05684593988099e-09
9.1960643544553e-09
9.34564159393858e-09
9.6095922330619e-09
1.01292467746816e-08
1.10936024810826e-08
1.13463087814125e-08
1.15909992715046e-08
1.1770207919426e-08
1.19480292326557e-08
1.22233290156259e-08
1.24962387104688e-08
1.27760531043464e-08
1.304881624975e-08
1.33082691533559e-08
1.36640423420431e-08
1.41699540989748e-08
1.50406300747363e-08
1.67450675547798e-08
1.97355944919764e-08
2.23846168267983e-08
2.50702392179392e-08
2.86786203673728e-08
3.50596600640074e-08
5.02388921574948e-08
8.29759869702684e-08
1.3854058522611e-07
2.01974955871265e-07
2.70759869636095e-07
3.42318401180819e-07
4.20704964199103e-07
4.87013835481775e-07
5.35630533704534e-07
5.86324574669561e-07
6.17825492099655e-07
6.44445151465334e-07
6.7320104335522e-07
7.04958381447796e-07
7.2234314529851e-07
7.37184507215716e-07
7.50608762700722e-07
7.62527861297713e-07
7.73163208123151e-07
7.83160203354782e-07
7.918485493974e-07
7.99343922608386e-07
8.06141088105505e-07
8.12513690107153e-07
8.18707633243321e-07
8.23961272544693e-07
8.28979409561725e-07
8.33950252854265e-07
8.38046958051564e-07
8.41607061374816e-07
8.45259762627393e-07
8.4869139982402e-07
8.51194670303812e-07
8.54356244417431e-07
8.56786925851338e-07
8.59074816617067e-07
8.61213266034611e-07
8.62768956721993e-07
8.63394973293907e-07
8.63607965584379e-07
8.63955619934131e-07
8.63881950863288e-07
8.6386688735729e-07
8.63811862927832e-07
8.63569880493742e-07
8.63345746893174e-07
8.63002981077443e-07
8.62967453940655e-07
8.62927493017196e-07
8.62924423472577e-07
8.62924139255483e-07
8.62924025568645e-07
8.62923855038389e-07
8.6292379819497e-07
8.6292379819497e-07
8.6292379819497e-07
8.6292379819497e-07
8.6292379819497e-07
8.6292379819497e-07
8.6292379819497e-07
8.6292379819497e-07
8.6292379819497e-07
8.6292379819497e-07
8.6292379819497e-07
8.6292379819497e-07
8.6292379819497e-07
8.6292379819497e-07
8.6292379819497e-07
