0.0
0.00999999977648258
0.0199999995529652
0.0299999993294477
0.0399999991059303
0.0425000004470348
0.0450000017881393
0.0474999994039536
0.0500000007450581
0.0524999983608723
0.0549999997019768
0.0575000010430813
0.0599999986588955
0.0625
0.0649999976158142
0.0656249970197678
0.0662499964237213
0.0671875029802322
0.0674218758940697
0.0676562488079071
0.0680078119039536
0.0685351565480232
0.0693261697888374
0.0705126971006393
0.0716992169618607
0.0728857442736626
0.0746655240654945
0.0773352086544037
0.0800048857927322
0.0826745629310608
0.0853442400693893
0.0880139172077179
0.090016171336174
0.0920184329152107
0.0940206944942474
0.0960229486227036
0.0990263372659683
0.0997771844267845
0.100528031587601
0.100809596478939
0.101020775735378
0.101231947541237
0.101443126797676
0.101495921611786
0.101535513997078
0.10157510638237
0.101614706218243
0.101654298603535
0.101693898439407
0.101733490824699
0.101792886853218
0.101881973445415
0.101971067488194
0.102060154080391
0.102149240672588
0.102238334715366
0.102327421307564
0.102416515350342
0.102550148963928
0.102750599384308
0.103051275014877
0.103502295911312
0.104178816080093
0.105193607509136
0.106208391487598
0.107223182916641
0.108745366334915
0.109125912189484
0.10941132158041
0.109696730971336
0.109910786151886
0.110071323812008
0.11023186892271
0.110392414033413
0.110552951693535
0.110713496804237
0.110753633081913
0.110793769359589
0.110833905637264
0.11087404191494
0.110904142260551
0.11092671751976
0.110949292778969
0.110971868038177
0.110994450747967
0.11102831363678
0.111062176525593
0.111096039414406
0.111146837472916
0.111197635531425
0.111248433589935
0.111299224197865
0.111375421285629
0.111489713191986
0.111661151051521
0.111918315291405
0.112304046750069
0.112882658839226
0.1137505620718
0.115052424371243
0.116354294121265
0.117656156420708
0.11895801872015
0.120259881019592
0.122212678194046
0.1241654753685
0.126118272542953
0.129047453403473
0.130145907402039
0.131793573498726
0.133441254496574
0.135088920593262
0.136736586689949
0.139208093285561
0.142915353178978
0.148476243019104
0.15403713285923
0.159598022699356
0.165158912539482
0.170719802379608
0.179061144590378
0.189061135053635
0.199061140418053
0.20906113088131
0.219061136245728
0.229061141610146
0.239061132073402
0.24906113743782
0.259061127901077
0.269061148166656
0.279061138629913
0.28906112909317
0.299061149358749
0.309061139822006
0.319061130285263
0.329061150550842
0.339061141014099
0.349061131477356
0.359061151742935
0.369061142206192
0.379061132669449
0.389061123132706
0.399061143398285
0.409061133861542
0.419061124324799
0.429061144590378
0.439061135053635
0.449061125516891
0.459061145782471
0.469061136245728
0.479061126708984
0.489061146974564
0.49906113743782
0.5090611577034
0.519061148166656
0.529061138629913
0.53906112909317
0.549061119556427
0.559061110019684
0.569061160087585
0.579061150550842
0.589061141014099
0.599061131477356
0.609061121940613
0.61906111240387
0.629061162471771
0.639061152935028
0.649061143398285
0.659061133861542
0.669061124324799
0.679061114788055
0.689061164855957
0.699061155319214
0.709061145782471
0.719061136245728
0.729061126708984
0.739061117172241
0.749061107635498
0.7590611577034
0.769061148166656
0.779061138629913
0.78906112909317
0.799061119556427
0.809061110019684
0.819061160087585
0.829061150550842
0.839061141014099
0.849061131477356
0.859061121940613
0.86906111240387
0.879061162471771
0.889061152935028
0.899061143398285
0.909061133861542
0.919061124324799
0.929061114788055
0.939061164855957
0.949061155319214
0.959061145782471
0.969061136245728
0.979061126708984
0.989061117172241
0.999061107635498
1.0
