0
0.556509
1.210338
1.590454
2.833524
3.774025
5.109564
6.19537
7.429891
8.677935
9.65318
10.215693
10.916536
11.676852
11.908599
11.918807
11.702993
11.442584
11.264373
11.069708
10.812777
10.554959
10.441422
10.19786
9.953573
9.591694
9.295865
9.009749
8.743995
8.466577
8.205858
7.922405
7.659029
7.419329
7.200674
6.975967
6.720042
6.432852
6.181868
5.91795
5.673663
5.431572
5.187539
4.950902
4.752063
4.550999
4.34528
4.181886
3.957503
3.755729
3.500585
3.290027
3.083936
2.85656
2.640136
2.449135
2.280912
2.106212
1.950833
1.780323
1.615496
1.439933
1.215818
1.037099
1.017338
0.999485
1.000667
0.990933
0.977638
0.986667
0.975412
0.977872
0.983757
0.967236
0.968369
0.989696
1.007845
1.042288
1.085192
1.05623
1.033904
1.021331
0.997035
0.970107
0.94798
0.917008
0.912744
0.920199
0.915374
0.915063
0.909124
0.896682
0.883445
0.879972
0.880826
0.913831
0.948545
0.949566
0.952079
0.955641
0.963744
1.017723
1.05582
1.06218
