0.0
-3.61790705354795e-21
7.53616177462391e-06
3.13355012622196e-05
7.43870550650172e-05
0.000137974726385437
0.000220940346480347
0.000324390770401806
0.000449930579634383
0.000596956117078662
0.000763100222684443
0.000945062667597085
0.00114014616701752
0.00119068881031126
0.00126720010302961
0.00129599799402058
0.00130680145230144
0.00132299982942641
0.00134725810494274
0.00138352694921196
0.00143762293737382
0.00151853123679757
0.00163945183157921
0.00181734480429441
0.00200850539840758
0.00219373125582933
0.00237442110665143
0.00254977052100003
0.00271823513321579
0.00288079865276814
0.00303831999190152
0.00318972021341324
0.00333404238335788
0.00347132957540452
0.00360162416473031
0.00372499972581863
0.0038415165618062
0.0039512082003057
0.00405411655083299
0.00415029795840383
0.00423982087522745
0.00432275980710983
0.00439922045916319
0.00446928991004825
0.00453300401568413
0.00459045870229602
0.0046417498961091
0.00468689668923616
0.0047259284183383
0.00475888745859265
0.00478580826893449
0.00480675930157304
0.00482175871729851
0.00483048427850008
0.00483163027092814
0.00483252946287394
0.00483256299048662
0.00483259838074446
0.0048326076939702
0.00483261048793793
0.00483261048793793
0.00483261095359921
0.00483261095359921
0.00483261095359921
0.00483261095359921
0.00483261095359921
0.00483261095359921
0.00483261095359921
0.00483261095359921
0.00483261095359921
0.00483261095359921
0.00483261095359921
0.00483261095359921
0.00483261095359921
