0.0
3.24217062086518e-08
3.24878506319237e-08
3.26441842446457e-08
3.26554427942938e-08
3.37788783610904e-08
3.46428485897832e-08
3.46424791075606e-08
3.46466180189964e-08
5.18491525269837e-08
5.46576579552038e-08
5.57181500937531e-08
5.6075911913922e-08
5.61221504824516e-08
5.61236745966198e-08
5.61229853701661e-08
5.61325599335305e-08
5.62241275758879e-08
5.62349597998946e-08
5.62451027974475e-08
5.62538495785248e-08
5.62597826103683e-08
5.62582584962001e-08
5.62578819085502e-08
5.62575479534644e-08
5.62574697937634e-08
5.62573880813488e-08
5.62573063689342e-08
5.62572246565196e-08
5.62571571549597e-08
5.62570896533998e-08
5.62570221518399e-08
5.625695465028e-08
5.62568516215833e-08
5.62566953021815e-08
5.62564537176513e-08
5.62562085804075e-08
5.62559669958773e-08
5.62555868555137e-08
5.6255196057009e-08
5.62547946003633e-08
5.62543824855766e-08
5.62539632653625e-08
5.62535866777125e-08
5.62534054893149e-08
5.62533166714729e-08
5.6253227853631e-08
5.6253139035789e-08
5.62530466652333e-08
5.62529542946777e-08
5.62528690295494e-08
5.62527837644211e-08
5.62526984992928e-08
5.62526096814508e-08
5.62525244163226e-08
5.62524355984806e-08
5.62523467806386e-08
5.6252265068224e-08
5.62521904612368e-08
5.62521229596769e-08
5.62520590108306e-08
5.62519986146981e-08
5.62519204549972e-08
5.62518387425825e-08
5.62519275604245e-08
5.62519879565571e-08
5.62520732216854e-08
5.62522366465146e-08
5.62525812597414e-08
5.62533095660456e-08
5.62542581405978e-08
5.62558923888901e-08
5.62567237238909e-08
5.62569866247031e-08
5.62572495255154e-08
5.62575088736139e-08
5.62579103302596e-08
5.62585249497261e-08
5.62595374731245e-08
5.62606743415017e-08
5.62619781874218e-08
5.62634774325943e-08
5.62651898405875e-08
5.62665576353538e-08
5.62675772641796e-08
5.62685755767234e-08
5.6269630732686e-08
5.62707818119179e-08
5.62720607888423e-08
5.62734676634591e-08
5.62750201993367e-08
5.6276753923612e-08
5.62787043634216e-08
5.62809638893214e-08
5.62816246940656e-08
5.62822890515235e-08
5.62829605144088e-08
5.62840156703714e-08
5.62851525387487e-08
5.62863498032584e-08
5.62876358856101e-08
5.62890143385175e-08
5.62904105549933e-08
5.62908262224937e-08
5.62912489954215e-08
5.62916646629219e-08
5.6292272176961e-08
5.62931781189491e-08
5.62945459137154e-08
5.62950930316219e-08
5.62956437022422e-08
5.62962014782897e-08
5.62970328132906e-08
5.62982762630782e-08
5.62987381158564e-08
5.62993740516049e-08
5.63000064346397e-08
5.63006423703882e-08
5.63016087085089e-08
5.63030759792582e-08
5.63052999780211e-08
5.63085471583236e-08
5.63118298657628e-08
5.63151481003388e-08
5.63185089674789e-08
5.63197772862623e-08
5.63217277260719e-08
5.63237243511594e-08
5.63258097940889e-08
5.63263640174227e-08
5.63269324516114e-08
5.63270639020175e-08
5.63270603493038e-08
5.63270603493038e-08
5.63270603493038e-08
