0.0
1.00198300177767e-12
4.82432800305577e-12
5.0225596251452e-12
5.46940357587511e-12
7.13340931463025e-12
9.81051264531407e-12
1.24550690941416e-11
1.4740623652254e-11
1.72089426042632e-11
2.67461521680223e-11
3.892752439838e-11
5.30163205003653e-11
8.69962157867832e-11
1.02766670173615e-10
1.37023739577025e-10
1.86552509551241e-10
2.47061288094486e-10
3.13544468166782e-10
3.40025785305897e-10
3.77158027031754e-10
4.34484559441728e-10
5.40835765061587e-10
6.95620838708777e-10
8.36089142364216e-10
9.81760339691107e-10
1.19595278125217e-09
1.43842027178209e-09
1.72261904740623e-09
2.21740803496573e-09
3.10319570040463e-09
5.50367884599723e-09
5.91179549758181e-09
6.44203801414278e-09
6.97411994821096e-09
7.82122810960573e-09
8.70650485040869e-09
9.72746327931873e-09
1.19573737578094e-08
2.22585718745449e-08
3.2185965892495e-08
4.27911146516635e-08
5.69370861569496e-08
6.09027068776413e-08
6.57342127396987e-08
7.18075199301893e-08
8.44063094973535e-08
1.04740358608524e-07
1.40222923050715e-07
2.01458377091512e-07
3.03404789292472e-07
4.54813090300377e-07
6.67427741518622e-07
8.77472132287949e-07
1.11616100184619e-06
1.50464097714575e-06
2.19597563955176e-06
2.90648677037098e-06
3.11017765852739e-06
3.33347225023317e-06
3.59432556251704e-06
3.98415795643814e-06
4.60427190773771e-06
5.2547638915712e-06
5.98162432652316e-06
7.37414893592359e-06
9.0232906586607e-06
1.02365229395218e-05
1.134430658567e-05
1.22222845675424e-05
1.34042638819665e-05
1.38668110594153e-05
1.39893681989633e-05
1.40234506034176e-05
1.40347246997408e-05
1.40397169161588e-05
1.40427237056429e-05
1.40449974423973e-05
1.4046941032575e-05
1.40496458698181e-05
1.40535430546151e-05
1.40591982926708e-05
1.40674737849622e-05
1.40797856147401e-05
1.40982438097126e-05
1.41238988362602e-05
1.41611153594567e-05
1.41984000947559e-05
1.42331682582153e-05
1.4249594642024e-05
1.42795552164898e-05
1.43012675835053e-05
1.43407633004244e-05
1.43720144478721e-05
1.43710894917604e-05
1.43248989843414e-05
1.42628778121434e-05
1.42032376970747e-05
1.41191685543163e-05
1.40280071718735e-05
1.39051662699785e-05
1.37604620249476e-05
1.36055641632993e-05
1.34522442749585e-05
1.32971863422426e-05
1.31422202684917e-05
1.29931422634399e-05
1.28335441331728e-05
1.26753284348524e-05
1.25046735774959e-05
1.23285399240558e-05
1.21517787192715e-05
1.19757687571109e-05
1.17949384730309e-05
1.1613772585406e-05
1.14293525257381e-05
1.12453908513999e-05
1.1067094419559e-05
1.08828835436725e-05
1.06924462670577e-05
1.04864693639684e-05
1.02522471934208e-05
1.00698716778425e-05
9.91509114101063e-06
9.75988132267958e-06
9.612922440283e-06
9.47135595197324e-06
9.32979946810519e-06
9.19290050660493e-06
9.05655178939924e-06
9.05655178939924e-06
