0.0
0.0
4.14115408631233e-10
1.10624057469977e-06
6.99573820384103e-06
9.76784122030949e-06
1.30661492221407e-05
1.60560703079682e-05
1.95923312276136e-05
2.64909340330632e-05
4.12686240451876e-05
6.260653026402e-05
8.13950391602702e-05
9.49828609009273e-05
0.000114642956759781
0.000144332720083185
0.000179320559254847
0.000216819738852791
0.0002237595472252
0.00023194336972665
0.000244304654188454
0.000265994895016775
0.000272204197244719
0.000278649531537667
0.000288652925519273
0.00029673328390345
0.000303050823276863
0.000314141274429858
0.000334924727212638
0.000359779543941841
0.00038763543125242
0.000418013922171667
0.00044951296877116
0.000461458927020431
0.000479452748550102
0.00050658656982705
0.00053873989963904
0.000545275339391083
0.000555954175069928
0.00057441316312179
0.000609542534220964
0.000675505260005593
0.000699014693964273
0.000702185672707856
0.00070564413908869
0.000709125131834298
0.000711754546500742
0.000714939902536571
0.000717745802830905
0.000718305353075266
0.000718394352588803
0.000718358205631375
0.000718326133210212
0.000718327471986413
0.000718347204383463
0.000718384922947735
0.000718426774255931
0.000718455878086388
0.000718521419912577
0.000718527415301651
0.000718396913725883
0.000718288298230618
0.000718223978765309
0.000718261871952564
0.000718067225534469
0.000717675837222487
0.000717138813342899
0.000716235721483827
0.000716223497875035
0.000716249516699463
0.000716288457624614
0.00071633531479165
0.000716404698323458
0.000716493406798691
0.000716572860255837
0.000716480833943933
0.000716400099918246
0.000716320355422795
0.000716248934622854
0.000716207665391266
0.000716173206456006
0.00071619066875428
0.000716257840394974
0.000716331007424742
0.00071640609530732
0.000716451671905816
0.000716515758540481
0.000716648646630347
0.000716619018930942
0.000716540962457657
0.000716452195774764
0.000716358073987067
0.000716286012902856
0.000716215407010168
0.000716142705641687
0.00071612949250266
0.00071617285721004
0.000716269656550139
0.000716390437446535
0.000716492009814829
0.000716554874088615
0.00071662082336843
0.00071666034637019
0.000716679554898292
0.00071671255864203
0.00071666098665446
0.000716581998858601
0.000716506503522396
0.000716434442438185
0.000716331589501351
0.000716242415364832
0.000716177106369287
0.000716163020115346
0.000716174312401563
0.000716253824066371
0.00071635190397501
0.000716463662683964
0.000716563663445413
0.000716669484972954
0.000716751674190164
0.000716799637302756
0.000716793991159648
0.000716771930456161
0.000716752838343382
0.000716766633559018
0.000716712616849691
0.000716646783985198
0.000716589507646859
0.000716527865733951
0.000716438458766788
0.000716367911081761
