0.0
1.67239537773867e-08
3.29646195496025e-06
5.2235736802686e-06
9.14147040020907e-06
1.46491620398592e-05
1.59072533278959e-05
1.70540915860329e-05
1.82967760338215e-05
2.01138718693983e-05
2.22442140511703e-05
2.46870822593337e-05
2.74900885415263e-05
3.07441550830845e-05
3.43662031809799e-05
3.80558813048992e-05
4.0496055589756e-05
4.35626097896602e-05
4.72676365461666e-05
5.14858511451166e-05
5.61423075851053e-05
6.12686417298391e-05
6.67671556584537e-05
7.56670633563772e-05
8.59848005347885e-05
9.74587674136274e-05
0.000109876011265442
0.000132162516820244
0.000174305532709695
0.000205589123652317
0.000209002377232537
0.000209062549402006
0.000209088015253656
0.000209110279683955
0.000209137957426719
0.000209192003239878
0.000209266727324575
0.000209298232221045
0.000209291480132379
0.00020928357844241
0.000209275414817967
0.000209244972211309
0.000209203557460569
0.000209167890716344
0.000209123027161695
0.000209080855711363
0.000209031029953621
0.000208976925932802
0.000208926794584841
0.000208860481507145
0.000208812314667739
0.000208811514312401
0.000208810350159183
0.000208810597541742
0.000208811485208571
0.000208812722121365
0.000208814279176295
0.000208814206416719
0.00020881331874989
0.000208813449717127
0.000208813435165212
0.000208812620257959
0.000208811165066436
0.000208811106858775
0.000208811339689419
0.000208812503842637
0.000208813595236279
0.000208814220968634
0.000208814468351193
0.000208813522476703
0.000208813929930329
0.000208813638892025
0.000208813638892025
0.000208813333301805
0.000208812460186891
0.000208811776246876
0.000208812241908163
0.000208812460186891
0.000208813493372872
0.000208813522476703
0.000208813100471161
0.000208813085919246
0.000208812794880942
0.000208813056815416
0.000208812911296263
0.000208813304197975
0.000208813464269042
0.000208813537028618
0.000208813449717127
0.000208812445634976
0.000208813522476703
0.000208814541110769
0.000208814584766515
0.000208814584766515
