0.0
0.0
8.40205072183409e-10
6.15662010261531e-09
1.40359848188609e-08
4.67071501475402e-08
2.50584253080888e-06
1.05297131085536e-05
1.9409715605434e-05
2.94589917757548e-05
4.85730597574729e-05
5.46916744497139e-05
8.91843665158376e-05
0.000144192075822502
0.000221326161408797
0.000319021753966808
0.00041717424755916
0.000515496474690735
0.000616863486357033
0.000717317860107869
0.000815934443380684
0.000913896423298866
0.00101931602694094
0.00112362543586642
0.00122089486103505
0.00131616473663598
0.00141117710154504
0.00150427687913179
0.0015962787438184
0.00168890855275095
0.00177826080471277
0.00186725007370114
0.00195479346439242
0.0020403265953064
0.00212618568912148
0.00220953300595284
0.00229132198728621
0.00237421994097531
0.0024587803054601
0.00253743515349925
0.00261787232011557
0.00269533670507371
0.00276987277902663
0.00285010971128941
0.00292432680726051
0.00299965054728091
0.00307558034546673
0.00309449806809425
0.00312348664738238
0.00312986434437335
0.00311989709734917
0.00309688155539334
0.00308150541968644
0.00305832992307842
0.00304392352700233
0.00302289891988039
0.00301016075536609
0.00298772938549519
0.00297252181917429
0.00294767436571419
0.00293540488928556
0.00291112484410405
0.00289888842962682
0.00287774042226374
0.00286208186298609
0.00284340837970376
0.00282000959850848
0.00280751008540392
0.00278291385620832
0.00277088931761682
0.00274738715961576
0.00273373001255095
0.00271447235718369
0.00269023794680834
0.00267614307813346
0.00265441159717739
0.00263880542479455
0.00262456899508834
0.00260251807048917
0.00258768699131906
0.00257083051837981
0.00254281191155314
0.00252919434569776
0.00250851339660585
0.0024907982442528
0.00247719511389732
0.00245486991479993
0.00243885768577456
0.00242502870969474
0.00239388202317059
0.002378094708547
0.00235685892403126
0.00234344019554555
0.00232484145089984
0.00230903271585703
0.00229432457126677
0.0022723120637238
0.00225708913058043
0.00223378487862647
0.00221029343083501
0.0021952127572149
0.00217576953582466
0.0021572622936219
0.00214186194352806
0.0021236480679363
