0.0
1.66748072321145e-18
1.24176679605625e-07
5.54414782527601e-07
1.53017128923238e-06
2.55435179496999e-06
4.39834366261493e-06
5.35702201887034e-06
7.01538192515727e-06
9.36504238779889e-06
1.38591585709946e-05
2.00942486117128e-05
2.39120108744828e-05
2.61432651313953e-05
2.74990907200845e-05
2.76249102171278e-05
2.77196249953704e-05
2.78125644399552e-05
2.79494761343813e-05
2.81492284557316e-05
2.84418565570377e-05
2.8869959351141e-05
2.9506758437492e-05
3.04733021039283e-05
3.14807075483259e-05
3.24484826705884e-05
3.27464586007409e-05
3.29715294355992e-05
3.31921255565248e-05
3.35210752382409e-05
3.40313890774269e-05
3.44066138495691e-05
3.45201915479265e-05
3.46383749274537e-05
3.47612804034725e-05
3.49459478456993e-05
3.52469214703888e-05
3.55388438038062e-05
3.58118595613632e-05
3.60310514224693e-05
3.62226019205991e-05
3.64019542757887e-05
3.65777705155779e-05
3.67540451406967e-05
3.70210073015187e-05
3.74164083041251e-05
3.79916818928905e-05
3.8831822166685e-05
4.01055003749207e-05
4.20675060013309e-05
4.39110408478882e-05
4.57946480310056e-05
4.77901703561656e-05
5.10266218043398e-05
5.43350506632123e-05
5.80471969442442e-05
6.22501684119925e-05
6.65018378640525e-05
7.10565946064889e-05
8.2474980445113e-05
9.75652947090566e-05
0.000102756122942083
0.000103993952507153
0.000104958460724447
0.000105692692159209
0.000106426232377999
0.000107560597825795
0.000108411339169834
0.000109258820884861
0.000110519402369391
0.000112429101136513
0.000113132562546525
0.000113846821477637
0.000114574082545005
0.000115673181426246
0.000116102331958245
0.000116536677523982
0.000116976756544318
0.000117640804091934
0.00011830674338853
0.000118972624477465
0.000119973483378999
0.000120735705422703
0.000121512995974626
0.000122310782899149
0.000123134872410446
0.000123992140288465
0.000124908285215497
0.000125833845231682
0.000126728948089294
0.000127637234982103
0.000128611121908762
0.000130141721456312
0.000132863046019338
0.000134034242364578
0.000134966699988581
0.000135927242808975
0.000137444483698346
0.000139080817461945
0.000140828924486414
0.000142721371958032
0.000145644065923989
0.000150141044287011
0.000154677225509658
0.000159178234753199
0.00016368406068068
0.0001703404559521
0.000180381510290317
0.00019505932868924
0.000216596774407662
0.000248058146098629
0.00029484461992979
0.00032749617821537
0.000358672172296792
0.000403887970605865
0.000471442413982004
0.000578691367991269
0.000740422285161912
0.000951306079514325
0.00116225029341877
0.0013734147651121
0.00157136144116521
0.00176957237999886
0.00197007972747087
0.00216154335066676
0.00233401590958238
0.00249829143285751
0.00265519903041422
0.00280164554715157
0.00293743563815951
0.00306662218645215
0.00318680098280311
0.0032991471234709
0.00340336142107844
0.0034986597020179
0.00358615699224174
0.00366669287905097
0.00373569689691067
0.00379616348072886
0.00385277788154781
0.00389697123318911
0.00393656129017472
0.00396639108657837
0.00398764107376337
0.00400451803579926
0.00401231693103909
0.00401084311306477
0.00400427728891373
0.0039899293333292
0.00396589050069451
0.00394022604450583
0.00394022418186069
