-0.000000
-0.000000
0.909178
1.145880
1.351225
1.605361
1.952595
2.158435
2.376474
2.741903
3.776901
4.917395
5.796000
6.559967
7.427642
8.328607
8.918052
9.068262
9.420674
9.877777
10.032763
10.249937
10.831584
11.386752
10.680025
10.571883
10.520941
10.479348
10.485983
10.509135
10.362345
10.114746
9.902096
9.713495
9.479646
9.200098
8.911612
8.630221
8.305014
7.942229
7.578001
7.212897
6.851130
6.493563
6.142966
5.796750
5.451396
5.105459
4.761600
4.421504
4.084110
3.752379
3.424917
3.102738
2.783520
2.470991
2.162949
1.859689
1.557725
1.261778
0.969019
0.679577
0.393516
0.105882
0.035533
0.015876
0.003359
0.000364
0.000352
0.000331
0.000292
0.000215
0.000135
0.000081
0.000030
0.000012
0.000006
0.000004
0.000001
-0.000003
-0.000003
