-0.0
2.92450327607944e-16
-8.85088411450852e-08
-1.11237227429228e-07
-6.95092694513733e-08
5.28225427842699e-08
1.39189751280355e-07
3.33117441186914e-07
2.94912297249539e-07
2.43481281358982e-07
3.4839740692405e-07
7.33184606360737e-07
1.25435235531768e-06
1.6875828805496e-06
1.90224272955675e-06
2.34187882597325e-06
1.45908779813908e-06
-1.12830639409367e-06
-1.05041726783384e-06
8.83843313204125e-07
4.31286753155291e-06
3.65846426575445e-06
4.93847437610384e-06
-4.11139808420558e-06
-2.82009204966016e-06
-1.74157685250975e-06
-1.81695213541389e-07
1.07601044874173e-06
2.00769318325911e-06
6.24078529654071e-06
6.31638067716267e-06
1.19131254905369e-06
2.89561285171658e-07
6.80458470014855e-07
-6.34858224657364e-07
6.38523488305509e-07
-2.46152922045439e-07
6.77286152495071e-07
7.89945261203684e-07
1.00461693364196e-06
-2.38490429183003e-06
-2.64019217866007e-06
-1.17902254714863e-06
-2.0747902453877e-06
-1.71576175489463e-07
4.02114892494865e-08
1.00275519798743e-06
1.43803663377184e-06
1.87484056368703e-06
2.11753467738163e-06
1.09211214294191e-07
-1.07147934613749e-06
-1.64296852744883e-06
-1.34492529468844e-06
-9.73795977188274e-07
-7.79812580731232e-07
-2.01389411813579e-07
-8.14998202258721e-08
6.70502231514547e-07
6.90103661327157e-07
1.17933177534724e-06
1.88791091204621e-07
1.72779255080968e-06
3.11015355691779e-07
1.78497430169955e-07
3.48816229234217e-07
-2.94996880256804e-07
-2.30201294471044e-07
-2.53494818025501e-07
-2.52555764745921e-07
-2.18192781176185e-07
-7.85789779911283e-08
-7.57709585741395e-07
3.02998159895651e-07
-4.6839568312862e-07
6.78981905366527e-07
6.18468220636714e-07
-1.7992078937823e-08
9.20185811992269e-08
1.17868694360368e-07
-2.24320956476731e-07
6.17615114606451e-08
1.20438926387578e-07
-2.43535851041088e-07
-4.90726961288601e-08
4.9697973736329e-08
1.30865146275028e-07
7.29351086192764e-08
2.54920223596855e-07
3.20935896525043e-07
2.92693357550888e-07
2.76420450973092e-07
1.9492858882586e-07
1.43442093758495e-07
1.00208126241341e-08
5.19426066603046e-08
2.65841890723095e-08
8.43815541884396e-08
1.08059339254396e-08
-1.34219817482517e-08
2.77900085166038e-08
-1.36583935272938e-08
-5.95707660977496e-08
5.53449126527994e-08
6.85975578562648e-08
-2.87705859136622e-08
2.46620572852407e-08
3.13556256514858e-08
6.16540773989982e-08
1.58675959482935e-07
1.582735080774e-07
1.64417542691808e-07
