-0.0
-2.38688357967476e-09
3.7304505440261e-07
-3.00906503980514e-06
-4.88121895614313e-06
1.07622072391678e-05
1.34517576952931e-05
1.94419681065483e-05
2.11418810067698e-05
2.24992472794838e-05
1.93467312783469e-05
2.24362047447357e-05
2.82109795080032e-05
3.77037795260549e-05
4.76224086014554e-05
4.78035326523241e-05
4.61040144728031e-05
4.31933985964861e-05
3.88718544854783e-05
3.28892820107285e-05
2.24519353650976e-05
1.1711657862179e-05
9.05025444808416e-06
8.35105493024457e-06
7.81312792241806e-06
7.05975799064618e-06
5.56762643100228e-06
3.72647900803713e-06
3.64959396392806e-06
1.04440459836042e-06
-5.38271615369013e-06
-5.33428465132602e-06
-4.76894820167217e-06
-1.58913207997102e-05
1.25238511827774e-06
1.14003887574654e-05
3.12348674924579e-05
3.56522214133292e-05
4.45850528194569e-05
4.58511203760281e-05
4.39591603935696e-05
4.50144361821003e-05
5.26486292073969e-05
0.000131549153593369
0.000193862186279148
0.000334379088599235
0.000565108901355416
0.000995871960185468
0.00124381051864475
0.00131380895618349
0.00139746570494026
0.00150083273183554
0.00164101761765778
0.00182530959136784
0.00213109306059778
0.00242501264438033
0.0027271534781903
0.00293009052984416
0.00306382705457509
0.00316446414217353
0.00325338752008975
0.00330841029062867
0.00334492465481162
0.00337029085494578
0.00338961719535291
0.00340578681789339
0.00342378113418818
0.0034474222920835
0.00347648910246789
0.00351634435355663
0.00357184489257634
0.00365249556489289
0.00373027427121997
0.00380960828624666
0.00395431742072105
0.00421467795968056
0.00446059042587876
0.00466685509309173
0.00475564785301685
0.0047606872394681
0.00476607773452997
0.0047714626416564
0.00477888062596321
0.00478543248027563
0.00479061063379049
0.00479309353977442
0.00479642627760768
0.00480078067630529
0.00480572180822492
0.00481102196499705
0.00481655821204185
0.00482510030269623
0.00483813183382154
0.00485767424106598
0.00488588958978653
0.00492628943175077
0.00498636113479733
0.00508609879761934
0.00518470862880349
0.00528029818087816
0.00541034108027816
0.00553696323186159
0.00551906879991293
0.00547816697508097
0.00542907696217299
0.00537377269938588
0.00530000543221831
0.00520794373005629
0.00511369900777936
0.00507748499512672
0.0050421399064362
0.00500690471380949
0.00493768416345119
0.00492133712396026
0.00490310043096542
0.00488130422309041
0.00485151680186391
0.00480398908257484
0.00476117758080363
0.00472556566819549
0.00469929864630103
0.0046800160780549
0.00466449465602636
0.00464738626033068
0.00463450793176889
0.00462414417415857
0.00461551733314991
0.00460449606180191
0.00459007872268558
0.00456985458731651
0.00454097893089056
0.0044984482228756
0.0044371085241437
0.00433449354022741
0.00407366873696446
0.00393117172643542
0.00383472815155983
0.00374453654512763
0.00363021204248071
0.00352100958116353
0.003399055916816
0.00322656752541661
0.00292771286331117
0.00245820870622993
0.00190583930816501
0.00165882206056267
0.00143635750282556
0.00137556181289256
0.00133173249196261
0.00108774530235678
0.000836559396702796
0.000578335602767766
0.000370531488442793
0.000253222766332328
0.000106930805486627
6.80298253428191e-05
-0.000173719716258347
7.34300328986137e-06
2.73669911621255e-06
2.52017434831942e-06
2.34848403124488e-06
2.23813503907877e-06
1.84201030606346e-06
1.47012497109245e-06
1.48424965118465e-06
1.51040455875773e-06
1.70456985415512e-06
1.94027052202728e-06
2.08657320399652e-06
1.99392707145307e-06
1.90207845207624e-06
1.70756561601593e-06
1.24644179777533e-06
8.23251070869446e-07
4.88767568640469e-07
2.91918809125491e-07
3.0913517434783e-07
3.96703114802222e-07
5.025059408581e-07
5.5525862308059e-07
5.41718009117176e-07
4.5266233428265e-07
2.57376342460702e-07
1.02020209169496e-07
8.61602202917311e-08
5.40538529492096e-08
2.3781318247984e-08
1.11653903900333e-08
4.01186639464868e-10
-7.4574830932761e-07
-7.4574830932761e-07
