0.0
1.69501007418939e-31
1.87696548437088e-06
5.90411900702748e-06
7.17591774446191e-06
8.39569020172348e-06
1.02089361462276e-05
1.32670438688365e-05
1.66038153111003e-05
1.97933641175041e-05
2.27600503421854e-05
3.12892443616875e-05
3.87022155337036e-05
4.55254885309841e-05
5.52790370420553e-05
6.6143024014309e-05
7.83914219937287e-05
9.05498964129947e-05
0.00010225018922938
0.000115289964014664
0.000134327536216006
0.000148955790791661
0.00016310166392941
0.00020318862516433
0.000243056929321028
0.000282083987258375
0.000325058266753331
0.00037067211815156
0.000437582930317149
0.000513111706823111
0.000576594844460487
0.000647892942652106
0.000714463938493282
0.000793459126725793
0.00085250218398869
0.000904856424313039
0.000954661052674055
0.00102278578560799
0.00106419285293669
0.00110118521843106
0.00113353645429015
0.00116177753079683
0.00118584639858454
0.00120622501708567
0.00122047238983214
0.0012373486533761
0.00124527199659497
0.00124752277042717
0.00124590552877635
0.00124361994676292
0.00124133145436645
0.001228665583767
0.00121080258395523
0.00119656289462
0.00117590383160859
0.00114801118616015
0.00112020934466273
0.00109378667548299
0.00105681060813367
0.00102386670187116
0.000984038459137082
0.000936767552047968
0.000897447462193668
0.000844690657686442
0.000798615626990795
0.000740423158276826
0.000680189812555909
0.000625339278485626
0.000560607528313994
0.000500167661812156
0.000431434775236994
0.000364929321222007
0.000291911157546565
0.00021765919518657
0.000137493902002461
5.65715599805117e-05
2.50680877798004e-05
2.50411867455114e-05
2.50520552071976e-05
2.5008879674715e-05
2.5015018763952e-05
2.50047432928113e-05
2.49928343691863e-05
2.50049833994126e-05
2.49983404501108e-05
2.49967852141708e-05
2.50140328716952e-05
2.50337907345966e-05
2.50188677455299e-05
2.50331322604325e-05
2.50496486842167e-05
2.50226657954045e-05
2.50200155278435e-05
2.50227858487051e-05
2.5099570848397e-05
2.50671491812682e-05
2.50046068686061e-05
2.50360662903404e-05
2.49897311732639e-05
2.49458880716702e-05
2.49390486715129e-05
2.48986361839343e-05
2.48997930611949e-05
2.48942778853234e-05
2.48931119131157e-05
2.48824726440944e-05
2.48989799729316e-05
2.4896227841964e-05
2.48880442086374e-05
2.48693413595902e-05
2.4828497771523e-05
2.49108543357579e-05
2.49639797402779e-05
2.49664262810256e-05
2.49739605351351e-05
2.50675784627674e-05
2.50565572059713e-05
2.50427565333666e-05
