0.0
0.0
1.96433859400713e-07
4.28025629162221e-07
4.75670475452716e-07
5.11156656557432e-07
4.73656143640255e-07
3.36853901217182e-07
2.38434438415425e-07
1.94091484218006e-07
1.86930293466503e-07
3.03991839700757e-07
4.49183062301017e-07
8.79723813795863e-07
1.73048431406642e-06
2.19953085434099e-06
2.56741327575583e-06
3.14723615701951e-06
3.20296203426551e-06
3.31737533088017e-06
3.73539091924613e-06
4.15605563830468e-06
4.86898761664634e-06
5.02563761983765e-06
5.07366758029093e-06
5.09072742715944e-06
5.11606276631937e-06
5.13366512677749e-06
5.13850227434887e-06
5.12697261001449e-06
5.15026067660074e-06
5.25274890605942e-06
5.22303434991045e-06
5.11350026499713e-06
5.03114279126748e-06
4.76620743938838e-06
2.12451982406492e-06
1.42354861054628e-06
1.33880553221388e-06
1.2718504649456e-06
1.22030303373322e-06
1.1900000345122e-06
1.17431466151174e-06
1.16765670554742e-06
1.16368528324529e-06
1.15897705654788e-06
1.15212822038302e-06
1.1423021533119e-06
1.12774284843908e-06
1.10684447918175e-06
1.07488313005888e-06
1.03214074442803e-06
9.73257897385338e-07
9.02123872492666e-07
8.40128507206828e-07
8.25923336833512e-07
8.21425828689826e-07
8.31039756121754e-07
8.30539647722617e-07
8.29739462915313e-07
8.40145730762742e-07
8.38599817143404e-07
8.37258653518802e-07
8.35592913972505e-07
8.32902856018336e-07
8.28761699267488e-07
8.27889152787975e-07
8.27819349069614e-07
8.27729650154652e-07
8.27615906473511e-07
8.27450264750951e-07
8.27294854843785e-07
8.27135977488069e-07
8.27072028641851e-07
8.26983011847915e-07
8.26953055366175e-07
8.26940151910094e-07
8.26921848329221e-07
8.26914799745282e-07
8.26912184948014e-07
8.26911218609894e-07
8.26910877549381e-07
8.26910309115192e-07
8.26910081741516e-07
8.26910024898098e-07
8.2690991121126e-07
8.26909854367841e-07
8.26909854367841e-07
8.26909854367841e-07
8.26909854367841e-07
8.26909854367841e-07
8.26909854367841e-07
8.26909854367841e-07
8.26909854367841e-07
8.26909854367841e-07
