-0.0
4.19220214098459e-13
0.00881190225481987
0.0180046260356903
0.0287780687212944
0.0362743176519871
0.038708258420229
0.0405818074941635
0.0420604273676872
0.0431297942996025
0.046623457223177
0.0509458780288696
0.0540767349302769
0.0572397261857986
0.0601445287466049
0.0658702403306961
0.070204384624958
0.0726462230086327
0.0732759609818459
0.07486592233181
0.0764668732881546
0.0780437141656876
0.0802924856543541
0.0834588780999184
0.0873000174760818
0.0881201848387718
0.0891447067260742
0.0901986584067345
0.0911825820803642
0.0915375128388405
0.092049852013588
0.0927751734852791
0.0937756225466728
0.0951020419597626
0.0968062579631805
0.0971986129879951
0.097576692700386
0.098122164607048
0.0989050045609474
0.0996542721986771
0.100370146334171
0.101062290370464
0.101743318140507
0.102417066693306
0.103084146976471
0.103742517530918
0.104385584592819
0.105333849787712
0.106695935130119
0.108564287424088
0.111563883721828
0.114066883921623
0.114080227911472
0.113047733902931
0.111861534416676
0.110982283949852
0.107493057847023
0.103850461542606
0.10088974237442
0.0983621329069138
0.0953460186719894
0.0918483883142471
0.0886736214160919
0.0855332165956497
0.0824946090579033
0.0789519622921944
0.0753189995884895
0.0715992599725723
0.0680113434791565
0.0643657520413399
0.0608082711696625
0.0572647303342819
0.053764957934618
0.0503125078976154
0.0468986295163631
0.0435012653470039
0.0426709577441216
0.0414227098226547
0.0395473949611187
0.0367890037596226
0.0335108861327171
0.0302454903721809
0.0270033609122038
0.0238177999854088
0.020678635686636
0.0174925532191992
0.014340260066092
0.0135565483942628
0.0123850647360086
0.0106457797810435
0.00806928239762783
0.00496623618528247
0.00135524559300393
1.50933065015124e-05
1.5034720490803e-05
1.49845018313499e-05
1.49785582834738e-05
1.49656598296133e-05
1.4891739738232e-05
1.48424560393323e-05
1.49870229506632e-05
1.49884126585675e-05
1.49225470522651e-05
1.48230155900819e-05
1.45669964695117e-05
1.43173601827584e-05
1.3992693311593e-05
1.35537902679062e-05
1.31683764266199e-05
1.29440013552085e-05
1.26664181152591e-05
1.24596663226839e-05
1.21784487419063e-05
1.18753278002259e-05
1.18762309284648e-05
1.16737601274508e-05
1.11664776341058e-05
1.15565217129188e-05
1.10211403807625e-05
1.04336204458377e-05
1.01674268080387e-05
9.446712283534e-06
8.96120400284417e-06
8.1577727542026e-06
7.55774271965493e-06
7.07908020558534e-06
6.62985348753864e-06
6.29205760560581e-06
6.06333287578309e-06
6.03916760155698e-06
5.98240239924053e-06
5.95152550886269e-06
5.77368064114125e-06
5.71023383599822e-06
5.60849866815261e-06
5.44371414434863e-06
5.12893529958092e-06
4.86115777675877e-06
4.44870602223091e-06
4.02049499825807e-06
3.6318697311799e-06
3.49706579072517e-06
3.24311031363322e-06
2.81738880403282e-06
2.28209728447837e-06
1.92967354450957e-06
1.67219468494295e-06
1.42314866025117e-06
9.7721022029873e-07
5.59990098736307e-07
2.57574384932013e-07
8.64176428194696e-08
1.68735994066083e-08
-1.34888580305415e-08
-1.34888580305415e-08
