0.0
1.13734381912423e-08
2.63502556663298e-07
7.1431651349485e-07
2.36172036238713e-06
2.13139833249443e-06
2.36208938986238e-06
2.56116572927567e-06
2.75288152806752e-06
2.91999481305538e-06
3.06261881632963e-06
3.01770000987744e-06
2.99549856208614e-06
3.04997593048029e-06
3.41646887136449e-06
4.3652130443661e-06
4.73421096103266e-06
5.25618406754802e-06
5.74537762076943e-06
6.26042810836225e-06
6.62637103232555e-06
7.00642567608156e-06
7.03158912074286e-06
7.05708316672826e-06
7.06347100276616e-06
7.06988521415042e-06
7.07632716512308e-06
7.08596417098306e-06
7.09313599145389e-06
7.10022641214891e-06
7.10716494722874e-06
7.11364918970503e-06
7.11902612238191e-06
7.12244764144998e-06
7.12434075467172e-06
7.12265182301053e-06
7.12457631379948e-06
7.12878272679518e-06
7.13376994099235e-06
7.13919371264637e-06
7.14485304342816e-06
7.15061651135329e-06
7.15646001481218e-06
7.16529939381871e-06
7.17864077159902e-06
7.19824720363249e-06
7.21264814274036e-06
7.21626383892726e-06
7.21986634744098e-06
7.22339382264181e-06
7.22678896636353e-06
7.2299299063161e-06
7.23226094123675e-06
7.23184666640009e-06
7.22935692465398e-06
7.23010589354089e-06
7.23097036825493e-06
7.22976574252243e-06
7.23124230717076e-06
7.23463381291367e-06
7.24081064618076e-06
7.24736264601233e-06
7.25395284462138e-06
7.2605275818205e-06
7.26720327293151e-06
7.27400811229018e-06
7.28090026314021e-06
7.28787881598691e-06
7.29846942704171e-06
7.3145970418409e-06
7.33913384465268e-06
7.37651180315879e-06
7.39073539079982e-06
7.40495852369349e-06
7.4192471402057e-06
7.42282054488896e-06
7.42639213058283e-06
7.42995825930848e-06
7.43528562452411e-06
7.44059570934041e-06
7.44587623557891e-06
7.4510808190098e-06
7.45620627640164e-06
7.46121668271371e-06
7.46596333556226e-06
7.47020885683014e-06
7.47360445529921e-06
7.47574449633248e-06
7.47567446524044e-06
7.46974228604813e-06
7.46948171581607e-06
7.47319018046255e-06
7.4777303780138e-06
7.48215643397998e-06
7.48251613913453e-06
7.47996045902255e-06
7.47691683500307e-06
7.47022340874537e-06
7.47293825043016e-06
7.47935564504587e-06
7.48992260923842e-06
7.50085200706962e-06
7.51194920667331e-06
7.52290270611411e-06
7.53392032493139e-06
7.54505481381784e-06
7.55628752813209e-06
7.57321276978473e-06
7.59881413614494e-06
7.638064744242e-06
7.69738835515454e-06
7.78666253609117e-06
7.92391801951453e-06
8.06981006462593e-06
8.1857833720278e-06
8.28542579256464e-06
8.34693855722435e-06
8.40790562506299e-06
8.49364550958853e-06
8.55706093716435e-06
8.62176329974318e-06
8.68684310262324e-06
8.75082332640886e-06
8.84350993146654e-06
8.97289282875136e-06
9.09429491002811e-06
9.20536149351392e-06
9.31103295442881e-06
9.40865811571712e-06
9.51695255935192e-06
9.65304661804112e-06
9.67224605119554e-06
9.64699393080082e-06
9.64632545219501e-06
9.69275606621522e-06
9.7854917839868e-06
9.86600571195595e-06
9.89037562248996e-06
9.76520550466375e-06
9.7488655228517e-06
9.7863621704164e-06
9.82783785730135e-06
9.78243770077825e-06
9.82634082902223e-06
9.94631136563839e-06
1.00620227385662e-05
1.00868210211047e-05
1.00912475318182e-05
1.00967508842587e-05
1.01022906164872e-05
1.01067780633457e-05
1.00906745501561e-05
1.00406859928626e-05
9.98350151348859e-06
9.92624336504377e-06
9.84445796348155e-06
9.73785063251853e-06
9.59521275945008e-06
9.41782764130039e-06
9.23247262107907e-06
9.08914171304787e-06
8.77801630849717e-06
8.20744480733993e-06
7.70517272030702e-06
7.21457627150812e-06
6.73912745696725e-06
6.20837317910627e-06
5.67876986679039e-06
5.14192515765899e-06
4.66752999273012e-06
4.27889426646288e-06
3.196005764039e-06
2.17093725041195e-06
8.93467188234354e-07
4.96128329530166e-08
4.61996378930962e-08
4.39064642421272e-08
4.01977047204127e-08
3.39936470084012e-08
3.0350452817629e-08
3.35045839960912e-08
3.92702901308439e-08
4.31110898091447e-08
4.71580250405168e-08
5.06902679831001e-08
5.28767216678716e-08
5.13875768604066e-08
4.81712270072876e-08
4.22042987224813e-08
3.61723735409214e-08
2.98258342468216e-08
2.97302165108704e-08
3.29650724495423e-08
3.56812392965367e-08
3.80437263913791e-08
4.05593851837693e-08
4.3742744537667e-08
4.58281483872724e-08
4.70874468305738e-08
4.61175559962612e-08
4.42468781614025e-08
4.04506010909245e-08
3.44726274192908e-08
2.88281256644041e-08
2.51028513531537e-08
2.55826790862557e-08
2.80285554765669e-08
3.07397307608426e-08
3.30306484386256e-08
3.55668809959298e-08
3.85042930872714e-08
4.0843097792731e-08
4.23341823818646e-08
4.36544809190309e-08
4.32737223832191e-08
4.14743936971718e-08
3.94860251162754e-08
3.62067247294817e-08
3.13484704861366e-08
2.53862459942411e-08
2.01134113808621e-08
1.99382270693604e-08
2.15930509028794e-08
2.32375771958004e-08
2.49635032645301e-08
2.66771280621469e-08
2.87231625151207e-08
3.09510461704576e-08
3.28410116878786e-08
3.45260104950285e-08
3.57345513180007e-08
3.59753720147182e-08
3.49154340995028e-08
3.34836762760915e-08
3.15125987526699e-08
2.95172757347473e-08
2.60242831728874e-08
2.20382503357541e-08
2.10484252249898e-08
2.0557159530199e-08
2.0557159530199e-08
