0.0
1.37171832648164e-06
2.53647363024356e-06
4.72637475468218e-06
7.58690566726727e-06
9.06387595023261e-06
1.18939342428348e-05
1.57333197421394e-05
2.20044203160796e-05
3.82075741072185e-05
5.5689593864372e-05
7.54896173020825e-05
9.220301581081e-05
9.67230880632997e-05
0.000104536258731969
0.000110716631752439
0.000119332704343833
0.000126546088722534
0.000132973902509548
0.000134615736897103
0.00013667308667209
0.000139195719384588
0.000141933851409703
0.000142560093081556
0.000143060373375192
0.000143791665323079
0.000144757563248277
0.000145946673001163
0.000146010745083913
0.00014608351921197
0.000146162637975067
0.000146287435200065
0.000146479680552147
0.000146755934110843
0.000147029728395864
0.000147315397043712
0.000147776940139011
0.000148553925100714
0.000149998581036925
0.000151552725583315
0.000153255008626729
0.000154986468260176
0.000156757465447299
0.000159450966748409
0.000163583157700486
0.000168517886777408
0.00017392824520357
0.000180138536961749
0.000186108387424611
0.000194550157175399
0.000206735756364651
0.000222386050154455
0.000236009858781472
0.000238176275161095
0.000228392935241573
0.000203672461793758
0.000165869030752219
0.000115004790131934
5.30184079252649e-05
1.18959733299562e-05
1.18625666800654e-05
1.18732250484754e-05
1.18788357212907e-05
1.18816124086152e-05
1.18812849905225e-05
1.1879526937264e-05
1.18761527119204e-05
1.18744792416692e-05
1.18730140457046e-05
1.18745647341711e-05
1.18748921522638e-05
1.18743482744321e-05
1.187652014778e-05
1.18761490739416e-05
1.18830557767069e-05
1.18910629680613e-05
1.18983934953576e-05
1.19035421448643e-05
1.19034602903412e-05
1.19023461593315e-05
1.18961115731508e-05
1.18912230391288e-05
1.18851521619945e-05
1.18802454380784e-05
1.18792568173376e-05
1.18806956379558e-05
1.18846664918237e-05
1.18894595289021e-05
1.18892294267425e-05
1.18897178253974e-05
1.18889956866042e-05
1.18889956866042e-05
