0.0
8.24976920110743e-10
8.24979307090246e-10
8.24982082647807e-10
8.24982471225866e-10
8.24982582248168e-10
8.24982582248168e-10
8.24982582248168e-10
8.24982582248168e-10
8.24982582248168e-10
8.24982582248168e-10
8.24982582248168e-10
8.24982582248168e-10
8.24982582248168e-10
8.24982582248168e-10
8.24982582248168e-10
8.24982582248168e-10
8.24982582248168e-10
8.24982582248168e-10
8.24982582248168e-10
8.24982582248168e-10
8.24982582248168e-10
8.24982582248168e-10
8.24982582248168e-10
8.24982582248168e-10
8.24982582248168e-10
8.24982582248168e-10
8.24982582248168e-10
8.24982582248168e-10
8.24982582248168e-10
8.24982582248168e-10
8.24982582248168e-10
8.24982582248168e-10
8.24982582248168e-10
8.24982582248168e-10
8.24982582248168e-10
8.24982582248168e-10
8.24982582248168e-10
8.24982582248168e-10
8.24982582248168e-10
8.24982582248168e-10
8.24982582248168e-10
8.24982582248168e-10
8.24982582248168e-10
8.24982582248168e-10
8.24982582248168e-10
8.24982582248168e-10
8.24982582248168e-10
8.24982582248168e-10
8.24982582248168e-10
8.24982582248168e-10
8.24982582248168e-10
8.24982582248168e-10
8.24982582248168e-10
8.24982582248168e-10
8.24982582248168e-10
8.24982582248168e-10
8.24982582248168e-10
8.24982582248168e-10
8.24982582248168e-10
8.24982582248168e-10
8.24982582248168e-10
8.24982582248168e-10
8.24982582248168e-10
8.24982582248168e-10
8.24982582248168e-10
8.24982582248168e-10
8.24982582248168e-10
8.24982582248168e-10
8.24982582248168e-10
8.24982582248168e-10
8.24982582248168e-10
8.24982582248168e-10
8.24982582248168e-10
8.24982582248168e-10
8.24982582248168e-10
8.24982582248168e-10
8.24982582248168e-10
8.24982582248168e-10
8.24982582248168e-10
8.24982582248168e-10
8.24982582248168e-10
8.24982582248168e-10
8.24982582248168e-10
8.24982582248168e-10
8.24982582248168e-10
8.24982582248168e-10
8.24982582248168e-10
8.24982582248168e-10
8.24982582248168e-10
8.24982582248168e-10
8.24982582248168e-10
8.24982582248168e-10
8.24982582248168e-10
8.24982582248168e-10
8.24982582248168e-10
8.24982582248168e-10
8.24982582248168e-10
8.24982582248168e-10
8.24982582248168e-10
8.24982582248168e-10
8.24982582248168e-10
8.24982582248168e-10
8.24982582248168e-10
8.24982582248168e-10
8.24982582248168e-10
8.24982582248168e-10
8.24982582248168e-10
8.24982582248168e-10
8.24982582248168e-10
8.24982582248168e-10
8.24982582248168e-10
8.24982582248168e-10
8.24982582248168e-10
8.24982582248168e-10
8.24982582248168e-10
8.24982582248168e-10
8.24982582248168e-10
8.24982582248168e-10
8.24982582248168e-10
8.24982582248168e-10
8.24982582248168e-10
8.24982582248168e-10
8.24982582248168e-10
8.24982582248168e-10
8.24982582248168e-10
8.24982582248168e-10
8.24982582248168e-10
8.24982582248168e-10
8.24982582248168e-10
8.24982582248168e-10
8.24982582248168e-10
8.24982582248168e-10
8.24982582248168e-10
8.24982582248168e-10
8.24982582248168e-10
8.24982582248168e-10
8.24982582248168e-10
8.24982582248168e-10
8.24982582248168e-10
8.24982582248168e-10
8.24982582248168e-10
8.24982582248168e-10
8.24982582248168e-10
8.24982582248168e-10
8.24982582248168e-10
8.24982582248168e-10
8.24982582248168e-10
8.24982582248168e-10
8.24982582248168e-10
8.24982582248168e-10
8.24982582248168e-10
8.24982582248168e-10
8.24982582248168e-10
8.24982582248168e-10
