0
0.0052316659130156
0.0108717558905482
0.0246125794947147
0.0403920523822308
0.0562104731798172
0.0593805201351643
0.061980064958334
0.0649758130311966
0.0688337162137032
0.0709520950913429
0.0728352442383766
0.0749538764357567
0.0776388496160507
0.0813907235860825
0.086758479475975
0.090786524116993
0.0897762924432755
0.0888431817293167
0.0894807130098343
0.0889422595500946
0.0880495831370354
0.0872826352715492
0.0862913876771927
0.0848859548568726
0.0848965421319008
0.0828949511051178
0.0808492749929428
0.0789793878793716
0.0787728726863861
0.0768371596932411
0.0749143660068512
0.0730031579732895
0.0711067318916321
0.0692253261804581
0.067277766764164
0.065349243581295
0.0634416043758392
0.0615539439022541
0.059690348803997
0.058042835444212
0.0563063435256481
0.0545581243932247
0.0526898205280304
0.0509730577468872
0.0494180247187614
0.0476947352290154
0.0459161065518856
0.0443325452506542
0.0428550392389297
0.0410685911774635
0.0394520871341228
0.0380354784429073
0.0363249480724335
0.0348743312060833
0.033399660140276
0.031765379011631
0.0305351819843054
0.0289410501718521
0.0273923482745886
0.0261141341179609
0.0246037058532238
0.0233591366559267
0.0218895077705383
0.0206772200763226
0.0192130766808987
0.0180678721517324
0.0166578777134418
0.0155313331633806
0.0141655802726746
0.0130491424351931
0.0117032881826162
0.0106094786897302
0.0093293497338891
0.00825764052569866
0.00708964793011546
0.00598444556817412
0.00484581151977181
0.00379285775125027
0.00274720578454435
0.00167032715398818
0.00064665381796658
0.000388432235922664
1.7887130525196e-05
-1.16717380649334e-07
-1.16717380649334e-07
