0.0
6.95014605867073e-08
6.95015174301261e-08
-6.6309024759903e-07
-1.20857851015899e-06
-1.08349286165321e-06
-1.1121948091386e-06
-1.81537450316682e-06
-2.03914419216744e-06
-3.13015584652021e-06
-5.06134165334515e-06
-7.42521069696522e-06
-1.08825734059792e-05
-1.47678019857267e-05
-1.87680980161531e-05
-2.26357915380504e-05
-2.82540768239414e-05
-3.49123256455641e-05
-4.75624765385874e-05
-5.48260577488691e-05
-6.37331104371697e-05
-6.64676845190115e-05
-6.69382861815393e-05
-6.72893729642965e-05
-6.76294512231834e-05
-6.79649747326039e-05
-6.82984828017652e-05
-6.87962674419396e-05
-6.96510760462843e-05
-7.07918152329512e-05
-7.19168456271291e-05
-7.28776212781668e-05
-7.3698531195987e-05
-7.44844292057678e-05
-7.51887855585665e-05
-7.58529495215043e-05
-7.64836004236713e-05
-7.73546635173261e-05
-7.81989729148336e-05
-7.90631311247125e-05
-8.03658258519135e-05
-8.2403545093257e-05
-8.55774851515889e-05
-9.07396315596998e-05
-0.000101314231869765
-0.000110531465907115
-0.000128839950775728
-0.00014298185124062
-0.000155369707499631
-0.000167776961461641
-0.000179888302227482
-0.000191870087292045
-0.000203755538677797
-0.000226732736336999
-0.000244156894041225
-0.000260175409493968
-0.000283793546259403
-0.000318175938446075
-0.000366883701644838
-0.000435436813859269
-0.000542371068149805
-0.000716458482202142
-0.000951372145209461
-0.00117473362479359
-0.00139078730717301
-0.0016049740370363
-0.00181533745490015
-0.0020184344612062
-0.00221457565203309
-0.00240448862314224
-0.00259006093256176
-0.00276713911443949
-0.00293586938641965
-0.00309636536985636
-0.00324816047213972
-0.00339131848886609
-0.00352590018883348
-0.00365196005441248
-0.00376964150927961
-0.00387909286655486
-0.00398044055327773
-0.00407434953376651
-0.00416031200438738
-0.00423834566026926
-0.00430851802229881
-0.00437094597145915
-0.00442587211728096
-0.00447340961545706
-0.00451354868710041
-0.00454684067517519
-0.00457311840727925
-0.00459272833541036
-0.00460570259019732
-0.00461055943742394
-0.00461055850610137
-0.00461055850610137
-0.00461055617779493
-0.00461055198684335
-0.0046105463989079
-0.00461054081097245
-0.00461053708568215
-0.00461053662002087
-0.00461053662002087
-0.00461053662002087
