0.0
2.08846245186578e-06
1.97894878510851e-05
4.38814713561442e-05
6.39710415271111e-05
8.30964927445166e-05
0.000118883464892861
0.000193979998584837
0.000285453686956316
0.000373645481886342
0.000463830190710723
0.00048425467684865
0.000504864496178925
0.000536264036782086
0.000592269352637231
0.000655803421977907
0.00072432856541127
0.000787381955888122
0.000859455787576735
0.000916703196708113
0.000962217047344893
0.00100158038549125
0.00105088716372848
0.00108759221620858
0.0011086140293628
0.00112268421798944
0.0011312534334138
0.00113347824662924
0.00112944899592549
0.00112043565604836
0.00110446591861546
0.00108371570240706
0.00105755694676191
0.00102501397486776
0.000987468869425356
0.000944678904488683
0.000895219622179866
0.000839293992612511
0.000779710244387388
0.000712634529918432
0.000640569836832583
0.000564892252441496
0.000483188487123698
0.0003971203987021
0.000305939203826711
0.000207783494261093
0.000103333368315361
7.54996945033781e-05
3.30046786984894e-05
1.67836587934289e-05
1.46004485941376e-05
1.46034226418124e-05
1.46096008393215e-05
1.46189049701206e-05
1.4629327779403e-05
1.46364891406847e-05
1.46394813782535e-05
1.46350903378334e-05
1.46263564602123e-05
1.4611910955864e-05
1.45969997902284e-05
1.4581090908905e-05
1.45647982208175e-05
1.45567137224134e-05
1.45556205097819e-05
1.45590956890373e-05
1.45693456943263e-05
1.45825260915444e-05
1.45963931572624e-05
1.46077372846776e-05
1.46186648635194e-05
1.46266938827466e-05
1.46283891808707e-05
1.46271058838465e-05
1.46220454553259e-05
1.46103839142597e-05
1.45949052239303e-05
1.45778640217031e-05
1.45599606184987e-05
1.45457588587306e-05
1.45348867590656e-05
1.45285548569518e-05
1.45270832945243e-05
1.4537764400302e-05
1.45464928209549e-05
1.45559179145494e-05
1.45694093589555e-05
1.45834183058469e-05
1.45936237458955e-05
1.45993453770643e-05
1.46057382153231e-05
1.46111460708198e-05
1.46103693623445e-05
1.46069596667076e-05
1.45989351949538e-05
1.45867015817203e-05
1.45738904393511e-05
1.45649592013797e-05
1.45519252328086e-05
1.45346184581285e-05
1.45193662319798e-05
1.45297044582549e-05
1.45236144817318e-05
1.45170952237095e-05
1.4524293874274e-05
1.45285212056478e-05
1.45345875353087e-05
1.45436506500118e-05
1.45436506500118e-05
