0.0
2.59168220217987e-09
1.16250066639623e-06
2.52922473009676e-06
4.04307820645045e-06
4.31553507951321e-06
5.13862551088096e-06
7.74785712565063e-06
1.01019877547515e-05
1.40156616907916e-05
1.66990412253654e-05
1.91768285731087e-05
2.10473463084782e-05
2.26605498028221e-05
2.48668620770331e-05
2.53903290285962e-05
2.54057194979396e-05
2.54111419053515e-05
2.54123424383579e-05
2.54143069469137e-05
2.5415574782528e-05
2.54192236752715e-05
2.54230235441355e-05
2.54267233685823e-05
2.54341302934336e-05
2.54383521678392e-05
2.54375863733003e-05
2.54369660979137e-05
2.54357237281511e-05
2.54305941780331e-05
2.54253682214767e-05
2.54207770922221e-05
2.54170008702204e-05
2.54140068136621e-05
2.54138813033933e-05
2.54137230513152e-05
2.54135684372159e-05
2.54133337875828e-05
2.5413226467208e-05
2.54127444350161e-05
2.54122624028241e-05
2.54114038398257e-05
2.54107526416192e-05
2.5410143280169e-05
2.54095702985069e-05
2.54090173257282e-05
2.54088572546607e-05
2.54085625783773e-05
2.54079677688424e-05
2.54076348937815e-05
2.54077058343682e-05
2.54076294368133e-05
2.54072092502611e-05
2.54070728260558e-05
2.54073765972862e-05
2.5407560315216e-05
2.5407673092559e-05
2.54076167038875e-05
2.54076585406438e-05
2.5407673092559e-05
2.54077167483047e-05
2.54077040153788e-05
2.54077058343682e-05
2.54076567216543e-05
2.5407587600057e-05
2.54075475822901e-05
2.54075002885656e-05
2.54074238910107e-05
2.5407380235265e-05
2.54073402174981e-05
2.54072474490386e-05
2.54071310337167e-05
2.54070473602042e-05
2.54069236689247e-05
2.54068108915817e-05
2.54067654168466e-05
2.54067144851433e-05
2.54065816989169e-05
2.54063961619977e-05
2.54063015745487e-05
2.54061815212481e-05
2.5405955966562e-05
2.54056558333104e-05
2.54051592492033e-05
2.54050155490404e-05
2.5404900952708e-05
2.5404684492969e-05
2.54044225584948e-05
2.54041460721055e-05
2.54038677667268e-05
2.54035912803374e-05
2.54031456279336e-05
2.5402439860045e-05
2.54023489105748e-05
2.54021870205179e-05
2.54019778367365e-05
2.54018741543405e-05
2.54017541010398e-05
2.54015303653432e-05
2.54012502409751e-05
2.54011229117168e-05
2.54009446507553e-05
2.54006536124507e-05
2.54002261499409e-05
2.54000406130217e-05
2.5399780497537e-05
2.53993039223133e-05
2.53985854214989e-05
2.53978523687692e-05
2.5396990167792e-05
2.53967336902861e-05
2.53962607530411e-05
2.53958296525525e-05
2.53953730862122e-05
2.53949110629037e-05
2.53944472206058e-05
2.53937214438338e-05
2.53934758802643e-05
2.53930666076485e-05
2.53929301834432e-05
2.5392699171789e-05
2.53923899435904e-05
2.53919133683667e-05
2.53914349741535e-05
2.53909565799404e-05
2.53901980613591e-05
2.53899524977896e-05
2.53895595960785e-05
2.53893958870322e-05
2.53891848842613e-05
2.53888247243594e-05
2.53887137660058e-05
2.53885136771714e-05
2.53882571996655e-05
2.53878188232193e-05
2.53874022746459e-05
2.53870002779877e-05
2.53862981480779e-05
2.53860653174343e-05
2.53856887866277e-05
2.53851576417219e-05
2.53849339060253e-05
2.53846428677207e-05
2.53841826634016e-05
2.53837224590825e-05
2.5383260435774e-05
2.53825419349596e-05
2.53822981903795e-05
2.53818870987743e-05
2.53817615885055e-05
2.53815287578618e-05
2.53812304435996e-05
2.53806902037468e-05
2.53799771599006e-05
2.53795969911152e-05
2.53791113209445e-05
2.53788948612055e-05
2.53785910899751e-05
2.53781072387937e-05
2.53774305747356e-05
2.53771413554205e-05
2.53767339017941e-05
2.53761591011425e-05
2.53759208135307e-05
2.53756006713957e-05
2.53750713454792e-05
2.53749003604753e-05
2.53746038652025e-05
2.53742164204596e-05
2.53735670412425e-05
2.53729795076651e-05
2.53723410423845e-05
2.53717626037542e-05
2.53711332334206e-05
2.53705657087266e-05
2.536994543334e-05
2.53693888225826e-05
2.53687794611324e-05
2.53682319453219e-05
2.5367588023073e-05
2.53670405072626e-05
2.5366420231876e-05
2.53658636211185e-05
2.53651669481769e-05
2.53649541264167e-05
2.53645921475254e-05
2.53640973824076e-05
2.53638809226686e-05
2.53636026172899e-05
2.5363156964886e-05
2.53624439210398e-05
2.53622038144385e-05
2.53617981798016e-05
2.536122337915e-05
2.53604121098761e-05
2.53591206273995e-05
2.53587477345718e-05
2.53584039455745e-05
2.53579655691283e-05
2.53572998190066e-05
2.53562284342479e-05
2.53547568718204e-05
2.53518664976582e-05
2.53514172072755e-05
2.53510770562571e-05
2.53506641456624e-05
2.53500966209685e-05
2.5349841962452e-05
2.53495290962746e-05
2.53489142778562e-05
2.53487269219477e-05
2.53483867709292e-05
2.53479138336843e-05
2.5347155315103e-05
2.53463131230092e-05
2.53455618803855e-05
2.53447160503129e-05
2.53439175139647e-05
2.53431953751715e-05
2.53424423135584e-05
2.53416401392315e-05
2.53408798016608e-05
2.53402013186133e-05
2.53394373430638e-05
2.53387679549633e-05
2.53379785135621e-05
2.53372090810444e-05
2.53365433309227e-05
2.53362486546393e-05
2.53358248301083e-05
2.53351809078595e-05
2.53342932410305e-05
2.53328253165819e-05
2.53310990956379e-05
2.53303023782792e-05
2.53299676842289e-05
2.53296002483694e-05
2.53290072578238e-05
2.53288144449471e-05
2.53284833888756e-05
2.53280159085989e-05
2.53273956332123e-05
2.53267517109634e-05
2.53262242040364e-05
2.53257840086007e-05
2.53250163950725e-05
2.53247781074606e-05
2.53244124905905e-05
2.53238813456846e-05
2.53230864473153e-05
2.53217895078706e-05
2.5319857741124e-05
2.53166235779645e-05
2.53162361332215e-05
2.531593599997e-05
2.53155540121952e-05
2.53150774369715e-05
2.53144735324895e-05
2.53139642154565e-05
2.53136204264592e-05
2.53132184298011e-05
2.5313105652458e-05
2.5312880097772e-05
2.53126290772343e-05
2.53120924753603e-05
2.5311956051155e-05
2.53117123065749e-05
2.53113994403975e-05
2.53108319157036e-05
2.53106627496891e-05
2.53104062721832e-05
2.53100406553131e-05
2.53095149673754e-05
2.53087764576776e-05
2.53075650107348e-05
2.53074995271163e-05
2.53073285421124e-05
2.53071866609389e-05
2.53069028985919e-05
2.53066518780543e-05
2.53064281423576e-05
2.53062480624067e-05
2.53061261901166e-05
2.53059843089432e-05
2.53057733061723e-05
2.53055877692532e-05
2.53051111940295e-05
2.53050784522202e-05
2.53050366154639e-05
2.5304996597697e-05
2.53049711318454e-05
2.53049838647712e-05
2.53051875915844e-05
2.53055131906876e-05
2.53062480624067e-05
2.53089747275226e-05
2.53103280556388e-05
2.53129983320832e-05
2.53160615102388e-05
2.53208363574231e-05
2.53214166150428e-05
2.53223515755963e-05
2.53226353379432e-05
2.5323121008114e-05
2.53237485594582e-05
2.53238977165893e-05
2.53241432801588e-05
2.53245016210712e-05
2.53250946116168e-05
2.53258731390815e-05
2.53262769547291e-05
2.53267517109634e-05
2.53273319685832e-05
2.53278503805632e-05
2.53283269557869e-05
2.53288417297881e-05
2.5329711206723e-05
2.53300113399746e-05
2.53304406214738e-05
2.53311736742035e-05
2.53314210567623e-05
2.53317994065583e-05
2.53323923971038e-05
2.53332473221235e-05
2.53346715908265e-05
2.53350735874847e-05
2.53352445724886e-05
2.53354246524395e-05
2.53357156907441e-05
2.53361558861798e-05
2.53366251854459e-05
2.5336905309814e-05
2.53373309533345e-05
2.53376820182893e-05
2.53379512287211e-05
2.53383059316548e-05
2.53386933763977e-05
2.53392099693883e-05
2.5339555577375e-05
2.53400448855245e-05
2.53403723036172e-05
2.53408488788409e-05
2.53411653829971e-05
2.53416565101361e-05
2.53419257205678e-05
2.53423568210565e-05
2.53427224379266e-05
2.53429516305914e-05
2.53432535828324e-05
2.53437847277382e-05
2.53439557127422e-05
2.53441266977461e-05
2.53445468842983e-05
2.53446414717473e-05
2.53447487921221e-05
2.5344987079734e-05
2.53453872574028e-05
2.53452253673458e-05
2.53456710197497e-05
2.53451871685684e-05
2.53443304245593e-05
2.53418802458327e-05
2.53321341006085e-05
2.53116650128504e-05
2.52530244324589e-05
2.51273795583984e-05
2.48945416387869e-05
2.44037692027632e-05
2.35146762861405e-05
2.28549852181459e-05
2.23591705434956e-05
2.1829038814758e-05
2.12709146580892e-05
2.07031825993909e-05
2.01394323084969e-05
1.95980592252454e-05
1.91096678463509e-05
1.86337838385953e-05
1.81513551069656e-05
1.75779368873918e-05
1.69637114595389e-05
1.6360772860935e-05
1.58153361553559e-05
1.52955999510596e-05
1.47500668390421e-05
1.41802111102152e-05
1.34603087644791e-05
1.24988646348356e-05
1.1290894690319e-05
1.02040976344142e-05
9.0405292212381e-06
7.81390372139867e-06
5.97002872382291e-06
4.41301835962804e-06
2.92877530227997e-06
1.63384754614526e-06
7.48701154407172e-07
7.04065143963817e-08
6.89512589246988e-08
6.75551916629047e-08
6.67242332497153e-08
6.61159091919217e-08
6.52462048833513e-08
6.39347064179674e-08
6.20460056666161e-08
5.95155640326084e-08
5.50977787838747e-08
4.90904845662499e-08
4.45018777384121e-08
4.41631549108479e-08
5.23141920893977e-08
5.77693093362086e-08
6.3211004430741e-08
6.92255994749758e-08
7.30971336793118e-08
7.49843707126274e-08
7.68630741276866e-08
7.68159154063142e-08
7.46313588706471e-08
7.06156413343706e-08
6.54051390824861e-08
5.80342955913693e-08
5.01677490660768e-08
4.43943193317864e-08
4.19460128853189e-08
4.21372092773709e-08
4.71098893228827e-08
5.0333326839791e-08
5.37003117528911e-08
5.80780827874605e-08
6.35344576949137e-08
6.76377425179453e-08
6.82066527701863e-08
6.93091593007011e-08
7.02915912142998e-08
6.90580250761741e-08
6.56741008242534e-08
6.25548537414033e-08
5.94904747686087e-08
5.60688313555602e-08
4.96100760472018e-08
4.37363603111862e-08
4.24798862752596e-08
4.24738146875825e-08
4.24738395565782e-08
4.24738182402962e-08
4.24738182402962e-08
4.24738182402962e-08
4.24738182402962e-08
4.24738182402962e-08
4.24738182402962e-08
4.24738182402962e-08
4.24738182402962e-08
4.24738182402962e-08
4.24738182402962e-08
4.24738182402962e-08
4.24738182402962e-08
4.24738182402962e-08
4.24738182402962e-08
4.24738182402962e-08
4.24738288984372e-08
4.2473853767433e-08
4.2473864425574e-08
4.24738679782877e-08
4.24738679782877e-08
4.24738715310014e-08
4.24738715310014e-08
4.24738715310014e-08
4.2473875083715e-08
4.24738786364287e-08
4.24738786364287e-08
4.24738786364287e-08
4.24738821891424e-08
4.24738821891424e-08
4.24738857418561e-08
4.24738857418561e-08
4.24738892945697e-08
4.24738892945697e-08
4.24738928472834e-08
4.24738928472834e-08
4.24738928472834e-08
4.24738963999971e-08
4.24738963999971e-08
4.24738999527108e-08
4.24738999527108e-08
4.24738999527108e-08
4.24739035054245e-08
4.24739035054245e-08
4.24739070581381e-08
4.24739070581381e-08
4.24739106108518e-08
4.24739106108518e-08
4.24739106108518e-08
4.24739141635655e-08
4.24739141635655e-08
4.24739177162792e-08
4.24739177162792e-08
4.24739212689929e-08
4.24739212689929e-08
4.24739248217065e-08
4.24739248217065e-08
