0.0
3.86451965263615e-13
3.86317226038629e-13
3.85616262229063e-13
6.61020771539761e-13
8.66702217806881e-13
1.73487418007878e-12
1.54357169407371e-11
5.13320150274943e-11
9.25084731040471e-11
1.24970644943545e-10
1.60428531570389e-10
2.93572555154498e-10
3.77127828965484e-10
4.74372652270461e-10
6.15433093376083e-10
8.97750374040385e-10
1.46228917863311e-09
2.60110710748052e-09
4.86376450226089e-09
7.96858845575343e-09
1.0818682838476e-08
1.31058071062284e-08
1.51747805432478e-08
1.76256946815556e-08
2.12459756454564e-08
2.779322549884e-08
4.26984065882152e-08
7.86992941925746e-08
9.40455535669571e-08
1.1979987846189e-07
1.69068741229239e-07
2.65685315525843e-07
2.88189937691641e-07
3.13866848955513e-07
3.59665449423119e-07
4.4874681748297e-07
4.76319627296107e-07
5.14671739892947e-07
5.70005852296163e-07
6.49614150916022e-07
7.35838568743929e-07
8.09363882581238e-07
8.71009547154245e-07
9.25916822325235e-07
9.74862246039265e-07
1.01894772797095e-06
1.05457036170264e-06
1.08596100290015e-06
1.09307643469947e-06
1.10311236767302e-06
1.1068148069171e-06
1.11222914256359e-06
1.12019870357472e-06
1.12312386590929e-06
1.127503310272e-06
1.13401881662867e-06
1.13461931050551e-06
1.13520729883021e-06
1.13574935767247e-06
1.13661155864975e-06
1.13791872990987e-06
1.13989767669409e-06
1.1406285693738e-06
1.14167562514922e-06
1.14208103241253e-06
1.14223291802773e-06
1.14224712888245e-06
1.14225247216382e-06
1.14226043024246e-06
1.14226122605032e-06
1.14226133973716e-06
1.14226133973716e-06
1.142261453424e-06
1.142261453424e-06
1.142261453424e-06
1.142261453424e-06
1.142261453424e-06
1.142261453424e-06
1.142261453424e-06
1.142261453424e-06
1.142261453424e-06
1.142261453424e-06
1.142261453424e-06
1.142261453424e-06
