0.0
-1.83889289928629e-06
-1.86289946668694e-06
-6.14235159446253e-06
-1.29411619127495e-05
-1.70146231539547e-05
-1.86267261597095e-05
-1.90976315934677e-05
-1.91213493963005e-05
-1.91401722986484e-05
-1.92936495295726e-05
-1.99463120225118e-05
-2.0623134332709e-05
-2.06980112125166e-05
-2.09352037927601e-05
-2.08905294130091e-05
-2.08329765882809e-05
-2.1018862753408e-05
-2.29405286518158e-05
-2.45715000346536e-05
-2.58299078268465e-05
-2.72309189313091e-05
-3.31550036207773e-05
-5.35471990588121e-05
-6.11237337579951e-05
-6.85524864820763e-05
-7.24042038200423e-05
-7.29550811229274e-05
-7.34926070435904e-05
-7.40234172553755e-05
-7.45550059946254e-05
-7.50886320020072e-05
-7.58918904466555e-05
-7.71867926232517e-05
-7.832969276933e-05
-7.94200823293068e-05
-8.05456875241362e-05
-8.20124259917066e-05
-8.36802573758177e-05
-8.60844156704843e-05
-8.66582995513454e-05
-8.73086974024773e-05
-8.80974330357276e-05
-8.90658848220482e-05
-9.02369865798391e-05
-9.19704107218422e-05
-9.40359750529751e-05
-9.58833697950467e-05
-9.74267750279978e-05
-9.91542838164605e-05
-0.000100638630101457
-0.000101571138657164
-0.000102229852927849
-0.000102733065432403
-0.000103152844530996
-0.000103537371614948
-0.000104087994259316
-0.000104907725472003
-0.000106123225123156
-0.000107993168057874
-0.000110895402031019
-0.000115220173029229
-0.000122210098197684
-0.000135035021230578
-0.000157734044478275
-0.000166150057339109
-0.000174954417161644
-0.000184201853699051
-0.000193542058696039
-0.000207529767067172
-0.000228077726205811
-0.000258451327681541
-0.000303425738820806
-0.000368253793567419
-0.00045679320464842
-0.000588995928410441
-0.000804174516815692
-0.00104670855216682
-0.00127578736282885
-0.00149783072993159
-0.00172465213108808
-0.00194300571456552
-0.00215419312007725
-0.00235976441763341
-0.00256311078555882
-0.00275957188569009
-0.00294743222184479
-0.00312597374431789
-0.00329514173790812
-0.00345503236167133
-0.00360608170740306
-0.00374854216352105
-0.00388247007504106
-0.00400911690667272
-0.00412917463108897
-0.00424089329317212
-0.00434372294694185
-0.00443910388275981
-0.00452612200751901
-0.00460372120141983
-0.0046723741106689
-0.00473240157589316
-0.00478420685976744
-0.00482795247808099
-0.00486369896680117
-0.00489142257720232
-0.00491154612973332
-0.00492325099185109
-0.00492735998705029
-0.00492735952138901
-0.00492735998705029
-0.00492735998705029
-0.00492735998705029
-0.00492735998705029
-0.00492735998705029
-0.00492735998705029
-0.00492735998705029
-0.00492735998705029
-0.00492735998705029
-0.00492735998705029
-0.00492735998705029
-0.00492735998705029
-0.00492735998705029
-0.00492735998705029
-0.00492735998705029
-0.00492735998705029
-0.00492735998705029
-0.00492740469053388
-0.00492742005735636
-0.00492742005735636
