0.0
0.0
0.0
1.13269765474652e-13
1.75053970884881e-12
3.45573702986712e-09
8.09854583394554e-09
1.29533262338555e-07
2.37786125012462e-07
4.07131324209331e-07
7.04604758539062e-07
1.47777836900786e-06
2.28186604545044e-06
2.56741759585566e-06
3.04644140669552e-06
3.18491470352456e-06
3.31029650624259e-06
3.46374486070999e-06
3.88737453249632e-06
4.27884651799104e-06
4.60273213320761e-06
5.03528826811817e-06
6.83203506923746e-06
1.69171507877763e-05
2.11121623578947e-05
2.52247209573397e-05
2.7395641154726e-05
2.77094040939119e-05
2.8020729587297e-05
2.83297231362667e-05
2.86407284875168e-05
2.89544314000523e-05
2.94295186904492e-05
3.02085682051256e-05
3.09185161313508e-05
3.16233345074579e-05
3.23645544995088e-05
3.3365471608704e-05
3.45525768352672e-05
3.63785729859956e-05
3.68261098628864e-05
3.73541406588629e-05
3.80143101210706e-05
3.88550542993471e-05
3.99078344344161e-05
4.15801077906508e-05
4.3644478864735e-05
4.54951914434787e-05
4.70013728772756e-05
4.85804230265785e-05
4.9733880587155e-05
5.03997471241746e-05
5.08322555106133e-05
5.11400576215237e-05
5.13835475430824e-05
5.15995743626263e-05
5.19055211043451e-05
5.23559247085359e-05
5.30227262061089e-05
5.40514520253055e-05
5.56462473468855e-05
5.79714796913322e-05
6.17672121734358e-05
6.87761785229668e-05
8.05614545242861e-05
8.47980481921695e-05
8.92326715984382e-05
9.39485908020288e-05
9.87477687885985e-05
0.000105945022369269
0.000116539747978095
0.000132262197439559
0.000155504996655509
0.000189275247976184
0.000237225875025615
0.000310115981847048
0.000424550380557775
0.000557082239538431
0.000691529945470393
0.000831135374028236
0.0009690051083453
0.00111050682608038
0.00125577463768423
0.00140695041045547
0.00155269587412477
0.00169582257512957
0.00183956231921911
0.00198164652101696
0.00212249928154051
0.00226053548976779
0.00239550112746656
0.00252807978540659
0.00265766493976116
0.00278671202249825
0.00291639333590865
0.00304474262520671
0.00317125301808119
0.00330118648707867
0.00343004381284118
0.00355213508009911
0.00367133552208543
0.00378554337657988
0.00389963109046221
0.00401196768507361
0.00412101950496435
0.0042310724966228
0.00434570387005806
0.00445756549015641
0.00407083425670862
0.0040709413588047
0.00407074531540275
0.00407075416296721
0.00407075090333819
0.00407075090333819
0.00407075090333819
0.00407075090333819
0.00407075090333819
0.00407075090333819
0.00407075090333819
0.00407075090333819
0.00407075090333819
0.00407075090333819
0.00407075090333819
0.00407075090333819
0.00407075090333819
0.00407075090333819
0.00407075090333819
0.00405190791934729
0.00404617888852954
0.00404617888852954
