0.0
3.53392071761845e-18
5.4415187911161e-09
4.81093387350029e-08
1.93138973259011e-07
2.40046745147993e-07
2.84732692534817e-07
3.45295234183141e-07
8.4238229192124e-07
1.2197671139802e-06
1.71408487403824e-06
2.16581156564644e-06
3.11289409182791e-06
3.83456972485874e-06
4.9958812269324e-06
6.71405041430262e-06
1.00515526355593e-05
1.50019413922564e-05
2.19295470742509e-05
2.97542028420139e-05
4.04777965741232e-05
5.43813439435326e-05
7.32991320546716e-05
9.94162837741897e-05
0.000133675246615894
0.000179583759745583
0.000196608641999774
0.000233646162087098
0.00028860048041679
0.000403018115321174
0.000613098673056811
0.000674526789225638
0.000767769059166312
0.000907924550119787
0.00104899238795042
0.00108504178933799
0.00113914289977401
0.00121849216520786
0.00124781625345349
0.00129151169676334
0.00130786548834294
0.00133219314739108
0.00133233668748289
0.00133255170658231
0.00133263226598501
0.00133266241755337
0.00133266521152109
0.001332669518888
0.00133266986813396
0.00133267045021057
0.00133267068304121
0.00133267079945654
0.00133267079945654
0.00133267079945654
0.00133267079945654
0.00133267079945654
0.00133267079945654
