0.0
7.25408411960417e-35
6.71273653551907e-07
1.10932978714118e-06
1.68346161899535e-06
2.84425937024935e-06
1.84587668172753e-06
2.13560042539029e-06
3.08769472212589e-06
4.69971428174176e-06
7.58506530473824e-06
1.10294276964851e-05
1.41482769322465e-05
1.60694362421054e-05
1.3026468877797e-05
1.16982491817907e-05
1.28094570754911e-05
1.32053773995722e-05
1.44529749377398e-05
1.49345614772756e-05
1.56638634507544e-05
1.58153379743453e-05
1.58721140905982e-05
1.58998900587903e-05
1.5846055248403e-05
1.57475424202858e-05
1.55473608174361e-05
1.52154461829923e-05
1.5067864296725e-05
1.47439459396992e-05
1.4438058315136e-05
1.41925520438235e-05
1.39794783535763e-05
1.36790013129939e-05
1.31633369164774e-05
1.27850562421372e-05
1.24758244055556e-05
1.21909724839497e-05
1.1864577572851e-05
1.14954291348113e-05
1.11695944724488e-05
1.08423009805847e-05
1.05142253232771e-05
1.02389676612802e-05
9.97333154373337e-06
9.71938789007254e-06
9.42502083489671e-06
9.12580071599223e-06
8.7960379460128e-06
8.51949698699173e-06
8.18334501673235e-06
7.84042822488118e-06
7.51081279304344e-06
7.1956887950364e-06
6.96636698194197e-06
6.75934870741912e-06
6.55755820844206e-06
6.38819801679347e-06
6.08268692303682e-06
5.87482463743072e-06
5.63217190574505e-06
5.36763445779798e-06
5.06096876051743e-06
4.70882787340088e-06
4.48897935712012e-06
4.25116240876378e-06
4.04720549340709e-06
3.80427286472695e-06
3.59624027623795e-06
3.37046390086471e-06
3.16332830152533e-06
2.89571971734404e-06
2.55446661867609e-06
2.35373772738967e-06
2.18646482608165e-06
2.16005582842627e-06
2.15375871448487e-06
2.12100758290035e-06
2.10456414606597e-06
2.10786402021768e-06
2.07906373361766e-06
2.08912183552457e-06
2.08292885872652e-06
2.13251564673556e-06
2.20141123463691e-06
2.27230111704557e-06
2.32357137974759e-06
2.36896266869735e-06
2.39579799199419e-06
2.44042053054727e-06
2.39896735365619e-06
2.32459365179238e-06
2.30174487114709e-06
2.27863574764342e-06
2.21352252083307e-06
2.11872429645155e-06
2.02578803509823e-06
1.99056557903532e-06
1.97324857253989e-06
1.97555436898256e-06
1.96830933418823e-06
1.95976872419124e-06
1.9394231003389e-06
1.92278525901202e-06
1.93621553989942e-06
1.95765915123047e-06
1.99297983272118e-06
2.09374002224649e-06
2.15717841456353e-06
2.22804078475747e-06
2.24821042138501e-06
