0.0
1.67417897500854e-06
1.85388071258785e-05
5.10709724039771e-05
8.19051856524311e-05
0.000102893602161203
0.000122988829389215
0.00015445014287252
0.00018247049592901
0.000216562519199215
0.000305407127598301
0.000394699396565557
0.000516087049618363
0.000612133822869509
0.000700826989486814
0.000702182238455862
0.000702510122209787
0.000702832476235926
0.000703149242326617
0.000703460187651217
0.000703763100318611
0.000704054429661483
0.000704330275766551
0.000704582198522985
0.000704795122146606
0.000704941514413804
0.000705098442267627
0.000705318700056523
0.000705711718183011
0.000706134655047208
0.000706597696989775
0.000707338855136186
0.000708081875927746
0.00070881936699152
0.000709551619365811
0.00071062397910282
0.00071217177901417
0.000714392517693341
0.000714805733878165
0.000715217902325094
0.000715628557372838
0.000716037233360112
0.000716446375008672
0.000716855458449572
0.000717264076229185
0.000717668095603585
0.000718062452506274
0.000718430383130908
0.000718834227882326
0.000719264440704137
0.000719700998160988
0.00072013633325696
0.00072056712815538
0.000720987911336124
0.000721604970749468
0.000722507829777896
0.000723383098375052
0.00072424381505698
0.000725526711903512
0.000727431150153279
0.000730262603610754
0.000734468456357718
0.000740726478397846
0.000740899762604386
0.000741062976885587
0.000741226365789771
0.000741390744224191
0.000741639640182257
0.00074201647657901
0.000742397329304367
0.000742777599953115
0.0007431500707753
0.000743493088521063
0.000743725511711091
0.000743958982639015
0.000744254502933472
0.000744704739190638
0.000745090947020799
0.000745034893043339
0.00074481638148427
0.000744355958886445
0.000743410491850227
0.000741955183912069
0.00073970906669274
0.000737537280656397
0.000735654379241168
0.000733573513571173
0.000731512787751853
0.000730685598682612
0.000730834435671568
0.00073163554770872
0.00073272007284686
0.000733895809389651
0.000735649955458939
0.000738334085326642
0.000742367585189641
0.000748245802242309
0.000756532943341881
0.000767839432228357
0.000782645714934915
0.000802190508693457
0.000829664524644613
0.000870851858053356
0.000912758288905025
0.000956125208176672
0.000999152311123908
0.00104373542126268
0.00105561036616564
0.00107339979149401
0.00110008171759546
0.00111037620808929
0.00111449719406664
0.00112083554267883
0.0011302197817713
0.00114420196041465
0.00116496090777218
0.00119635928422213
0.00120508775580674
0.00121450622100383
0.0012145695509389
0.00121489132288843
0.00121522613335401
0.00121555628720671
0.0012160682817921
0.00121686886996031
0.00121770275291055
0.00121855456382036
0.00121942197438329
0.00122028752230108
0.00122159626334906
0.00122354319319129
0.00122599839232862
0.0012277839705348
0.00122895045205951
0.00122973381076008
0.00123034254647791
0.00123090320266783
0.00123139936476946
0.00123223825357854
0.00123236060608178
0.00123243196867406
0.00123255187645555
0.00123270973563194
0.00123290892224759
0.00123326468747109
0.00123358482960612
0.00123432488180697
0.00123483128845692
0.00123518181499094
0.00123594945762306
0.00123659486416727
0.00123724970035255
0.00123804959002882
0.00123939290642738
0.00124033924657851
0.00124001270160079
0.00124134426005185
0.00125154166016728
0.00126879464369267
0.0012544950004667
0.00119110324885696
0.00104387744795531
0.000834606005810201
0.000482999545056373
7.64022843213752e-05
7.5773466960527e-05
7.5763433414977e-05
7.57636516937055e-05
7.57752641220577e-05
7.57985762902535e-05
7.58298410801217e-05
7.58715395932086e-05
7.589074812131e-05
7.58816095185466e-05
7.58760143071413e-05
7.58576061343774e-05
7.58386959205382e-05
7.58104724809527e-05
7.57877351134084e-05
7.57812886149622e-05
7.57795278332196e-05
7.57912712288089e-05
7.5804942753166e-05
7.58361638872884e-05
7.58731694077142e-05
7.59144822950475e-05
7.59446702431887e-05
7.59475951781496e-05
7.59256290621124e-05
7.58861642680131e-05
7.58385140215978e-05
7.57898596930318e-05
7.57313246140257e-05
7.57029702072032e-05
7.56942390580662e-05
7.56793961045332e-05
7.56935696699657e-05
7.5745650974568e-05
7.57983943913132e-05
7.58525275159627e-05
7.59174945414998e-05
7.59902613935992e-05
7.60656985221431e-05
7.61241972213611e-05
7.6127216743771e-05
7.61032424634323e-05
7.60741531848907e-05
7.60286129661836e-05
7.59527101763524e-05
7.58748938096687e-05
7.5803036452271e-05
7.57490197429433e-05
7.57076923036948e-05
7.56750596337952e-05
7.56507652113214e-05
7.56499794078991e-05
7.56782246753573e-05
7.57067027734593e-05
7.57459856686182e-05
7.58004753151909e-05
7.5873889727518e-05
7.59379181545228e-05
7.60063267080113e-05
7.60621696827002e-05
7.60981129133143e-05
7.61161500122398e-05
7.61094852350652e-05
7.60890325182118e-05
7.6053649536334e-05
7.60076800361276e-05
7.59674367145635e-05
7.59275571908802e-05
7.58631285862066e-05
7.58128953748383e-05
7.57813613745384e-05
7.57304951548576e-05
7.56944646127522e-05
7.57082671043463e-05
7.57464513299055e-05
7.57657107897103e-05
7.57833040552214e-05
7.5792966526933e-05
