0.0
0.0
8.56340705013281e-07
2.05613605430699e-06
2.90853904516553e-06
4.0660866034159e-06
5.90252329857321e-06
7.56917825128767e-06
8.04456794867292e-06
7.42107977202977e-06
5.86103215027833e-06
4.90661113872193e-06
4.97084784001345e-06
5.23450762557331e-06
5.98422593611758e-06
6.49787807560642e-06
6.58523185848026e-06
6.58240378470509e-06
6.56710835755803e-06
6.61752574160346e-06
6.62510319671128e-06
6.7021915128862e-06
6.71981979394332e-06
6.71618727210443e-06
6.66642699798103e-06
6.65160541757359e-06
6.50082256470341e-06
6.29343003311078e-06
6.16902343608672e-06
6.11258428762085e-06
6.0489719544421e-06
6.06756429988309e-06
6.07921947448631e-06
6.07279935138649e-06
6.06979301664978e-06
6.04791421210393e-06
6.01593774263165e-06
5.98006772634108e-06
5.9130306908628e-06
5.8294422160543e-06
5.72134877074859e-06
5.62917239221861e-06
5.54576217837166e-06
5.47403124073753e-06
5.37980895387591e-06
5.32062449565274e-06
5.28776990904589e-06
5.24827737535816e-06
5.20097137268749e-06
5.18183878739364e-06
5.16980708198389e-06
5.14840257892502e-06
5.12757605974912e-06
5.09333722220617e-06
5.04315039506764e-06
4.98070585308596e-06
4.92449089506408e-06
4.87620036437875e-06
4.84772090203478e-06
4.80142352898838e-06
4.74561693408759e-06
4.67628524347674e-06
4.63636115455301e-06
4.58618751508766e-06
4.52881522505777e-06
4.45197838416789e-06
4.37361677541048e-06
4.27037730332813e-06
4.16986586060375e-06
4.11440123571083e-06
4.09978929383215e-06
4.06090657634195e-06
4.01066972699482e-06
3.98201473217341e-06
3.94455355490209e-06
3.88467879020027e-06
3.85516113965423e-06
3.85454177376232e-06
3.83309543394716e-06
3.79790253646206e-06
3.75453578271845e-06
3.68712335330201e-06
3.6237856875232e-06
3.54612279807043e-06
3.49727497450658e-06
3.43676674674498e-06
3.36608081852319e-06
3.2962846034934e-06
3.21486504617496e-06
3.11534108732303e-06
2.99696853289788e-06
2.85700798485777e-06
2.75490219792118e-06
2.72175111604156e-06
2.67900350081618e-06
2.66959204964223e-06
2.65161725110374e-06
2.61565241999051e-06
2.61976560977928e-06
2.64097275248787e-06
2.65016274170193e-06
2.66049482888775e-06
2.63702031588764e-06
