0.0
1.14573023692874e-34
2.83102408182856e-09
1.44180035022146e-07
4.97215921768657e-07
1.06419429357629e-06
1.35034508730314e-06
1.55543568780558e-06
2.68484541265934e-06
3.19825676342589e-06
3.74727437701949e-06
4.00704720959766e-06
3.49770880347933e-06
3.4736510770017e-06
3.42203156833421e-06
3.35838490173046e-06
3.37159781338414e-06
3.46589126820618e-06
3.32925833390618e-06
3.32925014845387e-06
3.56846658178256e-06
3.78980871573731e-06
4.08866844736622e-06
4.69326278107474e-06
5.35416666025412e-06
5.96817062614718e-06
6.29480655334191e-06
6.8535714490281e-06
7.07496383256512e-06
7.41659323466592e-06
7.94156767369714e-06
8.47342198539991e-06
8.96236542757833e-06
9.40862992138136e-06
9.90901116892928e-06
1.04193322840729e-05
1.05510953289922e-05
1.05660610643099e-05
1.05680001070141e-05
1.05355229607085e-05
1.05991175587405e-05
1.08000258478569e-05
1.1091619853687e-05
1.11717718027649e-05
1.12524885480525e-05
1.14570984806051e-05
1.19677024486009e-05
1.26898494272609e-05
1.35982099891407e-05
1.39780695462832e-05
1.4127571375866e-05
1.41847958730068e-05
1.42065209729481e-05
1.42391118060914e-05
1.42881372084958e-05
1.4362167348736e-05
1.44740588439163e-05
1.45163248816971e-05
1.4579431990569e-05
1.46746069731307e-05
1.48187509694253e-05
1.50387031681021e-05
1.53624005179154e-05
1.57885860971874e-05
1.5966279534041e-05
1.62536307470873e-05
1.63682070706272e-05
1.65453311637975e-05
1.6821553799673e-05
1.72544678207487e-05
1.7938358723768e-05
1.89988713827915e-05
1.94127060240135e-05
2.00429331016494e-05
2.10018115467392e-05
2.18715849769069e-05
2.20883794099791e-05
2.23154966079164e-05
2.27194868784864e-05
2.31268695642939e-05
2.32471229537623e-05
2.34419512707973e-05
2.37769072555238e-05
2.37823969655437e-05
2.37915610341588e-05
2.38001812249422e-05
2.38084503507707e-05
2.38210650422843e-05
2.38395314227091e-05
2.38658394664526e-05
2.38949378399411e-05
2.39345226873411e-05
2.39640030486044e-05
2.39246583078057e-05
2.36350206250791e-05
2.33157352340641e-05
2.30821788136382e-05
2.30496079893783e-05
2.30576424655737e-05
2.30585483222967e-05
2.30607020057505e-05
2.30588866543258e-05
2.30484056373825e-05
2.30239074880956e-05
2.29043635044945e-05
2.28608296310995e-05
2.28467033593915e-05
2.28301214519888e-05
2.28051430894993e-05
2.28068802243797e-05
2.27250930038281e-05
2.27241998800309e-05
2.27238760999171e-05
2.27238451770972e-05
2.27241562242853e-05
2.27251002797857e-05
2.27268610615283e-05
2.27313812501961e-05
2.27424134209286e-05
2.27429936785484e-05
2.27435266424436e-05
2.2744245143258e-05
2.27452110266313e-05
2.2746886315872e-05
2.27496202569455e-05
2.27539894694928e-05
2.27611653826898e-05
2.27761393034598e-05
2.28089247684693e-05
2.28244844038272e-05
2.28471981245093e-05
2.28814951697132e-05
2.29367560677929e-05
2.30257155635627e-05
2.30427795031574e-05
2.30592941079522e-05
2.30670757446205e-05
2.30811492656358e-05
2.31003250519279e-05
2.31015455938177e-05
2.31055346375797e-05
2.31070716836257e-05
2.31076701311395e-05
2.31078993238043e-05
2.31082394748228e-05
2.31082703976426e-05
2.31082831305685e-05
2.31083886319539e-05
2.31084140978055e-05
2.31084413826466e-05
2.31084504775936e-05
2.31084541155724e-05
2.31084541155724e-05
2.31084541155724e-05
2.31084541155724e-05
2.31084541155724e-05
2.31084541155724e-05
