-0.0
0.0
1.13686837721616e-13
1.4210854715202e-14
7.105427357601e-14
2.8421709430404e-14
-7.105427357601e-14
2.8421709430404e-14
5.6843418860808e-14
5.6843418860808e-14
-9.63168531598058e-08
5.04116030697332e-07
5.69450548937311e-07
2.5607209863665e-07
-2.0326206140453e-07
-9.7546978850005e-07
-1.11046574602369e-07
-6.81986421113834e-07
-6.7820865297108e-06
-5.66728340345435e-06
-4.43098542746156e-06
-6.44206011202186e-07
3.87401814805344e-06
-1.1957818060182e-06
-1.36952439788729e-06
-1.52849679579958e-06
-2.65688868239522e-07
3.91592038795352e-06
4.17082628700882e-06
4.39910218119621e-06
4.62710158899426e-06
4.53848042525351e-06
2.56294151768088e-06
1.23560312204063e-06
-1.72904401551932e-06
-5.92341530136764e-06
-9.61516343522817e-06
-1.08208769233897e-05
-2.21996451728046e-05
-2.82467080978677e-05
-3.73494549421594e-05
-4.15975227952003e-05
-3.32949712174013e-05
-1.73268927028403e-05
-3.53350478690118e-05
-4.15729300584644e-05
-5.44791255379096e-05
-6.88949949108064e-05
-6.98955991538242e-05
-7.01251701684669e-05
-7.0518501161132e-05
-7.09248342900537e-05
-7.12560577085242e-05
-7.15341084287502e-05
-7.21903488738462e-05
-7.29969251551665e-05
-7.36450747353956e-05
-7.86882301326841e-05
-8.29295167932287e-05
-8.59911815496162e-05
-8.80376319400966e-05
-8.94085897016339e-05
-9.07497815205716e-05
-9.18406658456661e-05
-9.26851207623258e-05
-9.11281094886363e-05
-8.87000933289528e-05
-8.60045111039653e-05
-8.57603954500519e-05
-8.791359141469e-05
-9.09196824068204e-05
-9.23835468711331e-05
-9.4556191470474e-05
-9.80023178271949e-05
-0.000103362370282412
-0.000113094967673533
-0.000130003871163353
-0.000156621434143744
-0.000181687137228437
-0.000121112956549041
-0.00010891607234953
-0.000109342188807204
-0.000110888337076176
-0.000113085538032465
-0.000119148673547897
-0.000131079650600441
-0.000134442670969293
-0.00013848944217898
-0.000143783137900755
-0.000150749809108675
-0.000160482566570863
-0.000174351473106071
-0.000196328794118017
-0.000246847397647798
-0.000326173292705789
-0.00040681887185201
-0.000478583737276495
-0.000575020909309387
-0.000661759404465556
-0.000690863584168255
-0.000693839450832456
-0.000694830727297813
-0.000689665786921978
-0.000673223403282464
-0.000640356098301709
-0.000601609470322728
-0.000564286485314369
-0.000512093829456717
-0.000441749376477674
-0.000376704585505649
-0.000335510208969936
-0.000311802898067981
-0.000300227460684255
-0.000295323872705922
-0.000297201477224007
-0.000301515246974304
-0.000306332367472351
-0.000311578944092616
-0.000316948862746358
-0.000324713648296893
-0.0003288974694442
-0.000330625480273739
-0.000332076713675633
-0.000334332347847521
-0.000338519690558314
-0.000342831801390275
-0.000345510605257004
-0.000340054335538298
-0.00032651869696565
-0.000277690909570083
-0.000239767585298978
-0.000234007689869031
-0.000227496289880946
-0.000219897963688709
-0.000209420439205132
-0.000194747015484609
-0.000148530787555501
-0.000110026237962302
-0.000102551304735243
-7.40749237593263e-05
-6.39766367385164e-05
-8.57911727507599e-05
-0.000175125809619203
-0.000165989666129462
-0.00012155031436123
-5.88679795328062e-05
0.000138646821142174
0.000105535720649641
1.77939218701795e-05
-4.09039603255223e-05
-9.28302251850255e-05
-8.28944175736979e-05
6.25312968622893e-05
-1.03505226434208e-06
6.17121258983389e-07
-0.000100933946669102
-0.000192069812328555
-0.000197515328181908
-0.000185347307706252
-2.74447011179291e-05
3.52732640749309e-05
5.24426213814877e-05
-1.09180191429914e-05
-6.18983176536858e-05
-0.000137726470711641
-0.00014285251381807
-0.000131424036226235
-0.000101341487606987
-5.73174947930966e-05
-5.70856136619113e-05
-4.00011704186909e-05
-1.70618950505741e-05
-1.69428312801756e-05
-4.41460360889323e-06
-2.27373675443232e-13
1.4210854715202e-13
-2.8421709430404e-14
-5.6843418860808e-14
-1.98951966012828e-13
8.5265128291212e-14
1.70530256582424e-13
2.8421709430404e-14
2.8421709430404e-14
-2.8421709430404e-14
-1.4210854715202e-13
-2.55795384873636e-13
-1.4210854715202e-13
-8.5265128291212e-14
-2.27373675443232e-13
-3.41060513164848e-13
-5.11590769747272e-13
-4.54747350886464e-13
-3.97903932025656e-13
-3.41060513164848e-13
-3.12638803734444e-13
-3.97903932025656e-13
-3.69482222595252e-13
-4.2632564145606e-13
-2.8421709430404e-13
-2.27373675443232e-13
-3.69482222595252e-13
-3.69482222595252e-13
-4.54747350886464e-13
-6.25277607468888e-13
-5.40012479177676e-13
-5.40012479177676e-13
-6.53699316899292e-13
-5.40012479177676e-13
-5.40012479177676e-13
-6.25277607468888e-13
-9.09494701772928e-13
-9.09494701772928e-13
-7.95807864051312e-13
-7.105427357601e-13
-6.25277607468888e-13
-7.105427357601e-13
-9.37916411203332e-13
-8.81072992342524e-13
-9.66338120633736e-13
-8.5265128291212e-13
-9.9475983006414e-13
-7.38964445190504e-13
-9.66338120633736e-13
-6.82121026329696e-13
-7.95807864051312e-13
-9.09494701772928e-13
-1.05160324892495e-12
-9.37916411203332e-13
-8.81072992342524e-13
-9.37916411203332e-13
-9.09494701772928e-13
-1.10844666778576e-12
-1.08002495835535e-12
-1.10844666778576e-12
-9.9475983006414e-13
-1.08002495835535e-12
-1.22213350550737e-12
-1.08002495835535e-12
-1.25055521493778e-12
-1.22213350550737e-12
-1.36424205265939e-12
-1.30739863379858e-12
-1.27897692436818e-12
-1.13686837721616e-12
-1.33582034322899e-12
-1.22213350550737e-12
-1.27897692436818e-12
-1.47792889038101e-12
-1.30739863379858e-12
-1.25055521493778e-12
-1.4495071809506e-12
-1.4210854715202e-12
-1.47792889038101e-12
-1.53477230924182e-12
-1.36424205265939e-12
-1.36424205265939e-12
-1.4210854715202e-12
-1.73372427525464e-12
-1.67688085639384e-12
-1.76214598468505e-12
-1.81898940354586e-12
-1.73372427525464e-12
-1.76214598468505e-12
-1.67688085639384e-12
-1.73372427525464e-12
-1.73372427525464e-12
-1.73372427525464e-12
-2.04636307898909e-12
-2.18847162614111e-12
-2.04636307898909e-12
-1.84741111297626e-12
-2.04636307898909e-12
-1.90425453183707e-12
-1.90425453183707e-12
-1.98951966012828e-12
-2.01794136955868e-12
-2.07478478841949e-12
-2.1316282072803e-12
-2.01794136955868e-12
-2.07478478841949e-12
-2.18847162614111e-12
-2.27373675443232e-12
-2.1600499167107e-12
-2.1600499167107e-12
-1.90425453183707e-12
-2.04636307898909e-12
-2.24531504500192e-12
-2.41584530158434e-12
-2.21689333557151e-12
-2.1032064978499e-12
-2.24531504500192e-12
-2.24531504500192e-12
-2.33058017329313e-12
-2.27373675443232e-12
-2.27373675443232e-12
-2.44426701101474e-12
-2.50111042987555e-12
-2.21689333557151e-12
-2.30215846386272e-12
-2.35900188272353e-12
-2.44426701101474e-12
-2.33058017329313e-12
-2.30215846386272e-12
-2.44426701101474e-12
-2.35900188272353e-12
-2.30215846386272e-12
-2.47268872044515e-12
-2.70006239588838e-12
-2.61479726759717e-12
-2.64321897702757e-12
-2.8421709430404e-12
-2.8421709430404e-12
-2.72848410531878e-12
-2.70006239588838e-12
-2.58637555816676e-12
-2.78532752417959e-12
-2.70006239588838e-12
-2.70006239588838e-12
-2.8705926524708e-12
-2.8705926524708e-12
-2.8705926524708e-12
-2.98427949019242e-12
-3.06954461848363e-12
-2.8421709430404e-12
-2.92743607133161e-12
-3.01270119962282e-12
-3.09796632791404e-12
-3.26849658449646e-12
-3.24007487506606e-12
-3.09796632791404e-12
-3.12638803734444e-12
-3.12638803734444e-12
-3.15480974677484e-12
-3.01270119962282e-12
-3.32534000335727e-12
-3.18323145620525e-12
-3.26849658449646e-12
-3.24007487506606e-12
-3.18323145620525e-12
-3.32534000335727e-12
-3.29691829392686e-12
-3.24007487506606e-12
-3.35376171278767e-12
-3.41060513164848e-12
-3.46744855050929e-12
-3.35376171278767e-12
-3.49587025993969e-12
-3.43902684107888e-12
-3.38218342221808e-12
-3.29691829392686e-12
-3.49587025993969e-12
-3.43902684107888e-12
-3.5242919693701e-12
-3.5242919693701e-12
-3.5811353882309e-12
-3.5527136788005e-12
-3.43902684107888e-12
-3.69482222595252e-12
-3.66640051652212e-12
-3.5811353882309e-12
-3.75166564481333e-12
-3.80850906367414e-12
-3.78008735424373e-12
-3.78008735424373e-12
-3.83693077310454e-12
-3.80850906367414e-12
-3.72324393538292e-12
-3.72324393538292e-12
-3.75166564481333e-12
-3.83693077310454e-12
-3.80850906367414e-12
-4.03588273911737e-12
-3.97903932025656e-12
-4.09272615797818e-12
-3.83693077310454e-12
-3.80850906367414e-12
-3.89377419196535e-12
-4.09272615797818e-12
-4.12114786740858e-12
-4.00746102968697e-12
-3.86535248253495e-12
-4.12114786740858e-12
-4.09272615797818e-12
-4.20641299569979e-12
-4.2632564145606e-12
-4.2348347051302e-12
-4.20641299569979e-12
-4.2632564145606e-12
-4.2632564145606e-12
-4.34852154285181e-12
-4.20641299569979e-12
-4.2632564145606e-12
-4.46220838057343e-12
-4.43378667114303e-12
-4.20641299569979e-12
-4.49063009000383e-12
-4.57589521829505e-12
-4.49063009000383e-12
-4.57589521829505e-12
-4.57589521829505e-12
-4.49063009000383e-12
-4.60431692772545e-12
-4.54747350886464e-12
-4.74642547487747e-12
-4.54747350886464e-12
-4.63273863715585e-12
-4.86011231259909e-12
-4.74642547487747e-12
-4.63273863715585e-12
-4.63273863715585e-12
-4.63273863715585e-12
-4.71800376544707e-12
-4.88853402202949e-12
-4.80326889373828e-12
-4.77484718430787e-12
-4.66116034658626e-12
-4.83169060316868e-12
-4.91695573145989e-12
-4.88853402202949e-12
-5.05906427861191e-12
-4.74642547487747e-12
-5.05906427861191e-12
-4.91695573145989e-12
-4.88853402202949e-12
-4.9737991503207e-12
-5.05906427861191e-12
-5.08748598804232e-12
-5.05906427861191e-12
-5.05906427861191e-12
-5.17275111633353e-12
-5.14432940690313e-12
-5.11590769747272e-12
-5.17275111633353e-12
-5.31485966348555e-12
-5.22959453519434e-12
-5.14432940690313e-12
-5.31485966348555e-12
-5.25801624462474e-12
-5.34328137291595e-12
-5.31485966348555e-12
-5.25801624462474e-12
-5.28643795405515e-12
-5.34328137291595e-12
-5.11590769747272e-12
-5.42854650120717e-12
-5.48538992006797e-12
-5.54223333892878e-12
-5.6559201766504e-12
-5.54223333892878e-12
-5.40012479177676e-12
-5.40012479177676e-12
-5.71276359551121e-12
-5.62749846721999e-12
-5.6843418860808e-12
-5.57065504835919e-12
-5.57065504835919e-12
-5.54223333892878e-12
-5.51381162949838e-12
-5.74118530494161e-12
-5.71276359551121e-12
-5.62749846721999e-12
-5.74118530494161e-12
-5.74118530494161e-12
-5.76960701437201e-12
-5.76960701437201e-12
-5.91171556152403e-12
-5.99698068981525e-12
-5.88329385209363e-12
-5.88329385209363e-12
-5.91171556152403e-12
-5.99698068981525e-12
-5.96855898038484e-12
-5.82645043323282e-12
-6.02540239924565e-12
-6.05382410867605e-12
-6.13908923696727e-12
-6.13908923696727e-12
-6.11066752753686e-12
-6.11066752753686e-12
-5.94013727095444e-12
-6.13908923696727e-12
-6.05382410867605e-12
-6.05382410867605e-12
-6.08224581810646e-12
-6.19593265582807e-12
-6.13908923696727e-12
-6.33804120298009e-12
-6.30961949354969e-12
-6.42330633127131e-12
-6.22435436525848e-12
-6.33804120298009e-12
-6.42330633127131e-12
-6.30961949354969e-12
-6.33804120298009e-12
-6.30961949354969e-12
-6.3948846218409e-12
-6.33804120298009e-12
-6.33804120298009e-12
-6.56541487842333e-12
-6.48014975013211e-12
-6.59383658785373e-12
