0.0
2.11853423692787e-10
9.57917791311047e-07
2.26824113269686e-06
4.71464818474487e-06
6.60438172417344e-06
7.46578552934807e-06
8.45988506625872e-06
9.11503229872324e-06
9.31491649680538e-06
9.57336669671349e-06
9.88766896625748e-06
1.02278481790563e-05
1.05989283838426e-05
1.09316024463624e-05
1.10119053715607e-05
1.10963428596733e-05
1.12277775770053e-05
1.14344629764673e-05
1.17665185825899e-05
1.23074350995012e-05
1.32091317937011e-05
1.4729942449776e-05
1.50928726725397e-05
1.5141577932809e-05
1.51902931975201e-05
1.52630582306301e-05
1.53761993715307e-05
1.5414816516568e-05
1.54692825162783e-05
1.55424040713115e-05
1.56229925778462e-05
1.57458107423736e-05
1.59381179400953e-05
1.62477026606211e-05
1.65671208378626e-05
1.69164486578666e-05
1.74314063769998e-05
1.75269742612727e-05
1.76427201949991e-05
1.77309520950075e-05
1.77765014086617e-05
1.76500761881471e-05
1.73540902324021e-05
1.68353708431823e-05
1.59849078045227e-05
1.51433860082761e-05
1.41676564453519e-05
1.30597400129773e-05
1.18741136247991e-05
1.05474755400792e-05
8.47825958771864e-06
5.79951483814511e-06
2.37604808717151e-06
4.41072756984795e-07
1.29957456351804e-07
9.60207557909598e-08
6.54926211041129e-08
3.56299665327242e-08
2.18308038313353e-08
1.93210532017929e-08
2.06612433828468e-08
2.2762334239701e-08
2.6136687480971e-08
2.65160089440997e-08
2.4164872769461e-08
2.33034231911233e-08
2.04852081964191e-08
2.14231778983276e-08
1.95586125073532e-08
1.95718232731679e-08
1.87801862949755e-08
2.18301376975205e-08
2.61449422112037e-08
2.9718496108444e-08
3.3498569251833e-08
3.18595247961184e-08
3.31530465302876e-08
2.91465092061571e-08
2.72765134923247e-08
2.53690011220442e-08
2.58053454160745e-08
2.046180469506e-08
2.00247587400781e-08
1.78932086924988e-08
2.08315409366833e-08
2.09364294789793e-08
2.40798208039905e-08
2.50989042882566e-08
2.56903120998686e-08
2.7210123931809e-08
2.57535024417166e-08
2.69932804997097e-08
2.31382841775485e-08
2.27174243860873e-08
2.27879972669598e-08
2.27879972669598e-08
