0.0
4.98337993093401e-09
1.01608925717755e-07
1.52854931911861e-06
5.5748159866198e-06
1.7482698240201e-05
4.01709221478086e-05
4.69025872007478e-05
5.48229727428406e-05
7.39453607820906e-05
8.10450947028585e-05
9.23281404539011e-05
0.000115480012027547
0.000153379180119373
0.000162937707500532
0.000173844542587176
0.000185785756912082
0.000198383087990806
0.000216761138290167
0.000232923455769196
0.000252678728429601
0.000274209334747866
0.000294030527584255
0.00030876015080139
0.000325238186633214
0.000343147316016257
0.000362000806489959
0.000381356017896906
0.000397377472836524
0.000415043148677796
0.000434111978393048
0.000454734108643606
0.000476683839224279
0.000511999183800071
0.000549291959032416
0.000587611400987953
0.000616544100921601
0.000648527755402029
0.000682133657392114
0.000714100548066199
0.000714510853867978
0.000714899331796914
0.000715285772457719
0.000715670583304018
0.000716246722731739
0.000717101385816932
0.00071833108086139
0.000719446048606187
0.000720361480489373
0.000721526157576591
0.000721622142009437
0.000721767195500433
0.000721981457900256
0.000722273776773363
0.000722675526048988
0.000722972850780934
0.000723258999641985
0.000723642646335065
0.000723969365935773
0.000724261160939932
0.000724546960555017
0.000724815821740776
0.00072522449772805
0.00072582351276651
0.00072669587098062
0.000727530976291746
0.000727808976080269
0.000727811362594366
0.000727816019207239
0.000727826671209186
0.00072784157237038
0.000727860198821872
0.00072793010622263
0.000728000130038708
0.000728023063857108
0.000728028942830861
0.000728052051272243
0.000728056009393185
0.000728031969629228
0.000727989943698049
0.000727925973478705
0.0007278504781425
0.000727774400729686
0.000727696984540671
0.000727618462406099
0.000727511302102357
0.000727177539374679
0.000726552039850503
0.000725871359463781
0.000725534802768379
0.000725529796909541
0.000725529447663575
0.000725526129826903
0.000725525140296668
0.000725526770111173
0.000725530262570828
0.000725534337107092
0.000725537072867155
0.000725539750419557
0.000725544639863074
0.0007255450473167
0.000725541729480028
0.000725538586266339
0.000725535792298615
0.000725535850506276
0.000725535734090954
0.000725534511730075
0.000725535792298615
0.000725540739949793
0.000725543068256229
0.000725543824955821
0.000725542136933655
0.000725538993719965
0.000725538353435695
0.000725538353435695
