0.0
7.25408411960417e-35
8.98444511676644e-07
1.51039478168968e-06
1.97207327801152e-06
2.978586280733e-06
2.1002722405683e-06
2.01069110516983e-06
2.909233671744e-06
4.59433022115263e-06
8.22023685032036e-06
1.221629918291e-05
1.56174846779322e-05
1.81001942110015e-05
2.06938148039626e-05
1.98569232452428e-05
1.86537054105429e-05
1.86363977263682e-05
1.7912778275786e-05
1.74487504409626e-05
1.67670423252275e-05
1.58862603711896e-05
1.51973927131621e-05
1.41830641950946e-05
1.32117856992409e-05
1.24995976875653e-05
1.16503733806894e-05
1.08995991467964e-05
1.02901512946119e-05
9.44574458117131e-06
8.36214439914329e-06
6.34371281194035e-06
3.80973551727948e-06
2.59623743659176e-06
2.49475715463632e-06
2.47920979745686e-06
2.54082806350198e-06
2.65101448349014e-06
2.71144836005988e-06
2.69342558567587e-06
2.61443642557424e-06
2.47448292611807e-06
2.42628834712377e-06
2.40992380895477e-06
2.440793423375e-06
2.45866021941765e-06
2.50329730988597e-06
2.53176904152497e-06
2.5950009785447e-06
2.68254621005326e-06
2.73715318144241e-06
2.71531052931095e-06
2.6783495741256e-06
2.53366465585714e-06
2.428444531688e-06
2.39779205912782e-06
2.33776313507406e-06
2.27798659580003e-06
2.23457300307928e-06
2.23745291805244e-06
2.31422086471866e-06
2.38350207837357e-06
2.47808793574222e-06
2.58723616752832e-06
2.68387088908639e-06
2.66962638306723e-06
2.60914634964138e-06
2.55881104749278e-06
2.36928030972194e-06
2.35999050346436e-06
2.35892207456345e-06
2.32466004490561e-06
2.32591219173628e-06
2.31430703934166e-06
2.27854320655752e-06
2.29883335123304e-06
2.28451767725346e-06
2.25782355300908e-06
2.25872781811631e-06
2.34529375120474e-06
2.42558917307178e-06
2.44693433160137e-06
2.50730727202608e-06
2.5845326945273e-06
2.56209068538737e-06
2.46560898631287e-06
2.43638669417123e-06
2.33911555369559e-06
2.29458441936004e-06
2.24821746996895e-06
2.18894751924381e-06
2.15039244721993e-06
2.15936734093702e-06
2.18319200939732e-06
2.16418925447215e-06
2.16696116694948e-06
2.15738873521332e-06
2.14420970223728e-06
2.13229009204952e-06
2.1303346784407e-06
2.13296743822866e-06
2.20311540033435e-06
2.26370207201398e-06
2.26751899390365e-06
2.27301916311262e-06
2.28494741350005e-06
2.31084686674876e-06
2.3255870473804e-06
2.38810412156454e-06
2.49607910518534e-06
2.57756823884847e-06
2.51471260526159e-06
