0.0
0.0
2.43518051499508e-17
8.90891042713707e-16
1.83665923249765e-15
2.05928320795861e-15
2.43024213424157e-15
9.35292967206569e-13
7.91375159847618e-11
2.20420112717612e-10
5.01944541486665e-10
1.06339026473279e-09
1.87959514619251e-09
3.18742365834623e-09
3.70693831186486e-09
3.86249832118324e-09
3.98052746319877e-09
4.0071697071653e-09
4.03379640800949e-09
4.06223232829461e-09
4.09233358311667e-09
4.12370093627601e-09
4.17274703679027e-09
4.22421564394426e-09
4.27794377699797e-09
4.33376179387324e-09
4.39145253494644e-09
4.47880932341604e-09
4.61315829980435e-09
4.812228393547e-09
5.12185449608182e-09
5.58146062701326e-09
5.73012881588397e-09
5.94992322078269e-09
6.34392627318903e-09
6.93395385553686e-09
7.7061566017278e-09
8.53151771451621e-09
9.7173540325457e-09
1.12831335385977e-08
1.35564741654548e-08
1.79703132374698e-08
2.42839828246133e-08
3.56082878738562e-08
5.1214936291899e-08
6.18162516730081e-08
6.69976358835811e-08
7.02960960552446e-08
7.15279000473856e-08
7.21090671618185e-08
7.24258910622666e-08
7.26255962035793e-08
7.28434628172181e-08
7.30714049268499e-08
7.33575262756858e-08
7.37768743874767e-08
7.41970040962769e-08
7.45142116898023e-08
7.48188710986142e-08
7.52404645254501e-08
7.59628306923332e-08
7.70069235045412e-08
7.92466678944947e-08
8.27860944241365e-08
8.70444338829657e-08
9.78204468538024e-08
1.00235190814146e-07
1.005098368978e-07
1.01120313900083e-07
1.05370681069417e-07
1.33348351027962e-07
3.08692477801742e-07
6.61881244923279e-07
9.05017941477126e-07
1.03949503227341e-06
1.13758062525449e-06
1.21071116154781e-06
1.30258308672637e-06
1.35213701923931e-06
1.39718940772582e-06
1.44220950915042e-06
1.51275094140146e-06
1.54543749886216e-06
1.57868191763555e-06
1.61059938363906e-06
1.61816490162892e-06
1.62974276918249e-06
1.63457696089608e-06
1.63470440384117e-06
1.6347189557564e-06
1.63474783221318e-06
1.63475351655507e-06
1.63475613135233e-06
1.63476067882584e-06
1.63502875238919e-06
1.63534832609002e-06
1.63613492532022e-06
1.63748575232603e-06
1.64173843586468e-06
1.64297227911447e-06
1.64386983669829e-06
1.64396135460265e-06
1.64400159974321e-06
1.64400046287483e-06
1.64398750257533e-06
1.64398204560712e-06
1.64397727075993e-06
1.64397010848916e-06
1.64395930823957e-06
1.64394327839545e-06
1.64391917678586e-06
1.64388325174514e-06
1.64383004630508e-06
1.64374773703457e-06
1.64362086252368e-06
1.64343089181784e-06
1.64315235906543e-06
1.64274445069168e-06
1.64221523846209e-06
1.64151435910753e-06
1.64041023253958e-06
1.63868890012964e-06
1.6356198102585e-06
1.63300103395159e-06
1.62951471338602e-06
1.62643357271008e-06
1.62246283252898e-06
1.61987736646552e-06
1.6159442566277e-06
1.61322986969026e-06
1.609811988601e-06
1.60579804742156e-06
1.60267711635242e-06
1.59898354468169e-06
1.59599028393131e-06
1.59289356815862e-06
1.59161288593168e-06
1.59009653089015e-06
1.58903276314959e-06
1.58528769134136e-06
1.58195803123817e-06
1.57872841555218e-06
1.57545355250477e-06
1.57311103521351e-06
1.56900671299809e-06
1.56619819335901e-06
1.5615803476976e-06
1.55978761995357e-06
1.55481643560051e-06
1.55286488734419e-06
1.54934321017208e-06
1.54776012095681e-06
1.54673091401492e-06
1.54560962073447e-06
1.54230588123028e-06
1.53742143993441e-06
1.53534233504615e-06
1.52973416334135e-06
1.52739994518925e-06
1.52315283230564e-06
1.51959534377966e-06
1.51657820879336e-06
1.5105575812413e-06
1.50805101384321e-06
1.50399068843399e-06
1.49983907249407e-06
1.4974332316342e-06
1.49273125771288e-06
1.49139566474332e-06
1.49020343087614e-06
1.4886315966578e-06
1.48615015405085e-06
1.47902255775989e-06
1.47571256547963e-06
1.47042840126232e-06
1.46522768318391e-06
1.4619778312408e-06
1.45607805279724e-06
1.45148226238234e-06
1.44830801218632e-06
1.43952047437779e-06
1.43843146815925e-06
1.43843146815925e-06
