0.0
0.00999999977648258
0.0199999995529652
0.0299999993294477
0.0399999991059303
0.0500000007450581
0.0599999986588955
0.0700000002980232
0.0775000005960464
0.0850000008940697
0.0906250029802322
0.0962499976158142
0.09765625
0.0990625023841858
0.100468747317791
0.10257812589407
0.104687497019768
0.106796875596046
0.109960936009884
0.11470703035593
0.115893557667732
0.117080077528954
0.118266604840755
0.119453124701977
0.120639652013779
0.121826171875
0.123012691736221
0.123235166072845
0.12324907630682
0.123262979090214
0.123276881873608
0.123297736048698
0.123329021036625
0.123375952243805
0.123393550515175
0.12341994792223
0.123459540307522
0.12351893633604
0.123608022928238
0.123697116971016
0.123786203563213
0.1239198371768
0.12412029504776
0.124420970678329
0.124533720314503
0.124702855944633
0.124871984124184
0.125041112303734
0.125210255384445
0.12546394765377
0.125844493508339
0.126415312290192
0.12727153301239
0.12812776863575
0.128983989357948
0.129840224981308
0.130696445703506
0.131552666425705
0.131606191396713
0.131686463952065
0.131766736507416
0.131846994161606
0.131927266716957
0.132007539272308
0.13208781182766
0.132168084383011
0.132288485765457
0.132469102740288
0.132740020751953
0.133146390318871
0.133552759885788
0.133959144353867
0.134060725569725
0.134162321686745
0.134263917803764
0.134365513920784
0.134467110037804
0.134568706154823
0.134670287370682
0.134771883487701
0.134873479604721
0.134975075721741
0.13507667183876
0.135178253054619
0.135279849171638
0.135381445288658
0.135483041405678
0.135584637522697
0.135686233639717
0.135838612914085
0.136067196726799
0.136295780539513
0.136524379253387
0.136867254972458
0.136995822191238
0.137188702821732
0.137477993965149
0.137767300009727
0.138056606054306
0.13827358186245
0.138436317443848
0.138599053025246
0.138660073280334
0.138675332069397
0.138690590858459
0.138713464140892
0.138747796416283
0.138760671019554
0.138779982924461
0.138808935880661
0.138852387666702
0.138868674635887
0.138893112540245
0.138902276754379
0.138916030526161
0.138936638832092
0.138967573642731
0.13897916674614
0.138996571302414
0.139022663235664
0.139032453298569
0.139047130942345
0.139069154858589
0.139102175831795
0.139135211706161
0.139168232679367
0.139201253652573
0.139213651418686
0.139232218265533
0.139260098338127
0.139301896095276
0.13936460018158
0.139427289366722
0.139489993453026
0.139584049582481
0.139678105711937
0.139772146940231
0.139866203069687
0.139889717102051
0.139924988150597
0.139938205480576
0.139958053827286
0.13998781144619
0.139998972415924
0.140015706419945
0.140040814876556
0.140078485012054
0.140092611312866
0.140113785862923
0.140145570039749
0.140157490968704
0.140175357460976
0.140202179551125
0.140212222933769
0.140227317810059
0.140249937772751
0.140283867716789
0.140317812561989
0.140343263745308
0.140368714928627
0.140378251671791
0.140392571687698
0.140414044260979
0.14044626057148
0.140458330512047
0.140476450324059
0.140503630042076
0.140513822436333
0.140529111027718
0.140552043914795
0.140586450695992
0.140599340200424
0.140618696808815
0.140647709369659
0.140658602118492
0.140674918889999
0.140699416399002
0.140736147761345
0.140749916434288
0.140770584344864
0.140801578760147
0.140813201665878
0.140830636024475
0.14085678756237
0.140866592526436
0.140881299972534
0.140903368592262
0.140936464071274
0.140948876738548
0.140967488288879
0.140995413064957
0.141037300229073
0.141100138425827
0.14116296172142
0.141225799918175
0.141288638114929
0.141351461410522
0.141367167234421
0.14138288795948
0.141406446695328
0.14144179224968
0.141494795680046
0.141574323177338
0.141653850674629
0.14173336327076
0.141812890768051
0.141892418265343
0.141971930861473
0.142051458358765
0.142130985856056
0.142210498452187
0.142290025949478
0.14236955344677
0.1424490660429
0.142528593540192
0.142608121037483
0.142687633633614
0.142707511782646
0.14272740483284
0.142757222056389
0.142768397927284
0.142785176634789
0.142810344696045
0.142848074436188
0.142862230539322
0.142883464694023
0.142915308475494
0.142927244305611
0.142945155501366
0.142972037196159
0.142982110381126
0.142997220158577
0.143019884824753
0.143053904175758
0.143087908625603
0.143121913075447
0.143155917525291
0.143189921975136
0.143240928649902
0.143260061740875
0.143288746476173
0.143331795930862
0.143347933888435
0.143372148275375
0.143381223082542
0.143394842743874
0.143415257334709
0.143445909023285
0.143457397818565
0.143474623560905
0.143500477075577
0.143510177731514
0.143524721264839
0.143546536564827
0.143579244613647
0.143611967563629
0.143644690513611
0.143656954169273
0.143675372004509
0.14370296895504
0.14371332526207
0.143728852272034
0.14375214278698
0.143787086009979
0.143822029232979
0.143848240375519
0.143874436616898
0.143884271383286
0.143899008631706
0.143921121954918
0.143954277038574
0.143987447023392
0.144020617008209
0.144053786993027
0.144086942076683
0.14409938454628
0.144118040800095
0.144146025180817
0.144156515598297
0.144172266125679
0.14419586956501
0.144231289625168
0.144266709685326
0.144302129745483
0.14433753490448
0.144350826740265
0.144370749592781
0.144400626420975
0.144411832094193
0.144428640604019
0.144453853368759
0.144491672515869
0.144505858421326
0.14452713727951
0.144559040665627
0.144590958952904
0.14462286233902
0.144654780626297
0.144686698913574
0.144698664546013
0.14471660554409
0.144743531942368
0.144753634929657
0.14476877450943
0.144791498780251
0.144825577735901
0.144876688718796
0.144895851612091
0.144924610853195
0.144953355193138
0.144982114434242
0.145025238394737
0.145041421055794
0.145065680146217
0.145074769854546
0.145088419318199
0.14510889351368
0.145139589905739
0.145151108503342
0.145168378949165
0.145194292068481
0.14520400762558
0.145218580961227
0.145240426063538
0.145273223519325
0.145306006073952
0.145338803529739
0.145371586084366
0.145404368638992
0.14543716609478
0.145469948649406
0.145502731204033
0.145515039563179
0.145533472299576
0.145561143755913
0.145602643489838
0.145618200302124
0.145641535520554
0.145650297403336
0.145663425326347
0.145683124661446
0.145712658762932
0.145756974816322
0.145773589611053
0.145798519253731
0.145807862281799
0.145821884274483
0.145842924714088
0.145874470472336
0.145906016230583
0.145937561988831
0.145969107747078
0.146000653505325
0.146012485027313
0.146030232310295
0.146056860685349
0.146066829562187
0.146081805229187
0.146104261279106
0.146137952804565
0.146150588989258
0.146169543266296
0.146197959780693
0.146208629012108
0.146224617958069
0.14624859392643
0.146284580230713
0.146298065781593
0.146318301558495
0.146348655223846
0.146360039710999
0.146377116441727
0.146402716636658
0.146412327885628
0.146426737308502
0.146448343992233
0.14648075401783
0.146492913365364
0.146511152386665
0.146538496017456
0.146548748016357
0.146564140915871
0.146587207913399
0.146621823310852
0.146656438708305
0.146691054105759
0.146742969751358
0.146820858120918
0.146898746490479
0.146976619958878
0.147054508328438
0.147073984146118
0.147093445062637
0.147112920880318
0.147142127156258
0.147185936570168
0.147251650691032
0.147268071770668
0.147284507751465
0.147309139370918
0.14734610915184
0.147401556372643
0.147484719753265
0.147567898035049
0.147651061415672
0.147775813937187
0.14796294271946
0.148150071501732
0.148337200284004
0.148617893457413
0.149038925766945
0.149670496582985
0.150617823004723
0.152038842439651
0.153459846973419
0.153815105557442
0.154170349240303
0.154703229665756
0.155502542853355
0.156701520085335
0.157151147723198
0.1576007604599
0.158050373196602
0.158724799752235
0.159736439585686
0.159752234816551
0.159768044948578
0.159783855080605
0.159799665212631
0.159823372960091
0.15985894203186
0.159912288188934
0.159992307424545
0.16002231836319
0.160067334771156
0.160084202885628
0.160109519958496
0.160147503018379
0.160161748528481
0.160183116793633
0.160215154290199
0.160227179527283
0.160245195031166
0.160272240638733
0.160312786698341
0.160353347659111
0.160393908619881
0.16043446958065
0.160475015640259
0.160515576601028
0.160556137561798
0.160596698522568
0.160637244582176
0.160677805542946
0.160718366503716
0.160758912563324
0.160799473524094
0.160840034484863
0.160880595445633
0.160921141505241
0.160961702466011
0.161022543907166
0.161045357584953
0.161079570651054
0.161130905151367
0.161207899451256
0.161236763000488
0.161280080676079
0.161345049738884
0.161442488431931
0.161588653922081
0.161734834313393
0.16177137196064
0.161798775196075
0.161826178431511
0.161853596568108
0.161894708871841
0.161956369876862
0.162048861384392
0.162083551287651
0.16211824119091
0.16215293109417
0.162187606096268
0.16220061480999
0.162220135331154
0.162249401211739
0.162293300032616
0.162326231598854
0.162359148263931
0.162371501326561
0.162390023469925
0.16241779923439
0.162459462881088
0.162475094199181
0.162498533725739
0.162533700466156
0.162546887993813
0.162566661834717
0.162596330046654
0.162607446312904
0.162624135613441
