0.0
2.40546796703711e-07
4.76084960610024e-06
1.56535625137622e-05
3.43665924447123e-05
5.16807631356642e-05
7.65658551244996e-05
0.000115091774205212
0.000157267451868393
0.000211502279853448
0.000275329279247671
0.000336673023412004
0.000394049973692745
0.000452555017545819
0.000524268893059343
0.000604774570092559
0.000625222863163799
0.000647100852802396
0.000671768910251558
0.000697701645549387
0.000698386633303016
0.000699021155014634
0.000699647236615419
0.000700266798958182
0.000700885895639658
0.000701811804901809
0.000703185971360654
0.000703717116266489
0.000704494246747345
0.000705271493643522
0.000706063525285572
0.000707246479578316
0.000709022395312786
0.000711681263055652
0.000715726462658495
0.000719755364116281
0.000723825010936707
0.000724126643035561
0.000724390207324177
0.000724652083590627
0.000725049525499344
0.000725649762898684
0.000726562400814146
0.000727926555555314
0.000730025523807853
0.000732112908735871
0.000734186556655914
0.000736309739295393
0.000736827147193253
0.000737355323508382
0.000738139206077904
0.000738440954592079
0.000738883332815021
0.000739550450816751
0.000740551797207445
0.000740932009648532
0.000741498253773898
0.000742350006476045
0.000743620679713786
0.000744100252632052
0.0007448208052665
0.000745089433621615
0.000745494442526251
0.000746098579838872
0.000747011916246265
0.000747348763979971
0.000747863377910107
0.000748625840060413
0.000748919614125043
0.000749349303077906
0.000750003091525286
0.000750972889363766
0.000751711544580758
0.000752438383642584
0.000753180822357535
0.000753917032852769
0.000754649809096009
0.000754928681999445
0.000755340151954442
0.000755966175347567
0.000756894063670188
0.000757839006837457
0.000758067471906543
0.000758419162593782
0.000758939888328314
0.000759733375161886
0.000760524009820074
0.00076130754314363
0.000761605799198151
0.000762051378842443
0.000762720068451017
0.00076372193871066
0.00076523789903149
0.000767500954680145
0.000771001854445785
0.000776272441726178
0.000784249627031386
0.000796182022895664
0.000796529755461961
0.000796972133684903
0.000797410029917955
0.000797844550106674
0.0007984948460944
0.000799458590336144
0.000800435140263289
0.000801394344307482
0.00080237234942615
0.000803336617536843
0.000804302340839058
0.000805272604338825
0.000806725525762886
0.000807272270321846
0.000808097538538277
0.000809324148576707
0.000809789285995066
0.000810485624242574
0.000811527075711638
0.000813095539342612
0.000815446255728602
0.000816337123978883
0.000817670021206141
0.000818179163616151
0.000818936270661652
0.000820071087218821
0.00082050624769181
0.000821143097709864
0.000822114117909223
0.000822843110654503
0.00082357571227476
0.000824673217721283
0.000826321018394083
0.000828801013994962
0.000831311976071447
0.000831953424494714
0.000832585559692234
0.000833214959129691
0.000834167934954166
0.00083451927639544
0.000835056067444384
0.000835853803437203
0.000837071740534157
0.000837515748571604
0.000838195031974465
0.00083921616896987
0.00083960173651576
0.00084017775952816
0.000841043307445943
0.000842338020447642
0.000844276044517756
0.000847210176289082
0.000851650431286544
0.000853271689265966
0.000855652731843293
0.000859191583003849
0.000864439469296485
0.000872372707817703
0.000884237233549356
0.000901854713447392
0.000928859575651586
0.000972044887021184
0.0010373773984611
0.0011164250317961
0.0012226979015395
0.00132055417634547
0.00142580724786967
0.00152814516332
0.00160064687952399
0.00166570662986487
0.00173193879891187
0.00179120537359267
0.00182942987885326
0.00184985820669681
0.00186015979852527
0.00185992196202278
0.00184956775046885
0.00182947493158281
0.00179956993088126
0.00175901607144624
0.0017107519088313
0.00165200128685683
0.00158567365724593
0.00150989601388574
0.0014249769737944
0.00133232295047492
0.00123049679677933
0.00111971260048449
0.00100009609013796
0.000872668868396431
0.000736896705348045
0.00059156323550269
0.00043652395834215
0.000273039535386488
9.73058777162805e-05
5.66464514122345e-05
5.66355847695377e-05
5.66334820177872e-05
5.66291637369432e-05
5.66228045499884e-05
5.66230264666956e-05
5.66251401323825e-05
5.66291382710915e-05
5.6634202337591e-05
5.66398957744241e-05
5.66411836189218e-05
5.66487578907982e-05
5.66540184081532e-05
5.66542039450724e-05
5.66634516872e-05
5.66688868275378e-05
5.66797607461922e-05
5.66938542760909e-05
5.67067727388348e-05
5.67210481676739e-05
5.67343522561714e-05
5.67471433896571e-05
5.67587558180094e-05
5.6759687140584e-05
5.67520619370043e-05
5.67393908568192e-05
5.67180359212216e-05
5.66949020139873e-05
5.66795424674638e-05
5.66809940210078e-05
5.66822418477386e-05
5.66841299587395e-05
5.66847593290731e-05
5.66854796488769e-05
5.66854796488769e-05
