0.0
1.19854050240065e-07
1.25412285001403e-07
1.29919058622363e-07
1.32285705944923e-07
1.38838359475812e-07
1.53217484921697e-07
2.09857162758453e-07
4.83842256926437e-07
8.4722688598049e-07
9.61513592301344e-07
1.1231543339818e-06
1.48577532854688e-06
2.05276978704205e-06
3.49791230291885e-06
5.88294142289669e-06
1.08862004708499e-05
2.03184299607528e-05
2.36165014939616e-05
2.7841808332596e-05
3.37788987962995e-05
3.4802873415174e-05
3.63594954251312e-05
3.78690783691127e-05
3.82083126169164e-05
3.87017789762467e-05
3.89011984225363e-05
3.92229012504686e-05
3.97903531847987e-05
4.04355087084696e-05
4.10314059990924e-05
4.1742325265659e-05
4.25539619755e-05
4.34489302278962e-05
4.48649516329169e-05
4.70936793135479e-05
5.04881245433353e-05
5.56402010261081e-05
6.37455741525628e-05
7.23127959645353e-05
8.11495556263253e-05
9.01988096302375e-05
9.94992078631185e-05
0.000101436431577895
0.000102923288068268
0.000104454025859013
0.000106064449937548
0.000107872823718935
0.000109499844256788
0.000110915701952763
0.000112431254819967
0.000113835354568437
0.000114946087705903
0.000115836795885116
0.000116594681458082
0.000117272902571131
0.000117906420200597
0.000118808922707103
0.000120127515401691
0.000122076962725259
0.000124977203086019
0.000129295265651308
0.000135716938530095
0.000145113910548389
0.000158651717356406
0.000177986541530117
0.000206951357540675
0.000251748802838847
0.000318714999593794
0.000416725699324161
0.000536607636604458
0.000659950834233314
0.000783696421422064
0.000909080205019563
0.00103612861130387
0.00116595171857625
0.00129135674796999
0.00141349947080016
0.00153094914276153
0.00164693617261946
0.00176180840935558
0.00187537935562432
0.00198608753271401
0.00209806859493256
0.00220621703192592
0.00231331773102283
0.00241567776538432
0.00251583266071975
0.00261585041880608
0.00271354545839131
0.00280927331186831
0.00290276482701302
0.00299456971697509
0.00308389542624354
0.00317030935548246
0.0032549153547734
0.00333625450730324
0.00341417849995196
0.0034903681371361
0.00356630887836218
0.00364421284757555
0.00370954186655581
0.00370980519801378
0.00370893930085003
0.00370814371854067
0.00370753696188331
0.0037068307865411
0.00370581983588636
0.00370430108159781
0.00370195391587913
0.00369830871932209
0.00369287631474435
0.00368454703129828
0.00367264030501246
0.00365581130608916
0.00363133731298149
0.00359570188447833
0.0035647798795253
0.00352931534871459
0.00349611067213118
0.00345974112860858
0.00342711061239243
0.00339323445223272
0.00338555919006467
0.00338484812527895
0.00338378385640681
0.00338338268920779
0.00338323297910392
0.00338323297910392
