0
0.62546
1.49553
2.215681
2.83839
3.762689
4.659171
5.243058
5.796368
6.927762
8.279486
8.872345
9.295991
9.387008
9.478524
9.482921
9.487878
9.493147
9.498528
9.503925
9.511729
9.519408
9.520805
9.522022
9.522892
9.523315
9.522632
9.517748
9.516666
9.515381
9.512662
9.508292
9.498641
9.489985
9.483471
9.477542
9.472614
9.470358
9.469848
9.471034
9.472986
9.475275
9.478795
9.484061
9.491627
9.502524
9.517968
9.538471
9.567024
9.606639
9.633479
9.659336
9.684191
9.719511
9.690706
9.696947
9.698765
9.700594
9.702919
9.703857
9.704848
9.70561
9.706056
9.70588
9.704063
9.699816
9.69191
9.677707
9.654332
9.621571
9.575601
9.510993
9.420426
9.302143
9.184992
9.115943
8.844541
8.28917
7.750249
7.251408
6.694388
6.094935
5.495888
4.888469
4.253132
3.578907
2.892655
2.201874
1.485344
0.767525
0.06279
8.4e-05
7.8e-05
8.1e-05
8.4e-05
8.5e-05
8.7e-05
9e-05
9.2e-05
9.2e-05
9.3e-05
9.4e-05
9.3e-05
9.1e-05
8.8e-05
8.5e-05
8.3e-05
7.9e-05
7.7e-05
7.1e-05
6.6e-05
6.2e-05
6.1e-05
6.1e-05
6.2e-05
6.2e-05
5.9e-05
5.8e-05
5.7e-05
5.5e-05
5.4e-05
5.3e-05
5.1e-05
4.9e-05
4.9e-05
4.9e-05
4.9e-05
4.9e-05
4.8e-05
4.7e-05
4.3e-05
4.1e-05
3.7e-05
3e-05
2.1e-05
8e-06
7e-06
5e-06
3e-06
3e-06
3e-06
3e-06
3e-06
5e-06
7e-06
8e-06
8e-06
9e-06
1e-05
1.1e-05
1.3e-05
1.4e-05
1.4e-05
1.6e-05
1.8e-05
1.9e-05
1.9e-05
2e-05
1.9e-05
1.6e-05
1.3e-05
1.2e-05
