-0.0
2.48972073485821e-16
-7.56451086710609e-19
-4.05891736315483e-18
-1.0187089067157e-18
2.44145645837961e-18
-8.85268647286528e-19
-7.84312597692926e-19
1.53529395260303e-18
2.92662911371008e-18
4.33052418523815e-19
1.88908551124171e-18
9.89746240520617e-09
8.5554688666889e-08
9.70655946730403e-08
7.98536348156631e-10
6.98212716088165e-07
1.864874320745e-06
2.40141889662482e-06
2.06062395591289e-06
3.59746991307475e-07
-8.82651875144802e-07
-8.03225702838972e-07
5.27510565007105e-07
1.47737046063412e-06
4.73197906103451e-06
3.67296524927951e-06
-3.45430999004748e-06
-3.51042399415746e-06
-1.90258469956461e-06
-1.99212990992237e-06
-9.32881448534317e-07
7.6469405030366e-07
1.35584741656203e-06
4.07936931878794e-06
2.9926322895335e-06
1.74659362528473e-06
-6.7602377384901e-07
1.23315294331405e-06
7.95618689153343e-07
-2.42111855186522e-06
9.1076799435541e-07
7.31133695808239e-07
1.06259903986938e-07
-7.91387719800696e-08
1.26798113342375e-06
1.37143069878221e-06
9.20530510484241e-07
1.27299426821992e-06
-2.61736931861378e-06
-2.47935531660914e-06
-1.72601176018361e-06
-1.48501567309722e-06
-7.06993887433782e-07
-3.24238499160856e-07
5.56781742488965e-07
1.18913885671645e-06
2.00166869035456e-06
1.31889464682899e-06
1.7123074940173e-06
2.58233012573328e-06
4.42965756519698e-07
-1.0438852768857e-06
-2.04215757548809e-06
-2.84284396911971e-07
-1.1236534191994e-06
-3.73674993170425e-07
-2.27986674872227e-07
4.33901732321829e-08
6.54581526760012e-07
5.76766979065724e-07
1.67273719853256e-06
1.66235622600652e-07
2.23315510083921e-06
1.11773260869086e-07
1.38052928377874e-06
1.32502918859245e-06
-1.41558666655328e-06
-1.87191290024202e-07
-6.46041371510364e-08
-7.13640474714339e-07
-4.44508259533904e-07
-2.10035341297043e-06
-1.00142642622814e-07
-2.41635461861733e-07
-1.5925252228044e-09
1.78023583430331e-07
5.21430592925753e-07
1.13977694127243e-06
1.08221775008133e-06
-5.67070856050123e-07
1.4052875485504e-06
1.53815562953241e-06
-8.14560735307168e-07
2.83233021036722e-07
8.02499926066957e-07
7.44742465030868e-07
5.16629370395094e-08
4.8073343350552e-07
-1.1954234651057e-06
2.9235798137961e-07
