0.0
-5.10595550607441e-33
-4.96876623401477e-07
-1.86004649549432e-06
-3.1750505513628e-06
-3.80463120563945e-06
-4.48968057753518e-06
-5.07616550748935e-06
-5.58438296138775e-06
-6.04878596277558e-06
-6.68593793307082e-06
-8.00723137217574e-06
-9.27673772821436e-06
-1.05001854535658e-05
-1.18044908958836e-05
-1.31567230710061e-05
-1.40396696224343e-05
-1.54894714796683e-05
-1.81350224011112e-05
-1.96356886590365e-05
-2.10954531212337e-05
-2.8319082048256e-05
-3.83171318389941e-05
-4.64261538581923e-05
-5.58769024792127e-05
-9.31608519749716e-05
-0.000171205319929868
-0.000284576410194859
-0.000318781443638727
-0.000368625711416826
-0.000428773113526404
-0.000454819441074505
-0.000514756480697542
-0.000576182443182915
-0.000638209283351898
-0.000731067324522883
-0.000870483811013401
-0.00106487062294036
-0.00124023878015578
-0.00143057468812913
-0.00161398225463927
-0.00179642403963953
-0.00197344785556197
-0.00215271161869168
-0.00232695485465229
-0.00248985830694437
-0.00264727277681231
-0.00279855169355869
-0.00294209597632289
-0.00307796732522547
-0.00320900906808674
-0.00333190849050879
-0.00344859366305172
-0.00355948554351926
-0.00366495829075575
-0.00376442540436983
-0.00385774881578982
-0.00394645938649774
-0.00403020391240716
-0.00410881219431758
-0.00418283091858029
-0.00425213202834129
-0.00431665685027838
-0.00437590852379799
-0.00443090172484517
-0.0044816224835813
-0.00452781468629837
-0.00457062851637602
-0.00460884673520923
-0.00464448286220431
-0.00467509776353836
-0.00470104068517685
-0.00472273677587509
-0.00474001467227936
-0.00475318543612957
-0.00476232916116714
-0.00476756598800421
-0.00476913060992956
-0.00476928474381566
-0.00476929498836398
-0.00476932851597667
-0.00476943189278245
-0.0047694519162178
-0.0047696502879262
-0.00476972060278058
-0.00476978067308664
-0.00476987566798925
-0.0047699180431664
-0.0047699217684567
-0.00476992828771472
-0.00476990593597293
-0.00476985517889261
-0.00476987892761827
-0.00476989895105362
-0.00476987706497312
-0.00476988218724728
-0.00476985052227974
-0.00476987008005381
-0.00477002561092377
-0.00477005075663328
-0.00477008847519755
-0.00477005867287517
-0.00477025145664811
-0.00477038649842143
-0.00477042654529214
-0.0047705015167594
-0.00477059232071042
-0.00477058766409755
-0.00477054715156555
-0.00477059278637171
-0.00477051548659801
-0.00477052573114634
-0.00477065099403262
-0.0047707399353385
-0.00477080978453159
-0.0047709085047245
-0.00477068079635501
-0.00477067148312926
-0.00477070407941937
-0.00477061374112964
