0.0
6.79674228010185e-09
1.44159661985555e-08
3.54434564542316e-06
1.82434341695625e-05
3.00704705296084e-05
3.81043355446309e-05
4.26090409746394e-05
4.73295513074845e-05
5.09890778630506e-05
5.48675488971639e-05
5.58661085960921e-05
5.68770265090279e-05
5.78999279241543e-05
5.82841094001196e-05
5.8571582485456e-05
5.88591829000507e-05
5.91470743529499e-05
5.94357370573562e-05
5.97248290432617e-05
5.99422164668795e-05
6.01627325522713e-05
6.03955340920947e-05
6.05989262112416e-05
6.0824957472505e-05
6.09905073361006e-05
6.11544310231693e-05
6.13242664257996e-05
6.15150202065706e-05
6.17436380707659e-05
6.19048441876657e-05
6.21397921349853e-05
6.23742816969752e-05
6.26095643383451e-05
6.29675851087086e-05
6.35167452855967e-05
6.43619569018483e-05
6.5663261921145e-05
6.76557319820859e-05
7.06973514752463e-05
7.53766144043766e-05
8.01732458057813e-05
8.50613214424811e-05
9.25448985071853e-05
0.00010356917482568
0.000113840404083021
0.000124745711218566
0.000137225521029904
0.000151052474393509
0.000165463730809279
0.000180248316610232
0.000195940767298453
0.000212576444027945
0.000230077333981171
0.000242561494815163
0.000245532777626067
0.000248705531703308
0.000248909229412675
0.000249113538302481
0.000249318516580388
0.000249524513492361
0.000249731965595856
0.000249941105721518
0.000250152486842126
0.000250366923864931
0.000250584969762713
0.00025080589693971
0.000251039309659973
0.00025131952133961
0.000251598044997081
0.000251773686613888
0.000252019701292738
0.000252377096330747
0.000252733880188316
0.000253094651270658
0.000253455509664491
0.000253822858212516
0.000254107901128009
0.000254418235272169
0.000254733982728794
0.000254957500146702
0.000255135295446962
0.000255381455644965
0.000255619845120236
0.000255854974966496
0.000256200728472322
0.000256722705671564
0.000257516163401306
0.000258736370597035
0.000260627683019266
0.000263602647464722
0.00026837713085115
0.00027609895914793
0.000288718176307157
0.000302406639093533
0.000317074649501592
0.000332545721903443
0.000348746689269319
0.000365533400326967
0.000382892991183326
0.000400733901187778
0.000419033458456397
0.000437738548498601
0.00045679000322707
0.000485585653223097
0.000528935517650098
0.00057073769858107
0.000608912552706897
0.000677434727549553
0.000746491714380682
0.000821890425868332
0.000908425950910896
0.00100175046827644
0.00109952373895794
0.00117408426012844
0.00126016605645418
0.00133419944904745
0.0013437302550301
0.00135335512459278
0.00136306101921946
0.00136664265301079
0.00136930344160646
0.00137129356153309
0.00137328240089118
0.00137527368497103
0.00137726508546621
0.00138025707565248
0.00138468504883349
0.00138801906723529
0.00138884817715734
0.00138967065140605
0.00139048974961042
0.00139130256138742
0.00139210838824511
0.0013929083943367
0.00139370502438396
0.00139450363349169
0.00139530259184539
0.00139610597398132
0.00139729783404619
0.00139904872048646
0.00140038062818348
0.00140171637758613
0.00140305305831134
0.00140438508242369
0.00140571652445942
0.0014077159576118
0.00141072634141892
0.0014152864459902
0.00142224272713065
0.00143290881533176
0.00144393893424422
0.00145520397927612
0.00146656727883965
0.0014772224240005
0.00149059225805104
0.00150904397014529
0.00152798776980489
0.00154741934966296
0.00156730704475194
0.00158745818771422
0.00160728709306568
0.00162103155162185
0.00163108680862933
0.00164111785124987
0.00165153120178729
0.00166212907060981
0.00167268433142453
0.00168245413806289
0.00169171020388603
0.00170109630562365
0.00170985155273229
0.00171787373255938
0.00172562047373503
0.00173324311617762
0.00174443831201643
0.00174672447610646
0.00174857140518725
0.00174903706647456
0.00174929224886
0.00174944312311709
0.001749511458911
0.00174955476541072
0.00174958829302341
0.00174959469586611
0.001749595743604
0.00174959562718868
0.00174959527794272
0.00174959388095886
0.00174959236755967
0.0017495903884992
0.00174958712887019
0.0017495829379186
0.00174957979470491
0.00174958480056375
0.00174960528966039
0.00174963637255132
0.00174968806095421
0.00174977781716734
0.00174985756166279
0.00174974440596998
0.00174955010879785
0.0017493786290288
0.00174920167773962
0.0017489962046966
0.00174872623756528
0.00174832262564451
0.00174785754643381
0.00174710177816451
0.00174603459890932
