-0.0
-2.1316282072803e-14
-1.33710045702173e-06
-1.12311045086244e-06
2.02440787688829e-06
5.18658998771571e-06
9.17647594178561e-06
1.31133110699011e-05
1.32912773551652e-05
1.42771132232156e-05
1.8989434465766e-05
2.6156452804571e-05
4.5490622142097e-05
6.99781012372114e-05
6.86410785419866e-05
7.55011642468162e-05
6.48494315100834e-05
6.26756300334819e-05
6.27165063633583e-05
6.2616090872325e-05
6.20367791270837e-05
6.03541739110369e-05
5.79268380533904e-05
5.45592265552841e-05
4.93841216666624e-05
4.46620288130362e-05
3.84754312108271e-05
3.02338194160257e-05
2.00050308194477e-05
1.20974946185015e-05
6.44410465611145e-06
1.92766674445011e-06
-2.25250914809294e-06
-6.02011277806014e-06
-1.02386038633995e-05
-1.41098644235171e-05
-1.6757461708039e-05
-1.91667459148448e-05
-2.15669060708024e-05
-2.50194134423509e-05
-3.09763381665107e-05
-4.29662613896653e-05
-5.95843994233292e-05
-7.77652749093249e-05
-9.96233575278893e-05
-0.000121390286949463
-0.000127679071738385
-0.000134002577397041
-0.000147540937177837
-0.000169091741554439
-0.000175754830706865
-0.00018297771748621
-0.000191419734619558
-0.000208764089620672
-0.000236488092923537
-0.000265060923993587
-0.000290979078272358
-0.000343503576004878
-0.000381253397790715
-0.000412146211601794
-0.000445202429546043
-0.000468357786303386
-0.000481081457110122
-0.000489757920149714
-0.000496334105264395
-0.000500495487358421
-0.000502584385685623
-0.000504075607750565
-0.000505598611198366
-0.000507794378791004
-0.00051117897965014
-0.000514426967129111
-0.00051671254914254
-0.000509860168676823
-0.000485535041661933
-0.000467337784357369
-0.000456499576102942
-0.000449862040113658
-0.000442987773567438
-0.000436503527453169
-0.000430361833423376
-0.000437334703747183
-0.000441865966422483
-0.000449812214355916
-0.000457907211966813
-0.000468497921247035
-0.000480380316730589
-0.00047905626706779
-0.000409785949159414
-0.000128373692859896
-8.0170801084023e-05
-7.42626580176875e-05
-7.27420847397298e-05
-7.23924677004106e-05
-8.20461718831211e-05
-9.99354742816649e-05
-0.000129901367472485
-0.000136564514832571
-9.6354924608022e-05
-5.73931029066443e-05
-6.96382812748197e-06
3.8725440390408e-05
1.90126829693327e-05
-1.45561662066029e-05
-2.24117593461415e-05
-2.65209746430628e-05
1.16352202894632e-06
1.31950628201594e-05
4.92398503411096e-05
7.86835153121501e-05
7.39301322028041e-05
7.10802269168198e-05
0.000101116878795438
0.000105673665530048
0.000107839223346673
0.000113072717795148
0.000115022492536809
0.000120035547297448
0.000151838263263926
0.000186672739800997
0.000223871960770339
0.000253151316428557
0.000281326443655416
0.000302690430544317
0.000324055436067283
0.000357916316716
0.000369294866686687
0.000363926897989586
0.000267164839897305
0.000147317186929286
0.000110822089482099
5.16888394486159e-06
-3.37820165441372e-05
-4.03186495532282e-05
-2.91929372906452e-05
-9.7686670414987e-06
-1.94484096027736e-06
-1.37977667691302e-06
-6.23396033461177e-07
-3.47726597738074e-07
-2.45466367232439e-07
-9.47866993783464e-08
-3.86119829443032e-08
-1.75926579970564e-08
-9.71688685069694e-09
-6.76440148339452e-09
-2.33797936566305e-09
-6.78381573138154e-10
-5.60662627435704e-11
3.11885850479143e-10
-2.88657986402541e-15
-1.28785870856518e-14
-1.28785870856518e-14
