0.0
-2.22186755323606e-32
-3.5506541706809e-08
-1.68696885793906e-07
-9.03490757764303e-08
-7.68135421935767e-08
-3.02654996175988e-07
-7.53387837448827e-07
-2.43638942265534e-06
-3.87780210076016e-06
-6.86430985297193e-06
-9.71581812336808e-06
-1.56731130118715e-05
-2.66566894424614e-05
-4.42330274381675e-05
-6.5212654590141e-05
-8.13693332020193e-05
-0.000130117521621287
-0.000204927317099646
-0.000321648170938715
-0.000463163654785603
-0.000601246429141611
-0.000741456169635057
-0.000871518335770816
-0.000997025170363486
-0.00112316908780485
-0.00124445732217282
-0.00136149709578604
-0.00147267722059041
-0.00157956522889435
-0.00168206251692027
-0.00177951320074499
-0.00187250762246549
-0.00196010177023709
-0.00204295152798295
-0.00211859960108995
-0.0021893223747611
-0.00225579855032265
-0.00231846305541694
-0.00237709796056151
-0.00243211444467306
-0.00248301750980318
-0.00252839433960617
-0.00256938836537302
-0.00260657793842256
-0.00264049973338842
-0.00267106015235186
-0.00269831344485283
-0.00272256252355874
-0.00274359784089029
-0.00276141939684749
-0.00277606956660748
-0.00278757233172655
-0.00279603688977659
-0.00280147255398333
-0.00280373939312994
-0.00280415499582887
-0.00280415453016758
-0.00280415336601436
-0.00280415220186114
-0.00280415778979659
-0.00280417175963521
-0.00280419713817537
-0.00280419527553022
-0.00280420784838498
-0.00280422111973166
-0.0028042218182236
-0.00280422274954617
-0.00280424021184444
-0.00280424836091697
-0.00280427164398134
-0.0028043061029166
-0.00280431006103754
-0.00280429911799729
-0.00280431611463428
-0.00280430587008595
-0.00280430307611823
-0.00280431588180363
-0.00280432170256972
-0.00280435662716627
-0.00280438829213381
-0.00280439015477896
-0.00280440831556916
-0.00280441762879491
-0.00280441367067397
-0.00280441297218204
-0.00280440715141594
-0.00280440622009337
-0.00280440831556916
-0.00280444137752056
-0.00280445977114141
-0.00280446419492364
-0.00280448398552835
-0.00280448631383479
-0.00280451355502009
-0.00280451192520559
-0.00280449283309281
-0.00280449073761702
-0.00280448654666543
-0.00280449888668954
-0.00280450936406851
-0.00280454871244729
-0.00280453776940703
-0.00280456338077784
-0.00280456361360848
-0.0028045957442373
-0.00280458177439868
