-0.0
4.3646620449235e-16
-2.21623963625461e-09
-7.70887709222734e-09
-1.72924501384841e-08
-1.6683998182998e-08
-9.06788955035154e-09
3.03839442494791e-09
3.82920006813947e-08
1.12640009319875e-07
1.92562310985522e-07
1.14405338536017e-07
3.35954609909095e-07
2.00448084797245e-07
-7.23557604942471e-08
3.16431396640837e-08
1.8333776097279e-07
3.76146090275142e-07
5.92432115809061e-07
5.59902218810748e-07
-3.81880454369821e-07
-1.50836058310233e-07
1.468688424211e-07
1.22736310004257e-07
8.33653757581487e-07
1.02328704087995e-06
2.68968506134115e-07
2.65572452917695e-08
-6.99828888173215e-07
-1.3027874956606e-07
5.8124351198785e-07
1.3168992154533e-06
5.1915139920311e-07
1.00897523225285e-07
-1.67544385476504e-06
-6.94637037668144e-07
6.10903953202069e-07
1.10437031253241e-06
5.43840087630088e-07
1.91717845154926e-07
3.07464688376058e-07
1.62211108545307e-07
5.26046733284602e-07
9.48089109442662e-07
5.78985691390699e-07
5.18531805937528e-07
2.19499270315282e-07
4.11504515795968e-07
4.33378772868309e-08
-2.47755451709963e-08
8.06551270216005e-08
6.23209643890732e-08
9.75257989921374e-08
3.25163682646235e-08
6.44038209429709e-08
-4.78003244097636e-07
-1.33136950353219e-07
3.65937182777998e-08
5.21474987635884e-08
1.21386321438877e-07
1.89136954986679e-07
3.21858436791445e-07
1.87437521503853e-07
2.28451639827654e-07
-6.36638958440017e-07
-8.4965989799457e-09
2.08577546345623e-08
-4.78913051438212e-08
1.58428292706958e-08
2.10363495511956e-07
2.21521261778435e-07
-6.47408967324736e-07
1.60676137284099e-07
4.82050381833687e-08
-2.39323298956151e-07
-1.67468101608392e-08
-2.52340583983823e-08
-2.72937938916584e-09
1.12902824866978e-08
1.66757331498957e-07
1.96062799773244e-07
1.78646715198738e-07
-6.92841126692656e-07
6.50771880827961e-09
5.09369328938192e-08
-1.99380281173944e-07
-8.4989395077173e-08
-8.82371864463494e-09
3.61055185749137e-09
1.37863807481153e-07
1.10129690256144e-07
1.09948018689465e-07
1.18145422334237e-07
9.02983714468064e-08
-2.69741974534554e-07
3.96864550111786e-08
6.1741758372591e-09
7.39659355986078e-09
-7.69614416640252e-09
3.1844564318817e-08
5.14217362024283e-08
2.87279249278072e-08
5.45016405339993e-08
2.35546337989945e-08
3.30914247115288e-08
3.41272112791557e-08
2.94338349249301e-08
