0
0.00682140374556184
0.0146633144468069
0.024098102003336
0.0394685305655003
0.0527368485927582
0.0710313245654106
0.0853689387440681
0.101900786161423
0.119011886417866
0.134825348854065
0.143060907721519
0.151980265974998
0.167304784059525
0.173986792564392
0.179896593093872
0.180318474769592
0.178825303912163
0.176757454872131
0.178150698542595
0.17487570643425
0.171354874968529
0.167346403002739
0.166859433054924
0.162586584687233
0.15833792090416
0.153637707233429
0.148928463459015
0.144187495112419
0.139278024435043
0.135047093033791
0.130561053752899
0.125699609518051
0.121011786162853
0.116460636258125
0.112630426883698
0.10800688713789
0.103010125458241
0.0982488319277763
0.0939632952213287
0.0892193764448166
0.0846915692090988
0.080909937620163
0.0764465183019638
0.0722879692912102
0.0686084181070328
0.0644558817148209
0.0609708651900291
0.0568299293518066
0.0528653003275394
0.0487724915146828
0.0446241460740566
0.0410391427576542
0.0369953289628029
0.033381525427103
0.0295206625014544
0.0258716214448214
0.02254443988204
0.0190421082079411
0.0155005110427737
0.0119187785312533
0.00812472216784954
0.00425070524215698
0.00385206798091531
0.00369227537885308
0.00366232078522444
0.00365326809696853
0.00357311917468905
0.0035222158767283
0.00344040873460472
0.00335619831457734
0.00340750464238226
0.00346703198738396
0.00346492812968791
0.00349774630740285
0.00367422727867961
0.00384704931639135
0.00405428279191256
0.00403645541518927
0.00382186146453023
0.00369066465646029
0.00369418598711491
0.00362575706094503
0.00351598672568798
0.00341751798987389
0.00332911871373653
0.0032768587116152
0.00326384347863495
0.00324917049147189
0.00330699351616204
0.00333263236097991
0.00333473761565983
0.00334065360948443
0.00334979291073978
0.00350023503415287
0.00354140507988632
0.00358746596612036
0.00380533374845982
0.00399693381041288
0.00392364943400025
