0.0
0.00015624999650754
0.000312499993015081
0.000468749989522621
0.000703125027939677
0.00105468754190952
0.00158203125465661
0.00237304694019258
0.00355957029387355
0.00533935567364097
0.00800903327763081
0.0120135499164462
0.018020324409008
0.027030486613512
0.0360406488180161
0.0450508110225201
0.0473033525049686
0.0495558939874172
0.0501190274953842
0.0506821647286415
0.0512452982366085
0.0518084317445755
0.0523715689778328
0.0529347024857998
0.0534978397190571
0.0540609732270241
0.0546241104602814
0.0551872439682484
0.056031946092844
0.0568766482174397
0.0577213540673256
0.0585660561919212
0.0594107583165169
0.0602554604411125
0.0611001625657082
0.0619448646903038
0.0627895668148994
0.0636342689394951
0.0644789710640907
0.0657460317015648
0.0676466077566147
0.0695471912622452
0.0714477747678757
0.0733483508229256
0.0752489343285561
0.0771495178341866
0.0790500938892365
0.0819009691476822
0.0861772745847702
0.0925917401909828
0.102213427424431
0.111835122108459
0.121456809341908
0.123862236738205
0.126267656683922
0.128673076629639
0.131078511476517
0.133483931422234
0.13588935136795
0.138294771313667
0.138896122574806
0.139497488737106
0.139798164367676
0.139873325824738
0.139948502182961
0.140023678541183
0.14008004963398
0.140136420726776
0.140192806720734
0.140277370810509
0.140404209494591
0.140594482421875
0.140784755349159
0.140808552503586
0.140832334756851
0.140856117010117
0.140879899263382
0.140903681516647
0.140927463769913
0.140951246023178
0.140975028276443
0.14099882543087
0.141022607684135
0.141046389937401
0.141070172190666
0.141093954443932
0.14112962782383
0.141183152794838
0.141263410449028
0.141343683004379
0.141423955559731
0.141504228115082
0.141584500670433
0.141704902052879
0.14188551902771
0.142156437039375
0.142427355051041
0.142495080828667
0.142562806606293
0.142579734325409
0.142605140805244
0.142643243074417
0.142671808600426
0.142693236470222
0.142714664340019
0.142736092209816
0.142757534980774
0.142778962850571
0.142800390720367
0.142821818590164
0.142843246459961
0.142864674329758
0.142896816134453
0.142945036292076
0.143017366528511
0.143125861883163
0.143234342336655
0.143342837691307
0.143451318144798
0.143614053726196
0.143858149647713
0.144224300980568
0.144773527979851
0.145597368478775
0.146421194076538
0.147245034575462
0.148068860173225
0.14889270067215
0.148905575275421
0.148918449878693
0.148931324481964
0.14895062148571
0.148969933390617
0.148989245295525
0.149008557200432
0.149027869105339
0.149047166109085
0.149066478013992
0.1490857899189
0.149105101823807
0.149124413728714
0.14914371073246
0.149172678589821
0.149216115474701
0.149281293153763
0.149346455931664
0.149411618709564
0.149476796388626
0.149541959166527
0.149607121944427
0.149672284722328
0.14973746240139
0.149802625179291
0.149867787957191
0.149965539574623
0.150112167000771
0.150332108139992
0.150662004947662
0.15115687251091
0.151651725172997
0.152146592736244
0.152888879179955
0.153167232871056
0.153584778308868
0.154211074113846
0.154837384819984
0.155463695526123
0.1560899913311
0.156716302037239
0.157342612743378
0.157968923449516
0.158595219254494
0.159221529960632
0.159456387162209
0.159808695316315
0.160337135195732
0.160865589976311
0.161394029855728
0.161922469735146
0.162450924515724
0.162979364395142
0.163012400269508
0.163037165999413
0.163061931729317
0.163099095225334
0.16313624382019
0.163173407316208
0.163210570812225
0.163247719407082
0.163284882903099
0.163322031497955
0.163359194993973
0.163396343588829
0.163433507084846
0.163470655679703
0.163526386022568
0.163609996438026
0.163735389709473
0.163923501968384
0.164205655455589
0.164487808942795
0.164558351039886
0.164611250162125
0.164650931954384
0.164690613746643
0.164730295538902
0.16476996243
0.16480964422226
0.164849326014519
0.164889007806778
0.164928689599037
0.164968356490135
0.165008038282394
0.165047720074654
0.165107235312462
0.16516675055027
0.165226265788078
0.165315538644791
0.16544945538044
0.165499672293663
0.165574997663498
0.165593832731247
0.165612667798996
0.165631502866745
0.165659740567207
0.165687993168831
0.165716245770454
0.165744483470917
0.16577273607254
0.165800988674164
0.165829226374626
0.16585747897625
0.165885731577873
0.165913969278336
0.165942221879959
0.165970474481583
0.165998712182045
0.16604109108448
0.166104644536972
0.16619998216629
0.166342988610268
0.16645023226738
0.166470348834991
0.166490450501442
0.166510567069054
0.166530668735504
0.166550785303116
0.166570886969566
0.166591003537178
0.166611105203629
0.16663122177124
0.166651338338852
0.166671440005302
0.166691556572914
0.166711658239365
0.166741818189621
0.166771993041039
0.166802152991295
0.166832312941551
0.166862487792969
0.166892647743225
0.166937902569771
0.167005762457848
0.167107567191124
0.167260274291039
0.167489349842072
0.167832940816879
0.168176531791687
0.16826243698597
0.168326854705811
0.168391272425652
0.168455705046654
0.168520122766495
0.168616756796837
0.168761715292931
0.168979153037071
0.169305294752121
0.169386833906174
0.169447988271713
0.169509127736092
0.169570282101631
0.169631436467171
0.16969259083271
0.16975374519825
0.169814899563789
0.169860765337944
0.169895157217979
0.169929563999176
0.169963955879211
0.169998347759247
0.170032754540443
0.17005854845047
0.170084342360497
0.170123040676117
0.170181095600128
0.170239135622978
0.170297190546989
0.170355230569839
0.170413285493851
0.170500352978706
0.17063096165657
0.170826867222786
0.170845240354538
0.170863598585129
0.170881971716881
0.170900329947472
0.170918703079224
0.170937061309814
0.170955434441566
0.170973792672157
0.170992165803909
0.171010538935661
0.171028897166252
0.171047270298004
0.171065628528595
0.171084001660347
0.171102359890938
0.171129912137985
0.171157464385033
0.17118501663208
0.171212568879128
0.171240106225014
0.171281442046165
0.171343415975571
0.17143639922142
0.171575874090195
0.171628177165985
0.171706631779671
0.171765461564064
0.17180959880352
0.171842694282532
0.171875789761543
0.171908885240555
0.171941980719566
0.171975076198578
0.172008171677589
0.172041267156601
0.172074377536774
0.172099187970161
0.17212401330471
0.172161251306534
0.172217100858688
0.17230087518692
0.172426536679268
0.172473669052124
0.172544360160828
0.172557607293129
0.17257085442543
0.172584116458893
0.172603994607925
0.172623872756958
0.172643750905991
0.172663643956184
0.172683522105217
0.17270340025425
0.172723278403282
0.172743156552315
0.172763034701347
0.17278291285038
0.172802805900574
0.172822684049606
0.172842562198639
0.172862440347672
0.17289225757122
0.172936990857124
0.172981724143028
0.173026457428932
0.173093557357788
0.173194199800491
0.173345163464546
0.173571616411209
0.173911303281784
0.174420818686485
0.175185084342957
0.176331505179405
0.176546454429626
0.176761403679848
0.176842018961906
0.176922619342804
0.176942780613899
0.1769730001688
0.177018344402313
0.177052348852158
0.177077859640121
0.177096992731094
0.177116110920906
0.177135244011879
0.177154377102852
0.177173495292664
0.177192628383636
0.177211761474609
0.177230879664421
0.177250012755394
0.177269145846367
0.177288264036179
0.177316963672638
0.177359998226166
0.177424564957619
0.177521392703056
0.177666649222374
0.17788453400135
0.178211361169815
0.178701609373093
0.179436966776848
0.180540010333061
0.182194590568542
0.184676438570023
0.187158286571503
0.189640134572983
0.190260589122772
0.1904157102108
0.190570831298828
0.190725937485695
0.190784111618996
0.190798655152321
0.190813198685646
0.190835013985634
0.19085681438446
0.190873175859451
0.190889537334442
0.190905898809433
0.190922260284424
0.190938621759415
0.190954983234406
0.190971344709396
0.190987706184387
0.191004052758217
0.191020414233208
0.191036775708199
0.191053137183189
0.191077679395676
0.191102221608162
0.191126763820648
0.191151291131973
0.19117583334446
0.191200375556946
0.191224917769432
0.191249459981918
0.191274002194405
0.19129852950573
0.191323071718216
0.191347613930702
0.191384419798851
0.191421240568161
0.19145804643631
0.191494852304459
0.191531658172607
0.1915592700243
0.191586881875992
0.19162829220295
0.191669702529907
0.191700756549835
0.191724047064781
0.191747352480888
0.191770642995834
0.19179393351078
0.191817224025726
0.191840514540672
0.191863819956779
0.191881284117699
0.191898748278618
0.191924959421158
0.191964268684387
0.192023232579231
0.192052707076073
0.192074820399284
0.192096933722496
0.192119047045708
0.192152202129364
0.192185372114182
0.192218542098999
0.192251712083817
0.192284867167473
0.19231803715229
0.192351207137108
0.192384377121925
0.192417532205582
0.192450702190399
0.192475572228432
0.192500457167625
0.192525327205658
0.19255019724369
0.192575082182884
0.192599952220917
0.192618608474731
0.192637264728546
0.192655920982361
0.192669913172722
0.192683905363083
0.192697897553444
0.192711889743805
0.192732870578766
0.192764356732368
0.192811578512192
0.192823380231857
0.192835196852684
0.19284699857235
0.192858800292015
0.192870602011681
0.19288831949234
0.192914873361588
