0.0
-2.22186755323606e-32
-3.52952902460402e-08
-1.70612565852934e-07
-6.99362701084283e-08
-1.25441886211775e-07
-1.54953738729091e-07
-4.29225025300184e-07
-7.96161828020558e-07
-2.0622321699193e-06
-3.90945933759212e-06
-5.50501181351137e-06
-7.90824287832947e-06
-9.97365168586839e-06
-1.44030818773899e-05
-2.40110039158026e-05
-4.24207210016903e-05
-8.87504356796853e-05
-0.000112225752673112
-0.000138241302920505
-0.00017925001156982
-0.000246388925006613
-0.000350304326275364
-0.000467842182843015
-0.000579127168748528
-0.000688067288137972
-0.000787241209764034
-0.000885152781847864
-0.000976979383267462
-0.00106257514562458
-0.00114227423910052
-0.00121617445256561
-0.00128457194659859
-0.00134726008400321
-0.00140470627229661
-0.0014563521835953
-0.0015008831396699
-0.00154001754708588
-0.00157235213555396
-0.00159983255434781
-0.00162173842545599
-0.00163887685630471
-0.00165190978441387
-0.0016607204452157
-0.00166548462584615
-0.00166673772037029
-0.00166678603272885
-0.00166700431145728
-0.00166701362468302
-0.00166703469585627
-0.00166702549904585
-0.00166705437004566
-0.00166709872428328
-0.00166713923681527
-0.0016671932535246
-0.0016673703212291
-0.00166738266125321
-0.00166738266125321
-0.00166741851717234
-0.00166743190493435
-0.00166743854060769
-0.00166746659670025
-0.00166751758661121
-0.00166756450198591
-0.0016677308594808
-0.00166772154625505
-0.00166774552781135
-0.00166777707636356
-0.00166778801940382
-0.00166783214081079
-0.00166788056958467
-0.00166791677474976
-0.00166797102428973
-0.00166799500584602
-0.00166807987261564
-0.00166807509958744
-0.00166809395886958
-0.00166811188682914
-0.00166810327209532
-0.0016681314446032
-0.00166815659031272
-0.00166822085157037
-0.00166825065389276
-0.00166829954832792
-0.00166853389237076
-0.00166857580188662
-0.00166856392752379
-0.00166859431192279
-0.00166862551122904
-0.00166862481273711
-0.0016686535673216
-0.00166865822393447
-0.00166868406813592
-0.00166870187968016
-0.001668791170232
-0.00166883249767125
-0.00166899745818228
-0.00166903506033123
-0.00166903471108526
-0.00166904996149242
-0.00166903552599251
-0.00166903983335942
-0.00166904588695616
-0.00166905065998435
-0.00166907580569386
-0.00166912714485079
-0.00166913052089512
-0.00166919431649148
-0.00166922400239855
-0.00166929303668439
