0.0
0.0
6.16076022197376e-07
1.62076889864693e-06
2.18761738324247e-06
1.94360700334073e-06
1.77970821368945e-06
1.36541120809852e-06
1.20497384159535e-06
1.86471424967749e-06
3.53531800101337e-06
4.85594318888616e-06
5.80729238208733e-06
6.33519084658474e-06
6.68396978653618e-06
7.00917325957562e-06
7.11508255335502e-06
6.99180463925586e-06
6.68841266815434e-06
7.27319138604798e-06
8.1849648267962e-06
8.45921204017941e-06
8.51008462632308e-06
8.59503506944748e-06
8.57730992720462e-06
8.46648072183598e-06
8.27415715320967e-06
8.18874195829267e-06
8.0061881817528e-06
7.95708729128819e-06
7.88075521995779e-06
7.77755667513702e-06
7.77755667513702e-06
