0.0
-1.11336885311175e-06
-1.66062932294153e-06
-2.79458254226483e-06
-3.62482978744083e-06
-3.86329384127748e-06
-4.08262212658883e-06
-4.30293403042015e-06
-4.52405129180988e-06
-4.85527652926976e-06
-5.39872326044133e-06
-5.93636968915234e-06
-6.42303621134488e-06
-6.83163989378954e-06
-7.36109404897434e-06
-8.02957401901949e-06
-9.0401172201382e-06
-9.90420357993571e-06
-1.09333886939567e-05
-1.28241199490731e-05
-1.57998347276589e-05
-1.65574110724265e-05
-1.74937795236474e-05
-1.87492714758264e-05
-2.02242135856068e-05
-2.17951856029686e-05
-2.18752629734809e-05
-2.19286339415703e-05
-2.19789417315042e-05
-2.20274832827272e-05
-2.20976544369478e-05
-2.2199128579814e-05
-2.23458937398391e-05
-2.25582934945123e-05
-2.28810058615636e-05
-2.30208024731837e-05
-2.31439953495283e-05
-2.32790807785932e-05
-2.34286762861302e-05
-2.35815932683181e-05
-2.3770813641022e-05
-2.39651235460769e-05
-2.41798479692079e-05
-2.44139064307092e-05
-2.46416511799907e-05
-2.47160205617547e-05
-2.47916541411541e-05
-2.48766100412467e-05
-2.50389439315768e-05
-2.52794052357785e-05
-2.5535335225868e-05
-2.57909123320132e-05
-2.6045225240523e-05
-2.62770681729307e-05
-2.65460766968317e-05
-2.67845789494459e-05
-2.69521588052157e-05
-2.7080439394922e-05
-2.71877579507418e-05
-2.72828019660665e-05
-2.74119192908984e-05
-2.75933198281564e-05
-2.78432489722036e-05
-2.81828488368774e-05
-2.85791957139736e-05
-2.90735897578998e-05
-2.97491860692389e-05
-3.06956571876071e-05
-3.20465260301717e-05
-3.32873642037157e-05
-3.43794090440497e-05
-3.55682459485251e-05
-3.98114098061342e-05
-4.46019039372914e-05
-4.95684689667542e-05
-5.44248541700654e-05
-5.81616877752822e-05
-6.15728204138577e-05
-6.90159067744389e-05
-8.2751466834452e-05
-0.000100269120594021
-0.000105420011095703
-0.0001107506614062
-0.000112982183054555
-0.000117901508929208
-0.000130797125166282
-0.000153729182784446
-0.000187985337106511
-0.000200962022063322
-0.00022020963660907
-0.000252818106673658
-0.000280575855867937
-0.000307640788378194
-0.000333261443302035
-0.000354805088136345
-0.000386569328838959
-0.000444468518253416
-0.000536317413207144
-0.000671867339406163
-0.000849913049023598
-0.00101447431370616
-0.00117721688002348
-0.00134171894751489
-0.00149917753878981
-0.00163925718516111
-0.00178635050542653
-0.00192577682901174
-0.00205828342586756
-0.00218297610990703
-0.00230008340440691
-0.00240957038477063
-0.00251144566573203
-0.00260566151700914
-0.00269259116612375
-0.0027720220386982
-0.00284425378777087
-0.00290991947986186
-0.00296856346540153
-0.00301975617185235
-0.00306354789063334
-0.00310012139379978
-0.00313067645765841
-0.0031538475304842
-0.00316963391378522
-0.00317742978222668
-0.00317925424315035
-0.00317925377748907
-0.00317925564013422
-0.00317925703711808
-0.00317924609407783
-0.00317923724651337
-0.00317921303212643
-0.0031792086083442
-0.00317922071553767
-0.00317922374233603
-0.00317922118119895
-0.00317922420799732
-0.00317923142574728
-0.00317925191484392
-0.00317926937714219
-0.00317928311415017
-0.00317928777076304
-0.00317929335869849
-0.0031793003436178
-0.00317930732853711
-0.00317930360324681
-0.00317928637377918
-0.00317926588468254
-0.00317925284616649
-0.00317924446426332
-0.00317923142574728
-0.00317922467365861
-0.00317922001704574
-0.00317922071553767
-0.00317923817783594
-0.00317926541902125
-0.00317929149605334
-0.00317932106554508
-0.00317932805046439
-0.00317933782935143
-0.00317935016937554
-0.00317935273051262
-0.0031793478410691
-0.00317934551276267
-0.00317934039048851
-0.00317933899350464
-0.00317932479083538
-0.00317931990139186
-0.00317931058816612
-0.00317930430173874
-0.00317928963340819
-0.00317927240394056
-0.00317926378920674
-0.00317924888804555
-0.00317924260161817
-0.00317923608236015
-0.00317923096008599
-0.00317924912087619
-0.00317927054129541
-0.00317929196171463
-0.00317932781763375
-0.00317936670035124
-0.00317937089130282
-0.0031793718226254
-0.00317937135696411
-0.00317937135696411
-0.00317937135696411
-0.00317937135696411
-0.00317937135696411
-0.00317937135696411
-0.00317937135696411
-0.00317937135696411
-0.00317937135696411
-0.00317937135696411
-0.00317937135696411
-0.00317937135696411
-0.00317937135696411
-0.00317937135696411
-0.00317937135696411
-0.00317937135696411
-0.00317937135696411
-0.00317937135696411
-0.00317937135696411
-0.00317937135696411
-0.00317937135696411
-0.00317937135696411
-0.00317937135696411
-0.00317937135696411
-0.00317937135696411
-0.00317937135696411
-0.00317937135696411
-0.00317937135696411
-0.00317937135696411
-0.00317937135696411
-0.00317937135696411
-0.00317937135696411
-0.00317937135696411
-0.00317937135696411
-0.00317937135696411
-0.00317937135696411
-0.00317937135696411
-0.00317937135696411
-0.00317937135696411
-0.00317937135696411
-0.00317937135696411
-0.00317937135696411
-0.00317937135696411
