0.0
3.87025655967932e-09
2.23749361794034e-06
4.9791833589552e-06
6.16516081208829e-06
6.86897419654997e-06
1.01404893939616e-05
1.53182609210489e-05
2.22133894567378e-05
2.86431204585824e-05
3.11096009681933e-05
2.69806623691693e-05
2.1446368918987e-05
2.07861721719382e-05
2.2707999960403e-05
2.44656639551977e-05
2.58200943790143e-05
2.91635315079475e-05
3.35182267008349e-05
3.71652167814318e-05
3.68171386071481e-05
3.53503128280863e-05
3.49387046298943e-05
3.35203912982251e-05
3.2106490834849e-05
3.07900590996724e-05
2.95237259706482e-05
2.86464583041379e-05
2.77291492238874e-05
2.63671427092049e-05
2.50289867835818e-05
2.37189306062646e-05
2.26093743549427e-05
2.14429619518341e-05
2.01447692234069e-05
1.88579106179532e-05
1.77008823811775e-05
1.66482968779746e-05
1.56131027324591e-05
1.46224610944046e-05
1.37038150569424e-05
1.28441715787631e-05
1.20460936159361e-05
1.12726320367074e-05
1.03599004432908e-05
9.44790917856153e-06
8.53952315083006e-06
7.42179418011801e-06
5.92368860452552e-06
4.22844050262938e-06
2.15672457670735e-06
2.65967727841598e-08
2.1613551837163e-08
1.75521215339813e-08
1.46111842624919e-08
1.40085880673269e-08
1.38809772565196e-08
1.38865843268832e-08
1.38950451145092e-08
1.39038309754369e-08
1.3927151876203e-08
1.39871225712795e-08
1.40466811515694e-08
1.41275791065709e-08
1.43519489625987e-08
1.47356793434028e-08
1.52016621512985e-08
1.57448134530114e-08
1.63285296395088e-08
1.68674869627239e-08
1.72551892774209e-08
1.75876699870514e-08
1.79249166620821e-08
1.82395982761818e-08
1.85379303019317e-08
1.888505885006e-08
1.92034050883194e-08
1.94645188855702e-08
1.9701143827433e-08
1.98934753115054e-08
2.0117129295727e-08
2.03021581768326e-08
2.03745091909013e-08
2.04495869127186e-08
2.0614608686742e-08
2.08383514888055e-08
2.10738733130711e-08
2.13805311233273e-08
2.17186482132092e-08
2.20156124441928e-08
2.23085780959309e-08
2.26648051437905e-08
2.3069690158195e-08
2.35002257653605e-08
2.39041462180012e-08
2.43292266333128e-08
2.46548665927548e-08
2.48273153147238e-08
2.50641569721211e-08
2.5433067207814e-08
2.57204941789269e-08
2.59884664899346e-08
2.61530921363828e-08
2.6342815928615e-08
2.65417270384205e-08
2.68256865609828e-08
2.70861857387672e-08
2.71496194415022e-08
2.70426845361271e-08
2.70155346981937e-08
