0
0.217852
0.41498
0.630021
0.906384
1.229887
1.578094
2.000705
2.196145
2.421841
3.105248
3.674458
3.875462
4.173128
4.641694
4.84638
5.060162
5.327095
5.692097
5.781216
5.867726
5.993829
6.174518
6.242162
6.342228
6.503238
6.832332
7.417243
7.833423
8.167329
8.456059
8.711675
8.946883
9.322705
9.637627
9.773008
9.894256
9.979557
10.058763
10.133737
10.206432
10.275562
10.339458
10.383771
10.424213
10.432748
10.440122
10.446155
10.447383
10.44824
10.449218
10.449887
10.444616
10.440039
10.431014
10.426295
10.417589
10.406131
10.392384
10.376368
10.358519
10.339032
10.30718
10.256927
10.171011
10.030751
9.825507
9.748091
9.632062
9.430037
9.257454
9.2332
9.210585
9.189579
9.160469
9.13211
9.103731
9.074005
9.041216
9.000124
8.957423
8.91663
8.905587
8.893609
8.870502
8.833647
8.794203
8.754118
8.694788
8.610732
8.523387
8.439962
8.36397
8.301432
8.248887
8.208517
8.166553
8.137485
8.116857
8.101066
8.088924
8.078978
8.070381
8.062925
8.056364
8.047604
8.039553
8.032481
8.02321
8.009603
7.989732
7.959798
7.917199
7.859804
7.787065
7.707313
7.591011
7.433712
7.213478
6.917768
6.506108
6.075561
5.580216
5.017112
4.446271
3.855671
3.273115
2.744362
2.216765
1.674269
1.110278
0.582493
0.10636
0.034019
0.01633
3e-06
-0
-0
-0
-0
0
0
-0
-0
0
0
0
0
0
0
0
0
0
0
0
0
0
0
0
0
0
0
0
0
0
0
1e-06
4e-05
0.000142
0.000302
0.000421
0.000306
0.00018
6.5e-05
5e-05
2.4e-05
1.3e-05
1e-05
4e-06
1e-06
0
-1e-06
-1e-06
