-0.0
-3.5527136788005e-14
1.5378918760689e-07
4.48219736881583e-07
-9.03679847397143e-07
-8.53095116326585e-07
-1.69536997418618e-06
-1.62621563504217e-06
-2.52569407166447e-06
-1.32252534967847e-06
-4.21280856244266e-06
-2.88698356598616e-06
-3.04434433928691e-06
-3.94747257814743e-06
-4.24787504016422e-06
-4.06948493036907e-06
-3.72205613530241e-06
-1.45415469887666e-06
4.0101440390572e-07
1.28450847114436e-06
1.70987914316356e-06
2.23486858885735e-06
2.92228651233017e-06
2.91640753857791e-06
2.92761978926137e-06
2.95029531116597e-06
2.99126622849144e-06
3.05616777040996e-06
3.08056405629031e-06
3.11781332129613e-06
3.129960532533e-06
3.14550561597571e-06
3.16654404741712e-06
3.19546234095469e-06
3.23415952152573e-06
3.27750967699103e-06
3.28052919940092e-06
3.26512599713169e-06
3.22467894875444e-06
3.2032658054959e-06
3.1280578696169e-06
3.03811248159036e-06
2.94451820082031e-06
2.82799010165036e-06
2.67057839664631e-06
2.20307265408337e-06
1.85739918379113e-06
1.94244785234332e-06
1.71926512848586e-06
1.61298885359429e-06
1.46201637107879e-06
1.17288072942756e-06
5.74149453314021e-07
-2.56102794082835e-07
-6.25870598014444e-07
-8.39299900690094e-07
-1.21456469059922e-06
-1.60441777552478e-06
-2.54889891948551e-06
-3.74530281987973e-06
-5.01470276503824e-06
-3.6141682357993e-06
-5.93760705669411e-06
-9.44570274441503e-06
-8.47622686706018e-06
-4.5167762436904e-06
-1.32779132400174e-06
2.16208354686387e-06
4.06435356126167e-06
5.68178438697942e-06
2.18955392483622e-07
-4.56655925518135e-07
