0.0
0.0
0.0
0.0
0.0
0.0
0.0
0.0
0.0
0.0
0.0
0.0
0.0
0.0
0.0
0.0
0.0
1.2568120766332e-08
1.3885643568301e-07
4.55533694321275e-07
1.41212785820244e-06
3.34649644173624e-06
7.33133583707968e-06
1.262015211978e-05
1.72709987964481e-05
2.37100721278694e-05
3.68660366802942e-05
7.53534259274602e-05
0.000143517274409533
0.000163702366990037
0.000184743650606833
0.000213013117900118
0.000241001456743106
0.00027335894992575
0.000323422398651019
0.000398387113818899
0.000486929493490607
0.000576098042074591
0.000671284797135741
0.000764050986617804
0.000857064209412783
0.00094988796627149
0.00104454637039453
0.00115165649913251
0.00124577654059976
0.00134036596864462
0.00143693666905165
0.00152906647417694
0.00162143958732486
0.00171351130120456
0.00180518149863929
0.00189525983296335
0.00198523350991309
0.0020753915887326
0.0021633985452354
0.00224474049173295
0.00233169551938772
0.00241422234103084
0.00249767652712762
0.00258287834003568
0.00266066123731434
0.00274585443548858
0.00282457447610795
0.00290759629569948
0.0029855624306947
0.00305706588551402
0.0031363288871944
0.00320906611159444
0.0032866932451725
0.0033576434943825
0.00343251251615584
0.00349840288981795
0.00357700511813164
0.00364361866377294
0.00371753633953631
0.0037871771492064
0.0038569807074964
0.00391598930582404
0.00398367689922452
0.00404843268916011
0.0041130194440484
0.00418271590024233
0.00424296269193292
0.00430619064718485
0.00436127884313464
0.00443603936582804
0.00448980089277029
0.00454757455736399
0.00461994390934706
0.0046635027974844
0.00472398102283478
0.00475644832476974
0.00481466297060251
0.00485946936532855
0.00489841680973768
0.00495106214657426
0.00491001643240452
0.00488422391936183
0.00485584046691656
0.00481433607637882
0.00479899160563946
0.00479165557771921
0.00473995320498943
0.00471518188714981
0.00471519771963358
