0.0
0.0
0.0
0.0
0.0
0.0
0.0
0.0
0.0
2.2916321618105e-12
1.76562323789264e-11
5.7229672389969e-11
1.22758359033526e-10
2.93027019315772e-10
6.00451965926396e-10
6.81445511130363e-10
7.51313178337654e-10
8.41199776502322e-10
1.00521369006401e-09
1.43930511953272e-09
2.09576134224676e-09
2.68376254553004e-09
3.99610700085873e-09
5.69652458537462e-09
7.67490870856591e-09
1.2054867326583e-08
1.52636054906452e-08
1.6615466336134e-08
1.72514376117761e-08
1.79382553255891e-08
1.86510042965438e-08
1.97538003732234e-08
2.02125907122763e-08
2.09533350670199e-08
2.22097682467393e-08
2.37410819892148e-08
2.55896761558461e-08
2.7820711068216e-08
2.98081701544106e-08
3.2311383790784e-08
3.52756792665332e-08
3.86476415314974e-08
4.24060466741594e-08
4.87523976744342e-08
5.94779940854551e-08
7.11817236265233e-08
8.3204042766738e-08
8.79562378486298e-08
9.51547605154701e-08
1.02283486569377e-07
1.09257129565776e-07
1.1943987487939e-07
1.34136243445937e-07
1.55512665855895e-07
1.61001494802804e-07
1.66496064935018e-07
1.72073825410735e-07
1.80581196218554e-07
1.93540984128049e-07
2.1245999448638e-07
2.39040588212447e-07
2.47763296101766e-07
2.49659763085219e-07
2.51419351116056e-07
2.53850885201246e-07
2.57222438904137e-07
2.61855859662319e-07
2.66280665073282e-07
2.70320526851719e-07
2.71736439572123e-07
2.7381733502807e-07
2.76856241043788e-07
2.81393027989907e-07
2.8476898705776e-07
2.88076989818364e-07
2.91340342073454e-07
2.94534743261465e-07
2.99154493177411e-07
3.00900666161397e-07
3.02614154179537e-07
3.04301352116454e-07
3.05994291238676e-07
3.08540165860904e-07
3.12370872279644e-07
3.18203717597498e-07
3.20701843747884e-07
3.23398552382059e-07
3.26168304809471e-07
3.30747212728966e-07
3.37021788254788e-07
3.38577649472427e-07
3.40413436106246e-07
3.42617425985736e-07
3.45367908494154e-07
3.48979313002928e-07
3.54235254462765e-07
3.63786739399075e-07
3.67169263881806e-07
3.71399636378555e-07
3.80544747713429e-07
4.13182959846381e-07
4.94292862640577e-07
5.78241611037811e-07
6.54434529678838e-07
6.94044558713358e-07
7.15628630132414e-07
7.34130082946649e-07
7.453555781467e-07
7.51011214106256e-07
7.53123345020867e-07
7.54159884763794e-07
7.54803068048204e-07
7.55515031869436e-07
7.56434133108996e-07
7.5771635010824e-07
7.59562738039676e-07
7.6226251621847e-07
7.66287030273816e-07
7.7260591524464e-07
8.24926132736437e-07
8.38020810078888e-07
8.41652024519135e-07
8.44079693251842e-07
8.4796886312688e-07
8.55769826557662e-07
8.63874220158323e-07
8.73334329298814e-07
8.89307102625025e-07
9.09891696210252e-07
9.34238244099106e-07
9.51581398567214e-07
9.66033894655993e-07
9.75187390395149e-07
9.76704995991895e-07
9.76202841229679e-07
9.74280396803806e-07
9.69459847510734e-07
9.64688069871045e-07
9.57369024945365e-07
9.48466663430736e-07
9.38673622385977e-07
9.27567725739209e-07
9.15576265470008e-07
9.0339557345942e-07
8.91590843821177e-07
8.81779214978451e-07
8.73046815286216e-07
8.64688217916409e-07
8.56276642480225e-07
8.47024466565927e-07
8.39209462810686e-07
8.31381953503296e-07
8.25002246074291e-07
8.18604746655183e-07
8.14370707757917e-07
8.09892753750319e-07
8.04937940301897e-07
7.99243196070165e-07
7.94693505667965e-07
7.90253864124679e-07
7.8536481851188e-07
7.78723006078508e-07
7.76885883624345e-07
7.76846775352169e-07
7.76832052906684e-07
7.76810054503585e-07
7.7680181220785e-07
7.76798742663232e-07
7.76794138346304e-07
7.76793683598953e-07
7.76793058321346e-07
7.76793001477927e-07
7.76793001477927e-07
7.76793001477927e-07
7.76793001477927e-07
7.76793001477927e-07
7.76792944634508e-07
7.76792944634508e-07
7.76792944634508e-07
7.76792944634508e-07
7.76792944634508e-07
7.76792944634508e-07
7.76792944634508e-07
7.76792944634508e-07
7.76792944634508e-07
7.76792944634508e-07
7.76792944634508e-07
7.76792944634508e-07
7.76792944634508e-07
7.76792887791089e-07
7.76792887791089e-07
7.76792887791089e-07
7.76792887791089e-07
7.76792887791089e-07
7.76792887791089e-07
7.76792887791089e-07
7.76792887791089e-07
7.76792887791089e-07
7.76792887791089e-07
7.76792887791089e-07
7.76792887791089e-07
7.76792887791089e-07
7.76792887791089e-07
7.76792887791089e-07
7.76792887791089e-07
