0.0
2.3857737119215e-07
3.01523505186196e-06
4.30625459557632e-06
5.51409766558209e-06
6.99832662576227e-06
9.15646978683071e-06
1.09283137135208e-05
1.19055112008937e-05
1.26211416500155e-05
1.34261499624699e-05
1.55499692482408e-05
2.00349113583798e-05
2.50609027716564e-05
2.92892382276477e-05
3.28209680446889e-05
3.69877270713914e-05
3.97110125049949e-05
4.56271882285364e-05
5.49226824659854e-05
6.89974185661413e-05
7.57484813220799e-05
8.25289462227374e-05
9.33883129619062e-05
0.000107884239696432
0.00012802256969735
0.000155725865624845
0.000178572401637211
0.000200976093765348
0.000217239648918621
0.000230099729378708
0.000239589338889346
0.000245747301960364
0.000248714699409902
0.000248405995080248
0.000245154747972265
0.000238907741731964
0.000229596873396076
0.000217479217099026
0.000202469687792473
0.000184868709766306
0.000164519384270534
0.00014172270311974
0.000116329982120078
8.77263664733618e-05
5.67146598768886e-05
2.18399763980415e-05
5.88750299357343e-06
5.88820785196731e-06
5.89073351875413e-06
5.8927412283083e-06
5.89294631936355e-06
5.89314277021913e-06
5.89183264310122e-06
5.88683178648353e-06
5.88639659326873e-06
5.88679085922195e-06
5.88891134611913e-06
5.8910773077514e-06
5.89115825277986e-06
5.88576767768245e-06
5.88627153774723e-06
5.88732837059069e-06
5.88833563597291e-06
5.89038700127276e-06
5.89072351431241e-06
5.88812781643355e-06
5.8822793107538e-06
5.88172360949102e-06
5.88371904086671e-06
5.885177415621e-06
5.88520333622e-06
5.88528337175376e-06
5.88539387536002e-06
5.88539387536002e-06
