0.0
6.55519443171215e-08
4.82857740280451e-06
9.31735303311143e-06
1.58430721057812e-05
2.77980634564301e-05
4.638212340069e-05
6.96760325809009e-05
7.63835705583915e-05
8.25822935439646e-05
8.85115077835508e-05
8.99787919479422e-05
9.14351767278276e-05
9.3612790806219e-05
9.44252606132068e-05
9.58436503424309e-05
9.87379316939041e-05
0.000101645237009507
0.000104586411907803
0.00010755518451333
0.000110504355689045
0.000113417343527544
0.000116263807285577
0.000119068914500531
0.000121911318274215
0.000124641388538294
0.000128812171169557
0.000134788904688321
0.000143740209750831
0.000147088911035098
0.000151995496707968
0.000153759887325577
0.000156473208335228
0.000157530987053178
0.000159037896082737
0.000161342351930216
0.000164842102094553
0.000170150771737099
0.000178383590537123
0.000181223062099889
0.000186230434337631
0.000188119811355136
0.000190989390830509
0.000193958650925197
0.000196838358533569
0.000200001624762081
0.000200443115318194
0.000201032584300265
0.00020156976825092
0.000202148396056145
0.000202301365789026
0.000202409471967258
0.000202519731828943
0.000202628987608477
0.000202792769414373
0.000202852868824266
0.000202945971977897
0.000203083953238092
0.000203288873308338
0.000203368224902079
0.000203484654775821
0.000203658259124495
0.000203724732273258
0.000203821982722729
0.000203971256269142
0.000204118929104879
0.000204265103093348
0.000204414347535931
0.000204560463316739
0.000204708150704391
0.000204856012715027
0.000205005635507405
0.000205060045118444
0.000205144460778683
0.000205267788260244
0.000205315693165176
0.000205385003937408
0.000205490330699831
0.000205649979761802
0.000205708231078461
0.000205798423849046
0.000205931995878927
0.000206130469450727
0.000206207216251642
0.000206318611162715
0.000206361830350943
0.000206424520001747
0.000206520984647796
0.000206662196433172
0.000206806740607135
0.000206948025152087
0.000207092612981796
0.00020723398483824
0.000207378645427525
0.00020752010459546
0.000207664881600067
0.000207806398975663
0.000207951321499422
0.000208092882530764
0.000208236146136187
0.000208379555260763
0.0002085243613692
0.000208577301236801
0.000208658908377402
0.000208778787055053
0.000208824989385903
0.000208892379305325
0.000208995814318769
0.000209149380680174
0.000209302786970511
0.000209454519790597
0.000209513164008968
0.000209598234505393
0.000209727702895179
0.000209777295822278
0.000209849415114149
0.000209960344363935
0.000210000231163576
0.000210062687983736
0.000210154961678199
0.000210292520932853
0.000210345053346828
0.000210422382224351
0.000210540471016429
0.000210583399166353
0.000210649974178523
0.000210747341043316
0.000210895290365443
0.000211043356102891
0.000211191581911407
0.000211416190722957
0.000211499063880183
0.000211623788345605
0.000211812075576745
0.000212091938010417
0.000212199433008209
0.000212358630960807
0.000212477476452477
0.000212595507036895
0.000212640647077933
0.000212707134778611
0.000212808416108601
0.000212959581403993
0.000213185892789625
0.000213530496694148
0.00021359215315897
0.000213688588701189
0.000213830295251682
0.000213885054108687
0.00021396616648417
0.000214088315260597
0.000214270112337545
0.000214339583180845
0.000214441155549139
0.000214597108424641
0.00021471138461493
0.000214828280149959
0.000214870917261578
0.000214936677366495
0.000215033200220205
0.000215181251405738
0.000215326130273752
0.00021547258074861
0.00021561914763879
0.000215765830944292
0.000215988126001321
0.000216070126043633
0.000216193511732854
0.000216379878111184
0.00021665649546776
0.000216763117350638
0.000216801563510671
0.000216861153603531
0.000216948363231495
0.00021708058193326
0.000217131309909746
0.000217204957152717
0.000217317981878296
0.000217359236557968
0.000217422741116025
0.00021751613530796
0.000217659136978909
0.000217800799873658
0.000217940891161561
0.000218082292121835
0.000218225584831089
0.000218367495108396
0.000218509216210805
0.0002186493948102
0.000218703542486764
0.000218782166484743
0.000218901812331751
0.000219082678086124
0.000219148860196583
0.000219251291127875
0.000219402689253911
0.000219514899072237
0.000219629640923813
0.00021967149223201
0.000219736088183708
0.000219830879359506
0.000219974579522386
0.000220118396100588
0.000220262358197942
0.000220480724237859
0.000220561152673326
0.000220682180952281
0.000220865156734362
0.000220932677621022
0.000221036418224685
0.000221073889406398
0.000221132402657531
0.000221217793296091
0.00022134929895401
0.000221479465835728
0.000221608235733584
0.000221657915972173
0.000221730311750434
0.000221841284655966
0.000221881869947538
0.000221944268560037
0.000222036163904704
0.000222175032831728
0.000222228351049125
0.000222305723582394
0.000222424772800878
0.000222467962885275
0.000222534959902987
0.000222632792429067
0.000222781658521853
0.000222894959733821
0.000223005496081896
0.000223048249608837
0.000223110444494523
0.000223206021473743
0.000223346098209731
0.000223489230847917
0.000223631053813733
0.000223772716708481
0.000223913142690435
0.000223967130295932
0.00022404597257264
0.000224166855332442
0.000224210889427923
0.000224278977839276
0.000224378614802845
0.000224529998376966
0.000224645249545574
0.000224757663090713
0.000224801173317246
0.000224864401388913
0.000224961753701791
0.000225104595301673
0.000225160241825506
0.000225240379222669
0.0002253628190374
0.000225548283196986
0.000225615702220239
0.000225720141315833
0.00022587385319639
0.000226028772885911
0.00022618574439548
0.000226341071538627
0.000226496340474114
0.000226650023250841
0.000226709322305396
0.000226795469643548
0.000226926000323147
0.000226976742851548
0.000227050622925162
0.000227160518988967
0.000227328957407735
0.000227575364988297
0.000227672237087972
0.000227812241064385
0.000227955184527673
0.000228095042984933
0.000228149161557667
0.000228227698244154
0.00022834692208562
0.000228527584113181
0.00022859351884108
0.000228695644182153
0.000228845063247718
0.000228996024816297
0.000229147291975096
0.000229375626076944
0.000229459517868236
0.00022958884073887
0.000229635232244618
0.00022970704594627
0.000229815312195569
0.000229976023547351
0.000230037505389191
0.00023012756719254
0.000230263729463331
0.00023031591263134
0.000230391902732663
0.000230508565437049
0.000230679623200558
0.000230852339882404
0.00023102514387574
0.000231199839618057
0.000231263475143351
0.000231362151680514
0.00023150812194217
0.000231725061894394
0.000232060017879121
0.000232179241720587
0.000232303180382587
0.000232425722060725
0.000232610298553482
0.000232892911299132
0.000233299768297002
0.000233464888879098
0.000233583399676718
0.000233705140999518
0.000233748403843492
0.000233816594118252
0.000233917060540989
0.000234066654229537
0.000234123930567876
0.00023420799698215
0.000234336606808938
0.000234383245697245
0.000234455699683167
0.000234561652177945
0.000234722654568031
0.000234883817029186
0.000235046652960591
0.000235106097534299
0.000235197905567475
0.000235332612646744
0.000235384577536024
0.000235460320254788
0.000235576648265123
0.000235749161220156
0.000235919709666632
0.000236093896091916
0.000236264735576697
0.000236437190324068
0.000236611653235741
0.000236782652791589
0.000236957217566669
0.000237128377193585
0.000237303043832071
0.000237474305322394
0.000237649117480032
0.000237820524489507
0.000237995482166298
0.00023816702014301
0.000238342137890868
0.000238515654928051
0.000238687382079661
0.000238862514379434
0.000239034328842536
0.000239209693972953
0.000239383487496525
0.00023955715005286
0.000239729473832995
0.000239795539528131
0.000239892266108654
0.00024003887665458
0.000240260851569474
0.00024058556300588
0.000240713954553939
0.000240836787270382
0.000240962152020074
0.000241084810113534
0.000241272238781676
0.000241409565205686
0.000241550762439147
0.000241688860114664
0.000241829809965566
0.000241881163674407
0.000241960515268147
0.000242078327573836
0.000242253634496592
0.000242320849793032
0.000242419104324654
0.000242568101384677
0.00024262499937322
0.000242708090809174
0.000242835536482744
0.000242881535086781
0.000242953334236518
0.000243059505010024
0.000243218819377944
0.000243459900957532
0.000243548100115731
0.000243682952714153
0.000243734568357468
0.000243809874518774
0.000243925300310366
0.000244094801018946
0.000244265829678625
0.00024443882284686
0.00024461027351208
0.000244779861532152
0.000244950904743746
0.000245124014327303
0.000245295523200184
0.000245465169427916
0.000245636270847172
0.000245809787884355
0.000245979288592935
0.000246109324507415
0.000246236770180985
0.000246285781031474
0.000246357463765889
0.000246467156102881
0.000246628507738933
0.000246791314566508
0.000246954296017066
0.000247118819970638
0.000247178919380531
0.000247271702392027
0.000247407762799412
0.000247460353421047
0.000247536780079827
0.000247652729740366
0.00024782819673419
0.000247892457991838
0.000247991556534544
0.00024813850177452
0.000248357275268063
0.000248441443545744
0.000248564261710271
0.000248611700953916
0.00024868079344742
0.000248786760494113
0.000248942436883226
0.000249101285589859
0.000249257020186633
0.000249415897997096
0.000249571749009192
0.000249730714131147
0.000249888369580731
0.000250044773565605
0.000250104698352516
0.000250192737439647
0.000250325741944835
0.000250376673648134
0.000250451033934951
0.000250564888119698
0.000250732264248654
0.000250902929110453
0.00025107036344707
0.000251242978265509
0.000251409568591043
0.000251538411248475
0.000251663906965405
0.000251860328717157
0.000251928606303409
0.000252037309110165
0.000252197351073846
0.00025225942954421
0.000252349185757339
0.0002524875162635
0.000252537778578699
0.000252615573117509
0.000252729456406087
0.000252904195804149
0.000253075762884691
0.000253250589594245
0.000253422185778618
0.000253597216214985
0.000253768841503188
0.000253944017458707
0.000254115730058402
0.000254290906013921
0.000254463055171072
0.00025463942438364
0.000254702958045527
0.000254801765549928
0.000254947750363499
0.000255003833444789
0.000255085760727525
0.000255211227340624
0.000255397550063208
0.000255581951932982
0.000255770311923698
0.00025590808945708
0.000256119266850874
0.000256274768617004
0.000256433384492993
0.000256491301115602
0.000256580649875104
0.000256713334238157
0.000256911444012076
0.000257213832810521
0.0002573246601969
0.000257493433309719
0.000257744919508696
0.000257840234553441
0.000257982610492036
0.000258196203503758
0.000258516112808138
0.000258998567005619
0.000259726395597681
0.000260811997577548
