0.0
1.2563363977619e-12
1.2824052800578e-12
1.28241937468604e-12
1.28241948310626e-12
1.28241937468604e-12
1.44990345684465e-12
2.91395314995502e-12
7.85671180891789e-12
1.64482871767291e-11
2.48337617830829e-11
3.16900811148102e-11
3.64271564301522e-11
4.1343969914287e-11
4.59486754200711e-11
5.15151428459593e-11
5.96080962367296e-11
7.24007728769571e-11
9.15975281734482e-11
1.14754837576836e-10
1.37767311447767e-10
1.62650060087088e-10
5.40006372951041e-10
1.08648523511334e-09
2.09388550942435e-09
2.80739542724007e-09
3.45606721019465e-09
4.05575484307974e-09
4.6938848363709e-09
5.32098232142175e-09
5.96267835106801e-09
6.21106321929688e-09
6.5303558116625e-09
6.95373136849753e-09
7.55669748997434e-09
8.69969341010801e-09
1.13846079230484e-08
1.56032378129112e-08
1.99643750420364e-08
2.64463491106426e-08
3.97390920170437e-08
6.13451263120623e-08
8.41658618355723e-08
1.06195962246147e-07
1.34756461989127e-07
2.01146818312736e-07
3.40438788271058e-07
4.02771092922194e-07
4.41683454255326e-07
4.8009724196163e-07
5.05602770317637e-07
5.16512727699592e-07
5.21101355843712e-07
5.23482356129534e-07
5.24874394614017e-07
5.25723180544446e-07
5.26302528669476e-07
5.26717371940322e-07
5.27027850694139e-07
5.27272220551822e-07
5.27579459230765e-07
5.27978443187749e-07
5.28510668118543e-07
5.29272540461534e-07
5.30412592070206e-07
5.31746422893775e-07
5.32723447577155e-07
5.33562797500053e-07
5.34329444690229e-07
5.3541566558124e-07
5.37039397840999e-07
5.3929227306071e-07
5.42647796919482e-07
5.4392478432419e-07
5.46026114989218e-07
5.49062121990573e-07
5.49455137388577e-07
5.49858043541462e-07
5.50349909644865e-07
5.50977688362764e-07
5.51825451111654e-07
5.53063273400767e-07
5.55236567834072e-07
5.62413617899438e-07
5.74554292143148e-07
5.78999902245414e-07
5.84646841161884e-07
5.9882358982577e-07
6.33442141406704e-07
6.78218270877551e-07
7.13828683274187e-07
7.53106291995209e-07
7.95902053596365e-07
8.28747431569354e-07
8.47987791985361e-07
8.55581561154395e-07
8.58642238199536e-07
8.6004467902967e-07
8.60789100443071e-07
8.61242881455837e-07
8.61721048295294e-07
8.6226913253995e-07
8.6297319512596e-07
8.63944080720103e-07
8.65287404394621e-07
8.67166704665578e-07
8.69806171976961e-07
8.73936414791388e-07
8.80756942933658e-07
8.93366802756645e-07
8.9968767724713e-07
9.11607514808566e-07
9.18417583761766e-07
9.2322557065927e-07
9.38246046189306e-07
9.74195700109703e-07
1.032148475133e-06
1.08435824586195e-06
1.1289185977148e-06
1.18581192509737e-06
1.25381939142244e-06
1.3300425507623e-06
1.41673763209837e-06
1.52640211581456e-06
1.65910125815572e-06
1.8014749230133e-06
1.90643459063722e-06
1.98817610908009e-06
2.05330889002653e-06
2.10228267860657e-06
2.13651856029173e-06
2.16118519347219e-06
2.18408558794181e-06
2.20563197217416e-06
2.22697622120904e-06
2.23590723180678e-06
2.23570714297239e-06
2.23226857087866e-06
2.22492167267774e-06
2.21985692405724e-06
2.21246182263712e-06
2.21169671021926e-06
2.21141749534581e-06
2.21928144128469e-06
2.22654716708348e-06
2.23157690015796e-06
2.23636448026809e-06
2.23985034608631e-06
2.24211657950946e-06
2.24521295422164e-06
2.24700556827884e-06
2.24894301936729e-06
2.25082499127893e-06
2.25238704842923e-06
2.25391795538599e-06
2.2541187263414e-06
2.25500616579666e-06
2.25504481932148e-06
2.25522512664611e-06
2.25587086788437e-06
2.2566928237211e-06
2.25717371904466e-06
2.28062549467722e-06
2.28536691793124e-06
2.30191517403e-06
2.31462172450847e-06
2.32469142247282e-06
2.32919819609378e-06
2.39245150623901e-06
2.40527765527077e-06
2.42096075453446e-06
2.43930799115333e-06
2.45727210312907e-06
2.47485832005623e-06
2.49321578849049e-06
2.51001051765343e-06
2.52272525358421e-06
2.52963559432828e-06
2.53151051765599e-06
2.53168241215462e-06
2.53166513175529e-06
2.53158714258461e-06
2.53153007179208e-06
2.53145617534756e-06
2.53134612648864e-06
2.53118059845292e-06
2.53093276114669e-06
2.53056282417674e-06
2.53000962402439e-06
2.529196535761e-06
2.52795166488795e-06
2.52609152084915e-06
2.52329505201487e-06
2.51923711402924e-06
2.5134088446066e-06
2.50428433901106e-06
2.49066602009407e-06
2.47674620368343e-06
2.46267381953658e-06
2.44956913775241e-06
2.43507088271144e-06
2.42231362790335e-06
2.40867007050838e-06
2.39571340898692e-06
2.38203074331977e-06
2.36918981499912e-06
2.35566039918922e-06
2.34210187954886e-06
2.32924844567606e-06
2.31619628721091e-06
2.30350110541622e-06
2.28959265768935e-06
2.27673308472731e-06
2.26386987378646e-06
2.25059807235084e-06
2.23768302021199e-06
2.2260589958023e-06
2.21314235204773e-06
2.20034871745156e-06
2.18756736103387e-06
2.18349191527523e-06
2.18294940168562e-06
2.18294940168562e-06
