-0.0
-8.5265128291212e-14
0.00210881698876619
0.00508852768689394
0.0101860528811812
0.0153377316892147
0.0209575109183788
0.0263045188039541
0.0318267531692982
0.0373820811510086
0.042907927185297
0.0458971560001373
0.0481067188084126
0.0498628839850426
0.0521445460617542
0.0553317368030548
0.0582951940596104
0.0610936023294926
0.0644074752926826
0.0691283196210861
0.0728629678487778
0.075972355902195
0.0810608118772507
0.0858509391546249
0.0910215601325035
0.0954987555742264
0.0990840122103691
0.101837895810604
0.104891628026962
0.107777073979378
0.110379114747047
0.113870643079281
0.11712284386158
0.117912217974663
0.118681073188782
0.118963927030563
0.119382284581661
0.119974993169308
0.120834782719612
0.121650710701942
0.122601471841335
0.123823761940002
0.125492483377457
0.127084285020828
0.127463668584824
0.128045216202736
0.128893628716469
0.130133271217346
0.131933197379112
0.134478062391281
0.137757897377014
0.14051878452301
0.143790155649185
0.146934196352959
0.149888142943382
0.153899639844894
0.157604575157166
0.15800553560257
0.158053979277611
0.158108532428741
0.158165454864502
0.158198609948158
0.158279359340668
0.158318564295769
0.158339262008667
0.158366218209267
0.158397898077965
0.158424034714699
0.158438891172409
0.158469244837761
0.158480867743492
0.158518925309181
0.158538907766342
0.158568739891052
0.158618435263634
0.158605843782425
0.158423662185669
0.157988712191582
0.157019093632698
0.155036628246307
0.150243580341339
0.142783612012863
0.132481500506401
0.120821714401245
0.107963025569916
0.0939792841672897
0.0787510722875595
0.0626781135797501
0.0452747903764248
0.0275840982794762
0.00910370890051126
0.00264552957378328
0.00175918848253787
0.00111426680814475
0.000587169895879924
0.000170918283401988
2.48051364906132e-05
1.68739534274209e-05
1.73570660990663e-05
1.80071183422115e-05
1.89330930879805e-05
1.87416426342679e-05
1.85564585990505e-05
1.81294162757695e-05
1.73397129401565e-05
1.66347690537805e-05
1.58190341608133e-05
1.51564854604658e-05
1.44710702443263e-05
1.38386176331551e-05
1.2847132893512e-05
1.1830363291665e-05
1.10941127786646e-05
9.57324846240226e-06
8.30757016956341e-06
6.7185292209615e-06
4.85790769744199e-06
3.11909616357298e-06
1.32084926462994e-06
8.83845814314554e-07
3.16879550155136e-07
-3.09804022435856e-07
-3.09804022435856e-07
