0.0
6.39641712041339e-07
6.3798654537095e-07
6.37988307516935e-07
6.3798853489061e-07
6.37988591734029e-07
6.3798853489061e-07
6.3798853489061e-07
6.3798853489061e-07
6.3798853489061e-07
6.3798853489061e-07
1.95044367501396e-06
1.06411807792028e-05
3.1241484975908e-05
6.65648112772033e-05
0.000123226185678504
0.000202312803594396
0.000300551211694255
0.000413234811276197
0.000513168633915484
0.000538407359272242
0.000562705681659281
0.000586584443226457
0.000622820807620883
0.000663079903461039
0.000673456059303135
0.000683809688780457
0.000694121001288295
0.000709695625118911
0.000725278572645038
0.000740713614504784
0.000763701857067645
0.000786228862125427
0.000808117678388953
0.000842356123030186
0.000901699182577431
0.000926286156754941
0.000965247803833336
0.000994278118014336
0.00102321524173021
0.00105316564440727
0.00108508230186999
0.00112125289160758
0.00115935353096575
0.00119889399502426
0.00123947381507605
0.00128085969481617
0.00132289377506822
0.00136549910530448
0.00140885880682617
0.00147540646139532
0.0015789003809914
0.00174254598096013
0.00192102289292961
0.00211254972964525
0.0023168115876615
0.00253507401794195
0.00259136641398072
0.00264833564870059
0.0026501240208745
0.00265146512538195
0.00265280622988939
0.00265481718815863
0.00265682535246015
0.00265833013691008
0.0026594593655318
0.00266059278510511
0.00266174017451704
0.00266261282376945
0.00266349478624761
0.00266440003179014
0.00266532483510673
0.00266627036035061
0.00266718934290111
0.00266808620654047
0.00266898912377656
0.00266987201757729
0.00267074652947485
0.00267161405645311
0.00267250882461667
0.00267339101992548
0.00267426669597626
0.00267513422295451
0.00267599942162633
0.00267686927691102
0.00267772888764739
0.00267859711311758
0.00267948652617633
0.00268042297102511
0.00268137967213988
0.00268231611698866
0.00268327910453081
0.0026841948274523
0.00268506677821279
0.00268593220971525
0.00268679508008063
0.00268762139603496
0.00268844538368285
0.00268925633281469
0.00269006565213203
0.00269088661298156
0.00269169709645212
0.00269249989651144
0.00269330246374011
0.00269410223700106
0.00269490433856845
0.00269569572992623
0.00269648036919534
0.00269726384431124
0.00269804615527391
0.00269882776774466
0.00269960868172348
0.00270078191533685
0.00270196050405502
0.00270314002409577
0.00270491931587458
0.00270760268904269
0.00271164625883102
0.00271774735301733
0.00272693973965943
0.00273618404753506
0.00274548400193453
0.00275483028963208
0.00276426016353071
0.00277849030680954
0.00280000688508153
0.00283249700441957
0.00284474948421121
0.00286319456063211
0.00286362646147609
0.00286427489481866
0.00286524812690914
0.00286670681089163
0.00286816502921283
0.0028692577034235
0.00287034898065031
0.00287116691470146
0.00287198484875262
0.00287280417978764
0.00287362467497587
0.00287444633431733
0.00287568080238998
0.00287753506563604
0.00288032065145671
0.00288450391963124
0.00289078895002604
0.00290022767148912
0.00291440286673605
0.00293572177179158
0.00296783586964011
0.00301626790314913
0.00308950687758625
0.00320026883855462
0.00331244966946542
0.00342581234872341
0.0034686045255512
0.00353242550045252
0.00354827684350312
0.00356401223689318
0.00358729436993599
0.00359297660179436
0.00359861715696752
0.00360423652455211
0.00361265218816698
0.00361581007018685
0.00361896562390029
0.00362211931496859
0.0036252720747143
0.00362842320464551
0.00363157480023801
0.00363472499884665
0.00363787659443915
0.00364103331230581
0.00364419724792242
0.00364738795906305
0.00364979798905551
0.0036522070877254
0.00365461269393563
0.0036570243537426
0.00365882646292448
0.0036606197245419
0.00366238760761917
0.00366413732990623
0.00366587284952402
0.00366759719327092
0.00366931175813079
0.00367101584561169
0.00367354671470821
0.00367605919018388
0.0036785586271435
0.00368104339577258
0.0036835172213614
0.00368598219938576
0.0036884406581521
0.00369089283049107
0.0036945603787899
0.00369821931235492
0.00370186753571033
0.0037073225248605
0.00371276075020432
0.00371817662380636
0.00372357596643269
0.00372895714826882
0.00373432063497603
0.0037423346657306
0.00375032005831599
0.00375828100368381
0.00376622006297112
0.00377810746431351
0.00379589293152094
0.00380924087949097
0.00382262514904141
0.00384278781712055
0.00387327349744737
0.00391922937706113
0.00398720661178231
0.00408010371029377
0.00420356169342995
0.00436548003926873
0.00455793924629688
0.00469607952982187
0.00478203315287828
0.00482391053810716
0.0048232339322567
0.00482193799689412
0.00481999339535832
0.00481680827215314
0.00481279753148556
0.00480890134349465
0.00480519980192184
0.0048014703206718
0.00479800021275878
0.00479409331455827
0.00479062553495169
0.00478638475760818
0.00478240568190813
0.00477759260684252
0.00477227149531245
0.00476602371782064
0.00476053543388844
0.00475473515689373
0.00474857958033681
0.00474140467122197
0.00473426841199398
0.00472558382898569
0.00471717678010464
0.0047080647200346
0.00469846604391932
0.00468759797513485
0.00467684678733349
0.00466514239087701
0.00465195905417204
0.00463849538937211
0.00462448270991445
0.00461003417149186
0.00459503382444382
0.00458056293427944
0.00456504616886377
0.00455074710771441
0.00453581102192402
0.00452071335166693
0.00450517516583204
0.00448964675888419
0.00447557494044304
0.00445963023230433
0.00444668903946877
0.00443178648129106
0.00441742548719049
0.00441660452634096
0.00441531976684928
0.00441482523456216
0.00441464129835367
0.0044143651612103
0.00441395537927747
0.00441395537927747
