0.0
1.21578452194626e-07
4.52620781743462e-07
1.43022202792054e-06
2.86645808955655e-06
4.24306608692859e-06
5.8106120377488e-06
7.7493823482655e-06
1.10211631181301e-05
1.95487900782609e-05
2.51559176831506e-05
3.35819495376199e-05
4.59314833278768e-05
4.70996710646432e-05
4.74033040518407e-05
4.78609654237516e-05
4.849091055803e-05
4.94147498102393e-05
4.97627370350529e-05
5.0293263484491e-05
5.10936806676909e-05
5.14178973389789e-05
5.19213026564103e-05
5.267774395179e-05
5.29670651303604e-05
5.33955681021325e-05
5.40601249667816e-05
5.43315509275999e-05
5.47465751878917e-05
5.51807461306453e-05
5.56200066057499e-05
5.62980349059217e-05
5.70298398088198e-05
5.7864781410899e-05
5.88346483709756e-05
5.98958940827288e-05
6.10501738265157e-05
6.22274310444482e-05
6.3432460592594e-05
6.52945163892582e-05
6.81958554196171e-05
7.11132888682187e-05
7.40542745916173e-05
7.83938594395295e-05
8.27829207992181e-05
8.71563170221634e-05
9.15441632969305e-05
9.58552118390799e-05
9.9082724773325e-05
0.000102238525869325
0.00010534207103774
0.000107669373392127
0.00010998949437635
0.000112309819087386
0.000112901507236529
0.000113496753328945
0.000114100344944745
0.000114720518467948
0.000115366536192596
0.000116015362436883
0.000116653798613697
0.000117281990242191
0.000117906405648682
0.000118536954687443
0.000119188436656259
0.000119899377750698
0.000120442920888308
0.000120953409350477
0.000121433979074936
0.000121888981084339
0.000122323763207532
0.000122742945677601
0.000123349163914099
0.000124233469250612
0.000125542268506251
0.000127488048747182
0.000130423068185337
0.000133426379761659
0.000134010027977638
0.000134603615151718
0.000135200520162471
0.000135806214530021
0.000136435439344496
0.000137097362312488
0.000137805647682399
0.000138542949571274
0.000139286523335613
0.000140059419209138
0.000140843199915253
0.000141553959110752
0.000142198041430674
0.000142795091960579
0.000143360259244218
0.00014390452997759
0.000144698904477991
0.000145865633385256
0.000147594182635657
0.000150169536937028
0.00015401269774884
0.000159731775056571
0.000168219296028838
0.000180711984285153
0.000198778638150543
0.000226027244934812
0.000268534029601142
0.000332576048094779
0.000425188656663522
0.000560096523258835
0.000691804161760956
0.00081177765969187
0.000927409215364605
0.00103137490805238
0.00111750955693424
0.00119177554734051
0.00125341699458659
0.00130205135792494
0.0013391055399552
0.00136435288004577
0.00137710873968899
0.00137885578442365
0.00137722701765597
0.00137269287370145
0.00137054140213877
0.0013695367379114
0.00136843358632177
0.00136704056058079
0.00136478163767606
0.00136124982964247
0.00135646702256054
0.00134968187194318
0.00133925105910748
0.00132740172557533
0.0013153167674318
0.00130364939104766
0.0012920432491228
0.00128005037549883
0.00126739265397191
0.00125582632608712
0.00124375824816525
0.00123223208356649
0.00122002919670194
0.00120743282604963
0.00119563157204539
0.0011845885310322
0.00117170589510351
0.00115887622814626
0.00114815111737698
0.00113493425305933
0.00112431880552322
0.00111133535392582
0.00109886471182108
0.00108734250534326
0.00107472878880799
0.00106354604940861
0.00105054164305329
0.00103902502451092
0.00102584029082209
0.001015147077851
0.000998525065369904
0.000980937038548291
0.000966839783359319
0.000965879415161908
0.000965559156611562
0.000965439307037741
0.000965258514042944
0.000965258514042944
0.000965258514042944
0.000965258514042944
0.000965258514042944
0.000965258514042944
0.000965258455835283
0.000965258455835283
0.000965258455835283
0.000965258455835283
0.000965258455835283
0.000965258455835283
0.000965258455835283
0.000965258455835283
0.000965258397627622
0.000965258397627622
0.000965258397627622
0.000965258397627622
0.000965258397627622
0.000965258397627622
0.000965258397627622
0.000965258339419961
0.000965258339419961
0.000965258339419961
0.000965258339419961
0.000965258339419961
0.000965258339419961
0.000965258339419961
0.000965258339419961
0.0009652582812123
0.0009652582812123
0.0009652582812123
0.0009652582812123
0.0009652582812123
0.0009652582812123
0.0009652582812123
0.0009652582812123
0.000965258223004639
0.000965258223004639
0.000965258223004639
0.000965258223004639
0.000965258223004639
0.000965258223004639
0.000965258223004639
0.000965258164796978
0.000965258164796978
0.000965258164796978
0.000965258164796978
0.000965258164796978
0.000965258164796978
0.000965258164796978
0.000965258106589317
0.000965258106589317
0.000965258106589317
0.000965258106589317
0.000965258106589317
0.000965258106589317
0.000965258106589317
0.000965258106589317
0.000965258048381656
0.000965258048381656
0.000965258048381656
0.000965258048381656
0.000965258048381656
0.000965258048381656
0.000965258048381656
0.000965258048381656
0.000965257990173995
0.000965257990173995
0.000965257990173995
0.000965257990173995
0.000965257990173995
0.000965257990173995
0.000965257990173995
0.000965257990173995
0.000965257931966335
0.000965257931966335
0.000965257931966335
0.000965257931966335
0.000965257931966335
0.000965257931966335
0.000965257931966335
0.000965257873758674
0.000965257873758674
0.000965257873758674
0.000965257873758674
0.000965257873758674
0.000965257873758674
0.000965257873758674
0.000965257815551013
0.000965257815551013
0.000965257815551013
0.000965257815551013
0.000965257815551013
0.000965257815551013
0.000965257815551013
0.000965257815551013
0.000965257815551013
0.000965257757343352
0.000965257757343352
0.000965257757343352
0.000965257757343352
0.000965257757343352
0.000965257757343352
0.000965257757343352
0.000965257699135691
0.000965257699135691
0.000965257699135691
0.000965257699135691
0.000965257699135691
0.000965257699135691
0.000965257699135691
0.00096525764092803
0.00096525764092803
0.00096525764092803
0.00096525764092803
0.00096525764092803
0.00096525764092803
0.00096525764092803
0.00096525764092803
0.000965257582720369
0.000965257582720369
0.000965257582720369
0.000965257582720369
0.000965257582720369
0.000965257582720369
0.000965257582720369
0.000965257524512708
0.000965257524512708
0.000965257524512708
0.000965257524512708
0.000965257524512708
0.000965257524512708
0.000965257524512708
0.000965257524512708
0.000965257524512708
0.000965257466305047
0.000965257466305047
0.000965257466305047
0.000965257466305047
0.000965257466305047
0.000965257466305047
0.000965257466305047
0.000965257408097386
0.000965257408097386
0.000965257408097386
0.000965257408097386
0.000965257408097386
0.000965257408097386
0.000965257408097386
0.000965257408097386
0.000965257349889725
0.000965257349889725
0.000965257349889725
0.000965257349889725
0.000965257349889725
0.000965257349889725
0.000965257349889725
0.000965257291682065
0.000965257291682065
0.000965257291682065
0.000965257291682065
0.000965257291682065
0.000965257291682065
0.000965257291682065
0.000965257291682065
0.000965257233474404
0.000965257233474404
0.000965257233474404
0.000965257233474404
0.000965257233474404
0.000965257233474404
0.000965257233474404
0.000965257175266743
0.000965257175266743
0.000965257175266743
0.000965257175266743
0.000965257175266743
0.000965257175266743
0.000965257175266743
0.000965257175266743
0.000965257117059082
0.000965257117059082
0.000965257117059082
0.000965257117059082
0.000965257117059082
0.000965257117059082
0.000965257117059082
0.000965257058851421
0.000965257058851421
0.000965257058851421
0.000965257058851421
0.000965257058851421
0.000965257058851421
0.000965257058851421
0.000965257058851421
0.00096525700064376
0.00096525700064376
0.00096525700064376
0.00096525700064376
0.00096525700064376
0.00096525700064376
0.00096525700064376
0.00096525700064376
0.000965256942436099
0.000965256942436099
0.000965256942436099
0.000965256942436099
0.000965256942436099
0.000965256942436099
0.000965256942436099
0.000965256884228438
0.000965256884228438
0.000965256884228438
0.000965256884228438
0.000965256884228438
0.000965256884228438
0.000965256884228438
0.000965256884228438
0.000965256826020777
0.000965256826020777
0.000965256826020777
0.000965256826020777
0.000965256826020777
0.000965256826020777
0.000965256826020777
0.000965256826020777
0.000965256767813116
0.000965256767813116
0.000965256767813116
0.000965256767813116
0.000965256767813116
0.000965256767813116
0.000965256767813116
0.000965256767813116
0.000965256709605455
0.000965256709605455
0.000965256709605455
0.000965256709605455
0.000965256709605455
0.000965256709605455
0.000965256709605455
0.000965256709605455
0.000965256651397794
0.000965256651397794
0.000965256651397794
0.000965256651397794
0.000965256651397794
0.000965256651397794
0.000965256651397794
0.000965256593190134
0.000965256593190134
0.000965256593190134
0.000965256593190134
0.000965256593190134
0.000965256593190134
0.000965256593190134
0.000965256534982473
0.000965256534982473
0.000965256534982473
0.000965256534982473
0.000965256534982473
0.000965256534982473
0.000965256534982473
0.000965256534982473
0.000965256534982473
0.000965256476774812
0.000965256476774812
0.000965256476774812
0.000965256476774812
0.000965256476774812
0.000965256476774812
0.000965256476774812
0.000965256418567151
0.000965256418567151
0.000965256418567151
0.000965256418567151
0.000965256418567151
0.000965256418567151
0.000965256418567151
0.00096525636035949
0.00096525636035949
0.00096525636035949
0.00096525636035949
0.00096525636035949
0.00096525636035949
0.00096525636035949
0.00096525636035949
0.00096525636035949
0.000965256302151829
0.000965256302151829
0.000965256302151829
0.000965256302151829
0.000965256302151829
0.000965256302151829
0.000965256302151829
0.000965256243944168
0.000965256243944168
0.000965256243944168
0.000965256243944168
0.000965256243944168
0.000965256243944168
0.000965256243944168
0.000965256185736507
0.000965256185736507
0.000965256185736507
0.000965256185736507
0.000965256185736507
0.000965256185736507
0.000965256185736507
0.000965256185736507
0.000965256127528846
0.000965256127528846
0.000965256127528846
0.000965256127528846
0.000965256127528846
0.000965256127528846
0.000965256127528846
0.000965256069321185
0.000965256069321185
0.000965256069321185
0.000965256069321185
0.000965256069321185
0.000965256069321185
0.000965256069321185
0.000965256069321185
0.000965256069321185
0.000965256011113524
0.000965256011113524
0.000965256011113524
0.000965256011113524
0.000965256011113524
0.000965256011113524
0.000965256011113524
0.000965256011113524
0.000965255952905864
0.000965255952905864
