-0.0
-1.10412656795233e-08
6.99069460097235e-07
1.99600435735192e-06
1.5663654266973e-06
2.99143721349537e-06
2.90227399091236e-06
3.06622496282216e-06
3.06438778352458e-06
2.25338226300664e-06
-1.34382571559399e-06
-3.69300323654898e-06
-5.07144068251364e-06
-5.63406501896679e-06
-5.76138336327858e-06
-5.9897247410845e-06
-6.45237741991878e-06
-7.13670306140557e-06
-7.38518428988755e-06
-7.75188163970597e-06
-8.28208794700913e-06
-8.56038968777284e-06
-8.99373480933718e-06
-9.64182981988415e-06
-9.93732828646898e-06
-1.0407322406536e-05
-1.11956360342447e-05
-1.15541733975988e-05
-1.21473785839044e-05
-1.27563434944022e-05
-1.34046167659108e-05
-1.44918376463465e-05
-1.55984052980784e-05
-1.65789169841446e-05
-1.71017709362786e-05
-1.74144734046422e-05
-1.74674423760734e-05
-1.74247688846663e-05
-1.7326972738374e-05
-1.71980500454083e-05
-1.76058274519164e-05
-1.81190844159573e-05
-1.86248907994013e-05
-2.10170692298561e-05
-2.38119646382984e-05
-3.51771304849535e-05
-4.65042649011593e-05
-6.81782112224028e-05
-8.43956222524866e-05
-9.45163046708331e-05
-9.64199134614319e-05
-9.50442990870215e-05
-9.33300470933318e-05
-9.38525336096063e-05
-9.62967897066846e-05
-0.000100070152257103
-0.000106430714367889
-0.000117188857984729
-0.000133099441882223
-0.000147406943142414
-0.000159394578076899
-0.000170384140801616
-0.000182175630470738
-0.00019611265452113
-0.000214888175833039
-0.000246347219217569
-0.00026930816238746
-0.000281332555459812
-0.000288890732917935
-0.000293678138405085
-0.000296834070468321
-0.000299000355880708
-0.00030106955091469
-0.000302797183394432
-0.000304220680845901
-0.00030566455097869
-0.000300556945148855
-0.000280233740340918
-0.000273332436336204
-0.000265149195911363
-0.000256963190622628
-0.00024746241979301
-0.000234337872825563
-0.000216722779441625
-0.000192879917449318
-0.000166672631166875
-0.000141067037475295
-0.000108548221760429
-7.43850105209276e-05
-5.70592528674752e-05
-4.76510940643493e-05
-4.19165444327518e-05
-3.82231519324705e-05
-3.56266973540187e-05
-3.24093271046877e-05
-2.84633060800843e-05
-2.36691194004379e-05
-1.70617968251463e-05
-8.67714334162883e-06
1.32672721520066e-06
1.22464552987367e-05
2.08688725251704e-05
1.15523107524496e-05
6.23237428953871e-06
3.66274252883159e-06
-2.24781615543179e-06
-7.75390435592271e-06
-1.3031778507866e-05
-1.69899249158334e-05
-1.91480175999459e-05
-2.18756249523722e-05
-2.31273988902103e-05
1.30521220853552e-05
9.77539093582891e-06
7.43324380891863e-06
5.73677971260622e-06
6.04313754593022e-07
7.25782228983007e-07
1.96261498786043e-06
1.29731233755592e-06
7.87608769314829e-07
1.44286514114356e-06
6.9902580435155e-07
1.49181323649827e-06
1.58345676481986e-06
1.53559767568368e-06
1.47086177548772e-06
1.31458159557951e-06
1.22803521662718e-06
1.48098058616597e-06
1.06006973510375e-06
1.17417187084357e-06
1.65709502653044e-06
1.48559695389849e-06
1.65113294769981e-06
1.63268828146101e-06
1.3434104175758e-06
1.13244800559187e-06
1.01644752703578e-06
1.01875207292323e-06
8.78217690569727e-07
7.20564628409193e-07
7.04904209669621e-07
6.63258617805695e-07
6.61632498122344e-07
8.96064250355266e-07
7.47324691019458e-07
6.37497805655585e-07
5.47861361610558e-07
5.38327810772898e-07
4.69589082285893e-07
4.25186016173029e-07
3.80201328198382e-07
3.48067032973631e-07
2.52941703138276e-07
1.53266284996789e-07
1.0325270238809e-07
1.0703847408422e-07
7.60007949907049e-08
1.05854116583259e-08
5.28252712683752e-08
9.48550749058086e-09
4.82407536139817e-09
2.79560796734302e-09
2.35621744337777e-09
2.35692332317683e-09
2.3577919616713e-09
2.35758856881318e-09
2.35736186127156e-09
2.35721597796612e-09
2.35706987261608e-09
2.35685582161693e-09
2.35677366511311e-09
2.35664332493002e-09
2.35643926593809e-09
2.35634267653495e-09
2.35627695133189e-09
2.35613017984804e-09
2.35586750108041e-09
2.35580754903708e-09
2.35569963535909e-09
2.35544428406342e-09
2.35535568826606e-09
2.35525354774779e-09
2.35510166923802e-09
2.35482588983871e-09
2.35474573173633e-09
2.35458541553157e-09
2.35437314088927e-09
2.3542801041998e-09
2.35419239658086e-09
2.35401587111994e-09
2.35393771141901e-09
2.35383557090074e-09
2.35363284417645e-09
2.35343833310253e-09
2.35334907117135e-09
2.35322139552352e-09
2.35303265760933e-09
2.35297070716456e-09
2.35286767846787e-09
2.35266761627884e-09
2.35246711000059e-09
2.35234698386932e-09
2.35224262290501e-09
2.35201569331878e-09
2.35190511510552e-09
2.35182873176143e-09
2.3516155689407e-09
2.35137376236594e-09
2.35126429437571e-09
2.35113684077248e-09
2.35093167155753e-09
2.35084240962635e-09
2.35072805665482e-09
2.35052310948447e-09
2.3504611590397e-09
2.350312611199e-09
2.35014807614675e-09
2.34993424719221e-09
2.34983343894157e-09
2.34973440704778e-09
2.34950126021261e-09
2.34946773147726e-09
2.34935759735322e-09
2.34919417252399e-09
2.34892105765994e-09
2.34885044747557e-09
2.34871766480182e-09
2.34847430391483e-09
2.34841679436215e-09
2.34825714429121e-09
2.34806796228781e-09
2.34802732812511e-09
2.34789920838807e-09
2.34777375318629e-09
2.34754282679717e-09
2.34745978211492e-09
2.34736496906862e-09
2.34715313851552e-09
2.34706099000448e-09
2.34695418654951e-09
2.34677655086557e-09
2.34654229380737e-09
2.34645214369777e-09
2.34631225559667e-09
2.34611219340763e-09
2.34605823656864e-09
2.34594277337408e-09
2.34576869040382e-09
2.34547625765913e-09
2.34539965227043e-09
2.34525709963407e-09
2.34502772755718e-09
2.34492070205761e-09
2.34481611904869e-09
2.34463337633883e-09
2.34458030767826e-09
2.34448149782907e-09
2.34432140366891e-09
2.34409247568124e-09
2.34400587828532e-09
2.34387376174539e-09
2.34365926665703e-09
2.34360797435329e-09
2.34348096483927e-09
2.34331132276111e-09
2.34304686763664e-09
2.34295161050113e-09
2.34279573518847e-09
2.34261698928151e-09
2.34257191422671e-09
2.3424273631889e-09
2.34224883932654e-09
2.34201502635756e-09
2.3418771366579e-09
2.34168151536096e-09
2.34146746436181e-09
2.34142438770846e-09
2.3413135874506e-09
2.34110242303132e-09
2.34102359719657e-09
2.34090813400201e-09
2.34076491523183e-09
2.3405155591405e-09
2.34046892977346e-09
2.34030239631977e-09
2.34007724309038e-09
2.33998709298078e-09
2.33990804510142e-09
2.33971175767067e-09
2.33946706451604e-09
2.33938335369999e-09
2.33924346559888e-09
2.33900165902412e-09
2.33894970058657e-09
2.33882269107255e-09
2.33864261289796e-09
2.33856822795531e-09
2.33842856189881e-09
2.33833064022804e-09
2.33810437677562e-09
2.33798047588607e-09
2.33786612291453e-09
2.3376347524362e-09
2.33760832912822e-09
2.33746710875948e-09
2.33730879095617e-09
2.3370845259052e-09
2.33694197326884e-09
2.33680830241667e-09
2.33666153093282e-09
2.33651076264607e-09
2.33644081859552e-09
2.33625696566264e-09
2.33598762555687e-09
2.3358674994256e-09
2.3357409340008e-09
2.3355384293211e-09
2.33545449646044e-09
2.33529195980964e-09
2.33515828895747e-09
2.33505548230539e-09
2.33494334977991e-09
2.33479569011763e-09
2.3345463340263e-09
2.33447572384193e-09
2.3343207367077e-09
2.33414798600506e-09
2.33406738381348e-09
2.33393859794262e-09
2.33377428493498e-09
2.33352692724509e-09
2.33343344646642e-09
2.33327845933218e-09
2.33309083164102e-09
2.33299890517458e-09
2.33287100748214e-09
2.33269270566439e-09
2.33264674243117e-09
2.33253460990568e-09
2.33237806845921e-09
2.33209740407858e-09
2.33205166288997e-09
2.33193020449107e-09
2.33172103847323e-09
2.33162178453483e-09
2.33157271267714e-09
2.33142616323789e-09
2.33115104997239e-09
2.33105579283688e-09
2.33091212997749e-09
2.33073249589211e-09
2.33063945920264e-09
2.33049135545116e-09
2.33035191143927e-09
2.33006636207733e-09
2.32998531579653e-09
2.32982411141336e-09
2.32962871216102e-09
2.3295421147651e-09
2.32942509725831e-09
2.32920949194693e-09
2.32914754150215e-09
2.32901409269459e-09
2.32887709117335e-09
2.32869079574982e-09
2.32855978943292e-09
2.32842678471457e-09
2.32826202761771e-09
2.32815033918143e-09
2.32804908684159e-09
2.32788566201236e-09
2.32763652796564e-09
2.32753305517974e-09
2.32738428529444e-09
2.32721264481484e-09
2.32713937009521e-09
2.32697683344441e-09
2.32678165623668e-09
2.3267872073518e-09
2.32664931765214e-09
2.32649455256251e-09
2.32628472041085e-09
2.32618213580338e-09
2.32604646654977e-09
2.32586039317084e-09
2.32581887082972e-09
2.32569985492148e-09
2.32554597801027e-09
2.32526642385267e-09
2.32520291909566e-09
2.32503283292829e-09
2.32484587137094e-09
2.32479036021971e-09
2.32467489702515e-09
2.32451857762328e-09
2.32424546275922e-09
2.32414043566109e-09
2.32401298205787e-09
2.32377672659823e-09
2.32367836083824e-09
2.32353913887096e-09
2.32339369965473e-09
2.32332286742576e-09
2.32321606397079e-09
2.32305596981064e-09
2.32282171275244e-09
2.32273511535652e-09
2.32260566335185e-09
2.32245245257445e-09
2.32233632324608e-09
2.32223773544149e-09
2.32208119399502e-09
2.32181784909358e-09
2.32169394820403e-09
2.32159580448865e-09
2.32136732059018e-09
2.32132069122315e-09
2.32118035903284e-09
2.32099561792154e-09
2.32075381134678e-09
2.32068786409911e-09
2.32051888815477e-09
2.32024865987057e-09
2.32016117429623e-09
2.32004326861102e-09
2.31986163612419e-09
2.31980501474993e-09
2.31968133590499e-09
2.31952923535061e-09
2.31933228178605e-09
2.31921926108214e-09
2.31908892089905e-09
2.3188975184496e-09
2.31879138112845e-09
2.31869190514544e-09
2.31850361132047e-09
2.3182660235932e-09
2.31812613549209e-09
2.3180226627062e-09
2.31778463088972e-09
2.31773600312124e-09
2.31761010383025e-09
2.31742203204988e-09
2.31738406242243e-09
2.31725150179329e-09
2.3171073948447e-09
2.31685248763824e-09
2.31678809470282e-09
2.31665153727079e-09
2.3164627993566e-09
2.31638663805711e-09
2.31628094482517e-09
2.31612085066502e-09
2.31587415910894e-09
2.31579933007708e-09
2.31561858576868e-09
2.3154440587092e-09
2.31532903960385e-09
2.31522512272875e-09
2.31504659886639e-09
2.31478081147429e-09
2.31468466616036e-09
2.31456520616291e-09
2.3143484906285e-09
2.31425301144839e-09
2.31411978468543e-09
2.31396390937277e-09
2.31388597171645e-09
2.31376051651466e-09
2.31364305491866e-09
2.31334840172792e-09
2.31328223243565e-09
2.31312879961365e-09
2.31297470065783e-09
2.31289254415401e-09
2.3127433301795e-09
2.31261787497772e-09
2.31233410197262e-09
2.31226726654654e-09
2.31208208134603e-09
2.31189445365487e-09
2.31182650800577e-09
2.31168706399387e-09
2.31149099860772e-09
2.31141572548665e-09
2.31135244277425e-09
2.31119390292633e-09
2.31094965386092e-09
2.31090124813704e-09
2.31075669709924e-09
2.31057684096925e-09
2.31050956145396e-09
2.3103896573673e-09
2.31023311592082e-09
2.30997221351004e-09
2.30988761451556e-09
2.30977503790086e-09
2.30953589586136e-09
2.30946417545397e-09
