0.0
7.08610004007681e-10
9.00773670764465e-07
3.98789552491507e-06
6.51466189083294e-06
8.48614854476182e-06
1.0907904652413e-05
1.31224060169188e-05
1.57481481437571e-05
1.71521733136615e-05
1.90442096936749e-05
2.14595747820567e-05
2.42940786847612e-05
2.56450639426475e-05
2.50308348768158e-05
2.42357436945895e-05
2.28428270929726e-05
2.17422111745691e-05
1.94037966139149e-05
1.58001857926138e-05
1.25859623949509e-05
9.66467632679269e-06
7.00534565112321e-06
4.33811464972678e-06
2.41450948124111e-06
1.44076750530076e-08
1.47628496094399e-08
1.48059502436126e-08
1.48504541996886e-08
1.50225059059039e-08
1.5608659253985e-08
1.60860071929392e-08
1.65350897418648e-08
1.68294000957303e-08
1.71442131602362e-08
1.75386372092134e-08
1.81213817285197e-08
1.85247142070466e-08
1.89485120927202e-08
1.9335962164746e-08
1.95413303316627e-08
2.01004244360092e-08
2.06721573192681e-08
2.15694839766911e-08
2.24035723306315e-08
2.33443167019232e-08
2.38281376852001e-08
2.43420856804732e-08
2.45478748439609e-08
2.52465461869633e-08
2.56336001314139e-08
2.59648285094727e-08
2.63819064372228e-08
2.62492783065227e-08
2.63388955090704e-08
2.57980854456719e-08
2.54521435039123e-08
2.48821141468625e-08
2.50614977659325e-08
2.52600589334406e-08
2.5919719703893e-08
2.62522767968676e-08
2.72599738337931e-08
2.79515255385832e-08
2.87953874078539e-08
2.91526518481078e-08
2.94870954320459e-08
2.9613097751735e-08
2.95941902095365e-08
3.02198905899331e-08
3.00563236521612e-08
2.97776505675529e-08
2.90665482793884e-08
2.90665482793884e-08
