0.0
1.61788224579945e-31
3.18360366691195e-06
1.46377969940659e-05
3.2184583687922e-05
6.80565426591784e-05
0.000122053526865784
0.00019307219190523
0.000282867142232135
0.000307885318761691
0.00034704792778939
0.000362088991096243
0.000384323502657935
0.000415588612668216
0.000458718423033133
0.000505949254147708
0.000540494918823242
0.000541182293090969
0.000539644330274314
0.000538521795533597
0.000542430207133293
0.000543705886229873
0.00054273713612929
0.00054188771173358
0.000540134962648153
0.000538920401595533
0.000537486048415303
0.000535798608325422
0.000533711921889335
0.000531607074663043
0.000531058991327882
0.000529330980498344
0.00052716227946803
0.000524999981280416
0.000524438743013889
0.000522806250955909
0.000520301924552768
0.000519223569426686
0.000517818320076913
0.000515320687554777
0.000514328479766846
0.000512829923536628
0.00051030539907515
0.000510255573317409
0.000507715565618128
0.000505050062201917
0.000504728057421744
0.000501948350574821
0.000501776463352144
0.000498913112096488
0.000498836918268353
0.000495919259265065
0.000495930667966604
0.000493012776132673
0.000492934894282371
0.00049001956358552
0.00048867316218093
0.000486492703203112
0.000486491160700098
0.000483032432384789
0.000483049167087302
0.000479628564789891
0.000479607988381758
0.000475587032269686
0.000475593842566013
0.000472697429358959
0.000471575825940818
0.000471272069262341
0.000467523088445887
0.000467437115730718
0.000462665891973302
0.000462620111647993
0.000460746319731697
0.000457844376796857
0.000457863294286653
0.000453526910860091
0.000453149172244594
0.000451397732831538
0.000448078208137304
0.000448098406195641
0.000443466647993773
0.000442996504716575
0.000443007360445336
0.000437877868534997
0.000437876995420083
0.000434834510087967
0.000431710679549724
0.000431644322816283
0.000431217195000499
0.000425446080043912
0.000425431877374649
0.000425449106842279
0.000419387128204107
0.000419407995650545
0.000418518495280296
0.000413348840083927
0.000413378089433536
0.000413417146774009
0.000407337443903089
0.000407367333536968
0.000407400744734332
0.000401316734496504
0.000401333440095186
0.000401344994315878
0.000393691094359383
0.000393689988413826
