0.0
4.10387085425512e-10
4.103876682926e-10
4.10387751559327e-10
4.10387751559327e-10
4.10387751559327e-10
4.10387751559327e-10
4.10387751559327e-10
4.10387751559327e-10
4.10387751559327e-10
4.10387751559327e-10
4.10387751559327e-10
4.10387751559327e-10
4.10387751559327e-10
4.10387751559327e-10
4.10387751559327e-10
4.10387751559327e-10
4.10387751559327e-10
4.10387751559327e-10
4.10387751559327e-10
4.10387751559327e-10
4.10387751559327e-10
4.10387751559327e-10
4.10387751559327e-10
4.10387751559327e-10
4.10387751559327e-10
4.10387751559327e-10
4.10387751559327e-10
4.10387751559327e-10
4.10387751559327e-10
4.10387751559327e-10
4.10387751559327e-10
4.10387751559327e-10
4.10387751559327e-10
4.10387751559327e-10
4.10387751559327e-10
4.10387751559327e-10
4.10387751559327e-10
4.10387751559327e-10
4.10387751559327e-10
4.10387751559327e-10
4.10387751559327e-10
4.10387751559327e-10
4.10387751559327e-10
4.10387751559327e-10
4.10387751559327e-10
4.10387751559327e-10
4.10387751559327e-10
4.10387751559327e-10
4.10387751559327e-10
4.10387751559327e-10
4.10387751559327e-10
4.10387751559327e-10
4.10387751559327e-10
4.10387751559327e-10
4.10387751559327e-10
4.10387751559327e-10
4.10387751559327e-10
4.10387751559327e-10
4.10387751559327e-10
4.10387751559327e-10
4.10387751559327e-10
4.10387751559327e-10
4.10387751559327e-10
4.10387751559327e-10
4.10387751559327e-10
4.10387751559327e-10
4.10387751559327e-10
4.10387751559327e-10
4.10387751559327e-10
4.10387751559327e-10
4.10387751559327e-10
4.10387751559327e-10
4.10387751559327e-10
4.10387751559327e-10
4.10387751559327e-10
4.10387751559327e-10
4.10387751559327e-10
4.10387751559327e-10
4.10387751559327e-10
4.10387751559327e-10
4.10387751559327e-10
4.10387751559327e-10
4.10387751559327e-10
4.10387751559327e-10
4.10387751559327e-10
4.10387751559327e-10
4.10387751559327e-10
4.10387751559327e-10
4.10387751559327e-10
4.10387751559327e-10
4.10387751559327e-10
4.10387751559327e-10
4.10387751559327e-10
4.10387751559327e-10
4.10387751559327e-10
4.10387751559327e-10
4.10387751559327e-10
4.10387751559327e-10
4.10387751559327e-10
4.10387751559327e-10
4.10387751559327e-10
4.10387751559327e-10
4.10387751559327e-10
4.10387751559327e-10
4.10387751559327e-10
4.10387751559327e-10
4.10387751559327e-10
4.10387751559327e-10
4.10387751559327e-10
4.10387751559327e-10
4.10387751559327e-10
4.10387751559327e-10
4.10387751559327e-10
4.10387751559327e-10
4.10387751559327e-10
4.10387751559327e-10
4.10387751559327e-10
4.10387751559327e-10
4.10387751559327e-10
4.10387751559327e-10
4.10387751559327e-10
4.10387751559327e-10
4.10387751559327e-10
4.10387751559327e-10
4.10387751559327e-10
