0.0
-2.97800556004969e-19
7.03170712768042e-08
3.31526734953513e-07
6.633861175942e-07
9.00059944797249e-07
1.71960095940449e-06
3.6377650758368e-06
6.47528167974087e-06
1.18763546197442e-05
2.26968277274864e-05
4.03969643230084e-05
6.88045474817045e-05
0.000108683299913537
0.000121401557407808
0.000140141084557399
0.000158479786477983
0.00017556372040417
0.0001917983754538
0.000207123841391876
0.000222414440941066
0.000237690095673315
0.000254949991358444
0.000282713503111154
0.000294983183266595
0.000295882986392826
0.000296591548249125
0.000297330290777609
0.00029847098630853
0.00030025711748749
0.000303037028061226
0.000306759116938338
0.00031046592630446
0.000311442970996723
0.000312450545607135
0.000314011122100055
0.000316400546580553
0.000318858656100929
0.000321370753226802
0.000323939864756539
0.000326543231494725
0.000329171743942425
0.000331822549924254
0.000332847470417619
0.000334362906869501
0.000336641707690433
0.00034004746703431
0.000345118140103295
0.000352783594280481
0.000355534721165895
0.000358237623004243
0.000360917154466733
0.000363534141797572
0.000365451647667214
0.000367379921954125
0.000369344546925277
0.000372262467863038
0.000373004208086058
0.000373744289390743
0.000374844443285838
0.000376495940145105
0.000378934841137379
0.000379856763174757
0.0003812333161477
0.000383286096621305
0.000386366387829185
0.000390948232961819
0.00039773914613761
0.000407745857955888
0.000422297744080424
0.000443040305981413
0.00047257388359867
0.000501255388371646
0.000529294193256646
0.00057015148922801
0.000631841423455626
0.00072895479388535
0.000872026721481234
0.00107209128327668
0.00126773212105036
0.00145902717486024
0.00164231460075825
0.00182866398245096
0.00201214384287596
0.00217655254527926
0.00233082240447402
0.00247644982300699
0.00261195818893611
0.00273890234529972
0.00285809463821352
0.0029704193584621
0.00307432492263615
0.00316928164102137
0.00325620570220053
0.00333477836102247
0.00340332789346576
0.00346212042495608
0.00351458042860031
0.00356154819019139
0.00359835708513856
0.00362849584780633
0.00365396798588336
0.00366884237155318
0.00368049507960677
0.00368206086568534
0.00367441447451711
0.00366454641334713
0.00364608759991825
0.00360528635792434
0.00356470607221127
0.00352186663076282
0.00349566480144858
0.00347004551440477
0.00344776757992804
0.00342653715051711
0.00340335140936077
0.00338440318591893
0.00336065026931465
0.00334337004460394
0.00332007580436766
0.00328324525617063
0.00324817444197834
0.00324372388422489
0.00323793129064143
0.00323737389408052
0.0032365380320698
0.0032352339476347
0.0032352339476347
