-0.0
5.4487185252583e-07
3.51879498339258e-06
-4.70338136437931e-07
1.89083948498592e-09
-1.87576188181993e-06
-7.01745693731937e-06
1.38533505378291e-05
1.14051308628405e-05
8.15675412013661e-06
1.70382263604552e-05
3.13397686113603e-05
5.50510376342572e-05
9.91228444036096e-05
0.00021117547294125
0.000243747228523716
0.000257109844824299
0.000268713862169534
0.000277608080068603
0.000275189871899784
0.000253761390922591
0.00024381147522945
0.000301582302199677
0.000255517748882994
0.000248336233198643
0.000247109885094687
0.000226384101551957
0.000260157918091863
0.000258349726209417
0.000245810078922659
0.000235499494010583
0.000207967226742767
0.000183253039722331
0.000183452633791603
0.000192234772839583
0.000182463307282887
0.000184893273399211
0.000204467476578429
0.000213025065022521
0.000127387742395513
7.55747751099989e-05
5.07467848365195e-05
7.71372870076448e-05
9.513134136796e-05
0.000158340408233926
0.000182725329068489
0.000156145921209827
9.23104016692378e-05
5.26398180227261e-05
1.58086513692979e-05
1.86185661732452e-06
3.96000432374422e-05
0.000123600126244128
0.000136968723381869
9.23883926589042e-05
1.81252216862049e-05
-2.14926621993072e-05
-3.57910430466291e-05
-3.68100809282623e-05
-2.55274917435599e-05
-1.44262503454229e-05
2.12769828067394e-05
4.96276807098184e-05
3.11892908939626e-05
1.77205474756192e-05
1.42051294460543e-05
-2.63859556071111e-06
-2.69166685029631e-05
-3.95107199437916e-05
-4.03454214392696e-05
-3.34524447680451e-05
-3.96780196751934e-05
-3.81343998014927e-05
-4.29432257078588e-05
-9.17476609174628e-06
1.89822712854948e-05
3.857868432533e-05
4.23589735873975e-05
4.00693897972815e-05
3.37581768690143e-05
4.40943631474511e-06
-2.68821895588189e-05
-4.84195406897925e-05
-6.3279687310569e-05
-6.09323215030599e-05
-5.3496660257224e-05
-3.2793413993204e-05
1.16915698527009e-05
4.21084951085504e-05
6.1885169998277e-05
6.55233816360123e-05
4.93852021463681e-05
2.02808405447286e-05
-3.92395440940163e-06
-2.54342339758296e-05
-3.48873363691382e-05
-3.58620964107104e-05
-2.19774756260449e-05
-5.04304034620873e-06
1.85577664524317e-05
5.79137158638332e-05
0.000105845654616132
0.000107837804534938
8.72213349794038e-05
4.88695113745052e-05
9.20527236303315e-06
-1.97783829207765e-05
-3.73635848518461e-05
-3.3313288440695e-05
-2.45417686528526e-05
-1.64583816513186e-05
-7.88977922638878e-06
-2.17222986975685e-06
9.00535269465763e-06
1.92352181329625e-05
2.73868463409599e-05
3.93315494875424e-05
4.55052322649863e-05
4.42180462414399e-05
