-0.0
1.4210854715202e-14
-7.105427357601e-14
5.72663157072384e-05
-0.000472732994239777
-0.000512312399223447
-1.33421763166552e-05
0.000193173662410118
0.000388345739338547
0.000614313699770719
0.000934616313315928
0.000959094380959868
0.000436480593634769
-0.000124469064758159
-0.00127393624279648
-0.00125053140800446
-0.00132722593843937
-0.001020000083372
-0.00116604648064822
-0.000783675583079457
-0.000267836090642959
-0.000271074124611914
-0.000271374825388193
-0.000269751821178943
-0.000267630064627156
-0.000262618414126337
-0.00025637706858106
-0.000255879829637706
-0.000256295752478763
-0.000257329811574891
-0.000258535437751561
-0.000260715838521719
-0.000263430905761197
-0.000266238435870036
-0.000268908886937425
-0.000272666744422168
-0.000278103223536164
-0.000286595924990252
-0.000299447157885879
-0.000316898163873702
-0.000323712098179385
-0.00033282267395407
-0.000346366665326059
-0.000368403416359797
-0.000392834597732872
-0.000416418042732403
-0.000448263774160296
-0.000478800473501906
-0.000496662338264287
-0.000510401907376945
-0.000519703200552613
-0.000531108467839658
-0.000547580071724951
-0.000556701561436057
-0.000570104690268636
-0.000584931345656514
-0.000616350152995437
-0.000661981466691941
-0.000672902388032526
-0.000685521750710905
-0.000711901928298175
-0.000750265025999397
-0.000807800563052297
-0.000866960443090647
-0.000945885316468775
-0.00107809936162084
-0.00123833934776485
-0.00143945519812405
-0.0016492111608386
-0.00179072481114417
-0.00186240335460752
-0.00189254572615027
-0.00190751987975091
-0.00191495334729552
-0.00191881402861327
-0.00192116294056177
-0.00192165235057473
-0.00192170543596148
-0.00192049040924758
-0.00191695091780275
-0.00191091478336602
-0.00190419179853052
-0.00190263777039945
-0.00190085067879409
-0.00189978384878486
-0.0018997787265107
-0.00189697416499257
-0.00189560302533209
-0.00189469114411622
-0.00189378624781966
-0.00189273850992322
-0.00188984046690166
-0.00188448873814195
-0.00187795888632536
-0.00186715950258076
-0.00184822978917509
-0.0018250800203532
-0.00180808000732213
-0.00180251849815249
-0.00179593148641288
-0.00178729323670268
-0.00177566905040294
-0.00175936135929078
-0.0017341278726235
-0.00168289174325764
-0.00161707296501845
-0.0015671590808779
-0.00153190118726343
-0.00150582334026694
-0.00148637848906219
-0.00146615877747536
-0.0014513956848532
-0.00144013983663172
-0.00142700423020869
-0.00141139805782586
-0.001400061766617
-0.00139189069159329
-0.00138144195079803
-0.00136718072462827
-0.00135326036252081
-0.00133932894095778
-0.00131798256188631
-0.00128594459965825
-0.00123837403953075
-0.0012084839399904
-0.00118510879110545
-0.00114987231791019
-0.00109741149935871
-0.00102154607884586
-0.000918905076105148
-0.000808445271104574
-0.000640529731754214
-0.000368902750778943
5.05842253915034e-05
0.0005055409274064
0.00104505149647593
0.00130621914286166
2.81022894341731e-05
2.81715001619887e-05
2.82550681731664e-05
2.8422633477021e-05
2.86921022052411e-05
2.98199811368249e-05
3.13429663947318e-05
3.28535134030972e-05
3.46689885191154e-05
3.60950107278768e-05
3.74999326595571e-05
3.87532927561551e-05
3.85905441362411e-05
3.79186494683381e-05
3.73301736544818e-05
3.75284616893623e-05
3.77275973733049e-05
3.84349914384075e-05
3.87151303584687e-05
3.84947961720172e-05
3.81146346626338e-05
3.833041046164e-05
3.7963836803101e-05
3.68740766134579e-05
3.62440732715186e-05
3.490568997222e-05
3.40653095918242e-05
3.25152468576562e-05
3.11825278913602e-05
3.01206546282629e-05
2.86230588244507e-05
2.64705759036588e-05
2.44274997385219e-05
2.23870720219566e-05
2.02895898837596e-05
1.8082901078742e-05
1.59808514581528e-05
1.4161718354444e-05
1.243162114406e-05
1.10291912278626e-05
9.57594966166653e-06
8.49331081553828e-06
7.99713052401785e-06
8.0878544395091e-06
8.55160578794312e-06
8.76347075973172e-06
1.04795180959627e-05
1.17006502478034e-05
1.32493378259824e-05
1.67870348377619e-05
1.41086029543658e-05
9.45906049309997e-06
5.05921661897446e-06
3.21058814733988e-06
2.1401799585874e-06
1.49313757447089e-06
7.98174994542933e-07
5.3306996505853e-07
5.08360244566575e-07
4.71469348894971e-07
4.57656938124273e-07
4.52480350077167e-07
4.44718665448818e-07
4.43991496013041e-07
4.42900443431427e-07
4.42491256080757e-07
4.41877574530736e-07
4.418738512868e-07
4.41868650113975e-07
4.41868081679786e-07
4.41868053258077e-07
4.41867939571239e-07
4.41867939571239e-07
