0.0
1.27316880593753e-07
1.28526252751726e-07
1.29256562786395e-07
1.3006543042593e-07
1.31337884567984e-07
1.33817394498692e-07
1.46674011602954e-07
1.8525911116285e-07
2.84948242779137e-07
6.79655045132677e-07
1.77324989181216e-06
4.26558017352363e-06
7.27554333934677e-06
1.12790185085032e-05
1.62136784638278e-05
1.7532078345539e-05
1.92928528122138e-05
2.19448284042301e-05
2.59001881204313e-05
3.32667768816464e-05
4.21609584009275e-05
5.43238675163593e-05
7.66083685448393e-05
0.000102512945886701
0.00014082454435993
0.000273093697614968
0.000276958307949826
0.000280388776445761
0.000283431960269809
0.000287654314888641
0.000291753414785489
0.000295886071398854
0.000300135870929807
0.000304422515910119
0.000305509194731712
0.000307136913761497
0.000309692055452615
0.000312397547531873
0.000315170240355656
0.000318014208460227
0.000320878258207813
0.000323776912409812
0.000328100810293108
0.000329749949742109
0.000332207360770553
0.000335934048052877
0.000341575301717967
0.000343739287927747
0.000346979417372495
0.000351814087480307
0.000359206169378012
0.000370574241969734
0.000387677690014243
0.000413496687542647
0.000452856591437012
0.000511172285769135
0.000596965604927391
0.000737756607122719
0.00096600892720744
0.00125559617299587
0.00154195365030318
0.00182780064642429
0.00211550109088421
0.00240440247580409
0.00268854107707739
0.00297173904255033
0.0032555228099227
0.00353901390917599
0.0038233227096498
0.00409550964832306
0.00436014635488391
0.00462099071592093
0.00487731536850333
0.00512977689504623
0.0053797266446054
0.005625378806144
0.0058682207018137
0.00610736152157187
0.00634753052145243
0.00658810371533036
0.00682272436097264
0.00705526489764452
0.00728091597557068
0.00751049304381013
0.0077363159507513
0.0079575078561902
0.00817667599767447
0.00840429496020079
0.00853966735303402
0.00852717366069555
0.00850878935307264
0.00848247949033976
0.00844142399728298
0.00839235726743937
0.00834286119788885
0.00829329434782267
0.00824468769133091
0.00819621793925762
0.0081492131575942
0.00809918157756329
0.00805141404271126
0.00799954775720835
0.0079516340047121
0.00790022499859333
0.00785451382398605
0.00780418794602156
0.00775655964389443
0.00770569266751409
0.00765454256907105
0.00760659016668797
0.00755859259516001
0.00751009490340948
0.00746087078005075
0.00741526810452342
0.00736380787566304
0.00731563102453947
0.00726365717127919
0.00721541838720441
0.0071677784435451
0.00711579155176878
0.00706838816404343
0.00701848743483424
0.00696801813319325
0.00691902870312333
0.00687043555080891
0.00681909592822194
0.0067683020606637
0.00672348588705063
0.0066730035468936
0.00661899195984006
0.00657333247363567
0.00652572326362133
0.00647510727867484
0.00642841821536422
0.00637980597093701
