0.0
4.79140860321081e-09
4.81487250070245e-09
4.81484629943907e-09
4.81484851988512e-09
4.81485251668801e-09
4.81485251668801e-09
4.81485251668801e-09
4.81485251668801e-09
4.81485251668801e-09
4.81485251668801e-09
4.81485251668801e-09
4.81485251668801e-09
4.81485251668801e-09
4.81485251668801e-09
4.81485251668801e-09
4.81485251668801e-09
2.97837516427535e-07
9.95417394733522e-07
1.84746090781118e-06
2.70058649221028e-06
3.56249915967055e-06
4.55803274235222e-06
5.64800438951352e-06
4.53390430266154e-06
2.85840565084072e-06
1.37397626076563e-06
5.14917019245331e-07
1.96327434309751e-07
2.41232189779339e-08
4.73423344971025e-09
4.73423433788867e-09
4.73424099922681e-09
4.73423877878076e-09
4.73423877878076e-09
4.73423877878076e-09
4.73423877878076e-09
4.73423877878076e-09
4.73423877878076e-09
4.73423877878076e-09
4.73423877878076e-09
4.73423877878076e-09
4.73423877878076e-09
4.73423877878076e-09
4.73423877878076e-09
4.73423877878076e-09
4.73423877878076e-09
4.73423877878076e-09
4.73423877878076e-09
4.73423877878076e-09
4.73423877878076e-09
4.73423877878076e-09
4.73423877878076e-09
4.73423877878076e-09
4.73423877878076e-09
4.73423877878076e-09
4.73423877878076e-09
4.73423877878076e-09
4.73423877878076e-09
4.73423877878076e-09
4.73423877878076e-09
4.73423877878076e-09
4.73423877878076e-09
4.73423877878076e-09
4.73423877878076e-09
4.73423877878076e-09
4.73423877878076e-09
4.73423877878076e-09
4.73423877878076e-09
4.73423877878076e-09
4.73423877878076e-09
4.73423877878076e-09
4.73423877878076e-09
4.73423877878076e-09
4.73423877878076e-09
4.73423877878076e-09
4.73423877878076e-09
4.73423877878076e-09
4.73423877878076e-09
4.73423877878076e-09
4.73423877878076e-09
4.73423877878076e-09
4.73423877878076e-09
4.73423877878076e-09
4.73423877878076e-09
4.73423877878076e-09
4.73423877878076e-09
4.73423877878076e-09
4.73423877878076e-09
4.73423877878076e-09
4.73423877878076e-09
4.73423877878076e-09
4.73423877878076e-09
4.73423877878076e-09
4.73423877878076e-09
4.73423877878076e-09
4.73423877878076e-09
4.73423877878076e-09
4.73423877878076e-09
4.73423877878076e-09
4.73423877878076e-09
