0.0
1.1652872832289e-28
3.78180516236171e-06
2.15445816138526e-05
5.19033237651456e-05
0.000103215672424994
0.000168856611708179
0.000248587952228263
0.000350861839251593
0.000379235105356202
0.000423060439061373
0.000439967378042638
0.000441019947174937
0.000441806623712182
0.000442593795014545
0.000443775294115767
0.000445546844275668
0.000448202743427828
0.000452179199783131
0.000458133581560105
0.000467004778329283
0.000480035319924355
0.00049933505943045
0.000528600299730897
0.000572711403947324
0.000638208293821663
0.000729489314835519
0.000828403397463262
0.00093130866298452
0.00101785350125283
0.00109409738797694
0.00117812375538051
0.0012447607005015
0.00129904912319034
0.00134462467394769
0.00138108874671161
0.00140916521195322
0.00143092556390911
0.00144382519647479
0.00144744873978198
0.00144321285188198
0.00143319286871701
0.00142662134021521
0.00141937530133873
0.0014109774492681
0.00140343699604273
0.00139665231108665
0.0013880948536098
0.00138029886875302
0.00137384794652462
0.00136462785303593
0.00135623721871525
0.00135081179905683
0.00134194048587233
0.00133436673786491
0.00132647610735148
0.00131749012507498
0.00131229346152395
0.00130323856137693
0.00129407993517816
0.00128677044995129
0.001278180279769
0.00127190910279751
0.0012632372090593
0.00125709886197001
0.00124598329421133
0.0012397076934576
0.00123074871953577
0.00122450944036245
0.00121553288772702
0.00120896869339049
0.00119774823542684
0.00118980300612748
0.0011822881642729
0.00117534003220499
0.0011676448630169
0.00115986727178097
0.00114900898188353
0.00114131509326398
0.00113444798626006
0.0011253235861659
0.00111706729512662
0.00111641571857035
0.00111293571535498
0.00111293571535498
