0.0
1.61773848284034e-31
2.61364471043635e-06
3.82850748792407e-06
5.16947193318629e-06
7.76901197241386e-06
1.08166450445424e-05
1.32429941004375e-05
2.076222699543e-05
3.29246759065427e-05
4.35554393334314e-05
5.74866498936899e-05
8.54260069900192e-05
0.000124799087643623
0.000163329226779751
0.000197255620150827
0.000227560769417323
0.000255315098911524
0.000286778551526368
0.000310115690808743
0.000331009505316615
0.000349190697306767
0.000372129608877003
0.000385865016141906
0.000396924850065261
0.000403920246753842
0.000410122651373968
0.000413931556977332
0.000415060465456918
0.000413536588894203
0.000409402709919959
0.000404047488700598
0.00039621043833904
0.000386192696169019
0.000373046612367034
0.00035795453004539
0.000341775739798322
0.000324093969538808
0.000302856118651107
0.000282174674794078
0.000257565203355625
0.000230825928156264
0.000203374511329457
0.00017358960758429
0.000141422002343461
0.000107216714241076
7.08714505890384e-05
3.25926775985863e-05
6.21517210674938e-06
6.23695405010949e-06
6.27342524239793e-06
6.30930890110903e-06
6.35117157798959e-06
6.38178426015656e-06
6.35449896435603e-06
6.32381170362351e-06
6.266967375268e-06
6.21446406512405e-06
6.17625983068137e-06
6.17919113210519e-06
6.17862633589539e-06
6.19135198576259e-06
6.21412755208439e-06
6.22819288764731e-06
6.25896973360796e-06
6.30196473139222e-06
6.33706349617569e-06
6.37190305496915e-06
6.36281902188784e-06
6.31807915851823e-06
6.28337284069858e-06
6.20884748059325e-06
6.14811324339826e-06
6.14285590927466e-06
6.13492102274904e-06
6.13409292782308e-06
6.15113094681874e-06
6.16454008195433e-06
6.17669911662233e-06
6.20496393821668e-06
6.2211088334152e-06
6.25809980192571e-06
6.30102658760734e-06
6.33678155281814e-06
6.3747470449016e-06
6.37436005490599e-06
6.32812452749931e-06
6.28059933660552e-06
6.22483730694512e-06
6.13918791714241e-06
6.11717496212805e-06
6.12573057878762e-06
6.10202278039651e-06
6.09750395597075e-06
6.1206410464365e-06
6.10758161201375e-06
6.10430925007677e-06
6.1314899539866e-06
6.15109593127272e-06
6.15656381341978e-06
6.19804268353619e-06
6.22900233793189e-06
6.26214750809595e-06
6.30376962362789e-06
6.3507909544569e-06
6.38373330730246e-06
