0.0
1.49347246038193e-34
5.77032217563556e-08
1.68349032492188e-07
4.42656329369129e-07
3.0059612754485e-07
2.71512760718906e-07
2.74584721182691e-07
4.08428178388931e-07
6.21151571067458e-07
5.89417652463453e-07
5.65731340884668e-07
6.59351144349785e-07
6.81921960676846e-07
8.46358261696878e-07
1.32325021695578e-06
1.96687710740662e-06
2.00204817701888e-06
2.15734394259925e-06
3.51849371327262e-06
5.00774967804318e-06
5.9381422943261e-06
6.6736151893565e-06
8.17938325781142e-06
9.12689483811846e-06
1.04721202660585e-05
1.1563721272978e-05
1.18850994113018e-05
1.20770473586163e-05
1.21914499686682e-05
1.22070950965281e-05
1.22480441859807e-05
1.22704968816834e-05
1.22864348668372e-05
1.21560697152745e-05
1.16973651529406e-05
1.10797673187335e-05
1.09088914541644e-05
1.06796896943706e-05
1.03254496934824e-05
9.84160215011798e-06
8.90334467840148e-06
8.01624901214382e-06
7.07491972207208e-06
5.95381197854294e-06
4.87541910842992e-06
3.90646391679184e-06
2.81181996797386e-06
1.28773763208301e-06
1.28706835766934e-06
1.28696649426274e-06
1.28689623579703e-06
1.28682449940243e-06
1.28675469568407e-06
1.28665601550892e-06
1.28651595332485e-06
1.28631381812738e-06
1.28601777760196e-06
1.28573049096303e-06
1.28544741073711e-06
1.28517160646879e-06
1.28506246710458e-06
1.28495742046653e-06
1.28485510231258e-06
1.28475073779555e-06
1.2845905530412e-06
1.28435976876062e-06
1.28411909372517e-06
1.28388944631297e-06
1.28371277696715e-06
1.2835336065109e-06
1.28336057514389e-06
1.2831845879191e-06
1.28300507640233e-06
1.28282874811703e-06
1.28265708099207e-06
1.28248109376727e-06
1.2823021506847e-06
1.28212593608623e-06
1.2819540415876e-06
1.28177453007083e-06
1.28160297663271e-06
1.28142721678159e-06
1.28124872844637e-06
1.28107296859525e-06
1.28090164253081e-06
1.28072497318499e-06
1.2805577398467e-06
1.28038823277166e-06
1.28021667933353e-06
1.28004808175319e-06
1.27988334952533e-06
1.27971509300551e-06
1.27954467643576e-06
1.27937641991593e-06
1.27921168768808e-06
1.27904081637098e-06
1.27887335565902e-06
1.27870816868381e-06
1.27854104903236e-06
1.27837336094672e-06
1.27820351281116e-06
1.27795556181809e-06
1.27770044855424e-06
1.27751570744294e-06
1.2773244861819e-06
1.27713929032325e-06
1.27694852380955e-06
1.27676048577996e-06
1.27657506254764e-06
1.27638725189172e-06
1.27619682643854e-06
1.27600890209578e-06
1.27582370623713e-06
1.27563362184446e-06
1.27544592487538e-06
1.2752606153299e-06
1.27507098568458e-06
1.27488340240234e-06
1.27469797917001e-06
1.27451073694829e-06
1.27432133467664e-06
1.27413670725218e-06
1.27395219351456e-06
1.27376745240326e-06
1.2735888503812e-06
1.27340911149076e-06
1.2732277809846e-06
1.27305020214408e-06
1.2728694400721e-06
1.27269026961585e-06
1.27251280446217e-06
1.2723323834507e-06
1.27215480461018e-06
1.27197961319325e-06
1.27180271647376e-06
1.27162752505683e-06
1.27145381156879e-06
1.27127771065716e-06
1.27110411085596e-06
1.27092937418638e-06
1.27075350064842e-06
1.27058069665509e-06
1.27040709685389e-06
1.27023531604209e-06
1.27006512684602e-06
1.26989368709474e-06
1.26972406633286e-06
1.26955353607627e-06
1.26938221001183e-06
1.26921258924995e-06
1.26904149055918e-06
1.26887107398943e-06
1.26870156691439e-06
1.26853069559729e-06
1.26836118852225e-06
1.26819031720515e-06
1.26802024169592e-06
1.26785073462088e-06
1.26768009067746e-06
1.26751069728925e-06
1.26734028071951e-06
1.26717031889712e-06
1.26700092550891e-06
1.266830622626e-06
1.26666134292464e-06
1.26649115372857e-06
1.2663218740272e-06
1.26615225326532e-06
1.26598217775609e-06
1.26581301174156e-06
1.265643163606e-06
1.26547399759147e-06
1.26530414945591e-06
1.26513475606771e-06
1.26496570374002e-06
1.26479608297814e-06
1.26462703065044e-06
1.2644575235754e-06
1.26428858493455e-06
1.26411941892002e-06
1.26394991184497e-06
1.26390784771502e-06
1.26386555621139e-06
1.26382337839459e-06
1.2637598274523e-06
1.26366489894281e-06
1.26352210827463e-06
1.26337965866696e-06
1.26323686799878e-06
1.26309453207796e-06
1.26295208247029e-06
1.26280940548895e-06
1.26266695588129e-06
1.26252450627362e-06
1.26238217035279e-06
1.26216878015839e-06
1.26195527627715e-06
1.26174165870907e-06
1.26166162317531e-06
1.2615817013284e-06
1.26150166579464e-06
1.26138161249401e-06
1.26120175991673e-06
1.26113434362196e-06
1.26106681364035e-06
1.26099928365875e-06
1.26089810237318e-06
1.26074633044482e-06
1.26051895676937e-06
1.26043346426741e-06
1.26034808545228e-06
1.26026304769766e-06
1.2601775551957e-06
1.2600922900674e-06
1.26000713862595e-06
1.25992187349766e-06
1.25979386211839e-06
1.25960229979682e-06
1.25941028272791e-06
1.25921894778003e-06
1.25907513393031e-06
1.25893120639375e-06
1.25878761991771e-06
1.25864391975483e-06
1.25850044696563e-06
1.25828512409498e-06
1.25806980122434e-06
1.25785425098002e-06
1.25777376069891e-06
1.25769304304413e-06
1.25761232538935e-06
1.25753160773456e-06
1.25745100376662e-06
1.25737028611184e-06
1.25728956845705e-06
1.25720896448911e-06
1.25708811538061e-06
1.25690667118761e-06
1.25672534068144e-06
1.25654401017528e-06
1.25636290704279e-06
1.25609096812695e-06
1.25588724131376e-06
1.2556836281874e-06
1.2554799013742e-06
1.25527628824784e-06
1.25507290249516e-06
1.2548692893688e-06
1.25471683531941e-06
1.25456415389635e-06
1.25441158616013e-06
1.25425970054494e-06
1.25410826967709e-06
1.25395706618292e-06
1.25380620374926e-06
1.2536559097498e-06
1.25350686630554e-06
1.2533590734165e-06
1.25321275845636e-06
1.25306735299091e-06
1.2529220612123e-06
1.25277665574686e-06
1.25263136396825e-06
1.25248618587648e-06
1.25234089409787e-06
1.25219582969294e-06
1.252050765288e-06
1.2519054735094e-06
1.25176040910446e-06
1.25161545838637e-06
1.25147039398144e-06
1.2513253295765e-06
1.25118049254525e-06
1.25103542814031e-06
1.25089047742222e-06
1.25075052892498e-06
1.25060967093304e-06
1.25047017718316e-06
1.25033034237276e-06
1.25019028018869e-06
1.25005055906513e-06
1.24991117900208e-06
1.2497716852522e-06
1.24963639791531e-06
1.24950099689158e-06
1.24936616430205e-06
1.24923155908618e-06
1.24902965126239e-06
1.24887822039454e-06
1.2487267895267e-06
1.24849987059861e-06
1.24832979508938e-06
1.24815983326698e-06
1.24798975775775e-06
1.24781990962219e-06
1.2476499477998e-06
1.24752261854155e-06
1.2473952892833e-06
1.24726796002506e-06
1.24714074445365e-06
1.2470134151954e-06
1.24688619962399e-06
1.24675898405258e-06
1.24663176848117e-06
1.24650466659659e-06
1.24637756471202e-06
1.24625046282745e-06
1.24612347462971e-06
1.24599648643198e-06
1.2458693845474e-06
1.24574251003651e-06
1.24561552183877e-06
1.24548853364104e-06
1.24536165913014e-06
1.24523478461924e-06
1.24510802379518e-06
1.24491782571567e-06
1.24477526242117e-06
1.24463269912667e-06
1.24449013583217e-06
1.24434757253766e-06
1.24420523661684e-06
1.24406278700917e-06
1.24392033740151e-06
1.24377811516752e-06
1.24363566555985e-06
1.24349332963902e-06
1.24335122109187e-06
1.24320888517104e-06
1.24306677662389e-06
1.2429245543899e-06
1.24278255952959e-06
1.24264045098244e-06
1.24249845612212e-06
1.24235646126181e-06
1.24221446640149e-06
1.24207258522802e-06
1.24193070405454e-06
1.24178882288106e-06
1.24164705539442e-06
1.24150517422095e-06
1.24136352042115e-06
1.24122175293451e-06
1.24108009913471e-06
1.2409384453349e-06
1.24079690522194e-06
1.24065536510898e-06
1.24051382499601e-06
1.24037239856989e-06
1.24023085845693e-06
1.24008954571764e-06
1.23994811929151e-06
1.23980680655222e-06
1.23966549381294e-06
1.23952418107365e-06
1.2393829820212e-06
1.23924178296875e-06
1.2391005839163e-06
1.23895949855068e-06
1.23881829949823e-06
1.23867721413262e-06
1.23853624245385e-06
1.23839515708823e-06
1.23825418540946e-06
1.23811321373068e-06
1.23797235573875e-06
1.23783149774681e-06
1.23769063975487e-06
1.2375505775708e-06
1.23741085644724e-06
1.23727159007103e-06
1.23713266475534e-06
1.23699442156067e-06
1.23685731523437e-06
1.23672134577646e-06
1.23658685424743e-06
1.2364529311526e-06
1.23641950722231e-06
1.23638619697886e-06
1.23635265936173e-06
1.23631923543144e-06
1.23628615256166e-06
1.23623499348469e-06
1.23615916436393e-06
1.23608288049581e-06
1.23600591450668e-06
1.23597772017092e-06
1.23593508760678e-06
1.23586903555406e-06
1.2358450476313e-06
1.23582026390068e-06
1.2357950254227e-06
1.23577046906576e-06
1.23574500321411e-06
1.23571999210981e-06
1.23569543575286e-06
1.23566974252753e-06
1.23564507248375e-06
1.23561983400577e-06
1.23559414078045e-06
1.23556912967615e-06
1.23554320907715e-06
1.2355177432255e-06
1.2354927321212e-06
1.23546669783536e-06
1.23544157304423e-06
1.2354158798189e-06
1.23538984553306e-06
1.23536437968141e-06
1.23533823170874e-06
1.23531231110974e-06
1.23528684525809e-06
1.23526058359857e-06
1.23523466299957e-06
1.23520908346109e-06
1.2351825944279e-06
1.23515701488941e-06
1.23513086691673e-06
1.23510449157038e-06
1.23507822991087e-06
1.23503878057818e-06
1.23498057291727e-06
1.2349580629234e-06
1.23493566661637e-06
1.23491349768301e-06
1.23487996006588e-06
1.23483016523096e-06
1.23477946090134e-06
1.23472909763223e-06
1.23467862067628e-06
1.23462882584136e-06
1.23460961276578e-06
1.23459051337704e-06
1.23457164136198e-06
1.23454310596571e-06
1.23450047340157e-06
1.23445749977691e-06
1.2344149808996e-06
1.23437212096178e-06
1.23432903365028e-06
1.23428606002562e-06
1.23424331377464e-06
1.23420034014998e-06
1.23415713915165e-06
1.23411416552699e-06
1.23407119190233e-06
1.234027990904e-06
1.23398478990566e-06
1.23394192996784e-06
1.23389872896951e-06
1.23385541428433e-06
1.23381209959916e-06
1.2337691259745e-06
1.23372569760249e-06
1.23368238291732e-06
1.23363940929266e-06
1.23359586723382e-06
1.23355266623548e-06
1.23350957892399e-06
1.23346603686514e-06
1.23342272217997e-06
1.23337952118163e-06
1.23333597912278e-06
1.23329266443761e-06
1.23324957712612e-06
1.23320603506727e-06
1.23316260669526e-06
1.23311951938376e-06
1.23307586363808e-06
1.23303254895291e-06
1.23298934795457e-06
1.23294580589572e-06
1.23290260489739e-06
1.23285917652538e-06
1.23281563446653e-06
1.2327724334682e-06
1.23272900509619e-06
1.23268557672418e-06
1.23264226203901e-06
1.23259894735384e-06
1.23255540529499e-06
1.23251220429665e-06
1.23246866223781e-06
1.23242534755263e-06
1.23238203286746e-06
1.23233860449545e-06
1.23229528981028e-06
1.23225186143827e-06
1.2322085467531e-06
1.23216534575477e-06
1.23212191738276e-06
1.23207860269758e-06
1.23203517432557e-06
1.23199197332724e-06
1.23194865864207e-06
1.23190523027006e-06
1.23186202927172e-06
1.23181871458655e-06
1.23177539990138e-06
1.23173208521621e-06
