0.0
1.28289926237812e-07
5.57675505774569e-08
7.43424948268512e-08
-1.04143865087281e-07
-1.00838985872542e-06
-1.32374384520517e-06
-1.3195718793213e-06
-1.74414367393183e-06
-1.9098106349702e-06
-2.88370665657567e-06
-6.85348959450494e-06
-7.27826045476831e-06
-9.02494684851263e-06
-1.07705845948658e-05
-1.16193750727689e-05
-1.23939462355338e-05
-1.3076331015327e-05
-1.36761245812522e-05
-1.44494697451591e-05
-1.7594245946384e-05
-2.05447286134586e-05
-2.36180003412301e-05
-2.68960429821163e-05
-3.35535441990942e-05
-3.86799074476585e-05
-4.25318612542469e-05
-4.78368056064937e-05
-5.99946288275532e-05
-7.14695415808819e-05
-8.91448071342893e-05
-0.000160988085553981
-0.000258076266618446
-0.000352205941453576
-0.00046053936239332
-0.000577930069994181
-0.000699536059983075
-0.000824603193905205
-0.00094858551165089
-0.00106757588218898
-0.00118936109356582
-0.00131147436331958
-0.00142692262306809
-0.00153681030496955
-0.00164181820582598
-0.00174568023066968
-0.0018665767274797
-0.00198986078612506
-0.00211560027673841
-0.00224111741408706
-0.00236637005582452
-0.00249150837771595
-0.00261609652079642
-0.00274166977033019
-0.00286575499922037
-0.00289645395241678
-0.00290790526196361
-0.00292454496957362
-0.0029309515375644
-0.00294057372957468
-0.00295497104525566
-0.00297644222155213
-0.00300832279026508
-0.00302021740935743
-0.00302465399727225
-0.00303124985657632
-0.00303371273912489
-0.00303736282512546
-0.00303871487267315
-0.00303921918384731
-0.00303996400907636
-0.00304091698490083
-0.00304102385416627
-0.00304118590429425
-0.00304142897948623
-0.00304179335944355
-0.00304233958013356
-0.003043157979846
-0.00304438383318484
-0.0030453004874289
-0.00304621644318104
-0.00304644578136504
-0.00304667488671839
-0.00304690399207175
-0.0030471330974251
-0.00304747675545514
-0.00304748467169702
-0.00304748769849539
-0.00304748979397118
-0.00304749212227762
-0.00304749445058405
-0.00304749771021307
-0.00304750283248723
-0.00304751051589847
-0.00304752192460001
-0.00304753915406764
-0.00304756499826908
-0.00304760364815593
-0.0030476616229862
-0.00304771983064711
-0.00304777780547738
-0.00304782134480774
-0.00304785394109786
-0.00304788653738797
-0.00304791098460555
-0.00304791121743619
-0.00304791121743619
-0.00304791121743619
-0.00304791121743619
-0.00304791121743619
-0.00304791121743619
-0.00304791121743619
-0.00304791121743619
-0.00304791121743619
-0.00304791121743619
-0.00304791121743619
-0.00304791121743619
-0.00304791121743619
-0.00304791121743619
-0.00304791121743619
-0.00304791121743619
-0.00304791121743619
-0.00304791121743619
-0.00304791145026684
-0.00304791145026684
-0.00304791145026684
-0.00304791145026684
-0.00304791145026684
-0.00304791168309748
-0.00304791191592813
-0.00304791191592813
-0.00304791214875877
-0.00304791214875877
-0.00304791238158941
-0.00304791238158941
-0.00304791261442006
-0.00304791261442006
-0.0030479128472507
-0.00304791308008134
-0.00304791308008134
-0.00304791331291199
-0.00304791331291199
-0.00304791354574263
-0.00304791377857327
-0.00304791377857327
-0.00304791401140392
-0.00304791401140392
-0.00304791424423456
-0.00304791447706521
-0.00304791447706521
-0.00304791470989585
-0.00304791470989585
-0.00304791494272649
-0.00304791517555714
-0.00304791517555714
-0.00304791540838778
-0.00304791540838778
-0.00304791564121842
-0.00304791587404907
-0.00304791587404907
-0.00304791610687971
-0.00304791633971035
-0.00304791633971035
-0.003047916572541
-0.00304791680537164
-0.00304791680537164
-0.00304791703820229
-0.00304791727103293
-0.00304791727103293
-0.00304791750386357
-0.00304791773669422
-0.00304791773669422
-0.00304791796952486
-0.0030479182023555
-0.0030479182023555
-0.00304791843518615
-0.00304791866801679
-0.00304791866801679
-0.00304791890084743
-0.00304791913367808
-0.00304791913367808
-0.00304791936650872
-0.00304791959933937
-0.00304791959933937
-0.00304791983217001
-0.00304792006500065
-0.00304792006500065
-0.0030479202978313
-0.00304792053066194
-0.00304792053066194
-0.00304792076349258
-0.00304792099632323
-0.00304792099632323
-0.00304792122915387
-0.00304792146198452
-0.00304792146198452
-0.00304792169481516
-0.0030479219276458
-0.0030479219276458
-0.00304792216047645
-0.00304792239330709
-0.00304792239330709
-0.00304792262613773
-0.00304792285896838
-0.00304792285896838
-0.00304792309179902
-0.00304792332462966
-0.00304792332462966
-0.00304792355746031
-0.00304792379029095
-0.00304792379029095
-0.0030479240231216
-0.00304792425595224
-0.00304792425595224
-0.00304792448878288
-0.00304792472161353
-0.00304792472161353
-0.00304792495444417
-0.00304792518727481
-0.00304792518727481
-0.00304792542010546
-0.0030479256529361
-0.0030479256529361
-0.00304792588576674
-0.00304792611859739
-0.00304792611859739
-0.00304792635142803
-0.00304792658425868
-0.00304792658425868
-0.00304792681708932
-0.00304792704991996
-0.00304792704991996
-0.00304792728275061
-0.00304792751558125
-0.00304792751558125
-0.00304792774841189
-0.00304792798124254
-0.00304792798124254
-0.00304792821407318
-0.00304792844690382
-0.00304792844690382
-0.00304792867973447
-0.00304792891256511
-0.00304792891256511
-0.00304792914539576
-0.00304792914539576
-0.0030479293782264
-0.0030479293782264
-0.00304792961105704
-0.00304792961105704
-0.00304792961105704
-0.00304792984388769
-0.00304792984388769
-0.00304792984388769
-0.00304793007671833
-0.00304793007671833
-0.00304793007671833
-0.00304793030954897
-0.00304793030954897
-0.00304793030954897
-0.00304793030954897
-0.00304793054237962
-0.00304793054237962
-0.00304793054237962
-0.00304793054237962
-0.00304793054237962
-0.00304793077521026
-0.00304793077521026
-0.00304793077521026
-0.00304793077521026
-0.00304793077521026
-0.00304793077521026
-0.00304793077521026
-0.00304793077521026
-0.0030479310080409
-0.0030479310080409
-0.0030479310080409
-0.0030479310080409
-0.0030479310080409
-0.0030479310080409
-0.0030479310080409
-0.0030479310080409
-0.00304793124087155
-0.00304793124087155
-0.00304793124087155
-0.00304793124087155
-0.00304793124087155
-0.00304793124087155
-0.00304793124087155
-0.00304793124087155
-0.00304793147370219
-0.00304793147370219
-0.00304793147370219
-0.00304793147370219
-0.00304793147370219
-0.00304793147370219
-0.00304793147370219
-0.00304793170653284
-0.00304793170653284
-0.00304793170653284
-0.00304793170653284
-0.00304793170653284
-0.00304793170653284
-0.00304793170653284
-0.00304793193936348
-0.00304793193936348
-0.00304793193936348
-0.00304793193936348
-0.00304793193936348
-0.00304793193936348
-0.00304793193936348
-0.00304793193936348
-0.00304793217219412
-0.00304793217219412
-0.00304793217219412
-0.00304793217219412
-0.00304793217219412
-0.00304793217219412
-0.00304793217219412
-0.00304793240502477
-0.00304793240502477
-0.00304793240502477
-0.00304793240502477
-0.00304793240502477
-0.00304793240502477
-0.00304793240502477
-0.00304793240502477
-0.00304793263785541
-0.00304793263785541
-0.00304793263785541
-0.00304793263785541
-0.00304793263785541
-0.00304793263785541
-0.00304793263785541
-0.00304793287068605
-0.00304793287068605
-0.00304793287068605
-0.00304793287068605
-0.00304793287068605
-0.00304793287068605
-0.00304793287068605
-0.00304793287068605
-0.0030479331035167
-0.0030479331035167
-0.0030479331035167
-0.0030479331035167
-0.0030479331035167
-0.0030479331035167
-0.0030479331035167
-0.00304793333634734
-0.00304793333634734
-0.00304793333634734
-0.00304793333634734
-0.00304793333634734
-0.00304793333634734
-0.00304793333634734
-0.00304793333634734
-0.00304793356917799
-0.00304793356917799
-0.00304793356917799
-0.00304793356917799
-0.00304793356917799
-0.00304793356917799
-0.00304793356917799
-0.00304793380200863
-0.00304793380200863
-0.00304793380200863
-0.00304793380200863
-0.00304793380200863
-0.00304793380200863
-0.00304793380200863
-0.00304793380200863
-0.00304793403483927
-0.00304793403483927
-0.00304793403483927
-0.00304793403483927
-0.00304793403483927
-0.00304793403483927
-0.00304793403483927
-0.00304793426766992
-0.00304793426766992
-0.00304793426766992
-0.00304793426766992
-0.00304793426766992
-0.00304793426766992
-0.00304793426766992
-0.00304793450050056
-0.00304793450050056
-0.00304793450050056
-0.00304793450050056
-0.00304793450050056
-0.00304793450050056
-0.00304793450050056
-0.00304793450050056
-0.0030479347333312
-0.0030479347333312
-0.0030479347333312
-0.0030479347333312
-0.0030479347333312
-0.0030479347333312
-0.0030479347333312
-0.00304793496616185
-0.00304793496616185
-0.00304793496616185
-0.00304793496616185
-0.00304793496616185
-0.00304793496616185
-0.00304793496616185
-0.00304793496616185
-0.00304793519899249
-0.00304793519899249
-0.00304793519899249
-0.00304793519899249
-0.00304793519899249
-0.00304793519899249
-0.00304793519899249
-0.00304793543182313
-0.00304793543182313
-0.00304793543182313
-0.00304793543182313
-0.00304793543182313
-0.00304793543182313
-0.00304793543182313
-0.00304793543182313
-0.00304793566465378
-0.00304793566465378
-0.00304793566465378
-0.00304793566465378
-0.00304793566465378
-0.00304793566465378
-0.00304793566465378
-0.00304793589748442
-0.00304793589748442
-0.00304793589748442
-0.00304793589748442
-0.00304793589748442
-0.00304793589748442
-0.00304793589748442
-0.00304793589748442
-0.00304793613031507
-0.00304793613031507
-0.00304793613031507
-0.00304793613031507
-0.00304793613031507
-0.00304793613031507
-0.00304793613031507
-0.00304793636314571
-0.00304793636314571
-0.00304793636314571
-0.00304793636314571
-0.00304793636314571
-0.00304793636314571
-0.00304793636314571
-0.00304793636314571
-0.00304793659597635
-0.00304793659597635
-0.00304793659597635
-0.00304793659597635
-0.00304793659597635
-0.00304793659597635
-0.00304793659597635
-0.003047936828807
-0.003047936828807
-0.003047936828807
-0.003047936828807
-0.003047936828807
-0.003047936828807
-0.003047936828807
-0.003047936828807
-0.00304793706163764
-0.00304793706163764
-0.00304793706163764
-0.00304793706163764
-0.00304793706163764
-0.00304793706163764
-0.00304793706163764
-0.00304793729446828
-0.00304793729446828
-0.00304793729446828
-0.00304793729446828
-0.00304793729446828
-0.00304793729446828
-0.00304793729446828
-0.00304793729446828
-0.00304793752729893
-0.00304793752729893
-0.00304793752729893
-0.00304793752729893
-0.00304793752729893
-0.00304793752729893
-0.00304793752729893
-0.00304793776012957
-0.00304793776012957
-0.00304793776012957
-0.00304793776012957
-0.00304793776012957
-0.00304793776012957
-0.00304793776012957
-0.00304793776012957
-0.00304793799296021
-0.00304793799296021
