0.0
7.8444493567531e-08
2.15455770558037e-07
2.71879514457396e-07
3.08816936467338e-07
3.60252528253113e-07
3.69556033774643e-07
3.79252554694176e-07
3.89234884323741e-07
3.99496684622136e-07
4.02139221478137e-07
4.0477021912011e-07
4.08747524716091e-07
4.12794776138981e-07
4.1687994212225e-07
4.21009815454454e-07
4.25202728138174e-07
4.29399960921728e-07
4.35781231544752e-07
4.45495004441909e-07
4.5539471216216e-07
4.65505536340061e-07
4.75713051173443e-07
4.86004864796996e-07
4.96478037348425e-07
5.07136803662434e-07
5.18037950314465e-07
5.29104227098287e-07
5.40436815299472e-07
5.51970060769236e-07
5.63713285828271e-07
5.75635795030394e-07
5.93918571212271e-07
5.98560689013539e-07
6.03227420015173e-07
6.10274923928955e-07
6.20942500972888e-07
6.28124325885437e-07
6.31146292562335e-07
6.34276773325837e-07
6.37620587440324e-07
6.42953352780751e-07
6.48711534267932e-07
6.5488450218254e-07
6.6151443434137e-07
6.6324190584055e-07
6.64996377963689e-07
6.67683934807428e-07
6.71861926093698e-07
6.76210220262874e-07
6.8075661374678e-07
6.85479903950181e-07
6.90411297910032e-07
6.95532833105972e-07
7.00875432357861e-07
7.06440971498523e-07
7.12287260284938e-07
7.18397870969056e-07
7.24810718111257e-07
7.31565648948163e-07
7.3864879368557e-07
7.46059697576129e-07
7.53843494294415e-07
7.62056004077749e-07
7.70744009059854e-07
7.79950823925901e-07
7.82334836912923e-07
7.84771373218973e-07
7.88484612712637e-07
7.89914395227242e-07
7.920661460048e-07
7.94243987911614e-07
7.96453548446152e-07
7.98700682480558e-07
8.0096293686438e-07
8.04436524504126e-07
8.09829089121195e-07
8.15396560938098e-07
8.21169862774696e-07
8.27176734219393e-07
8.33446392789483e-07
8.35037837987329e-07
8.36675383197871e-07
8.38326911889453e-07
8.39979918509925e-07
8.42508711684786e-07
8.45073941491137e-07
8.47722049002186e-07
8.50406252084213e-07
8.53133713007992e-07
8.55926373333205e-07
8.58774967582576e-07
8.61688477016287e-07
8.64668663780321e-07
8.67719620600838e-07
8.70847429723653e-07
8.74060617661598e-07
8.77360832873819e-07
8.80762286215031e-07
8.84278790636017e-07
8.8787879803931e-07
8.91633476385323e-07
8.92622722403758e-07
8.93607023044751e-07
8.94588140454289e-07
8.96069082045869e-07
8.97575091585168e-07
8.99119584119035e-07
9.00665440894954e-07
9.02262456747849e-07
9.03883744740597e-07
9.05531749140209e-07
9.05965237052442e-07
9.06398383904161e-07
9.06827438029723e-07
9.074632885131e-07
9.08415984213207e-07
9.09865946141508e-07
9.12118480300705e-07
9.14431950604921e-07
9.15036650894763e-07
9.15644875476573e-07
9.16563749342458e-07
9.17940042199916e-07
9.20055640563078e-07
9.22250478652131e-07
9.22843298667431e-07
9.23431684896059e-07
9.24014329939382e-07
9.2422948227977e-07
9.24309517813526e-07
9.24429514270741e-07
9.24547805425391e-07
9.2467359991133e-07
9.24671383017994e-07
9.24672747260047e-07
9.24675759961247e-07
9.24674793623126e-07
9.24676612612529e-07
9.24678033698001e-07
9.24679682157148e-07
9.24677976854582e-07
9.24678261071676e-07
9.24678431601933e-07
9.24677806324326e-07
9.24678033698001e-07
9.24678658975608e-07
9.24676442082273e-07
9.24679852687404e-07
9.24677920011163e-07
9.24676044178341e-07
9.24675305213896e-07
9.24679341096635e-07
9.24673372537654e-07
9.24676555769111e-07
9.24675362057314e-07
9.24678431601933e-07
9.24678488445352e-07
9.24677976854582e-07
9.24677294733556e-07
9.24679625313729e-07
9.24679454783472e-07
9.24677692637488e-07
9.24677237890137e-07
9.24676726299367e-07
9.24676044178341e-07
9.24676044178341e-07
9.24677294733556e-07
9.24679454783472e-07
9.24679227409797e-07
9.24679739000567e-07
9.24680193747918e-07
9.24679511626891e-07
9.24680193747918e-07
9.24680819025525e-07
9.24680875868944e-07
9.24678715819027e-07
9.24677749480907e-07
9.24678033698001e-07
9.24678772662446e-07
9.24683320135955e-07
9.24684286474076e-07
9.24684286474076e-07
9.24681160086038e-07
9.24680989555782e-07
9.24682126424159e-07
9.24681444303133e-07
9.24682979075442e-07
9.24683661196468e-07
9.24685764402966e-07
9.24682183267578e-07
9.24685650716128e-07
9.24682126424159e-07
9.24683490666212e-07
9.24679795843986e-07
9.24679454783472e-07
9.24680648495269e-07
9.24685423342453e-07
9.24686105463479e-07
9.24685025438521e-07
9.24685423342453e-07
9.24685878089804e-07
9.24685593872709e-07
9.24685423342453e-07
9.24686503367411e-07
9.24689345538354e-07
9.24688663417328e-07
9.2468957291203e-07
9.24690311876475e-07
9.24689516068611e-07
9.24689004477841e-07
9.2468758339237e-07
9.2468906132126e-07
9.24690596093569e-07
9.24690880310663e-07
9.24691391901433e-07
9.24689800285705e-07
9.24691221371177e-07
9.24691732961946e-07
9.24691335058014e-07
9.2469105084092e-07
9.2469304036058e-07
9.24692926673742e-07
9.24692869830324e-07
9.24692983517161e-07
9.24694006698701e-07
9.24694347759214e-07
9.24695939374942e-07
9.24696166748618e-07
9.24694461446052e-07
9.24696223592036e-07
9.24695484627591e-07
9.24695712001267e-07
9.24696394122293e-07
9.24695370940753e-07
9.24695939374942e-07
9.24697587834089e-07
9.24699008919561e-07
9.24699463666911e-07
9.24701168969477e-07
9.24701396343153e-07
9.24702817428624e-07
9.24701339499734e-07
9.24701737403666e-07
9.24703556393069e-07
9.24706455407431e-07
9.2470401114042e-07
9.24705432225892e-07
9.24708047023159e-07
9.24705091165379e-07
9.24706398564012e-07
9.2470901336128e-07
9.24707819649484e-07
9.2470554591273e-07
9.24710832350684e-07
9.24706796467945e-07
9.24708047023159e-07
9.24708444927091e-07
9.24710320759914e-07
9.24708103866578e-07
9.24710377603333e-07
9.2470850177051e-07
9.24711400784872e-07
9.24709695482306e-07
9.24712423966412e-07
9.24711741845385e-07
9.24712651340087e-07
9.24712708183506e-07
9.247129924006e-07
9.24712878713763e-07
9.24713617678208e-07
9.24714697703166e-07
9.24715095607098e-07
9.24716232475475e-07
9.24718847272743e-07
9.24720154671377e-07
9.24719870454282e-07
9.24720609418728e-07
9.24719756767445e-07
9.24718904116162e-07
9.24717880934622e-07
9.24719131489837e-07
9.24720893635822e-07
9.24723281059414e-07
9.24722144191037e-07
9.24720382045052e-07
9.24722883155482e-07
9.24720666262147e-07
9.24720609418728e-07
9.24720382045052e-07
9.24721234696335e-07
9.24721746287105e-07
9.24720666262147e-07
9.24722655781807e-07
9.24722542094969e-07
9.24723224215995e-07
9.24721746287105e-07
9.24722087347618e-07
9.24723167372576e-07
9.24721462070011e-07
9.24723394746252e-07
9.24726350604033e-07
9.24727430628991e-07
9.24729704365745e-07
9.24731693885406e-07
9.24731523355149e-07
9.24731409668311e-07
9.24733285501134e-07
9.24732546536688e-07
9.24730841234123e-07
9.24733228657715e-07
9.24732376006432e-07
9.2473248969327e-07
9.24734138152417e-07
9.24737491914129e-07
9.24739197216695e-07
9.24738515095669e-07
9.24738174035156e-07
9.24738230878575e-07
9.24737207697035e-07
9.24738799312763e-07
9.24741073049518e-07
9.24741414110031e-07
9.24738003504899e-07
9.2473794666148e-07
9.24738912999601e-07
9.24739367746952e-07
9.24739367746952e-07
