-0.0
8.88178419700125e-16
1.43425336318614e-06
-6.34314028502558e-06
-1.65375440701609e-05
-9.19279409572482e-06
-7.57521411287598e-06
9.23881452763453e-06
-7.95642881712411e-06
-3.9967053453438e-06
6.38884739601053e-06
-9.14983320399188e-06
-3.16222285619006e-05
-3.4250901080668e-05
-3.70733469026163e-05
-4.01699689973611e-05
-4.27680279244669e-05
-4.47975617134944e-05
-4.43694370915182e-05
-4.5253815187607e-05
-4.99507659696974e-05
-5.75585218030028e-05
-6.43593957647681e-05
-6.82145691826008e-05
-6.956350262044e-05
-7.12365217623301e-05
-7.36205911380239e-05
-7.36767178750597e-05
-7.36945949029177e-05
-7.25566787878051e-05
-7.62598210712895e-05
-7.9850316978991e-05
-8.28620104584843e-05
-8.89991351868957e-05
-8.41963774291798e-05
-7.32334883650765e-05
-4.99664674862288e-05
-2.10852922464255e-05
-1.89861639228184e-05
-2.86024624074344e-05
-3.15738434437662e-05
-2.631421557453e-05
-2.58007621596335e-05
-3.23609274346381e-05
-2.75043967121746e-05
-1.52477077790536e-05
-9.33115370571613e-06
-1.19849173643161e-05
-2.03052313736407e-05
-2.57436749961926e-05
-2.60546603385592e-05
1.75133391167037e-06
9.30511305341497e-07
1.60677700478118e-06
6.89478656568099e-06
1.33922258100938e-05
1.82046078407438e-05
1.57508929987671e-05
1.1816926416941e-05
9.01808562048245e-06
6.15187127550598e-06
3.38977315550437e-06
3.93492609873647e-06
2.90904426947236e-06
2.25024268729612e-06
3.10801851810538e-06
1.40563588502118e-06
-3.186990170434e-06
-4.78251013191766e-06
-4.61852778244065e-14
7.105427357601e-15
-3.5527136788005e-15
-1.95399252334028e-14
-1.95399252334028e-14
-1.95399252334028e-14
-1.95399252334028e-14
-1.95399252334028e-14
-1.95399252334028e-14
-1.95399252334028e-14
-2.95389071425234e-07
-2.95389071425234e-07
