0.0
4.46592679281821e-07
5.13081340614008e-06
1.82928724825615e-05
4.67049139842857e-05
0.00010252765059704
0.000124521568068303
0.00013051756832283
0.000137543742312118
0.000149038736708462
0.000153612170834094
0.000159090253873728
0.000163674703799188
0.00017227089847438
0.000193414423847571
0.00023583161237184
0.000265320821199566
0.000265318783931434
0.00026531596085988
0.0002653140691109
0.000265312381088734
0.000265309383394197
0.000265312526607886
0.000265250680968165
0.000265185808530077
0.000265117356320843
0.00026504576089792
0.000264863396296278
0.000264695467194542
0.000264695467194542
