0
0.103276
0.481947
0.857533
1.232381
1.881081
2.813188
3.864083
4.858655
5.517336
5.412853
5.418426
5.335231
5.240801
5.139867
5.05351
5.057544
4.9556
4.855773
4.755341
4.733413
4.658995
4.559342
4.460268
4.361762
4.263935
4.166769
4.060939
3.972843
3.880627
3.777471
3.682131
3.599697
3.500144
3.411947
3.325473
3.22168
3.14844
3.045711
2.973896
2.872723
2.797289
2.702666
2.630165
2.535541
2.465207
2.371271
2.291943
2.207969
2.139124
2.047926
1.980909
1.890902
1.824418
1.73697
1.671518
1.586288
1.521654
1.440097
1.375079
1.293042
1.228885
1.166011
1.086459
1.024561
0.955471
0.886976
0.823914
0.753241
0.693331
0.624887
0.564443
0.505485
0.439387
0.381376
0.317913
0.259822
0.202719
0.143792
0.08672
0.030436
0
0
-0
-0
0
2e-06
1e-06
0
0
-0
-1e-06
-1e-06
-3e-06
-3e-06
-2e-06
-2e-06
-1e-06
-1e-06
-0
-0
-0
-0
