0.0
1.61773848284034e-31
2.28385943046305e-06
6.81299752613995e-06
8.01698206487345e-06
9.51234051171923e-06
1.01973528217059e-05
1.29513064166531e-05
1.72843519976595e-05
2.40152676269645e-05
3.86073988920543e-05
6.28252964816056e-05
9.66649313340895e-05
0.000136469898279756
0.000184140983037651
0.000244261464104056
0.000285379675915465
0.000334722280967981
0.000431757682235911
0.000502524839248508
0.00058809801703319
0.000614998047240078
0.00063900463283062
0.000662247883155942
0.000684569007717073
0.000717479852028191
0.000768656027503312
0.00085360772209242
0.000879486964549869
0.000918683013878763
0.000976177921984345
0.00106010388117284
0.00115455803461373
0.00127283181063831
0.0012948353542015
0.00132718263193965
0.00133016996551305
0.00133465440012515
0.00133633182849735
0.00133648875635117
0.00133650342468172
0.00133650889620185
0.00133651099167764
0.00133651180658489
0.00133651203941554
0.00133651215583086
0.0013365123886615
0.0013365123886615
0.0013365123886615
0.0013365123886615
0.0013365123886615
0.0013365123886615
0.0013365123886615
0.0013365123886615
0.0013365123886615
0.0013365123886615
0.0013365123886615
0.0013365123886615
0.0013365123886615
0.0013365123886615
