0.0
2.8899249659986e-10
2.88998852626676e-10
2.89009177700805e-10
2.89012869192362e-10
2.89013535326177e-10
2.89013646348479e-10
2.89013674104055e-10
2.89013674104055e-10
2.89013674104055e-10
2.89013674104055e-10
2.89013674104055e-10
2.89013674104055e-10
2.89013674104055e-10
2.89013674104055e-10
2.89013674104055e-10
2.89013674104055e-10
2.89013674104055e-10
2.89013674104055e-10
2.89013674104055e-10
2.89013674104055e-10
2.89013674104055e-10
2.89013674104055e-10
2.89013674104055e-10
2.89013674104055e-10
2.89013674104055e-10
2.89013674104055e-10
2.89013674104055e-10
2.89013674104055e-10
2.89013674104055e-10
2.89013674104055e-10
2.89013674104055e-10
2.89013674104055e-10
2.89013674104055e-10
2.89013674104055e-10
2.89013674104055e-10
2.89013674104055e-10
2.89013674104055e-10
2.89013674104055e-10
2.89013674104055e-10
2.89013674104055e-10
2.89013674104055e-10
2.89013674104055e-10
2.89013674104055e-10
2.89013674104055e-10
2.89013674104055e-10
2.89013674104055e-10
2.89013674104055e-10
2.89013674104055e-10
2.89013674104055e-10
2.89013674104055e-10
2.89013674104055e-10
2.89013674104055e-10
2.89013674104055e-10
2.89013674104055e-10
2.89013674104055e-10
2.89013674104055e-10
2.89013674104055e-10
2.89013674104055e-10
2.89013674104055e-10
2.89013674104055e-10
2.89013674104055e-10
2.89013674104055e-10
2.89013674104055e-10
2.89013674104055e-10
2.89013674104055e-10
2.89013674104055e-10
2.89013674104055e-10
2.89013674104055e-10
2.89013674104055e-10
2.89013674104055e-10
2.89013674104055e-10
2.89013674104055e-10
2.89013674104055e-10
2.89013674104055e-10
2.89013674104055e-10
2.89013674104055e-10
2.89013674104055e-10
2.89013674104055e-10
2.89013674104055e-10
2.89013674104055e-10
2.89013674104055e-10
2.89013674104055e-10
2.89013674104055e-10
2.89013674104055e-10
2.89013674104055e-10
2.89013674104055e-10
2.89013674104055e-10
2.89013674104055e-10
2.89013674104055e-10
2.89013674104055e-10
2.89013674104055e-10
2.89013674104055e-10
2.89013674104055e-10
2.89013674104055e-10
2.89013674104055e-10
2.89013674104055e-10
2.89013674104055e-10
2.89013674104055e-10
2.89013674104055e-10
2.89013674104055e-10
2.89013674104055e-10
2.89013674104055e-10
2.89013674104055e-10
2.89013674104055e-10
2.89013674104055e-10
2.89013674104055e-10
2.89013674104055e-10
2.89013674104055e-10
2.89013674104055e-10
2.89013674104055e-10
2.89013674104055e-10
2.89013674104055e-10
2.89013674104055e-10
2.89013674104055e-10
2.89013674104055e-10
2.89013674104055e-10
2.89013674104055e-10
2.89013674104055e-10
2.89013674104055e-10
2.89013674104055e-10
2.89013674104055e-10
2.89013674104055e-10
2.89013674104055e-10
2.89013674104055e-10
2.89013674104055e-10
2.89013674104055e-10
2.89013674104055e-10
2.89013674104055e-10
2.89013674104055e-10
2.89013674104055e-10
2.89013674104055e-10
2.89013674104055e-10
2.89013674104055e-10
2.89013674104055e-10
2.89013674104055e-10
2.89013674104055e-10
2.89013674104055e-10
2.89013674104055e-10
2.89013674104055e-10
2.89013674104055e-10
2.89013674104055e-10
2.89013674104055e-10
2.89013674104055e-10
2.89013674104055e-10
2.89013674104055e-10
2.89013674104055e-10
2.89013674104055e-10
2.89013674104055e-10
2.89013674104055e-10
2.89013674104055e-10
2.89013674104055e-10
2.89013674104055e-10
2.89013674104055e-10
2.89013674104055e-10
2.89013674104055e-10
2.89013674104055e-10
2.89013674104055e-10
2.89013674104055e-10
2.89013674104055e-10
2.89013674104055e-10
2.89013674104055e-10
2.89013674104055e-10
2.89013674104055e-10
2.89013674104055e-10
2.89013674104055e-10
2.89013674104055e-10
2.89013674104055e-10
2.89013674104055e-10
2.89013674104055e-10
2.89013674104055e-10
2.89013674104055e-10
2.89013674104055e-10
2.89013674104055e-10
2.89013674104055e-10
2.89013674104055e-10
2.89013674104055e-10
2.89013674104055e-10
2.89013674104055e-10
2.89013674104055e-10
2.89013674104055e-10
2.89013674104055e-10
2.89013674104055e-10
2.89013674104055e-10
2.89013674104055e-10
2.89013674104055e-10
2.89013674104055e-10
2.89013674104055e-10
2.89013674104055e-10
2.89013674104055e-10
2.89013674104055e-10
2.89013674104055e-10
2.89013674104055e-10
2.89013674104055e-10
2.89013674104055e-10
2.89013674104055e-10
2.89013674104055e-10
2.89013674104055e-10
2.89013674104055e-10
2.89013674104055e-10
2.89013674104055e-10
2.89013674104055e-10
2.89013674104055e-10
2.89013674104055e-10
2.89013674104055e-10
2.89013674104055e-10
2.89013674104055e-10
2.89013674104055e-10
2.89013674104055e-10
2.89013674104055e-10
2.89013674104055e-10
2.89013674104055e-10
2.89013674104055e-10
2.89013674104055e-10
2.89013674104055e-10
2.89013674104055e-10
2.89013674104055e-10
2.89013674104055e-10
2.89013674104055e-10
2.89013674104055e-10
2.89013674104055e-10
2.89013674104055e-10
2.89013674104055e-10
2.89013674104055e-10
2.89013674104055e-10
2.89013674104055e-10
2.89013674104055e-10
2.89013674104055e-10
2.89013674104055e-10
2.89013674104055e-10
2.89013674104055e-10
2.89013674104055e-10
2.89013674104055e-10
2.89013674104055e-10
2.89013674104055e-10
2.89013674104055e-10
2.89013674104055e-10
2.89013674104055e-10
2.89013674104055e-10
2.89013674104055e-10
2.89013674104055e-10
2.89013674104055e-10
2.89013674104055e-10
2.89013674104055e-10
2.89013674104055e-10
2.89013674104055e-10
2.89013674104055e-10
2.89013674104055e-10
2.89013674104055e-10
2.89013674104055e-10
2.89013674104055e-10
2.89013674104055e-10
2.89013674104055e-10
2.89013674104055e-10
2.89013674104055e-10
2.89013674104055e-10
2.89013674104055e-10
2.89013674104055e-10
2.89013674104055e-10
2.89013674104055e-10
2.89013674104055e-10
2.89013674104055e-10
2.89013674104055e-10
2.89013674104055e-10
2.89013674104055e-10
2.89013674104055e-10
2.89013674104055e-10
2.89013674104055e-10
2.89013674104055e-10
2.89013674104055e-10
2.89013674104055e-10
2.89013674104055e-10
2.89013674104055e-10
2.89013674104055e-10
2.89013674104055e-10
2.89013674104055e-10
2.89013674104055e-10
2.89013674104055e-10
2.89013674104055e-10
2.89013674104055e-10
2.89013674104055e-10
2.89013674104055e-10
2.89013674104055e-10
2.89013674104055e-10
2.89013674104055e-10
2.89013674104055e-10
2.89013674104055e-10
2.89013674104055e-10
2.89013674104055e-10
2.89013674104055e-10
2.89013674104055e-10
2.89013674104055e-10
2.89013674104055e-10
2.89013674104055e-10
