0.0
1.14573023692874e-34
3.22597570878713e-09
1.78594106614582e-07
6.6850117264039e-07
8.56349686273461e-07
1.1053139132855e-06
1.44089926834567e-06
2.08175242732977e-06
2.52719905802223e-06
3.19502373713476e-06
3.70469410881924e-06
4.0221780182037e-06
3.94864173358656e-06
3.63460549124284e-06
3.41773716172611e-06
3.32281251758104e-06
3.17282319883816e-06
3.30046395902173e-06
3.92033143725712e-06
3.95884308090899e-06
4.01252236770233e-06
4.15274871556903e-06
4.64281811218825e-06
4.94565210829023e-06
5.33462980456534e-06
5.93930917602847e-06
6.80866787661216e-06
7.05352886143373e-06
7.43544160286547e-06
8.02231988927815e-06
8.24378730612807e-06
8.57502436701907e-06
9.06316290638642e-06
9.24272444535745e-06
9.49660079641035e-06
9.80634013103554e-06
9.9880699053756e-06
9.91890647128457e-06
9.80994900601218e-06
9.67703635978978e-06
9.63880938797956e-06
9.57930751610547e-06
9.58498094405513e-06
9.61366822593845e-06
9.65898107097019e-06
9.75118291535182e-06
9.94178390101297e-06
1.00323359220056e-05
1.01916293715476e-05
1.04412656583008e-05
1.06745628727367e-05
1.11283870865009e-05
1.13466285256436e-05
1.1649862244667e-05
1.20711083582137e-05
1.25961578305578e-05
1.2653478734137e-05
1.27414969028905e-05
1.2775526556652e-05
1.27884477478801e-05
1.2793306268577e-05
1.27951525428216e-05
1.27979319586302e-05
1.28021056298167e-05
1.28083775052801e-05
1.28178062368534e-05
1.28319679788547e-05
1.28532310554874e-05
1.28852025227388e-05
1.29349436974735e-05
1.29556474348647e-05
1.29883437693934e-05
1.30399403133197e-05
1.31208580569364e-05
1.32481991386157e-05
1.34490264827036e-05
1.35277123263222e-05
1.36477592604933e-05
1.3693218534172e-05
1.37103070301237e-05
1.37359693326289e-05
1.37456172524253e-05
1.37601355163497e-05
1.37819988594856e-05
1.38149762278772e-05
1.38648074425873e-05
1.39402445711312e-05
1.40544525493169e-05
1.42294493343798e-05
1.44952828122769e-05
1.48490235005738e-05
1.497289758845e-05
1.51553713294561e-05
1.52232050822931e-05
1.53182445501443e-05
1.54459539771779e-05
1.56228888954502e-05
1.58650927915005e-05
1.61952393682441e-05
1.62252563313814e-05
1.62446121976245e-05
1.62488395289984e-05
1.62504038598854e-05
1.62510041263886e-05
1.62519063451327e-05
1.62522428581724e-05
1.62527448992478e-05
1.62528031069087e-05
1.61015432240674e-05
1.60992567543872e-05
1.60989238793263e-05
1.60984982358059e-05
1.60980016516987e-05
1.60975141625386e-05
1.60971885634353e-05
1.60970412252937e-05
1.60973813763121e-05
1.60983090609079e-05
1.60998970386572e-05
1.61023945111083e-05
1.61067800945602e-05
1.61152438522549e-05
1.61310381372459e-05
1.61568132170942e-05
1.61959851538995e-05
1.62531432579271e-05
1.63393942784751e-05
1.63713320944225e-05
1.64166358445073e-05
1.64745888469042e-05
1.65362271218328e-05
1.65564142662333e-05
1.65626206580782e-05
1.65648489200976e-05
1.6565671103308e-05
1.65659967024112e-05
1.65664623636985e-05
1.65666388056707e-05
1.65669007401448e-05
1.65669280249858e-05
1.65669280249858e-05
1.65669316629646e-05
1.6566933481954e-05
1.6566933481954e-05
1.6566933481954e-05
1.6566933481954e-05
1.65669353009434e-05
1.65669353009434e-05
1.65669353009434e-05
1.65669353009434e-05
1.64008724823361e-05
1.64006523846183e-05
1.64006523846183e-05
1.64006523846183e-05
1.64006523846183e-05
1.64006523846183e-05
1.64006523846183e-05
1.64006523846183e-05
1.64006542036077e-05
1.64006542036077e-05
1.64006542036077e-05
1.64006542036077e-05
1.64006560225971e-05
1.64006560225971e-05
1.64006578415865e-05
1.64006614795653e-05
1.64006651175441e-05
1.64006723935017e-05
1.64006596605759e-05
1.64004941325402e-05
1.64004250109429e-05
1.64003231475363e-05
1.64001739904052e-05
1.63999629876344e-05
1.63996664923616e-05
1.63992644957034e-05
1.63987897394691e-05
1.63982131198281e-05
1.63975910254521e-05
1.6397036233684e-05
1.63966942636762e-05
1.63965651154285e-05
1.63967652042629e-05
1.63973327289568e-05
1.63979893841315e-05
1.63988843269181e-05
1.64004413818475e-05
1.64026550919516e-05
1.64063912961865e-05
1.64114426297601e-05
1.64262564794626e-05
1.64365865202853e-05
1.64934881468071e-05
1.65516994456993e-05
1.65578439919045e-05
1.65702895174036e-05
1.65695309988223e-05
1.65805759024806e-05
1.65969377121655e-05
1.66155077749863e-05
1.66380596056115e-05
1.66706849995535e-05
1.67260786838597e-05
1.67954458447639e-05
1.6817952200654e-05
1.68538917932892e-05
1.68675196619006e-05
1.68801198014989e-05
1.68926562764682e-05
1.69200084201293e-05
1.70704806805588e-05
1.73067746800371e-05
1.73228017956717e-05
1.7328293324681e-05
1.73302942130249e-05
1.73310163518181e-05
1.73310345417121e-05
1.73310399986804e-05
1.73310490936274e-05
1.73310490936274e-05
1.73310509126168e-05
1.73310509126168e-05
1.73310509126168e-05
1.73310509126168e-05
1.73310509126168e-05
