-0.0
7.105427357601e-15
-1.4210854715202e-14
-9.2370555648813e-14
-7.105427357601e-14
2.8421709430404e-14
-3.5527136788005e-14
1.4210854715202e-14
1.4210854715202e-14
-2.33675621075236e-08
-2.90191564999986e-07
-1.16993078336236e-06
-1.41058831104601e-06
-2.83484951069113e-08
5.91691787121817e-07
2.16521630136413e-06
3.22737696478725e-06
1.7884367480292e-06
4.22660014010035e-06
1.85773023986258e-06
1.27299426821992e-06
2.12858140002936e-07
7.89579644333571e-07
9.87703970167786e-07
1.79044582182541e-06
1.99279747903347e-06
1.71067949850112e-06
1.24836515169591e-06
6.50467700324953e-06
9.9096359917894e-07
-2.4679975467734e-06
-6.1080208979547e-06
-7.18672527000308e-06
-6.96333881933242e-06
-7.46965815778822e-06
-7.62513082008809e-06
-8.70239455252886e-06
-7.53383210394531e-06
-7.86533928476274e-06
-4.8833608161658e-06
-4.29271312896162e-06
-4.59949660580605e-06
-4.67582140117884e-06
-4.62925527244806e-06
-4.25522739533335e-06
-4.54098335467279e-06
-5.03755290992558e-06
-5.37450250703841e-06
-1.19469623314217e-05
-1.94756285054609e-05
-1.87507685041055e-05
-1.63914810400456e-05
-1.74754241015762e-05
-9.43028135225177e-06
-4.07928018830717e-06
3.38745303452015e-06
1.25214573927224e-05
2.95404752250761e-05
2.35539919231087e-05
2.10555881494656e-05
2.02795927179977e-05
1.95512257050723e-05
2.22463568206877e-05
2.28778080781922e-05
2.34490435104817e-05
2.40372173720971e-05
2.46398121817037e-05
2.5621717213653e-05
2.75415513897315e-05
3.04112472804263e-05
3.40252445312217e-05
3.51218332070857e-05
3.63805011147633e-05
3.87941399822012e-05
4.20793076045811e-05
4.71430539619178e-05
5.71648561162874e-05
8.00311972852796e-05
9.49893292272463e-05
0.000106078019598499
0.000115029135486111
0.000122293204185553
0.000129641572129913
0.000134241694468074
0.000136888018460013
0.000138111005071551
0.000138574774609879
0.000137711525894701
0.000136184433358721
0.000134674526634626
0.000133246197947301
0.000131188280647621
0.000128152823890559
0.000125052407383919
0.000122576137073338
0.000119586547953077
0.000115700546302833
0.000110224937088788
0.000100640230812132
5.26329095009714e-05
2.21795053221285e-05
9.34810668695718e-06
4.22722951043397e-06
3.21288825944066e-06
4.11988003179431e-06
5.28953387401998e-06
6.77441130392253e-06
8.2734040915966e-06
8.40883876662701e-06
8.15215753391385e-06
7.86717282608151e-06
8.90188675839454e-06
9.50713001657277e-06
9.86992381513119e-06
1.0175455827266e-05
1.02147168945521e-05
1.06793595477939e-05
1.1415671906434e-05
1.25218939501792e-05
1.34722067741677e-05
1.33799912873656e-05
1.21485209092498e-05
1.69495760928839e-05
1.78645132109523e-05
1.51222047861665e-05
1.20404147310182e-05
1.16842857096344e-05
1.35116570163518e-05
2.38781067309901e-05
2.87486909655854e-05
3.06660367641598e-05
3.21450352203101e-05
3.35749500663951e-05
3.50534537574276e-05
3.74168157577515e-05
3.92034999094903e-05
3.88417829526588e-05
3.5564458812587e-05
3.06865840684623e-05
2.32360034715384e-05
7.55138171371073e-06
-1.7629936337471e-05
-4.18373238062486e-05
-6.47384877083823e-05
-8.68996867211536e-05
-0.000111361645394936
-0.000118271098472178
-0.000125567385111935
-0.000138608462293632
-0.000157724294695072
-0.000177411871845834
-0.000214306885027327
-0.000273798912530765
-0.000341405509971082
-0.000431085092714056
-0.000540808425284922
-0.000699184718541801
-0.000967512372881174
-0.00154310453217477
-0.00177504715975374
-0.00186171312816441
-0.00190057093277574
-0.00191811344120651
-0.00192828080616891
-0.00193250458687544
-0.00193678343202919
-0.00194270617794245
-0.00196404638700187
-0.00201214873231947
-0.00208062957972288
-0.00209001358598471
-0.00209906417876482
-0.00210771826095879
-0.00212055491283536
-0.00213338318280876
-0.00214209291152656
-0.00214443984441459
-0.00213267002254725
-0.00209932844154537
-0.002056096913293
-0.00185437803156674
-0.00165206589736044
-0.00145054620224983
-0.00127470132429153
-0.00113405438605696
-0.0010193131165579
-0.000929045141674578
-0.000859235122334212
-0.000804625276941806
-0.000759305024985224
-0.000721022835932672
-0.000687531079165637
-0.000657241675071418
-0.000607728899922222
-0.000560059619601816
-0.000522232032380998
-0.000488026940729469
-0.000455057364888489
-0.000405698054237291
-0.000320551014738157
-0.000294104829663411
-0.000264494738075882
-0.000228127275477163
-0.000177353707840666
-0.000115557442768477
-5.92658179812133e-05
-5.91384014114738e-06
4.66278725070879e-05
0.000108113774331287
0.000161924588610418
0.000222534959902987
0.000242953829001635
0.000253784179221839
0.000260534463450313
0.000265268026851118
0.000270309596089646
0.00027657428290695
0.000284589652437717
0.000295542296953499
0.000308908347506076
0.000324452441418543
0.000335838238243014
0.000343449239153415
0.000353162380633876
0.000381166260922328
0.000442510703578591
0.000463796692201868
0.000452919921372086
0.00045757123734802
0.000464760785689577
0.000449792307335883
0.000418402254581451
0.000418777839513496
0.000415177375543863
0.000397693074773997
0.000404270831495523
0.000410749344155192
0.000435591791756451
0.000417718925746158
0.000413880799897015
0.000405512488214299
0.0004056176985614
0.000398564676288515
0.00038880851934664
0.000377979595214128
0.000363755010766909
0.000326614506775513
0.000275485363090411
0.000266858376562595
0.000275366357527673
0.000258110201684758
0.00019364629406482
0.000192727398825809
0.000183944503078237
0.0001546805142425
0.000135664769914001
8.79607250681147e-05
-6.84900442138314e-07
1.93934829439968e-06
-9.04956687008962e-06
-1.54405061039142e-05
-1.71917781699449e-05
-1.06032457551919e-05
-1.55733141582459e-05
-2.41315938183106e-05
-2.60718297795393e-05
-3.65351370419376e-05
-3.88150074286386e-05
-3.28200185322203e-05
-1.09336397144943e-05
-1.29641630337574e-05
-2.78952647931874e-05
-3.17410886054859e-05
-3.52220595232211e-05
-2.61259265244007e-05
