0.0
4.84459263750936e-19
1.69657099480247e-09
7.10634111555919e-08
2.33220006862211e-07
4.20734011186141e-07
1.13149678782065e-06
2.65260860032868e-06
5.27660722582368e-06
6.38305755273905e-06
7.50118670111988e-06
8.5633428170695e-06
9.57651081989752e-06
1.07229043351253e-05
1.24912312458036e-05
1.43418183142785e-05
1.6287449398078e-05
1.84022228495451e-05
2.12061277125031e-05
2.49549448199105e-05
2.92214353976306e-05
3.4117343602702e-05
3.94099661207292e-05
4.16870825574733e-05
4.25922662543599e-05
4.39193900092505e-05
4.44151555711869e-05
4.46064987045247e-05
4.48873252025805e-05
4.49921099061612e-05
4.50315637863241e-05
4.50905099569354e-05
4.51127416454256e-05
4.51210617029574e-05
4.5123651943868e-05
4.5123651943868e-05
