0.0
5.05903074099479e-07
5.0840139920183e-07
7.05030060998979e-07
1.14914951154788e-06
1.62032574735349e-06
2.25248845708848e-06
2.83735494122084e-06
3.95971164834918e-06
6.88943964632927e-06
1.36873177325469e-05
2.45181363425218e-05
3.87410764233209e-05
5.97478356212378e-05
6.50125803076662e-05
6.65100669721141e-05
6.71965535730124e-05
6.78476062603295e-05
6.8562658270821e-05
6.94083137204871e-05
7.10512031218968e-05
7.16534341336228e-05
7.23002012819052e-05
7.29745661374182e-05
7.36592628527433e-05
7.47144586057402e-05
7.62911804486066e-05
7.6905096648261e-05
7.7819568105042e-05
7.92299324530177e-05
8.1419049820397e-05
8.22832153062336e-05
8.36433391668834e-05
8.57369304867461e-05
8.90655283001252e-05
9.02819592738524e-05
9.15265627554618e-05
9.278208744945e-05
9.40592726692557e-05
9.59892349783331e-05
9.90579937933944e-05
0.000100177087006159
0.000101314501080196
0.000102476406027563
0.000104202808870468
0.000106950639747083
0.000111061643110588
0.000117898227472324
0.000128961706650443
0.00014669714437332
0.000174747328856029
0.000217427863390185
0.000285136804450303
0.000383435457479209
0.000565829919651151
0.00075870641740039
0.000952448521275073
0.00115269294474274
0.00135166337713599
0.00154744635801762
0.00174945057369769
0.00197577732615173
0.0021960292942822
0.00241389125585556
0.00264853122644126
0.00271134753711522
0.00271070771850646
0.00270972773432732
0.00270818616263568
0.0027057935949415
0.00270274141803384
0.00269796536304057
0.00268926518037915
0.00268097827211022
0.00266994978301227
0.00265893246978521
0.00264794519171119
0.00263667362742126
0.00262482441030443
0.00261550256982446
0.00260138744488358
0.00259165931493044
0.00257893884554505
0.00256787496618927
0.00255741970613599
0.00254639075137675
0.00253389589488506
0.00252224667929113
0.00251128105446696
0.0024982844479382
0.00248707504943013
0.00247602141462266
0.00246502086520195
0.00245146709494293
0.00244029774330556
0.00242843967862427
0.00241590919904411
0.0024038883857429
0.00239428714849055
0.00238171336241066
0.00236975587904453
0.00235782004892826
0.00234552239999175
0.00233363988809288
0.00232081417925656
0.00231231073848903
0.00229975231923163
0.00228841812349856
0.00227527343668044
0.00226206076331437
0.00225336803123355
0.00223847874440253
0.00222680205479264
0.00222010421566665
0.00220476766116917
0.00219380995258689
0.00218213023617864
0.00216794689185917
0.00215789652429521
0.00214569875970483
0.00213117967359722
0.00212507578544319
0.00211224309168756
0.00209814216941595
0.0020912776235491
0.00207484164275229
0.00206064432859421
0.0020539159886539
0.00203835777938366
0.00202547363005579
0.00201862491667271
0.0020105957519263
0.00199058768339455
0.00198331824503839
0.00197421805933118
0.00195500114932656
0.00194391200784594
0.00193738203961402
0.00191884522791952
0.00191755394916981
0.00191587070003152
0.00191410118713975
0.00191410118713975
