0.0
1.26759932633306e-27
5.20250114277587e-06
1.89256134035531e-05
3.32275376422331e-05
5.20260618941393e-05
7.61771443649195e-05
9.4242932391353e-05
0.000105587474536151
0.000119542324682698
0.00016242744459305
0.000206682845600881
0.000256543251452968
0.000318498321576044
0.000386710889870301
0.000408033607527614
0.000427598744863644
0.000456105102784932
0.000505653151776642
0.000572216405998915
0.000641268386971205
0.000703335332218558
0.000775245134718716
0.000829060911200941
0.000875174649991095
0.000919450831133872
0.000970146560575813
0.000998408533632755
0.00102039868943393
0.00103674735873938
0.00104742241092026
0.00105215015355498
0.00105191546026617
0.00104548933450133
0.00103397446218878
0.0010178389493376
0.000996468821540475
0.000969358545262367
0.000937695906031877
0.000902231491636485
0.000860945321619511
0.000815064704511315
0.000765175500418991
0.000709346728399396
0.000648778164759278
0.000583307177294046
0.000513821607455611
0.000439830211689696
0.000362677063094452
0.000280429929262027
0.000192903098650277
9.94440270005725e-05
2.39446744672023e-05
2.39446289924672e-05
2.39444907492725e-05
2.39432301896159e-05
2.39423206949141e-05
2.39412256632932e-05
2.39341261476511e-05
2.39306027651764e-05
2.3924443667056e-05
2.3925944333314e-05
2.39300770772388e-05
2.39361943386029e-05
2.39422770391684e-05
2.39491055253893e-05
2.39587625401327e-05
2.39656292251311e-05
2.3971939299372e-05
2.39738492382457e-05
2.39713790506357e-05
2.39684486587066e-05
2.39637774939183e-05
2.39572254940867e-05
2.39551391132409e-05
2.39480832533445e-05
2.39356922975276e-05
2.39286855503451e-05
2.39212367887376e-05
2.39135642914334e-05
2.39084602071671e-05
2.39069559029303e-05
2.39074124692706e-05
2.39081073232228e-05
2.39122655329993e-05
2.39175533351954e-05
2.39237051573582e-05
2.39293058257317e-05
2.39340697589796e-05
2.39339278778061e-05
2.39513337874087e-05
2.39497057918925e-05
2.39421115111327e-05
2.39433920796728e-05
2.39330584008712e-05
2.39187174884137e-05
2.390781082795e-05
2.39034416154027e-05
2.38931133935694e-05
2.38798165810294e-05
2.38686570810387e-05
2.38635420828359e-05
2.38606407947373e-05
2.38591765082674e-05
