0.0
0.0
0.0
0.0
0.0
0.0
0.0
0.0
0.0
0.0
0.0
0.0
0.0
0.0
0.0
6.81191810857767e-13
2.15027973725357e-12
5.26518672411269e-12
1.96190789308881e-11
7.74767472400129e-11
1.8998419504257e-10
3.26897980906793e-10
4.50793513628867e-10
8.43704939246237e-10
1.47196776989489e-09
1.95017091364491e-09
2.3527382264632e-09
2.82667822482097e-09
3.88794152428318e-09
6.79507250467282e-09
1.20023058158836e-08
4.79852069190656e-08
1.41932630981501e-07
1.9978888587957e-07
2.3448349395494e-07
2.61110614019344e-07
2.81827652770517e-07
2.98294764888851e-07
3.1910431630422e-07
3.30974330609024e-07
3.40312169555546e-07
3.4869881915256e-07
3.56059985051616e-07
3.71776877727825e-07
3.7703736666117e-07
3.81803005211623e-07
3.86714646083419e-07
3.91057596971223e-07
3.95224532212524e-07
3.98436270643288e-07
4.01493707613554e-07
4.04577434665043e-07
4.07466956175995e-07
4.09279891755432e-07
4.12753081491246e-07
4.14064089682142e-07
4.1534809724908e-07
4.1832598185465e-07
4.19189518652274e-07
4.21348602230864e-07
4.2254285403942e-07
4.22592563609214e-07
4.25051410957167e-07
4.24869057269461e-07
4.27167151428876e-07
4.26788659524391e-07
4.28257408202626e-07
4.28197580504275e-07
4.29243243615929e-07
4.2932350652336e-07
4.29888672215384e-07
4.30193608735863e-07
4.28678703201513e-07
4.30246529958822e-07
4.30768807291315e-07
4.29972033089143e-07
4.3151703721378e-07
4.2948019540745e-07
4.30942350249097e-07
4.28429473231517e-07
4.29821739089675e-07
4.27205009145837e-07
4.28513544648013e-07
4.27638667588326e-07
4.27060967922444e-07
4.26612871251564e-07
4.24733201498384e-07
4.25926629077367e-07
4.2261521571163e-07
4.23352616962802e-07
4.24442333724073e-07
4.20613474716447e-07
4.21657603055792e-07
4.17972870536687e-07
4.18519562117581e-07
4.19488458192063e-07
4.15236740991531e-07
4.16167267758283e-07
4.16970522110205e-07
4.12727473531049e-07
4.13606670690569e-07
4.08566307896763e-07
4.09076790219842e-07
4.09905112519482e-07
4.07429013193905e-07
4.05229485522796e-07
4.05999600161522e-07
4.06401539976287e-07
4.01154522933211e-07
4.01881578682151e-07
3.98000310042335e-07
3.96121492940438e-07
