-0.0
2.48972073485821e-16
-7.56451086710609e-19
-4.05891736315483e-18
-1.0187089067157e-18
2.44145645837961e-18
-8.85268647286528e-19
-7.84312597692926e-19
1.53529395260303e-18
2.92662911371008e-18
4.33052418523815e-19
1.88908551124171e-18
2.82277596852509e-08
2.45689079747535e-07
7.24901838111691e-07
7.49869286664762e-07
8.32625573821133e-07
9.10112930796458e-07
7.19404397386825e-07
7.27566202840535e-07
1.07502546597971e-06
1.47559649121831e-06
1.59371165864286e-06
6.91547029418871e-07
9.11214556253981e-07
9.06471541384235e-07
8.96402525540907e-07
1.09571465145564e-06
3.76032403437421e-07
1.15851435111836e-08
-8.71455995365977e-07
-1.39845178637188e-06
-1.93440973816905e-06
-2.41273301071487e-06
-2.59812804870307e-06
-1.18261596071534e-06
-7.35297362552956e-07
1.48357503348961e-06
1.71252213476691e-06
2.79633241007105e-07
-6.07076071901247e-06
-4.68066355097108e-06
-4.44589022663422e-06
-2.72025863523595e-06
-2.24301766138524e-06
-5.48256139154546e-07
1.99335772776976e-07
1.32924105855636e-06
2.30825935432222e-06
-3.31908449879847e-06
-2.31986086873803e-06
-3.77963442588225e-06
-1.70120620168746e-06
-2.30835030379239e-06
-1.46621459862217e-06
-6.36777258478105e-07
-1.50288542499766e-06
-9.09263690118678e-07
-1.6743506421335e-06
-2.64268237515353e-07
-3.4002532629529e-06
-3.16453042614739e-06
-3.11066287395079e-06
-2.52018799073994e-06
-2.46688068727963e-06
-1.67319558386225e-06
-1.43399483931717e-06
-9.17680154088885e-07
4.01929355575703e-07
3.12365955323912e-07
4.84669726574793e-08
8.09968696557917e-07
-1.48813614941901e-06
-1.56571786646964e-06
-2.47818934440147e-06
-2.07820176001405e-06
-2.07691300602164e-06
-1.67418875207659e-06
-1.43537909025326e-06
-1.65323854162125e-06
-1.05234539660159e-06
-7.78260073275305e-07
-2.29741999646649e-07
-2.06960066861939e-07
6.51146365271416e-07
6.6891334427055e-07
6.86997736920603e-07
-4.1379826143384e-07
-1.37858296511695e-06
-7.45470970286988e-07
-5.61459273740184e-07
-1.00141733128112e-06
-1.10835571831558e-06
-2.05521428142674e-06
-9.45125066209584e-07
-1.02370267995866e-06
-9.36690412345342e-07
-7.70236511016265e-07
-4.77033609058708e-07
-2.43143404077273e-07
4.3452837417135e-07
-5.84776898904238e-07
1.99187525140587e-07
7.65866388974246e-07
-2.6845282263821e-07
-9.83121935860254e-07
-3.09751158056315e-07
-5.09495293954387e-07
-7.92172613728326e-07
-5.34605533175636e-07
-1.04164064396173e-06
-4.75048182124738e-07
