0.0
1.41029829592298e-07
1.40978613671905e-07
6.42687041363388e-07
1.20522245197208e-05
3.48285939253401e-05
6.35942924418487e-05
9.45861247600988e-05
0.000127218387206085
0.000165727775311098
0.000219743553316221
0.000293881981633604
0.000381710560759529
0.00047949151485227
0.000584669120144099
0.000696594011969864
0.000808294047601521
0.000914305739570409
0.00101869308855385
0.00112818041816354
0.00116286508273333
0.00121029664296657
0.00127507816068828
0.00139760307502002
0.00150649866554886
0.00159889785572886
0.00167972827330232
0.00176040816586465
0.00185130699537694
0.00190361903514713
0.00194186775479466
0.00197351118549705
0.00201071053743362
0.0020424819085747
0.00204127049073577
0.0020262289326638
0.00200114538893104
0.0019663292914629
0.00192096550017595
0.00186636368744075
0.00180219556204975
0.0017275414429605
0.00164433242753148
0.00155119888950139
0.00144960882607847
0.00133802695199847
0.00121802336070687
0.00108830793760717
0.000949287903495133
0.000799767207354307
0.000641197548247874
0.000467251549707726
0.000271544529823586
4.31941589340568e-05
4.31938169640489e-05
4.31938206020277e-05
4.31938206020277e-05
4.31938206020277e-05
4.31938206020277e-05
4.31938206020277e-05
4.31938206020277e-05
4.31938206020277e-05
4.31938206020277e-05
4.31938206020277e-05
4.31938206020277e-05
4.31938206020277e-05
4.31938206020277e-05
4.31938206020277e-05
4.31938206020277e-05
4.31938206020277e-05
4.31938206020277e-05
4.31938206020277e-05
4.31938206020277e-05
4.31938206020277e-05
4.31938206020277e-05
4.31938206020277e-05
4.31938206020277e-05
4.31938206020277e-05
4.31938206020277e-05
4.31938206020277e-05
4.31938206020277e-05
4.31938206020277e-05
4.31938206020277e-05
4.31938206020277e-05
4.31938206020277e-05
4.31938206020277e-05
4.31938206020277e-05
4.31938206020277e-05
4.31938206020277e-05
4.31938206020277e-05
4.31938206020277e-05
4.31938206020277e-05
4.31938206020277e-05
4.31938206020277e-05
4.31938206020277e-05
4.31938206020277e-05
4.31938206020277e-05
4.31938206020277e-05
4.31938206020277e-05
4.31938206020277e-05
4.31938206020277e-05
4.31938206020277e-05
4.31938206020277e-05
4.31938206020277e-05
4.31938206020277e-05
4.31938206020277e-05
4.31938206020277e-05
4.31938206020277e-05
4.31938206020277e-05
4.31938206020277e-05
4.31938206020277e-05
4.31938206020277e-05
4.31938206020277e-05
4.31938206020277e-05
4.31938206020277e-05
4.31938206020277e-05
4.31938206020277e-05
4.31938206020277e-05
4.31938206020277e-05
4.31938206020277e-05
4.31938206020277e-05
4.31938206020277e-05
4.31938206020277e-05
4.31938206020277e-05
4.31938206020277e-05
4.31938206020277e-05
4.31938206020277e-05
4.31938206020277e-05
4.31938206020277e-05
4.31938206020277e-05
4.31938206020277e-05
4.31938206020277e-05
4.31938206020277e-05
4.31938206020277e-05
4.31938206020277e-05
4.31938206020277e-05
4.31938206020277e-05
4.31938206020277e-05
4.31938206020277e-05
4.31938206020277e-05
4.31938206020277e-05
4.31938206020277e-05
4.31938206020277e-05
4.31938206020277e-05
4.31938206020277e-05
4.31938206020277e-05
4.31938206020277e-05
4.31938206020277e-05
4.31938206020277e-05
4.31938206020277e-05
4.31938206020277e-05
4.31938206020277e-05
4.31938206020277e-05
4.31938206020277e-05
4.31938206020277e-05
4.31938206020277e-05
4.31938206020277e-05
4.31938206020277e-05
4.31938206020277e-05
4.31938206020277e-05
4.31938206020277e-05
4.31938206020277e-05
4.31938206020277e-05
4.31938206020277e-05
4.31938206020277e-05
4.31938206020277e-05
4.31938206020277e-05
4.31938206020277e-05
4.31938206020277e-05
4.31938206020277e-05
4.31938206020277e-05
4.31938206020277e-05
4.31938206020277e-05
4.31938206020277e-05
4.31938206020277e-05
4.31938206020277e-05
4.31938206020277e-05
4.31938206020277e-05
4.31938206020277e-05
4.31938206020277e-05
4.31938206020277e-05
4.31938206020277e-05
4.31938206020277e-05
4.31938206020277e-05
4.31938206020277e-05
4.31938206020277e-05
4.31938206020277e-05
4.31938206020277e-05
4.31938206020277e-05
4.31938206020277e-05
4.31938206020277e-05
4.31938206020277e-05
4.31938206020277e-05
4.31938206020277e-05
4.31938206020277e-05
4.31938206020277e-05
4.31938206020277e-05
4.31938206020277e-05
4.31938206020277e-05
4.31938206020277e-05
4.31938206020277e-05
4.31938206020277e-05
4.31938206020277e-05
4.31938206020277e-05
4.31938206020277e-05
4.31938206020277e-05
4.31938206020277e-05
4.31938206020277e-05
4.31938206020277e-05
4.31938206020277e-05
4.31938206020277e-05
4.31938206020277e-05
4.31938206020277e-05
4.31938206020277e-05
4.31938206020277e-05
4.31938206020277e-05
4.31938206020277e-05
4.31938206020277e-05
4.31938206020277e-05
4.31938206020277e-05
4.31938206020277e-05
4.31938206020277e-05
4.31938206020277e-05
4.31938206020277e-05
4.31938206020277e-05
4.31938206020277e-05
4.31938206020277e-05
4.31938206020277e-05
4.31938206020277e-05
4.31938206020277e-05
4.31938206020277e-05
4.31938206020277e-05
4.31938206020277e-05
4.31938206020277e-05
4.31938206020277e-05
4.31938206020277e-05
4.31938206020277e-05
4.31938206020277e-05
4.31938206020277e-05
4.31938206020277e-05
4.31938206020277e-05
4.31938206020277e-05
4.31938206020277e-05
4.31938206020277e-05
4.31938206020277e-05
4.31938206020277e-05
4.31938206020277e-05
4.31938206020277e-05
4.31938206020277e-05
4.31938206020277e-05
4.31938206020277e-05
4.31938206020277e-05
4.31938206020277e-05
4.31938206020277e-05
4.31938206020277e-05
4.31938206020277e-05
4.31938206020277e-05
4.31938206020277e-05
4.31938206020277e-05
4.31938206020277e-05
4.31938206020277e-05
4.31938206020277e-05
4.31938206020277e-05
4.31938206020277e-05
4.31938206020277e-05
4.31938206020277e-05
4.31938206020277e-05
4.31938206020277e-05
4.31938206020277e-05
4.31938206020277e-05
4.31938206020277e-05
4.31938206020277e-05
4.31938206020277e-05
4.31938206020277e-05
4.31938206020277e-05
4.31938206020277e-05
4.31938206020277e-05
4.31938206020277e-05
4.31938206020277e-05
4.31938206020277e-05
4.31938206020277e-05
4.31938206020277e-05
4.31938206020277e-05
4.31938206020277e-05
4.31938206020277e-05
4.31938206020277e-05
4.31938206020277e-05
4.31938206020277e-05
4.31938206020277e-05
4.31938206020277e-05
4.31938206020277e-05
4.31938206020277e-05
4.31938206020277e-05
4.31938206020277e-05
4.31938206020277e-05
4.31938206020277e-05
4.31938206020277e-05
4.31938206020277e-05
4.31938206020277e-05
4.31938206020277e-05
4.31938206020277e-05
4.31938206020277e-05
4.31938206020277e-05
4.31938206020277e-05
4.31938206020277e-05
4.31938206020277e-05
4.31938206020277e-05
4.31938206020277e-05
4.31938206020277e-05
4.31938206020277e-05
4.31938206020277e-05
4.31938206020277e-05
4.31938206020277e-05
4.31938206020277e-05
4.31938206020277e-05
4.31938206020277e-05
4.31938206020277e-05
4.31938206020277e-05
4.31938206020277e-05
4.31938206020277e-05
4.31938206020277e-05
4.31938206020277e-05
4.31938206020277e-05
4.31938206020277e-05
4.31938206020277e-05
4.31938206020277e-05
4.31938206020277e-05
4.31938206020277e-05
4.31938206020277e-05
4.31938206020277e-05
4.31938206020277e-05
4.31938206020277e-05
4.31938206020277e-05
4.31938206020277e-05
4.31938206020277e-05
4.31938206020277e-05
4.31938206020277e-05
4.31938206020277e-05
4.31938206020277e-05
4.31938206020277e-05
4.31938206020277e-05
4.31938206020277e-05
4.31938206020277e-05
4.31938206020277e-05
4.31938206020277e-05
4.31938206020277e-05
4.31938169640489e-05
4.31938169640489e-05
4.31938169640489e-05
4.31938169640489e-05
4.31938169640489e-05
4.31938169640489e-05
4.31938169640489e-05
4.31938169640489e-05
4.31938169640489e-05
4.31938169640489e-05
4.31938169640489e-05
4.31938169640489e-05
4.31938169640489e-05
4.31938169640489e-05
4.31938169640489e-05
4.31938169640489e-05
4.31938169640489e-05
4.31938169640489e-05
4.31938169640489e-05
4.31938169640489e-05
4.31938169640489e-05
4.31938169640489e-05
4.31938169640489e-05
4.31938169640489e-05
4.31938169640489e-05
4.31938169640489e-05
4.31938169640489e-05
4.31938169640489e-05
4.31938169640489e-05
4.31938169640489e-05
4.31938169640489e-05
4.31938169640489e-05
4.31938169640489e-05
4.31938169640489e-05
4.31938169640489e-05
4.31938169640489e-05
4.31938169640489e-05
4.31938169640489e-05
4.31938169640489e-05
4.31938169640489e-05
4.31938169640489e-05
4.31938169640489e-05
4.31938169640489e-05
4.31938169640489e-05
4.31938169640489e-05
4.31938169640489e-05
4.31938169640489e-05
4.31938169640489e-05
4.31938169640489e-05
4.31938169640489e-05
4.31938169640489e-05
4.31938169640489e-05
4.31938169640489e-05
4.31938169640489e-05
4.31938169640489e-05
4.31938169640489e-05
4.31938169640489e-05
4.31938169640489e-05
4.31938169640489e-05
4.31938169640489e-05
4.31938169640489e-05
4.31938169640489e-05
4.31938169640489e-05
4.31938169640489e-05
4.31938169640489e-05
4.31938169640489e-05
4.31938169640489e-05
4.31938169640489e-05
4.31938169640489e-05
4.31938169640489e-05
4.31938169640489e-05
4.31938169640489e-05
4.31938169640489e-05
4.31938169640489e-05
4.31938169640489e-05
4.31938169640489e-05
4.31938169640489e-05
4.31938169640489e-05
4.31938169640489e-05
4.31938169640489e-05
4.31938169640489e-05
4.31938169640489e-05
4.31938169640489e-05
4.31938169640489e-05
4.31938169640489e-05
4.31938169640489e-05
4.31938169640489e-05
4.31938169640489e-05
4.31938169640489e-05
4.31938169640489e-05
4.31938169640489e-05
4.31938169640489e-05
4.31938169640489e-05
4.31938169640489e-05
4.31938169640489e-05
4.31938169640489e-05
4.31938169640489e-05
4.31938169640489e-05
4.31938169640489e-05
4.31938169640489e-05
4.31938169640489e-05
4.31938169640489e-05
4.31938169640489e-05
4.31938169640489e-05
4.31938169640489e-05
4.31938169640489e-05
4.31938169640489e-05
4.31938169640489e-05
4.31938169640489e-05
4.31938169640489e-05
4.31938169640489e-05
4.31938169640489e-05
4.31938169640489e-05
4.31938169640489e-05
4.31938169640489e-05
4.31938169640489e-05
4.31938169640489e-05
4.31938169640489e-05
4.31938169640489e-05
4.31938169640489e-05
4.31938169640489e-05
4.31938169640489e-05
4.31938169640489e-05
4.31938169640489e-05
4.31938169640489e-05
4.31938169640489e-05
4.31938169640489e-05
4.31938169640489e-05
4.31938169640489e-05
4.31938169640489e-05
4.31938169640489e-05
4.31938169640489e-05
4.31938169640489e-05
4.31938169640489e-05
4.31938169640489e-05
4.31938169640489e-05
4.31938169640489e-05
4.31938169640489e-05
4.31938169640489e-05
4.31938169640489e-05
4.31938169640489e-05
4.31938169640489e-05
4.31938169640489e-05
4.31938169640489e-05
4.31938169640489e-05
4.31938169640489e-05
4.31938169640489e-05
4.31938169640489e-05
4.31938169640489e-05
4.31938169640489e-05
4.31938169640489e-05
4.31938169640489e-05
4.31938169640489e-05
4.31938169640489e-05
4.31938169640489e-05
