0
0.872505
1.595624
2.355716
3.148922
3.661843
4.810887
5.766226
6.524054
7.431717
8.009588
9.079247
10.049426
10.446174
10.610098
10.723017
10.717253
10.711339
10.710204
10.706453
10.698457
10.689333
10.677991
10.665041
10.651732
10.638146
10.617149
10.585614
10.557625
10.527638
10.496744
10.444928
10.381372
10.311673
10.294571
10.270794
10.248375
10.242451
10.236153
10.22555
10.212671
10.195321
10.173259
10.150184
10.115621
10.068877
10.021522
9.98846
9.965858
9.950367
9.939426
9.931467
9.922627
9.914467
9.90557
9.893904
9.890469
9.886608
9.882049
9.876781
9.870533
9.862648
9.851656
9.83461
9.807355
9.782355
9.758984
9.725386
9.687874
9.662337
9.64573
9.635032
9.628293
9.622783
9.618845
9.616128
9.613332
9.609853
9.604737
9.598734
9.591272
9.584796
9.581536
9.601118
9.6393
9.583121
9.463811
9.325084
9.194038
8.970974
8.7253
8.485527
8.224999
7.891412
7.556359
7.222579
6.891853
6.560204
6.22824
5.895706
5.574033
5.255972
4.934553
4.61492
4.29782
3.988894
3.685902
3.388592
3.097514
2.813247
2.532393
2.254393
1.979162
1.705633
1.433771
1.16763
0.906914
0.650212
0.394425
0.1559
0.001921
0.001219
0.000619
0.00058
0.000441
0.00026
0.000259
0.000258
0.000258
0.000258
0.000258
0.000258
0.000258
0.000258
0.000258
0.000257
0.000257
0.000257
0.000257
0.000257
0.000257
0.000257
0.000257
0.000257
0.000257
0.000257
0.000257
0.000257
0.000257
0.000257
