0
0.00120000005699694
0.00240000011399388
0.00270000007003546
0.00315000000409782
0.00326250004582107
0.0033187500666827
0.0033257813192904
0.0033328125718981
0.00333457021042705
0.00333632808178663
0.00333808595314622
0.00333984382450581
0.00334248039871454
0.00334511720575392
0.0033477540127933
0.00335170887410641
0.00335566396825016
0.0033596190623939
0.00336357415653765
0.0033695069141686
0.00337840570136905
0.00339175411500037
0.00341177661903203
0.00343179935589433
0.00345182185992599
0.00347184459678829
0.00349186710081995
0.0035118896048516
0.00353191234171391
0.00355193484574556
0.00357195734977722
0.00359198008663952
0.00361200259067118
0.00364203634671867
0.0036720703355968
0.00370210409164429
0.00373213808052242
0.00376217183656991
0.00379220582544804
0.00382223958149552
0.00385227357037365
0.00388230732642114
0.00392735842615366
0.00399493426084518
0.004062510561198
0.00413008686155081
0.00419766316190362
0.00426523946225643
0.00433281576260924
0.00434970948845148
0.00435393303632736
0.00435815658420324
0.00435842061415315
0.0043584224767983
0.00435842340812087
0.00435842387378216
0.00435842387378216
0.00435842433944345
0.00435842480510473
0.00435842480510473
0.00435842527076602
0.00435842573642731
0.00435842573642731
0.00435842620208859
0.00435842666774988
0.00435842666774988
0.00435842713341117
0.00435842806473374
0.00435842806473374
0.00435842806473374
0.00435842853039503
0.00435842899605632
0.00435842946171761
0.00435842946171761
0.00435842992737889
0.00435843039304018
0.00435843085870147
0.00435843132436275
0.00435843179002404
0.00435843225568533
0.00435843272134662
0.00435843365266919
0.00435843411833048
0.00435843411833048
0.00435843458399177
0.00435843458399177
0.00435843504965305
0.00435843551531434
0.00435843598097563
0.00435843644663692
0.0043584369122982
0.00435843737795949
0.00435843784362078
0.00435843830928206
0.00435843877494335
0.00435843877494335
0.00435843924060464
0.00435843970626593
0.00435844017192721
0.0043584406375885
0.0043584406375885
0.00435844110324979
0.00435844156891108
0.00435844203457236
0.00435844250023365
0.00435844296589494
0.00435844343155622
0.00435844343155622
0.0043584443628788
0.0043584443628788
0.00435844482854009
0.00435844529420137
0.00435844529420137
0.00435844575986266
0.00435844622552395
0.00435844669118524
0.00435844669118524
0.00435844715684652
0.00435844762250781
0.0043584480881691
0.0043584480881691
0.00435844855383039
0.00435844901949167
0.00435844901949167
0.00435844948515296
0.00435844995081425
0.00435845041647553
0.00435845041647553
0.00435845088213682
0.00435845134779811
0.0043584518134594
0.0043584518134594
0.0043584518134594
0.0043584518134594
0.00435845227912068
0.00435845227912068
0.00435845274478197
0.00435845321044326
0.00435845321044326
0.00435845367610455
0.00435845367610455
0.00435845414176583
0.00435845460742712
0.00435845507308841
0.00435845553874969
0.00435845600441098
0.00435845600441098
0.00435845600441098
0.00435845647007227
0.00435845647007227
0.00435845693573356
0.00435845740139484
0.00435845740139484
0.00435845786705613
0.00435845833271742
0.00435845879837871
0.00435845926403999
0.00435845972970128
0.00435845972970128
0.00435845972970128
0.00435846019536257
0.00435846066102386
0.00435846112668514
0.00435846205800772
0.004358462523669
0.00435846298933029
0.00435846298933029
0.00435846345499158
0.00435846345499158
0.00435846438631415
0.00435846438631415
0.00435846485197544
0.00435846531763673
0.00435846578329802
0.0043584662489593
0.0043584662489593
0.0043584662489593
0.0043584662489593
0.0043584662489593
0.00435846671462059
0.00435846671462059
0.00435846718028188
0.00435846764594316
0.00435846811160445
0.00435846857726574
0.00435846904292703
0.0043584699742496
0.0043584699742496
0.00435847043991089
0.00435847090557218
0.00435847090557218
0.00435847137123346
0.00435847230255604
0.00435847230255604
0.00435847276821733
0.00435847323387861
0.0043584736995399
0.00435847416520119
0.00435847463086247
0.00435847509652376
0.00435847556218505
0.00435847602784634
0.00435847602784634
0.00435847649350762
0.00435847649350762
0.00435847695916891
0.0043584774248302
0.00435847789049149
0.00435847835615277
0.00435847882181406
0.00435847882181406
0.00435847928747535
0.00435847975313663
0.00435847975313663
0.00435848021879792
0.00435848068445921
0.0043584811501205
0.0043584811501205
0.00435848161578178
0.00435848208144307
0.00435848254710436
0.00435848301276565
0.00435848347842693
0.00435848394408822
0.00435848440974951
0.0043584848754108
0.0043584848754108
0.00435848534107208
0.00435848580673337
0.00435848580673337
0.00435848627239466
0.00435848673805594
0.00435848720371723
0.00435848766937852
0.00435848766937852
0.00435848813503981
0.00435848860070109
0.00435848860070109
0.00435848906636238
0.00435848999768496
0.00435849046334624
0.00435849092900753
0.0043584918603301
0.00435849232599139
0.00435849279165268
0.00435849325731397
0.00435849372297525
0.00435849372297525
0.00435849418863654
0.00435849418863654
0.00435849418863654
0.00435849465429783
0.00435849511995912
0.0043584955856204
0.00435849605128169
0.00435849605128169
0.00435849651694298
0.00435849698260427
0.00435849791392684
0.00435849837958813
0.00435849837958813
0.00435849884524941
0.0043584993109107
0.00435849977657199
0.00435849977657199
0.00435850024223328
0.00435850070789456
0.00435850117355585
0.00435850163921714
0.00435850210487843
0.00435850210487843
0.00435850257053971
0.00435850257053971
0.00435850257053971
0.004358503036201
0.00435850350186229
0.00435850396752357
0.00435850396752357
0.00435850443318486
0.00435850489884615
0.00435850583016872
0.00435850583016872
0.00435850629583001
0.0043585067614913
0.00435850722715259
0.00435850769281387
0.00435850769281387
0.00435850769281387
0.00435850815847516
0.00435850862413645
0.00435850908979774
0.00435850955545902
0.00435850955545902
0.0043585104867816
0.0043585104867816
0.00435851095244288
0.00435851141810417
0.00435851141810417
0.00435851188376546
0.00435851188376546
0.00435851281508803
0.00435851281508803
0.00435851328074932
0.00435851374641061
0.00435851374641061
0.0043585142120719
0.00435851467773318
0.00435851514339447
0.00435851560905576
0.00435851607471704
0.00435851607471704
0.00435851654037833
0.00435851700603962
0.00435851747170091
0.00435851747170091
0.00435851793736219
0.00435851840302348
0.00435851840302348
0.00435851886868477
0.00435851933434606
0.00435851933434606
0.00435851980000734
0.00435852026566863
0.00435852073132992
0.00435852073132992
0.00435852166265249
0.00435852166265249
0.00435852166265249
0.00435852212831378
0.00435852259397507
0.00435852305963635
0.00435852305963635
0.00435852352529764
0.00435852399095893
0.00435852445662022
0.0043585249222815
0.00435852538794279
0.00435852585360408
0.00435852631926537
0.00435852678492665
0.00435852725058794
0.00435852818191051
0.0043585286475718
0.0043585286475718
0.00435852911323309
0.00435852957889438
0.00435852957889438
0.00435853004455566
0.00435853004455566
0.00435853051021695
0.00435853051021695
0.00435853144153953
0.00435853190720081
0.00435853190720081
0.0043585323728621
0.0043585323728621
0.0043585323728621
0.00435853283852339
0.00435853283852339
0.00435853376984596
0.00435853376984596
0.00435853423550725
0.00435853423550725
0.00435853516682982
0.00435853516682982
0.00435853563249111
0.0043585360981524
0.00435853656381369
0.00435853656381369
0.00435853702947497
0.00435853749513626
0.00435853796079755
0.00435853842645884
0.00435853842645884
0.00435853935778141
0.0043585398234427
0.0043585398234427
0.00435854028910398
0.00435854075476527
0.00435854122042656
0.00435854168608785
0.00435854261741042
0.00435854308307171
0.004358543548733
0.00435854401439428
0.00435854494571686
0.00435854494571686
0.00435854541137815
0.00435854587703943
0.00435854587703943
0.00435854634270072
0.00435854680836201
0.00435854727402329
0.00435854773968458
0.00435854773968458
0.00435854820534587
0.00435854867100716
0.00435854913666844
0.00435854913666844
0.00435854960232973
0.00435854960232973
0.00435854960232973
0.00435854960232973
0.00435855006799102
0.00435855006799102
0.00435855053365231
0.00435855099931359
0.00435855099931359
0.00435855146497488
0.00435855193063617
0.00435855239629745
0.00435855239629745
0.00435855286195874
0.00435855286195874
0.00435855332762003
0.0043585542589426
0.00435855472460389
0.00435855472460389
0.00435855519026518
0.00435855565592647
0.00435855612158775
0.00435855658724904
0.00435855705291033
0.00435855751857162
0.0043585579842329
0.00435855844989419
0.00435855844989419
0.00435855938121676
0.00435855938121676
0.00435856031253934
0.00435856031253934
0.00435856077820063
0.00435856124386191
0.00435856124386191
0.0043585617095232
0.00435856217518449
0.00435856264084578
0.00435856310650706
0.00435856357216835
0.00435856403782964
0.00435856450349092
0.00435856496915221
0.00435856496915221
0.0043585654348135
0.0043585654348135
0.0043585654348135
0.00435856590047479
0.00435856636613607
0.00435856636613607
0.00435856636613607
0.00435856683179736
0.00435856729745865
0.00435856776311994
0.00435856822878122
0.00435856869444251
0.0043585691601038
0.0043585691601038
0.00435856962576509
0.00435857009142637
0.00435857055708766
0.00435857102274895
0.00435857148841023
0.00435857148841023
0.00435857148841023
0.00435857195407152
0.00435857241973281
0.00435857335105538
0.00435857335105538
0.00435857381671667
0.00435857474803925
0.00435857474803925
0.00435857474803925
0.00435857521370053
0.00435857567936182
0.00435857614502311
0.00435857614502311
0.00435857661068439
0.00435857707634568
0.00435857754200697
0.00435857800766826
0.00435857847332954
0.00435857847332954
0.00435857847332954
0.00435857893899083
0.00435857940465212
0.00435857940465212
0.00435857987031341
0.00435857987031341
0.00435858033597469
0.00435858033597469
0.00435858080163598
0.00435858126729727
0.00435858126729727
0.00435858173295856
0.00435858219861984
0.00435858266428113
0.0043585835956037
0.00435858406126499
0.00435858406126499
0.00435858452692628
