-0.000000
-0.000000
0.000000
0.037881
0.598330
1.236027
1.640316
1.890078
2.075074
2.242326
2.505665
2.886949
3.291716
3.925938
4.488310
5.029538
5.580571
6.056469
6.472271
7.059141
7.444818
7.781013
8.097122
8.413117
8.752380
9.256587
9.659027
9.994849
10.281861
10.630020
10.967012
11.251433
11.322781
11.408458
11.481304
11.494487
11.495771
11.496667
11.497271
11.497765
11.497984
11.498072
11.496817
11.483282
11.458704
11.423694
11.408238
11.392300
11.375800
11.350065
11.305934
11.292642
11.277644
11.258727
11.253474
11.247753
11.241529
11.234492
11.226185
11.215603
11.202018
11.187152
11.162010
11.120532
11.055207
10.979148
10.920894
10.878673
10.847715
10.824070
10.805012
10.788612
10.773827
10.759885
10.746386
10.731571
10.717743
10.714909
10.711914
10.706856
10.700887
10.693347
10.682362
10.670167
10.656989
10.635831
10.604011
10.565257
10.534631
10.511089
10.492931
10.478881
10.467811
10.458888
10.451176
10.441357
10.432823
10.425555
10.418875
10.413082
10.405770
10.395607
10.381930
10.362660
10.344747
10.327264
10.309868
10.285720
10.251948
10.203846
10.137645
10.067102
9.985987
9.888970
9.661477
9.359715
9.095687
8.833332
8.576219
8.327411
8.022522
7.697038
7.373918
7.044080
6.712883
6.366461
5.992884
5.614117
5.237740
4.867694
4.499199
4.133812
3.770934
3.411149
3.053023
2.696085
2.346258
1.996122
1.646014
1.297115
0.933363
0.560873
0.161860
0.000349
0.000341
0.000349
0.000354
0.000361
0.000361
0.000354
0.000342
0.000323
0.000306
0.000277
0.000262
0.000244
0.000232
0.000234
0.000238
0.000240
0.000244
0.000249
0.000243
0.000235
0.000222
0.000197
0.000173
0.000140
0.000102
0.000064
0.000055
0.000029
-0.000017
-0.000021
-0.000021
