0.0
3.55007988067299e-13
1.90705871233599e-11
2.18599634921324e-11
2.90334613989307e-11
3.28085475453932e-11
5.642019143548e-11
1.44936715407162e-10
3.17735171506683e-10
6.23022189394362e-10
1.13739950791114e-09
1.44459433304434e-09
1.81315396030612e-09
2.38980391031873e-09
2.92470692109248e-09
3.53615936532492e-09
3.97578547861599e-09
4.11507539155309e-09
4.33028501944932e-09
4.74258277094464e-09
5.17554665790954e-09
5.52333956349571e-09
5.94943694309791e-09
6.34235908236747e-09
6.73842137643987e-09
7.06814873296935e-09
7.26346538471034e-09
8.06262878683128e-09
8.44855474468886e-09
8.58812754245264e-09
8.79734063374826e-09
8.88852103031468e-09
8.89716833540888e-09
8.91027607252681e-09
8.91153906223963e-09
8.91342111231097e-09
8.91359430710281e-09
8.91385898427188e-09
8.91395757207647e-09
8.9139948755701e-09
8.91405083081054e-09
8.91407214709261e-09
8.91407925251997e-09
8.91409168701784e-09
8.91409257519626e-09
8.9140943515531e-09
8.9140943515531e-09
8.91409523973152e-09
8.91409523973152e-09
8.91409523973152e-09
8.91409523973152e-09
8.91409523973152e-09
8.91409523973152e-09
8.91409523973152e-09
8.91409523973152e-09
8.91409523973152e-09
8.91409523973152e-09
8.91409523973152e-09
8.91409523973152e-09
8.91409612790994e-09
8.91409612790994e-09
8.91409612790994e-09
8.91409612790994e-09
