0.0
0.0
2.56868872838822e-07
4.7990465645853e-07
3.12500333166099e-07
5.72210069549328e-07
6.45132161025685e-07
7.97979339495214e-07
1.04977345927182e-06
1.26493193874921e-06
1.40752513289044e-06
1.61897969519487e-06
1.80429879037547e-06
2.22816834138939e-06
2.77795402325864e-06
2.8742342692567e-06
3.05755679619324e-06
3.41747477250465e-06
3.91211824535276e-06
4.09229323850013e-06
4.24036625190638e-06
4.63968262920389e-06
4.83795656691655e-06
5.10262043462717e-06
5.63764115213417e-06
6.01642204856034e-06
6.72745909469086e-06
7.25040808902122e-06
7.57785164751112e-06
8.21492540126201e-06
8.40111079014605e-06
8.57117811392527e-06
8.69134510139702e-06
8.82193307916168e-06
8.99677979759872e-06
9.18246132641798e-06
9.35937259782804e-06
9.49555851548212e-06
9.70180190051906e-06
9.77809031610377e-06
9.98969062493416e-06
1.02879630503594e-05
1.07101895991946e-05
1.11344697870663e-05
1.17858871817589e-05
1.22263836601633e-05
1.2612649697985e-05
1.28876472444972e-05
1.3196088730183e-05
1.35226391648757e-05
1.40041474878672e-05
1.4283818018157e-05
1.45110361700063e-05
1.4706652109453e-05
1.47636255860562e-05
1.48115077536204e-05
1.49740371853113e-05
1.50227006088244e-05
1.50800315168453e-05
1.50821615534369e-05
1.50777523231227e-05
1.50703781400807e-05
1.50689793372294e-05
1.50700589074404e-05
