-0.0
-8.43316378439985e-16
0.00725276861339808
0.0155343022197485
0.0173635762184858
0.0192414280027151
0.0271833017468452
0.040640577673912
0.0523433573544025
0.0680308118462563
0.0828875377774239
0.0964627787470818
0.109137333929539
0.129697948694229
0.139998614788055
0.147125512361526
0.156523123383522
0.175391182303429
0.186488956212997
0.186965048313141
0.187426209449768
0.18799977004528
0.188631013035774
0.189068779349327
0.189032554626465
0.187124088406563
0.185751706361771
0.184846013784409
0.183386266231537
0.183112159371376
0.182783573865891
0.182277664542198
0.181510403752327
0.180300191044807
0.17841249704361
0.175555214285851
0.171244367957115
0.16427344083786
0.153439998626709
0.136490926146507
0.118027471005917
0.0951846614480019
0.0739273652434349
0.0527922473847866
0.0306706801056862
0.0156354587525129
0.014625352807343
0.013921239413321
0.0136769535019994
0.0132701816037297
0.0131543548777699
0.0131864370778203
0.0130822984501719
0.0132075604051352
0.0134394755586982
0.0138430455699563
0.0142089016735554
0.0141918873414397
0.0140064461156726
0.0134498896077275
0.0130989272147417
0.0132253104820848
0.0132552515715361
0.0131989670917392
0.0132543677464128
0.0132760694250464
0.0134355956688523
0.0136789688840508
0.013968120329082
0.0140579026192427
0.0138746267184615
0.0135012893006206
0.0126812513917685
0.0125551680102944
0.0124415988102555
0.0122933452948928
0.0124863451346755
0.0127245159819722
0.0130423791706562
0.0132720023393631
0.0134835308417678
0.0137857235968113
0.0140299377962947
0.0142716122791171
0.0138761634007096
0.0134741775691509
0.0129339210689068
0.0124937044456601
0.0125248096883297
0.012421503663063
0.012294102460146
0.0123428385704756
0.0122365774586797
0.0122209163382649
0.0122671686112881
0.0122589841485023
0.0125582041218877
0.012969171628356
0.0133975613862276
0.0137817412614822
0.0143122253939509
0.0138696571812034
0.0133373253047466
0.0129349296912551
0.0123227871954441
0.0120988031849265
0.0118747483938932
0.0116004208102822
0.0117385536432266
0.0118626821786165
0.0118657406419516
0.0118873873725533
0.0118764312937856
0.0117439879104495
0.0116614094004035
0.0116364732384682
0.0116051761433482
0.0116515271365643
0.0120911924168468
0.0122533673420548
0.0126259690150619
0.0130317630246282
0.0137730184942484
0.0139494985342026
