0.0
-5.96897748639389e-18
-1.2130300934986e-17
-1.23439451435962e-17
-1.2366087114233e-17
9.82831352303037e-07
1.20146605695481e-05
1.73917505890131e-05
2.26237261813367e-05
2.61376335402019e-05
2.9370834454312e-05
3.39321595674846e-05
4.11942710343283e-05
5.3323255997384e-05
7.45273646316491e-05
0.000101367571915034
0.000133211302454583
0.000169636943610385
0.000211709615541622
0.000260926521150395
0.000317393220029771
0.000381093559553847
0.000451932108262554
0.000529720971826464
0.000614684133324772
0.00070532166864723
0.000799039611592889
0.000894567288924009
0.000942799204494804
0.000967017724178731
0.000971566420048475
0.000976117560639977
0.000977255753241479
0.000978394062258303
0.000979532487690449
0.000979559263214469
0.000979559263214469
