0.0
1.01130339658084e-07
2.59040120909049e-06
5.35628078068839e-06
7.49538457966992e-06
9.31060367292957e-06
1.19533506222069e-05
1.39605635922635e-05
1.72418494912563e-05
1.86039214895573e-05
1.97675199160585e-05
2.31991725740954e-05
2.8796703190892e-05
3.32900563080329e-05
3.65164669346996e-05
3.96391988033429e-05
3.99211821786594e-05
3.9241280319402e-05
3.84337763534859e-05
3.80211895389948e-05
3.70230300177354e-05
3.59504520019982e-05
3.49571892002132e-05
3.4189873986179e-05
3.34782234858721e-05
3.25545333907939e-05
3.15811776090413e-05
3.07117334159557e-05
2.98986979032634e-05
2.91256274067564e-05
2.82922737824265e-05
2.73865480266977e-05
2.64811078523053e-05
2.54644564847695e-05
2.44528964685742e-05
2.34680628636852e-05
2.22874095925363e-05
2.11710739677073e-05
1.98698362510186e-05
1.79482540261233e-05
1.58951861521928e-05
1.32211489471956e-05
1.08211343103903e-05
8.7308335423586e-06
6.84583483234746e-06
5.03199316881364e-06
3.47311151926988e-06
2.27116993301024e-06
1.38099858304486e-06
6.49282696940645e-07
3.93709171930823e-07
2.9779633337057e-07
2.64715140474436e-07
2.55064520615633e-07
2.41158033986721e-07
2.36090158978186e-07
2.32517038512015e-07
2.24629317813196e-07
2.19922625888103e-07
2.05670829700466e-07
1.9890224223218e-07
1.86122619538764e-07
1.67189469379991e-07
1.45935203477165e-07
1.33992386963655e-07
1.29939948578794e-07
1.29078571831087e-07
1.29010231830762e-07
1.29034546603179e-07
1.29072645904671e-07
1.29130896198149e-07
1.29219927202939e-07
1.29355242961537e-07
1.295614282526e-07
1.29862613107434e-07
1.30276958998365e-07
1.30930800423812e-07
1.32007173192505e-07
1.34080167413231e-07
1.36964700914177e-07
1.39710664370796e-07
1.41551382171201e-07
1.44508675248289e-07
1.48086655826773e-07
1.50380671470884e-07
1.50641952245678e-07
1.4955682559048e-07
1.49576621311098e-07
1.50223343098332e-07
1.48202460081848e-07
1.48885419548606e-07
1.49972677832011e-07
1.48918530840092e-07
1.5027836752779e-07
1.50483330685347e-07
1.53541535041768e-07
1.55607622787102e-07
1.54154619735891e-07
1.5584399193358e-07
1.57677405354661e-07
1.56597010914084e-07
1.58055328824958e-07
1.57801494538035e-07
1.58354623636114e-07
1.59910769070848e-07
1.59688326561991e-07
1.59579116143505e-07
1.60102189283862e-07
1.61382843089086e-07
1.64710741046292e-07
1.67030307807181e-07
1.69037775776815e-07
1.71411102201091e-07
1.74298222077596e-07
1.73273051018441e-07
1.72737230741404e-07
1.76114127725668e-07
1.76096250470437e-07
1.75192155893455e-07
1.75493738652222e-07
1.75547384628771e-07
1.74111519868347e-07
1.72322799585345e-07
1.70253301234879e-07
1.69722000009642e-07
1.68861930660569e-07
1.66702875503688e-07
1.65604078006254e-07
1.65497411330762e-07
1.65348353675654e-07
1.65135787710824e-07
1.65135787710824e-07
