0.0
5.0598989621629e-19
5.75493039889352e-08
2.79282460269314e-07
3.6626937571782e-07
4.73166039682837e-07
9.38471146127995e-07
1.97940926227602e-06
3.6119265587331e-06
6.68303528073011e-06
1.04152450148831e-05
1.4937301784812e-05
2.13853654713603e-05
3.11360308842268e-05
4.10262582590804e-05
5.1643652113853e-05
6.5714972151909e-05
8.75799159985036e-05
0.00010968742572004
0.000115879949589726
0.000126605867990293
0.000152336157043464
0.000201093454961665
0.000282056833384559
0.000306858099065721
0.000344206928275526
0.000361069600330666
0.000387419888284057
0.000397204828914255
0.000411833607358858
0.000435105030192062
0.000459440430859104
0.000484418036649004
0.000524802366271615
0.0005891615874134
0.000678625656291842
0.000831810350064188
0.000891525181941688
0.000983139267191291
0.0011241853935644
0.00133793929126114
0.00159413588698953
0.0018687779083848
0.00213895388878882
0.0022053720895201
0.00230373931117356
0.00234025809913874
0.00239440728910267
0.00239939242601395
0.00240125739946961
0.00240195612423122
0.00240202178247273
0.00240211980417371
0.00240215682424605
0.00240217056125402
0.00240217172540724
0.00240217172540724
