0
0.0010000001639128
0.001999999396503
0.0030000004917383
0.0040000006556511
0.0049999989569187
0.0052499994635582
0.0054999999701977
0.0058749988675118
0.006437499076128
0.006648438051343
0.0069648437201977
0.0074394531548023
0.0076174307614565
0.0078843999654055
0.0082848500460386
0.0084350202232599
0.0086602736264467
0.0089981555938721
0.0093360356986523
0.0096739176660776
0.0100117977708578
0.0103496797382832
0.0106875598430634
0.0110254418104887
0.0111099127680063
0.0111310295760632
0.01115214638412
0.0111600663512945
0.0111719444394112
0.0111808534711599
0.0111897625029087
0.0111986715346575
0.0111986715346575
