0.0
0.00120000005699694
0.00240000011399388
0.00270000007003546
0.00315000000409782
0.0033187500666827
0.00357187492772937
0.00366679695434868
0.00380917964503169
0.00402275379747152
0.00410284427925944
0.00422297976911068
0.00426803063601255
0.00433560693636537
0.00436094775795937
0.0043989596888423
0.00441321404650807
0.0044345953501761
0.00446666777133942
0.00449874019250274
0.0045067579485476
0.00451477617025375
0.00452680326998234
0.00454484391957521
0.00456288456916809
0.00458092521876097
0.00460798619315028
0.0046485778875649
0.00470946496352553
0.00480079604312778
0.00493779219686985
0.00498916581273079
0.0050662262365222
0.00518181687220931
0.00535520305857062
0.00552858924493194
0.00570197496563196
0.00587536115199327
0.00604874733835459
0.00622213305905461
0.00648221233859658
0.00687233079224825
0.00745750870555639
0.00804268661886454
0.00862786453217268
0.00877415854483843
0.00892045255750418
0.0090667475014925
0.00921304151415825
0.00943248346447945
0.0095147741958499
0.00963820982724428
0.00982336420565844
0.0101010948419571
0.0103788254782557
0.010656557045877
0.0110731525346637
0.0114897489547729
0.0119063453748822
0.0120104942470789
0.01203653216362
0.0120625691488385
0.0121016250923276
0.0121602090075612
0.0122480848804116
0.0123798986896873
0.0124128516763449
0.0124458055943251
0.0124488947913051
0.0124519839882851
0.0124543011188507
0.0124566182494164
0.0124600939452648
0.0124653065577149
0.012473126873374
0.0124848568812013
0.0124848568812013
