0
0.00711495475843549
0.0106683168560266
0.0152163337916136
0.0200284738093615
0.0235219672322273
0.0300260446965694
0.033979419618845
0.0372814051806927
0.0400310605764389
0.0393909886479378
0.0403561480343342
0.0416537299752235
0.0436355173587799
0.045857522636652
0.048681229352951
0.0529953502118587
0.0601387433707714
0.0662982985377312
0.0802841484546661
0.0941481217741966
0.107232660055161
0.119623504579067
0.131324842572212
0.145092874765396
0.156491234898567
0.163754567503929
0.1727245002985
0.181542843580246
0.186326369643211
0.195147916674614
0.20278026163578
0.210212379693985
0.215415582060814
0.22415155172348
0.229091539978981
0.229273244738579
0.229304611682892
0.22933554649353
0.229365080595016
0.22939333319664
0.229403108358383
0.229417622089386
0.22943888604641
0.22946996986866
0.229513630270958
0.22954460978508
0.229556068778038
0.229509353637695
0.229458034038544
0.229291006922722
0.229111075401306
0.228899836540222
0.228571772575378
0.228125154972076
0.227599650621414
0.226967439055443
0.226459100842476
0.226401433348656
0.226388588547707
0.226391896605492
0.226331293582916
0.226282998919487
0.22625894844532
0.226241916418076
0.226231843233109
0.226224169135094
0.226203724741936
0.226184621453285
0.226170346140862
0.226161479949951
0.226149022579193
0.22612738609314
0.226101920008659
0.226044207811356
0.225971817970276
0.225799471139908
0.225429624319077
0.224680989980698
0.223377406597137
0.221360176801682
0.218381002545357
0.213802695274353
0.209334149956703
0.204881697893143
0.199083998799324
0.19248653948307
0.185746341943741
0.179204598069191
0.177520036697388
0.176879957318306
0.176649495959282
0.176301345229149
0.175773203372955
0.174978047609329
0.173781514167786
0.173308074474335
0.17261378467083
0.172354981303215
0.171967193484306
0.1713757365942
0.170485317707062
0.170147255063057
0.169629067182541
0.168833702802658
0.16762512922287
0.167168140411377
0.166478425264359
0.165446132421494
0.163887843489647
0.161514192819595
0.157893002033234
0.15653832256794
0.156031027436256
0.155840709805489
0.15555539727211
0.155448749661446
0.155438378453255
0.155423149466515
0.155417487025261
0.155415326356888
0.155414551496506
0.15541335940361
0.15541335940361
