-0.0
8.5265128291212e-14
-4.17190904045128e-09
3.70387567727448e-07
6.74284478918707e-07
6.43474663775123e-07
6.26228825240105e-07
7.7940899245732e-07
9.65948856901377e-07
9.56155417952687e-07
9.26685515878489e-07
1.86396709977998e-06
5.6066210163408e-06
4.98428125865757e-05
1.10467244667234e-05
-8.49824937176891e-06
-9.27490691537969e-06
-9.43213308346458e-06
-1.07529303932097e-05
-1.19197375170188e-05
-9.88149076874834e-06
-7.34251989342738e-06
1.61800926434807e-07
3.87908585253172e-06
-4.30459294875618e-06
-4.58607246400788e-06
-2.82592918665614e-06
-3.61517231795006e-06
-4.1485491237836e-06
-4.65961784357205e-06
-5.62569402973168e-06
-5.63275534659624e-06
-7.81418384576682e-06
-3.66826861863956e-06
-3.7272857298376e-06
-2.90236312139314e-06
-6.62766979075968e-06
-5.31203841092065e-06
-4.85050986753777e-06
-5.43682835996151e-06
-4.41292922914727e-06
-3.40992937708506e-06
-3.95430652133655e-06
-3.41613122145645e-06
-3.48645335179754e-06
-3.23214226227719e-06
-3.71371334040305e-06
-1.2493892427301e-06
-4.18526724388357e-07
-1.6601069319222e-07
-7.01530495916813e-08
-1.60165114948541e-07
-1.73758394339529e-07
-1.22140505709467e-07
-9.34058164148155e-08
-1.13352470521022e-07
-8.5542112060466e-08
-5.17505753805381e-08
-5.53648646928195e-08
-5.98448650634964e-08
-5.09092785705434e-08
-4.76762949119802e-08
-9.17643916409361e-08
-6.04480234756011e-08
-4.92180234346051e-08
-4.90036100586622e-08
-9.63838289180785e-08
-7.58233440478762e-08
-8.51092281095589e-08
-8.15190190905923e-08
-1.7936989138434e-07
-1.64055421691955e-07
-7.7106307116992e-08
-2.57472887454924e-08
-5.40724176545382e-09
1.41494149730192e-09
9.12489142024242e-08
9.12489142024242e-08
