-0.0
1.4210854715202e-13
1.98951966012828e-13
-5.59191448701313e-08
3.07638856611447e-08
3.41229679179378e-07
7.93039362179115e-07
1.40089377964614e-06
7.28834493202157e-07
-1.75731656781863e-07
-1.15823240776081e-06
-2.14529063669033e-06
-4.19249408878386e-06
-5.27024349139538e-06
-5.75916237721685e-06
-6.43207022221759e-06
-9.4372753665084e-06
-3.89515844290145e-06
-3.04929744743276e-06
-3.35198637912981e-06
-4.24502650275826e-06
-5.66191738471389e-06
-6.70874578645453e-06
-8.44046007841825e-06
-1.00660217867699e-05
-1.21239572763443e-05
-1.44692821777426e-05
-1.48114850162528e-05
-1.74738706846256e-05
-1.49324660014827e-05
-1.92155057447962e-05
-2.44235634454526e-05
1.921765942825e-05
0.000100787343399134
0.000103471807960887
6.24767126282677e-05
2.60999950114638e-05
2.43332397076301e-05
-2.81837856164202e-06
-1.16705923574045e-05
-2.61938839685172e-05
-3.2757205190137e-05
-4.23541641794145e-05
-4.67233548988588e-05
-4.82245086459443e-05
-4.99994348501787e-05
-5.2373310609255e-05
-5.48636962776072e-05
-5.57595485588536e-05
-5.68304021726362e-05
-5.80535852350295e-05
-5.95999517827295e-05
-6.12633302807808e-05
-6.42002341919579e-05
-6.54509567539208e-05
-6.68023858452216e-05
-6.85803242959082e-05
-6.93358888383955e-05
-6.994376599323e-05
-7.0573303673882e-05
-7.09996384102851e-05
-7.14632842573337e-05
-7.19198069418781e-05
-7.26515427231789e-05
-7.37493319320492e-05
-7.50426115700975e-05
-7.61538321967237e-05
-7.72450875956565e-05
-7.82328497734852e-05
-7.9811186878942e-05
-8.20057539385743e-05
-8.21567446109839e-05
-8.2654740253929e-05
-8.34228412713856e-05
-8.30374046927318e-05
-8.2601371104829e-05
-8.21431895019487e-05
-8.11395366326906e-05
-8.01873611635529e-05
-7.97586035332642e-05
-7.932056178106e-05
-7.88575853221118e-05
-7.82138013164513e-05
-7.70722253946587e-05
-7.52197811380029e-05
-7.31760592316277e-05
-7.03348923707381e-05
-6.73264876240864e-05
-6.14065502304584e-05
-5.15475476277061e-05
-3.9128732169047e-05
-4.28356797783636e-05
-5.31781588506419e-05
-7.5415926403366e-05
6.96770148351789e-05
9.53065173234791e-05
5.4394102335209e-05
2.25496441998985e-05
-4.12527879234403e-06
-2.5414876290597e-05
-3.93169066228438e-05
-4.53374814242125e-05
-4.76384157082066e-05
-6.15430399193428e-05
-7.35424400772899e-05
-5.35281469637994e-05
-3.57655517291278e-05
-4.31488697358873e-05
-4.65357879875228e-05
-4.85103118990082e-05
-2.03349736693781e-05
3.20903527608607e-05
3.98663651139941e-05
2.86813428829191e-05
2.80329932138557e-05
2.11849637707928e-05
2.2052729036659e-05
2.26964748435421e-05
1.92772986338241e-05
-8.59439114719862e-06
-1.50935420606402e-05
-1.23052059279871e-05
9.27613541534811e-12
-8.88178419700125e-14
3.5527136788005e-14
1.20792265079217e-13
7.46069872548105e-14
6.75015598972095e-14
6.75015598972095e-14
6.75015598972095e-14
6.75015598972095e-14
6.75015598972095e-14
6.75015598972095e-14
6.75015598972095e-14
6.75015598972095e-14
6.75015598972095e-14
6.75015598972095e-14
6.75015598972095e-14
6.75015598972095e-14
6.75015598972095e-14
6.75015598972095e-14
6.75015598972095e-14
6.75015598972095e-14
6.75015598972095e-14
6.75015598972095e-14
6.75015598972095e-14
6.75015598972095e-14
6.75015598972095e-14
6.75015598972095e-14
6.75015598972095e-14
6.75015598972095e-14
6.75015598972095e-14
6.75015598972095e-14
6.75015598972095e-14
6.75015598972095e-14
6.75015598972095e-14
6.75015598972095e-14
6.75015598972095e-14
6.75015598972095e-14
6.75015598972095e-14
6.75015598972095e-14
6.75015598972095e-14
6.75015598972095e-14
6.75015598972095e-14
6.75015598972095e-14
6.75015598972095e-14
6.75015598972095e-14
6.75015598972095e-14
-8.51283914471423e-08
-8.51283914471423e-08
