-0.0
-9.61394888869603e-16
0.00826083123683929
0.0181947872042656
0.0229400731623173
0.0417398735880852
0.0556545369327068
0.0747416391968727
0.0908145010471344
0.108574099838734
0.12713435292244
0.14098995923996
0.149239346385002
0.162695795297623
0.170962035655975
0.168777212500572
0.166073694825172
0.163931086659431
0.155477821826935
0.140537366271019
0.122804306447506
0.108102269470692
0.0899350494146347
0.071898952126503
0.055582333356142
0.0365119390189648
0.0164423678070307
0.00762019911780953
0.00694729574024677
0.00683761853724718
0.00682102330029011
0.00677129440009594
0.00671637896448374
0.00673409784212708
0.00670767156407237
0.00672274176031351
0.00678996788337827
0.00682981824502349
0.00677657965570688
0.00670791370794177
0.00660322699695826
0.00665290467441082
0.0067262495867908
0.006770602427423
0.00672889407724142
0.00675121555104852
0.00671964976936579
0.00675268517807126
0.00683284644037485
0.00695192953571677
0.0069445138797164
0.0068960445933044
0.00675964448601007
0.00665932660922408
0.00661265105009079
0.00650966400280595
0.00639200117439032
0.00632393499836326
0.00636190269142389
0.00651104375720024
0.00661872932687402
0.00669832248240709
0.00672677112743258
0.00675749592483044
0.0067033264786005
0.00660253502428532
0.00660816300660372
0.00651579722762108
0.00656374404206872
0.0066034272313118
0.00659089488908648
0.00658359238877892
0.00659812614321709
0.00651303725317121
0.00652630580589175
0.00650179106742144
0.00638173008337617
0.00635808845981956
0.00640053208917379
0.00638243509456515
0.0064247571863234
0.00658196024596691
0.00648253317922354
0.00650456920266151
0.00641036266461015
0.00633481750264764
0.006277478300035
0.00620140507817268
0.00619737477973104
0.00628674449399114
0.00637968303635716
0.00636079348623753
0.00635102670639753
0.00631843460723758
0.00623690988868475
0.00607823627069592
0.00598533730953932
0.0059148701839149
0.00595811987295747
0.00604587979614735
0.00619453145191073
0.00630165310576558
0.00628519151359797
0.00625114608556032
0.00622858386486769
0.00628086132928729
0.00658873654901981
0.00655407411977649
0.006392786744982
