0.0
0.00120000005699694
0.00240000011399388
0.00359999993816018
0.00480000022798777
0.00600000005215406
0.00719999987632036
0.00839999970048666
0.00960000045597553
0.0108000002801418
0.0120000001043081
0.0131999999284744
0.0143999997526407
0.015599999576807
0.0167999994009733
0.0179999992251396
0.0192000009119511
0.0204000007361174
0.0207000002264977
0.0209999997168779
0.0210749991238117
0.021093750372529
0.0211078133434057
0.0211218744516373
0.0211245119571686
0.0211271476000547
0.0211297851055861
0.0211324226111174
0.0211350582540035
0.0211376957595348
0.021140331402421
0.0211429689079523
0.0211456045508385
0.0211482420563698
0.0211508795619011
0.0211535152047873
0.0211561527103186
0.0211587883532047
0.021161425858736
0.0211640633642673
0.0211666990071535
0.0211693365126848
0.021171972155571
0.021175928413868
0.0211798828095198
0.0211838372051716
0.0211877934634686
0.0211907587945461
0.0211937259882689
0.0211966913193464
0.0211996585130692
0.0212026238441467
0.0212070737034082
0.0212137475609779
0.0212237592786551
0.0212337709963322
0.0212437827140093
0.0212537925690413
0.0212638042867184
0.0212738160043955
0.021281324326992
0.0212888326495886
0.0212944634258747
0.021300096064806
0.0213057268410921
0.0213113576173782
0.0213169902563095
0.0213226210325956
0.0213282518088818
0.021333884447813
0.0213395152240992
0.0213451460003853
0.0213507786393166
0.0213564094156027
0.0213620401918888
0.0213676709681749
0.0213761180639267
0.0213887896388769
0.021401459351182
0.0214141309261322
0.0214268006384373
0.0214394722133875
0.0214489735662937
0.0214584767818451
0.0214608535170555
0.0214632283896208
0.0214656051248312
0.0214679799973965
0.0214703567326069
0.0214727316051722
0.0214751064777374
0.0214768890291452
0.0214786715805531
0.0214804522693157
0.0214831251651049
0.0214871354401112
0.0214931480586529
0.0215021688491106
0.0215156991034746
0.0215359944850206
0.0215562898665667
0.0215765871107578
0.0215968824923038
0.0216171778738499
0.0216476209461689
0.0216932874172926
0.0217617843300104
0.0218645315617323
0.0220186524093151
0.0222498346120119
0.0225966069847345
0.0231167636811733
0.0238970015197992
0.0250673573464155
0.0262673571705818
0.0274673569947481
0.0286673568189144
0.0298673566430807
0.031067356467247
0.0322673581540585
0.0334673561155796
0.0346673578023911
0.0358673557639122
0.0370673574507236
0.0382673554122448
0.0394673570990562
0.0406673587858677
0.0418673567473888
0.0430673584342003
0.0442673563957214
0.0454673580825329
0.046667356044054
0.0478673577308655
0.0490673556923866
0.0502673573791981
0.0514673553407192
0.0526673570275307
0.0538673587143421
0.0550673566758633
0.0562673583626747
0.0574673563241959
0.0586673580110073
0.0598673559725285
0.0610673576593399
0.0622673556208611
0.0634673535823822
0.0646673589944839
0.0658673569560051
0.0670673549175262
0.068267360329628
0.0694673582911491
0.0706673562526703
0.0718673542141914
0.0730673596262932
0.0742673575878143
0.0754673555493355
0.0766673535108566
0.0778673589229584
0.0790673568844795
0.0802673548460007
0.0814673602581024
0.0826673582196236
0.0838673561811447
0.0850673541426659
0.0850673541426659
