0.0
7.25408411960417e-35
4.40173266724742e-07
4.83058158806671e-07
1.48963488300069e-06
1.26574673231516e-06
2.16596640711941e-06
3.92017500416841e-06
7.27942324374453e-06
9.93876346910838e-06
1.09893935587024e-05
1.17169875011314e-05
1.27460325529682e-05
1.26177119454951e-05
1.24862681332161e-05
1.21937882795464e-05
1.15639677460422e-05
1.10910959847388e-05
1.04077525975299e-05
9.54357528826222e-06
8.75250862009125e-06
7.65040476835566e-06
6.46067974230391e-06
5.39166148882941e-06
3.13621058012359e-06
1.09646146029263e-06
1.00353042853385e-06
9.83745962912508e-07
9.80003392214712e-07
9.62784042712883e-07
9.55713289840787e-07
9.54126562646707e-07
9.44204998631903e-07
9.2676231133737e-07
9.20159493489336e-07
9.27305450204585e-07
9.45961801335216e-07
9.67310825217282e-07
9.63575757850776e-07
9.5749101092224e-07
9.31468093767762e-07
9.34255638185277e-07
9.31222473354865e-07
9.30963494738535e-07
9.23486709325516e-07
9.3379645704772e-07
9.32309262680064e-07
9.46321392802929e-07
9.59224394136982e-07
9.7540589649725e-07
9.7953545719065e-07
9.76835053734249e-07
9.5532345767424e-07
9.45133592722414e-07
9.38371840675245e-07
9.14172005650471e-07
8.83645839167002e-07
8.5422306028704e-07
8.40214056552213e-07
8.53493361319124e-07
8.76004264682706e-07
9.06447894521989e-07
9.24695825688104e-07
9.4390378535536e-07
9.50334992921853e-07
9.3387427568814e-07
9.35697812565195e-07
9.03952127373486e-07
9.07276614725561e-07
9.1531870793915e-07
9.06373941234051e-07
8.96798496796691e-07
9.02436283922725e-07
8.812398846203e-07
8.8033721112879e-07
8.78347520938405e-07
8.50612252634164e-07
8.34719628528546e-07
8.36439028262248e-07
8.45591614506702e-07
8.7672509607728e-07
9.14862880563305e-07
8.80706750194804e-07
8.74208922141406e-07
8.73531462275423e-07
8.83425855136011e-07
8.88805971044349e-07
8.77201443927333e-07
8.60558941440104e-07
8.34516640679794e-07
8.00255349986401e-07
8.09274013136019e-07
8.25357517442171e-07
8.11092945696146e-07
8.04176067958906e-07
7.96090091625956e-07
7.78148489644082e-07
7.48911133996444e-07
7.362661449406e-07
7.38310291126254e-07
8.23024379315029e-07
8.20346144791984e-07
8.33511819564592e-07
8.98572977803269e-07
9.08574918412342e-07
8.7395324044337e-07
