0
0.428796
1.377963
2.642957
3.792756
4.472904
4.498869
4.415035
4.336195
4.167109
3.876341
3.58084
3.513157
2.756635
2.224407
2.262905
2.450619
2.677676
2.919583
3.190924
3.52613
3.913066
4.34293
4.776072
5.251241
5.912776
6.77344
8.060173
9.675052
9.979292
10.225035
10.4862
10.816675
11.092393
11.316931
11.581982
11.844653
12.14258
12.438021
12.78573
13.163824
13.510215
13.838579
14.13376
14.405919
14.67988
14.942647
15.20048
15.439517
15.645248
15.901107
15.956605
15.970545
15.984504
16.005525
16.037078
16.068249
16.075962
16.083648
16.083648
