0.0
-6.80147759406867e-19
4.15008656773352e-07
4.967848326487e-06
7.24792153050657e-06
1.12895704660332e-05
1.91503677342553e-05
3.75997442461085e-05
4.5050914195599e-05
5.36296429345384e-05
6.32002193015069e-05
7.37024311092682e-05
8.50131691549905e-05
9.69578977674246e-05
0.000109425425762311
0.000122496698168106
0.000136557326186448
0.00015157856978476
0.000176704415935092
0.000219719295273535
0.000266350281890482
0.000317928526783362
0.000409157364629209
0.000434532266808674
0.000460666429717094
0.000487422978039831
0.000529257056768984
0.00054561160504818
0.000570791133213788
0.000609746319241822
0.000624677573796362
0.000647366687189788
0.00068200338864699
0.000695169728714973
0.000715089845471084
0.000745331926736981
0.000756781490053982
0.000774074578657746
0.000800297828391194
0.000840261462144554
0.000901664956472814
0.000925260363146663
0.00096146680880338
0.000975291419308633
0.000980510376393795
0.000988366664387286
0.00100021413527429
0.00101812928915024
0.00102489220444113
0.00103508273605257
0.00105047051329166
0.0010737688280642
0.00110909552313387
0.00116265728138387
0.00116770702879876
0.00117528857663274
0.00117813365068287
0.00118240341544151
0.00118881254456937
0.00119843590073287
0.00121288874652237
0.00121831335127354
0.00122645450755954
0.00123867520596832
0.00125702354125679
0.00128457753453404
0.00132597656920552
0.00134153291583061
0.00136493286117911
0.00137372931931168
0.0013869465328753
0.00140682060737163
0.00143672968260944
0.00148170988541096
0.00154919596388936
0.00157448381651193
0.00161237956490368
0.00166910700500011
0.00175393070094287
0.00176186743192375
0.00177376763895154
0.00177822879049927
0.00177864707075059
0.0017792743165046
0.0017802151851356
0.00178162637166679
0.00178374303504825
0.00178691756445915
0.00179167836904526
0.00179881730582565
0.00180952018126845
0.00181353185325861
0.00181954749859869
0.00182856665924191
0.00184208585415035
0.00186234258580953
0.00186993204988539
0.00188130908645689
0.00189835880883038
0.00192389986477792
0.00196213321760297
0.00201926822774112
0.00210441136732697
0.00213615479879081
0.00218370626680553
0.00218816660344601
0.00219485885463655
0.00220490084029734
0.00220866780728102
0.00221431907266378
0.0022227989975363
0.00223552458919585
0.00225461763329804
0.00225640763528645
0.00225909170694649
0.00226009800098836
0.00226160720922053
0.00226387055590749
0.00226726452820003
0.00227235234342515
0.00227425945922732
0.00227497471496463
0.0022760471329093
0.00227644923143089
0.00227660010568798
0.00227665668353438
0.00227674143388867
0.00227674935013056
0.00227675237692893
0.00227675680071115
0.00227675726637244
0.00227675796486437
0.00227675796486437
0.00227675796486437
0.00227675796486437
0.00227675796486437
0.00227675796486437
0.00227675796486437
