0
0.00120000005699694
0.00239999988116324
0.00360000017099083
0.00479999999515712
0.00539999990724027
0.00599999981932342
0.00615000003017485
0.006299999775365
0.00644999998621643
0.00659999973140657
0.00675000040791929
0.00690000015310943
0.00704999989829958
0.00719999964348972
0.00735000032000244
0.00757500040344894
0.00779999955557287
0.00802499963901937
0.00836249976418913
0.00886874995194376
0.00937500013969836
0.00988125032745306
0.0103874995838851
0.0108937497716397
0.0113999999593944
0.011906250147149
0.0120328122284264
0.0121277344878763
0.0122226558160037
0.0123175780754537
0.0123353756498546
0.0123620729427785
0.0123887693043799
0.0124087918084115
0.0124238093849272
0.0124388260301203
0.0124538426753134
0.0124688602518291
0.0124838768970222
0.0124988935422153
0.0125214194413275
0.012555206893012
0.0125636539887637
0.0125721010845155
0.0125805481802673
0.012588995276019
0.0125974423717708
0.0126058894675225
0.0126143365632743
0.0126227836590261
0.0126312307547778
0.0126396778505296
0.0126481249462814
0.0126565711107105
0.0126692417543382
0.0126882481854409
0.0127167569007725
0.0127595195081085
0.0128022830467672
0.0128450456541032
0.0128771185409278
0.0129091904964298
0.0129412624519319
0.0129893708508462
0.0130374792497606
0.0130735605489463
0.0131096427794546
0.0131457240786404
0.013199846027419
0.0132539679761976
0.0133080899249763
0.0133892723824829
0.0134704557713122
0.0135516391601414
0.013632821617648
0.0137140050064773
0.0137951874639839
0.0139169625472278
0.0140996237751097
0.0143736170139164
0.0146476102527231
0.0149216016288847
0.0151955948676914
0.0154695881064982
0.0157435813453049
0.0160175727214665
0.0162915659602732
0.0163600647356362
0.016428561648354
0.0164970604237169
0.0165655591990799
0.0166683064308018
0.0167710536625237
0.0168738008942455
0.0169765481259674
0.0170792953576893
0.0171820425894112
0.0172847898211331
0.0173875370528549
0.0175416579004378
0.0176957787480206
0.0178498995956034
0.018081079935655
0.0184278523083777
0.0189480108674616
0.0197282487060875
0.0208986026700586
0.0220689584966749
0.0221421064343304
0.0222152543719858
0.0223249734845013
0.0224895549472422
0.0226541364099831
0.022818717872724
0.0229832993354649
0.0232301705982536
0.0232764591928572
0.0233227477874607
0.0233343204017729
0.0233458930160851
0.0233574637677521
0.0233661436941475
0.0233748236205429
0.0233835016842932
0.0233921816106886
0.02339868969284
0.0234051996376366
0.0234117095824331
0.0234182176645846
0.0234247276093811
0.0234312375541777
0.0234377456363291
0.0234442555811257
0.0234507655259222
0.0234572736080736
0.0234670375939459
0.0234816835727543
0.0235036534722895
0.0235366055276245
0.0235860364045948
0.0235906706657261
0.0235941463615746
0.023597622057423
0.0236028356011957
0.0236106549855322
0.0236223859246821
0.0236245838459582
0.0236267836298794
0.0236289834138006
0.0236322821583599
0.0236355809029192
0.0236388796474785
0.0236421802546829
0.0236454789992422
0.0236479525920004
0.0236504280474037
0.0236529016401619
0.0236553752329201
0.0236578506883234
0.0236603242810816
0.0236627978738398
0.0236652733292431
0.0236689837183804
0.0236745511647314
0.0236829014029354
0.023695427691564
0.0237142180558294
0.0237424017395825
0.0237846763338894
0.023848090087995
0.0239432116504759
0.0240858921315521
0.0242999119218439
0.0246209425386042
0.0246359908487648
0.0246510391589255
0.0246660874690861
0.0246811357792467
0.0247037091758103
0.024737568339333
0.0247883552219719
0.0248645374085755
0.0249788106884808
0.0251502206083388
0.0254073364194483
0.0257930082734675
0.0263715160544962
0.0272392777260393
0.0284392775502056
0.0296392792370171
0.0308392771985382
0.0320392788853497
0.0332392768468708
0.0344392785336823
0.0356392802204937
0.0368392781820149
0.0380392798688263
0.0392392778303475
0.0404392795171589
0.0416392774786801
0.0428392791654915
0.0440392771270127
0.0452392788138241
0.0464392767753452
0.0476392784621567
0.0488392801489681
0.0500392781104893
0.0512392797973007
0.0524392777588219
0.0536392794456333
0.0548392774071545
0.0560392790939659
0.0572392770554871
0.0584392787422985
0.0596392767038197
0.0608392783906311
0.0620392763521523
0.063239281764254
0.0644392797257752
0.0656392776872963
0.0668392756488175
0.0680392810609192
0.0692392790224404
0.0704392769839615
0.0716392749454827
0.0728392803575844
0.0740392783191055
0.0752392762806267
0.0764392816927284
0.0776392796542496
0.0788392776157707
0.0800392755772919
0.0812392809893936
0.0824392789509148
0.0836392769124359
0.0848392748739571
0.0860392802860588
0.08723927824758
0.0884392762091011
0.0896392816212029
0.090839279582724
0.0920392775442452
0.0932392755057663
0.0944392809178681
0.0956392788793892
0.0968392768409104
0.0980392748024315
0.0992392802145331
0.100439278176054
0.101639276137575
0.102839281549677
0.104039279511198
0.105239277472719
0.106439275434241
0.107639280846342
0.108839278807864
0.110039276769385
0.111239282181486
0.112439280143008
0.113639278104529
0.11483927606605
0.116039281478152
0.117239279439673
0.118439277401194
0.118799997260794
