0.0
1.62520255031495e-08
2.92961139791714e-08
2.92961139791714e-08
3.31311298396031e-08
5.58674244643953e-08
1.11165959992832e-07
1.3659033015756e-07
1.38324537601875e-07
1.39611017857533e-07
1.40907474133201e-07
1.41885806215214e-07
1.42626419119551e-07
1.43373583227913e-07
1.44124854273286e-07
1.44880502261913e-07
1.45453313393773e-07
1.46037947956756e-07
1.46467186823429e-07
1.46836399039785e-07
1.47427783758758e-07
1.48744348393848e-07
1.50112640540101e-07
1.54657783468792e-07
1.59855517267715e-07
1.65046785127743e-07
1.6917748268952e-07
1.72550954857797e-07
1.75380478140141e-07
1.7775791150143e-07
1.80881713163217e-07
1.85454183565525e-07
1.92357148875999e-07
2.02251484893168e-07
2.12569858604184e-07
2.24594614905982e-07
2.42820021867374e-07
2.71434117848912e-07
3.00726412660879e-07
3.306671487735e-07
3.60128495913159e-07
4.03516736469101e-07
4.48971178457214e-07
4.96503446356655e-07
5.67092286019033e-07
6.37674361314566e-07
6.98501139595464e-07
7.53967242417275e-07
8.12900282198825e-07
8.71733504936856e-07
9.61257910603308e-07
9.833571539275e-07
9.88902456811047e-07
9.94511765384232e-07
1.00014381132496e-06
1.00578006367869e-06
1.00988063422847e-06
1.01416628695006e-06
1.01929481388652e-06
1.02806552604306e-06
1.03590946309851e-06
1.04395553535142e-06
1.05115896076313e-06
1.058612383531e-06
1.0645779866536e-06
1.06910999875254e-06
1.07309563190938e-06
1.07651828784583e-06
1.08139420262887e-06
1.08868152892683e-06
1.09941424852877e-06
1.11530800950277e-06
1.13858402528422e-06
1.17304011837405e-06
1.20807578696258e-06
1.24416237667901e-06
1.29900172396447e-06
1.3826171425535e-06
1.51079802890308e-06
1.62526771418925e-06
1.71375404534047e-06
1.82487679012411e-06
1.94711969925265e-06
2.05645937967347e-06
2.07475022762083e-06
2.07559742193553e-06
2.0763809516211e-06
2.07710354516166e-06
2.07766584026103e-06
2.07799826057453e-06
2.07979564947891e-06
2.08333813134232e-06
2.08489541364543e-06
2.09771155823546e-06
2.13307771446125e-06
2.14231772588391e-06
2.14341162063647e-06
2.14341162063647e-06
2.14341162063647e-06
2.15570275940991e-06
2.15948216464312e-06
2.15948216464312e-06
2.15948216464312e-06
2.15948216464312e-06
2.15948216464312e-06
2.15948216464312e-06
2.15948216464312e-06
2.15948216464312e-06
2.15948216464312e-06
2.15948216464312e-06
2.15948216464312e-06
2.15948216464312e-06
2.15948216464312e-06
2.15948216464312e-06
2.15948216464312e-06
2.15948216464312e-06
2.15948216464312e-06
2.15948216464312e-06
2.15948216464312e-06
2.15948216464312e-06
2.15948216464312e-06
2.15948216464312e-06
2.15948216464312e-06
2.15948216464312e-06
2.15948216464312e-06
2.15948216464312e-06
2.15948216464312e-06
2.15948216464312e-06
2.19991852645762e-06
2.20007086682017e-06
2.20014658225409e-06
2.20022911889828e-06
2.20028368858038e-06
2.20041852116992e-06
2.20056699617999e-06
2.20056699617999e-06
2.20056699617999e-06
2.20056699617999e-06
2.20056699617999e-06
2.20056699617999e-06
2.20056699617999e-06
2.20056699617999e-06
2.20056699617999e-06
2.20056699617999e-06
2.20056699617999e-06
2.20060087485763e-06
2.20061542677286e-06
2.20065180656093e-06
2.20069637180131e-06
2.20069637180131e-06
2.20069637180131e-06
2.20069637180131e-06
2.20069637180131e-06
2.20069637180131e-06
2.20069637180131e-06
2.20069637180131e-06
2.20069637180131e-06
2.20069637180131e-06
2.20069637180131e-06
2.20069637180131e-06
2.20069637180131e-06
2.20069637180131e-06
2.20069637180131e-06
2.20069637180131e-06
2.20069637180131e-06
2.20069637180131e-06
2.20077595258772e-06
2.20077595258772e-06
2.20077595258772e-06
2.20077595258772e-06
2.20077595258772e-06
2.20077595258772e-06
2.20077595258772e-06
2.20077595258772e-06
2.20077595258772e-06
2.20077595258772e-06
2.20077595258772e-06
2.20077595258772e-06
2.20077595258772e-06
2.20077595258772e-06
2.20077595258772e-06
2.20077595258772e-06
2.20077595258772e-06
2.20077595258772e-06
2.20077595258772e-06
2.20077595258772e-06
2.20077595258772e-06
2.20077595258772e-06
2.20077595258772e-06
2.20077595258772e-06
