0.0
5.30572833667975e-07
3.45204171026126e-06
5.99272152612684e-06
8.16459123598179e-06
1.28305282487418e-05
2.03827185032424e-05
2.88762039417634e-05
3.66922104149126e-05
4.40466101281345e-05
5.10249301441945e-05
5.77461069042329e-05
6.38485071249306e-05
6.9252637331374e-05
6.8718523834832e-05
6.75385308568366e-05
6.6101631091442e-05
6.58566932543181e-05
6.35630349279381e-05
6.09749549767002e-05
5.76065976929385e-05
5.57203966309316e-05
5.32068006577902e-05
5.00825408380479e-05
4.70542800030671e-05
4.46315498265903e-05
4.23522578785196e-05
3.93806039937772e-05
3.65478190360591e-05
3.39048165187705e-05
3.14471290039364e-05
2.9141645427444e-05
2.70042000920512e-05
2.49187105509918e-05
2.30046480282908e-05
2.12305567401927e-05
1.95114735106472e-05
1.79059825313743e-05
1.64513912750408e-05
1.51449030454387e-05
1.39322655741125e-05
1.28248584587709e-05
1.18676925922045e-05
1.10249029603438e-05
1.02319836514653e-05
9.02906413102755e-06
5.844494808116e-06
2.36821415455779e-06
1.53825010329456e-06
4.84755901197786e-07
2.05939212349904e-08
2.06036361305451e-08
2.06126475887913e-08
2.06249008982695e-08
2.06425223581164e-08
2.06645296429997e-08
2.06732586605085e-08
2.06659027668366e-08
2.07038599597809e-08
2.07935375584611e-08
2.09952482066456e-08
2.14654534147485e-08
2.21249329968032e-08
2.30175363213903e-08
2.37651338608202e-08
2.43724240789334e-08
2.54678820255094e-08
2.63166413105864e-08
2.71274096519392e-08
2.80488361426023e-08
2.87594126291424e-08
2.93203203938219e-08
2.95330462307675e-08
2.91979453947988e-08
2.89853971935372e-08
2.82649867955342e-08
2.77782206126176e-08
2.8153662512409e-08
2.791210640396e-08
2.81405352353659e-08
2.83062266959178e-08
2.81231073984145e-08
2.83918950572115e-08
2.90761956733832e-08
2.89897155170138e-08
2.97098114998562e-08
3.03133127488309e-08
3.04943910123257e-08
3.06662855109607e-08
3.11863281865499e-08
3.15394359517995e-08
3.20198516590153e-08
3.24921103356246e-08
3.3392076659311e-08
3.31237117734418e-08
3.29175406932336e-08
3.33049321454837e-08
3.3083669137568e-08
3.2605623090376e-08
3.24907922788498e-08
3.24450688538036e-08
3.23841575777806e-08
3.23639852695123e-08
3.23384767852986e-08
3.23384767852986e-08
