0.0
8.03557043127512e-09
8.03091666057298e-07
1.73886508036958e-06
3.30236298395903e-06
7.55210112401983e-06
1.22053670565947e-05
1.61353891598992e-05
1.75447603396606e-05
1.91428171092412e-05
1.94637286767829e-05
1.89520687854383e-05
1.88750145753147e-05
1.90687478607288e-05
1.93611176655395e-05
1.94423337234184e-05
1.95149950741325e-05
1.95713619177695e-05
1.96052224055165e-05
1.96079690795159e-05
1.95721640920965e-05
1.9427772713243e-05
1.88955073099351e-05
1.82886687980499e-05
1.74855231307447e-05
1.64911234605825e-05
1.49119177876855e-05
1.44097693919321e-05
1.36929984364542e-05
1.26415443446604e-05
1.18720208774903e-05
1.145717487816e-05
1.10758428490954e-05
1.13066080302815e-05
1.36077969727921e-05
1.20295444503427e-05
1.42742992466083e-05
1.86656470759772e-05
2.03251711354824e-05
2.07810408028308e-05
2.12502854992636e-05
2.19788362301188e-05
2.25830681301886e-05
2.27134951273911e-05
2.28131211770233e-05
2.29140223382274e-05
2.30175737669924e-05
2.31242320296587e-05
2.32333641179139e-05
2.33446844504215e-05
2.34563376579899e-05
2.36289233725984e-05
2.3893251636764e-05
2.43112499447307e-05
2.47448097070446e-05
2.52048466791166e-05
2.56892890320159e-05
2.61972945736488e-05
2.67253581114346e-05
2.7272919396637e-05
2.78419975074939e-05
2.87308557744836e-05
3.01260406558868e-05
3.01460204354953e-05
3.01665349979885e-05
3.01871987176128e-05
3.02076423395192e-05
3.02278040180681e-05
3.02476237266092e-05
3.02669031952973e-05
3.02854896290228e-05
3.03032265946968e-05
3.03198430628981e-05
3.03349243040429e-05
3.03488868667046e-05
3.03603374049999e-05
3.0368311854545e-05
3.03728756989585e-05
3.03798860841198e-05
3.0386878279387e-05
3.03944216284435e-05
3.04080604109913e-05
3.04303557641106e-05
3.04668592434609e-05
3.05134963127784e-05
3.05091543850722e-05
3.0504659662256e-05
3.05002085951855e-05
3.04937675537076e-05
3.04708992189262e-05
3.04297245747875e-05
3.039833609364e-05
3.03677388728829e-05
3.03544256894384e-05
3.03479209833313e-05
3.03526067000348e-05
3.03741326206364e-05
3.04008517559851e-05
3.04296190734021e-05
3.04594195768004e-05
3.04900240735151e-05
3.05368630506564e-05
3.06113506667316e-05
3.07282534777187e-05
3.09127317450475e-05
3.12016745738219e-05
3.14887001877651e-05
3.17843769153114e-05
3.20447979902383e-05
3.23466592817567e-05
3.26611880154815e-05
3.29822796629742e-05
3.33085299644154e-05
3.38020690833218e-05
3.38314384862315e-05
3.38603640557267e-05
3.3888663892867e-05
3.39166872436181e-05
3.39441976393573e-05
3.39840189553797e-05
3.40400838467758e-05
3.40945916832425e-05
3.41476697940379e-05
3.42003077093977e-05
3.42530111083761e-05
3.43334031640552e-05
3.44605759892147e-05
3.46784581779502e-05
3.48476860381197e-05
3.50189766322728e-05
3.51916169165634e-05
3.54562580469064e-05
3.58586912625469e-05
3.64747829735279e-05
3.73435141227674e-05
3.85789353458676e-05
3.97435178456362e-05
4.07951920351479e-05
4.18811796407681e-05
4.29784886364359e-05
4.40770927525591e-05
4.51848463853821e-05
4.67306890641339e-05
4.80167072964832e-05
4.80894341308158e-05
4.81624156236649e-05
4.81943170598242e-05
4.8118679842446e-05
4.81785464216955e-05
4.82526775158476e-05
4.8332101869164e-05
4.84085685457103e-05
4.84796219097916e-05
4.85919881612062e-05
4.87549295939971e-05
4.90120255562942e-05
4.90963029733393e-05
4.91628888994455e-05
4.9225829570787e-05
4.93009101774078e-05
4.91586033604108e-05
4.88534824398812e-05
4.85831005789805e-05
4.83468902530149e-05
4.80737544421572e-05
4.78535876027308e-05
4.76284221804235e-05
4.72030224045739e-05
4.70120467070956e-05
4.68170692329295e-05
4.64251897938084e-05
4.63178294012323e-05
4.61961717519443e-05
4.61445306427777e-05
4.60938244941644e-05
4.6040840970818e-05
4.59830989711918e-05
4.59142720501404e-05
4.58690992672928e-05
4.58301219623536e-05
4.57888163509779e-05
4.57456189906225e-05
4.57237401860766e-05
4.57105452369433e-05
4.5696255256189e-05
4.56808738817926e-05
4.56573579867836e-05
4.5625027269125e-05
4.55696899734903e-05
4.5484586735256e-05
4.53950706287287e-05
4.53413704235572e-05
4.53049797215499e-05
4.53392494819127e-05
4.54603105026763e-05
4.54384462500457e-05
4.54355395049788e-05
4.55162262369413e-05
4.56622838100884e-05
4.57281093986239e-05
4.58956892543938e-05
4.59597067674622e-05
4.59723705716897e-05
4.59701004729141e-05
4.57424830528907e-05
4.56909328931943e-05
4.56069465144537e-05
4.54951550636906e-05
4.53572174592409e-05
4.51594569312874e-05
4.49603539891541e-05
4.46976264356636e-05
4.43592252850067e-05
4.3969808757538e-05
4.36907830589917e-05
4.35933689004742e-05
4.29343599535059e-05
4.19968710048124e-05
4.12343979405705e-05
4.07328989240341e-05
4.02084042434581e-05
3.93822338082828e-05
3.86570100090466e-05
3.79777629859746e-05
3.73562616005074e-05
3.66173553629778e-05
3.58410397893749e-05
3.50638438249007e-05
3.43006395269185e-05
3.32805138896219e-05
3.19930986734107e-05
3.0702882213518e-05
2.94666770059848e-05
2.80461063084658e-05
2.65127328020753e-05
2.49400291068014e-05
2.31973062909674e-05
2.13172224903246e-05
1.81635077751707e-05
1.52010243255063e-05
1.25426331578637e-05
1.02386020444101e-05
8.16627925814828e-06
6.41539145362913e-06
4.82089490105864e-06
3.0640264867543e-06
1.73333592101699e-06
8.45664942517033e-07
3.0155715080582e-07
7.32667118086283e-08
5.77185268468838e-08
5.91014739370621e-08
5.93484337230166e-08
5.93019464645295e-08
5.7026717570352e-08
5.504655220534e-08
5.48392158350453e-08
5.46063283479725e-08
5.30396064846173e-08
5.27719912213342e-08
5.3181640424782e-08
5.41863940384246e-08
5.56730022083229e-08
5.79704213521381e-08
6.02392233872706e-08
6.3070842770685e-08
6.4544579458925e-08
6.62031425235909e-08
6.7142345017146e-08
6.79695233429811e-08
6.70772237754136e-08
6.54910152775301e-08
6.43265778421664e-08
6.19413214053566e-08
6.15755411104146e-08
6.14406019394664e-08
6.14548696376005e-08
6.14508692819982e-08
6.14483965932777e-08
6.14493131934069e-08
6.14495476725097e-08
6.14494481965266e-08
6.14493700368257e-08
6.14493984585351e-08
6.14494126693899e-08
6.14494197748172e-08
6.14494197748172e-08
6.14494197748172e-08
6.14494055639625e-08
6.14494268802446e-08
6.14494055639625e-08
6.14494339856719e-08
6.14493913531078e-08
6.14493913531078e-08
6.14493913531078e-08
6.14493842476804e-08
6.14493771422531e-08
6.14493700368257e-08
6.14493700368257e-08
6.14493629313984e-08
6.14493629313984e-08
6.1449355825971e-08
6.14493487205436e-08
6.14493416151163e-08
6.14493416151163e-08
6.14493345096889e-08
6.14493274042616e-08
6.14493274042616e-08
6.14493202988342e-08
6.14493202988342e-08
6.14493131934069e-08
6.14493131934069e-08
6.14493060879795e-08
6.14492989825521e-08
6.14492989825521e-08
6.14492918771248e-08
6.14492847716974e-08
6.14492847716974e-08
6.14492847716974e-08
6.14492776662701e-08
6.14492705608427e-08
6.14492705608427e-08
6.14492634554153e-08
6.1449256349988e-08
6.1449256349988e-08
6.14492492445606e-08
6.14492421391333e-08
6.14492350337059e-08
6.14492350337059e-08
6.14492279282786e-08
6.14492208228512e-08
6.14492208228512e-08
6.14492137174238e-08
6.14492137174238e-08
6.14492066119965e-08
6.14492066119965e-08
6.14491995065691e-08
6.14491924011418e-08
6.14491924011418e-08
6.14491852957144e-08
6.14491781902871e-08
6.14491781902871e-08
6.14491710848597e-08
6.14491710848597e-08
6.14491639794323e-08
6.1449156874005e-08
6.1449156874005e-08
6.14491497685776e-08
6.14491426631503e-08
6.14491426631503e-08
6.14491355577229e-08
6.14491355577229e-08
6.14491284522956e-08
6.14491284522956e-08
6.14491213468682e-08
6.14491142414408e-08
6.14491142414408e-08
6.14491071360135e-08
6.14491071360135e-08
6.14491000305861e-08
6.14490929251588e-08
6.14490858197314e-08
6.14490858197314e-08
6.14490787143041e-08
6.14490716088767e-08
6.14490716088767e-08
6.14490716088767e-08
6.14490645034493e-08
6.1449057398022e-08
6.14490502925946e-08
6.14490502925946e-08
6.14490431871673e-08
6.14490360817399e-08
6.14490360817399e-08
6.14490289763125e-08
6.14490289763125e-08
6.14490218708852e-08
6.14490218708852e-08
6.14490147654578e-08
6.14490076600305e-08
6.14490076600305e-08
6.14490005546031e-08
6.14490005546031e-08
6.14489934491758e-08
6.14489863437484e-08
6.1448979238321e-08
6.1448979238321e-08
6.14489721328937e-08
6.14489650274663e-08
6.14489650274663e-08
6.1448957922039e-08
6.1448957922039e-08
6.14489508166116e-08
6.14489437111843e-08
6.14489366057569e-08
6.14489295003295e-08
6.14489295003295e-08
6.14489295003295e-08
6.14489223949022e-08
6.14489152894748e-08
6.14489152894748e-08
6.14489081840475e-08
6.14489010786201e-08
6.14489010786201e-08
6.14488939731928e-08
6.14488868677654e-08
6.14488868677654e-08
6.14488868677654e-08
6.1448879762338e-08
6.14488726569107e-08
6.14488655514833e-08
6.14488655514833e-08
6.1448858446056e-08
6.14488513406286e-08
6.14488513406286e-08
6.14488442352012e-08
6.14488442352012e-08
6.14488371297739e-08
6.14488371297739e-08
6.14488300243465e-08
6.14488229189192e-08
6.14488229189192e-08
6.14488158134918e-08
6.14488158134918e-08
6.14488087080645e-08
6.14488016026371e-08
6.14487944972097e-08
6.14487944972097e-08
6.14487873917824e-08
6.1448780286355e-08
6.1448780286355e-08
6.1448780286355e-08
6.14487731809277e-08
6.14487660755003e-08
6.1448758970073e-08
6.1448758970073e-08
6.14487518646456e-08
6.14487447592182e-08
6.14487447592182e-08
6.14487376537909e-08
6.14487376537909e-08
6.14487305483635e-08
6.14487234429362e-08
6.14487163375088e-08
6.14487163375088e-08
6.14487092320815e-08
6.14487092320815e-08
6.14487021266541e-08
6.14487021266541e-08
6.14486950212267e-08
6.14486879157994e-08
6.1448680810372e-08
6.1448680810372e-08
6.14486737049447e-08
6.14486737049447e-08
6.14486665995173e-08
6.144865949409e-08
6.144865949409e-08
6.144865949409e-08
6.14486523886626e-08
6.14486452832352e-08
6.14486452832352e-08
6.14486381778079e-08
6.14486310723805e-08
6.14486310723805e-08
6.14486239669532e-08
6.14486239669532e-08
6.14486168615258e-08
6.14486097560984e-08
6.14486097560984e-08
6.14486026506711e-08
6.14485955452437e-08
6.14485955452437e-08
6.14485884398164e-08
6.1448581334389e-08
6.1448581334389e-08
6.14485742289617e-08
6.14485671235343e-08
6.14485671235343e-08
6.14485600181069e-08
6.14485529126796e-08
6.14485529126796e-08
6.14485529126796e-08
6.14485458072522e-08
6.14485387018249e-08
6.14485315963975e-08
6.14485315963975e-08
6.14485244909702e-08
6.14485244909702e-08
6.14485173855428e-08
6.14485173855428e-08
6.14485031746881e-08
6.14485031746881e-08
6.14484960692607e-08
6.14484889638334e-08
6.14484889638334e-08
6.14484889638334e-08
6.1448481858406e-08
6.14484747529787e-08
6.14484676475513e-08
6.14484676475513e-08
