0.0
4.99313657087441e-08
5.08330053605732e-08
5.29218020517419e-08
5.57846568938203e-08
5.84030459549467e-08
6.9544533687349e-08
1.43672565400266e-07
1.71784236613348e-07
1.91967302498597e-07
2.14577028145868e-07
2.39235703247687e-07
2.62211017343361e-07
2.84679828155276e-07
3.13294094667071e-07
3.27272061895201e-07
3.45284519198685e-07
3.63389062840724e-07
3.81954151862374e-07
4.01600317445627e-07
4.226910732541e-07
4.58122940472094e-07
6.11528832905606e-07
7.38708820335887e-07
8.00960094693437e-07
8.3671187667278e-07
8.64968285441137e-07
8.67761002609768e-07
8.69742393660999e-07
8.70957819643081e-07
8.71598729190737e-07
8.72458542744425e-07
8.74782358550874e-07
8.79412425547343e-07
8.85904285041761e-07
8.87932060322782e-07
9.11075460408028e-07
1.06618995232566e-06
1.11102929167828e-06
1.12126781459665e-06
1.14258921257715e-06
1.20343929665978e-06
1.32631100768776e-06
1.38633356527862e-06
1.43453996770404e-06
1.48971457747393e-06
1.53282132941968e-06
1.55935754264647e-06
1.57723604843341e-06
1.59423814238835e-06
1.61284071964474e-06
1.64405128089129e-06
1.68643407505442e-06
1.78322318333812e-06
1.92033553503279e-06
2.00701310859586e-06
2.06372556021961e-06
2.1248320081213e-06
2.21958885049389e-06
2.2900126168679e-06
2.36031019085203e-06
2.48040737460542e-06
2.78870538750198e-06
2.80982203548774e-06
2.83141343970783e-06
2.85232295027527e-06
2.8750935143762e-06
2.90032039629295e-06
2.92841377813602e-06
2.96097255159111e-06
2.99875136988703e-06
3.04258128380752e-06
3.09394931718998e-06
3.15504917125509e-06
3.22287087328732e-06
3.30605689669028e-06
3.41181043950201e-06
3.50721529684961e-06
3.58116085408255e-06
3.65693131243461e-06
3.72674526261108e-06
3.81703421226121e-06
3.93190475733718e-06
4.0886861825129e-06
4.39536916019279e-06
4.96382790515781e-06
5.09194978803862e-06
5.21653055329807e-06
5.36339985046652e-06
5.68061886951909e-06
6.09987228017417e-06
6.41718952465453e-06
6.7644655246113e-06
7.00371447237558e-06
7.18730689186486e-06
7.33853948986507e-06
7.44434055377496e-06
7.52193182051997e-06
7.58918213250581e-06
7.65164986660238e-06
7.71143186284462e-06
7.79833408159902e-06
7.9186165748979e-06
8.07490414445056e-06
8.26310770207783e-06
8.47689989313949e-06
8.77247293828987e-06
9.04766420717351e-06
9.65402796282433e-06
9.905428669299e-06
1.0077820661536e-05
1.02409376268042e-05
1.03921865957091e-05
1.06275747384643e-05
1.06555144157028e-05
1.06882544059772e-05
1.07255345938029e-05
1.07655896499637e-05
1.08100257421029e-05
1.08834847196704e-05
1.10040609797579e-05
1.11377357825404e-05
1.12833340608631e-05
1.14329077405273e-05
1.15822485895478e-05
1.17952504297136e-05
1.20696577141644e-05
1.22822139019263e-05
1.24019652503193e-05
1.2508857253124e-05
1.26104878290789e-05
1.27288776639034e-05
1.28907604448614e-05
1.30962653202005e-05
1.33748944790568e-05
1.39200028570485e-05
1.43879533425206e-05
1.61146563186776e-05
1.72790732904105e-05
1.79040707735112e-05
1.84781620191643e-05
1.89240308827721e-05
1.98264151549665e-05
2.12436152651208e-05
2.14657538890606e-05
2.16676871787058e-05
2.24932064156746e-05
2.40766221395461e-05
2.4554481569794e-05
2.48502074100543e-05
2.50424836849561e-05
2.52122517849784e-05
2.53266334766522e-05
2.54605747613823e-05
2.56443418038543e-05
2.59489297604887e-05
2.64810150838457e-05
2.73721598205157e-05
2.84401503449772e-05
2.95384361379547e-05
3.02836233458947e-05
3.07884765788913e-05
3.12315605697222e-05
3.17578960675746e-05
3.2312407711288e-05
3.28432288370095e-05
3.35059339704458e-05
3.42897474183701e-05
3.44779327861033e-05
3.46514170814771e-05
3.49045039911289e-05
3.49678157363087e-05
3.50317168340553e-05
3.50768059433904e-05
3.51440321537666e-05
3.52482456946746e-05
3.53922296199016e-05
3.55989286617842e-05
3.57207682100125e-05
3.57771932613105e-05
3.58084980689455e-05
3.58293436875101e-05
3.58631041308399e-05
3.59050936822314e-05
3.59493787982501e-05
3.5994282370666e-05
3.60635713150259e-05
3.61717648047488e-05
3.63357139576692e-05
3.65946398233064e-05
3.70167254004627e-05
3.77285286958795e-05
3.91361572837923e-05
4.07685402024072e-05
4.23311394115444e-05
4.45528094132897e-05
4.67334248241968e-05
4.82685354654677e-05
4.9725469580153e-05
5.13860832143109e-05
5.47956915397663e-05
6.24455133220181e-05
7.02533288858831e-05
7.99146291683428e-05
9.33174669626169e-05
9.77087984210812e-05
0.000105697465187404
0.000115506234578788
0.000127263570902869
0.000141540716867894
0.000155968751641922
0.000177365946001373
0.000208284647669643
0.000252507335972041
0.000313341355649754
0.000400064891437069
0.000544817536137998
0.000728174694813788
0.00090978539083153
0.00109538983087987
0.00128635251894593
0.00147447315976024
0.00167034636251628
0.00187104230280966
0.00207621487788856
0.00227622268721461
0.00247119227424264
0.00266539538279176
0.00285833328962326
0.00304995360784233
0.0032399941701442
0.00342834088951349
0.00361623172648251
0.00380301172845066
0.00398753071203828
0.00416957307606936
0.00435086386278272
0.00452831061556935
0.00470642978325486
0.00488240737468004
0.0050530917942524
0.00521995173767209
0.00538635347038507
0.00554820150136948
0.00570927653461695
0.00586804701015353
0.00601928075775504
0.00616354960948229
0.00629396550357342
0.00639731995761395
0.00638608541339636
0.00635548029094934
0.00631891889497638
0.00628586346283555
0.0062501085922122
0.00621778005734086
0.0061813541688025
0.00615066988393664
0.00611304212361574
0.00607975106686354
0.00603940198197961
0.00600164476782084
0.0059629981406033
0.00592553149908781
0.0058887992054224
0.00585188949480653
0.00581260398030281
0.0057737659662962
0.00573454517871141
0.00570186972618103
0.00566550204530358
0.00562676694244146
0.00559572596102953
0.00555712357163429
0.0055472101084888
0.00554495258256793
0.00554486038163304
0.00554488645866513
0.0055449022911489
0.00554489623755217
0.0055448948405683
0.00554489530622959
0.00554489623755217
0.00554489577189088
0.00554489577189088
0.00554489577189088
0.00554489577189088
0.00554489577189088
0.00554489577189088
0.00554489577189088
0.00554489577189088
0.00554489577189088
0.00554489577189088
0.00554489577189088
0.00554489577189088
0.00554489577189088
0.00554489530622959
0.00554489530622959
0.00554489530622959
0.00554489530622959
0.00554489530622959
0.00554489530622959
0.00554489530622959
0.00554489530622959
0.00554489530622959
0.00554489530622959
0.00554489530622959
0.00554489530622959
0.00554489530622959
0.00554489530622959
0.00554489530622959
0.00554489530622959
0.00554489530622959
0.00554489530622959
0.00554489530622959
0.00554489530622959
0.00554489530622959
0.00554489530622959
0.0055448948405683
0.0055448948405683
0.0055448948405683
0.0055448948405683
0.0055448948405683
0.0055448948405683
0.0055448948405683
0.0055448948405683
0.0055448948405683
0.0055448948405683
0.0055448948405683
0.0055448948405683
0.0055448948405683
0.0055448948405683
0.0055448948405683
0.0055448948405683
0.0055448948405683
0.0055448948405683
0.0055448948405683
0.0055448948405683
0.0055448948405683
0.0055448948405683
0.00554489437490702
0.00554489437490702
0.00554489437490702
0.00554489437490702
0.00554489437490702
0.00554489437490702
0.00554489437490702
0.00554489437490702
0.00554489437490702
0.00554489437490702
0.00554489437490702
0.00554489437490702
0.00554489437490702
0.00554489437490702
0.00554489437490702
0.00554489437490702
0.00554489437490702
0.00554489437490702
0.00554489437490702
0.00554489437490702
0.00554489437490702
0.00554489437490702
0.00554489390924573
0.00554489390924573
0.00554489390924573
0.00554489390924573
0.00554489390924573
0.00554489390924573
0.00554489390924573
0.00554489390924573
0.00554489390924573
0.00554489390924573
0.00554489390924573
0.00554489390924573
0.00554489390924573
0.00554489390924573
0.00554489390924573
0.00554489390924573
0.00554489390924573
0.00554489390924573
0.00554489390924573
0.00554489390924573
0.00554489390924573
0.00554489390924573
0.00554489344358444
0.00554489344358444
0.00554489344358444
0.00554489344358444
0.00554489344358444
0.00554489344358444
0.00554489344358444
0.00554489344358444
0.00554489344358444
0.00554489344358444
0.00554489344358444
0.00554489344358444
0.00554489344358444
0.00554489344358444
0.00554489344358444
0.00554489344358444
0.00554489344358444
0.00554489344358444
0.00554489344358444
0.00554489344358444
0.00554489344358444
0.00554489297792315
0.00554489297792315
0.00554489297792315
0.00554489297792315
0.00554489297792315
0.00554489297792315
0.00554489297792315
0.00554489297792315
0.00554489297792315
0.00554489297792315
0.00554489297792315
0.00554489297792315
0.00554489297792315
0.00554489297792315
0.00554489297792315
0.00554489297792315
0.00554489297792315
0.00554489297792315
0.00554489297792315
0.00554489297792315
0.00554489297792315
0.00554489297792315
0.00554489297792315
0.00554489251226187
0.00554489251226187
0.00554489251226187
0.00554489251226187
0.00554489251226187
0.00554489251226187
0.00554489251226187
0.00554489251226187
0.00554489251226187
0.00554489251226187
0.00554489251226187
0.00554489251226187
0.00554489251226187
0.00554489251226187
0.00554489251226187
0.00554489251226187
0.00554489251226187
0.00554489251226187
0.00554489251226187
0.00554489251226187
0.00554489251226187
0.00554489251226187
0.00554489204660058
0.00554489204660058
0.00554489204660058
0.00554489204660058
0.00554489204660058
0.00554489204660058
0.00554489204660058
0.00554489204660058
0.00554489204660058
0.00554489204660058
0.00554489204660058
0.00554489204660058
0.00554489204660058
0.00554489204660058
0.00554489204660058
0.00554489204660058
0.00554489204660058
0.00554489204660058
0.00554489204660058
0.00554489204660058
0.00554489204660058
0.00554489204660058
0.00554489158093929
0.00554489158093929
0.00554489158093929
0.00554489158093929
0.00554489158093929
0.00554489158093929
0.00554489158093929
0.00554489158093929
0.00554489158093929
0.00554489158093929
0.00554489158093929
0.00554489158093929
0.00554489158093929
0.00554489158093929
0.00554489158093929
0.00554489158093929
0.00554489158093929
0.00554489158093929
0.00554489158093929
0.00554489158093929
0.00554489158093929
0.00554489158093929
0.00554489111527801
0.00554489111527801
0.00554489111527801
0.00554489111527801
0.00554489111527801
0.00554489111527801
0.00554489111527801
