0.0
2.20849230458953e-07
2.2082640782628e-07
-8.2250738842049e-07
-5.53778711775976e-08
-9.87811631603108e-07
-2.41190559790994e-06
-4.63068954559276e-06
-7.19895206202636e-06
-9.40920017455937e-06
-1.24533180496655e-05
-1.57103186211316e-05
-1.92571642401163e-05
-2.32811835303437e-05
-2.81496468232945e-05
-3.34067954099737e-05
-3.88675762224011e-05
-4.59357361251023e-05
-5.86712303629611e-05
-8.25773386168294e-05
-9.07297508092597e-05
-9.99955082079396e-05
-0.000116289003926795
-0.000123102960060351
-0.000126184400869533
-0.000128451953059994
-0.000129443826153874
-0.000130443935631774
-0.000131534412503242
-0.000132677261717618
-0.000133835972519591
-0.000135034351842478
-0.000136257192934863
-0.000137482216814533
-0.000138791365316138
-0.000140023650601506
-0.000140556439873762
-0.00014107178139966
-0.000141590280691162
-0.000142114207847044
-0.000142945122206584
-0.000143627476063557
-0.000144167672260664
-0.000144735357025638
-0.000145342957694083
-0.000146017133374698
-0.000146832389873452
-0.000146995240356773
-0.000147166138049215
-0.000147446800838225
-0.000147762402775697
-0.000148139122757129
-0.000148562830872834
-0.00014899113739375
-0.000149422412505373
-0.000149844810948707
-0.000150463311001658
-0.000151336120325141
-0.000152159205754288
-0.000152942418935709
-0.000153699365910143
-0.000154762979946099
-0.000155759204062633
-0.000156716094352305
-0.000158071910846047
-0.000160094990860671
-0.000163150849402882
-0.000166266341693699
-0.000169600491062738
-0.000172622385434806
-0.000174861634150147
-0.000176960267708637
-0.000179045819095336
-0.000181167852133512
-0.00018335969070904
-0.000184002608875744
-0.000184632881428115
-0.000185276658157818
-0.000186269709956832
-0.000187799771083519
-0.000190088670933619
-0.000191721075680107
-0.000193335596122779
-0.000194987776922062
-0.000197530462173745
-0.000201698596356437
-0.000209416175493971
-0.000225656447582878
-0.000255078950431198
-0.000302713917335495
-0.000321554689435288
-0.000347141380188987
-0.00035677631967701
-0.000363896135240793
-0.000370943336747587
-0.000377952994313091
-0.000388437154470012
-0.000403926620492712
-0.000426769722253084
-0.000460739131085575
-0.000486209144582972
-0.000511851045303047
-0.000549235730431974
-0.000600554747506976
-0.00066885125124827
-0.000767010147683322
-0.000937061733566225
-0.00117799290455878
-0.00148930645082146
-0.00173100479878485
-0.00191720249131322
-0.00195260182954371
-0.00199621450155973
-0.00200965697877109
-0.00201499392278492
-0.00201746937818825
-0.00201842561364174
-0.0020204212050885
-0.00202160212211311
-0.00202216068282723
-0.00202321517281234
-0.00202575232833624
-0.00202688295394182
-0.00202906713820994
-0.00203624274581671
-0.00203824695199728
-0.00203887815587223
-0.00204013776965439
-0.00204048934392631
-0.00204097526147962
-0.00204132637009025
-0.00204141950234771
-0.00204143417067826
-0.00204143975861371
-0.00204144231975079
-0.002041443483904
-0.00204144371673465
-0.00204144394956529
-0.00204144394956529
-0.00204144394956529
-0.00204144394956529
-0.00204144394956529
-0.00204144394956529
-0.00204144394956529
-0.00204144394956529
-0.00204144418239594
-0.00204144418239594
-0.00204144418239594
-0.00204144441522658
-0.00204144488088787
-0.00204144581221044
-0.00204144697636366
-0.00204145023599267
-0.00204145419411361
-0.00204145722091198
-0.00204146141186357
-0.00204146350733936
-0.00204146560281515
-0.00204146979376674
-0.00204147398471832
-0.00204147724434733
-0.00204147840850055
-0.00204147677868605
-0.00204147305339575
-0.00204146769829094
-0.00204146280884743
-0.00204145885072649
-0.00204145791940391
-0.00204146048054099
-0.00204145768657327
-0.00204145489260554
-0.00204145396128297
-0.00204145209863782
-0.0020414546597749
-0.00204145954921842
-0.00204146606847644
-0.00204147538170218
-0.00204148469492793
-0.00204149121418595
-0.0020414951723069
-0.00204149703495204
-0.00204149540513754
-0.00204149377532303
-0.00204149284400046
-0.00204149167984724
-0.00204148702323437
-0.00204148492775857
-0.00204147980548441
-0.0020414711907506
-0.00204146420583129
-0.00204145396128297
-0.00204144627787173
-0.00204143836162984
-0.00204142881557345
-0.00204142066650093
-0.00204141577705741
-0.00204141344875097
-0.00204141344875097
-0.00204141950234771
-0.00204143207520247
-0.00204145372845232
-0.00204147701151669
-0.00204148353077471
-0.0020414930768311
-0.0020414930768311
