0
0.0011999998241663
0.00240000011399389
0.00359999993816018
0.00479999976232648
0.00599999958649278
0.00720000034198165
0.00840000016614792
0.00959999999031422
0.0107999998144805
0.0119999996386468
0.0131999994628131
0.0143999992869794
0.0155999991111457
0.0168000007979572
0.0180000006221235
0.0192000004462898
0.0204000002704561
0.0206999997608363
0.0209999992512166
0.0214499994181096
0.0215624994598329
0.0216187494806945
0.0216609365306794
0.0216820309869945
0.0217031254433095
0.0217242180369794
0.0217453124932945
0.0217664069496095
0.0217874995432794
0.0218085939995944
0.0218296865932643
0.0218507810495794
0.0218718755058944
0.021879784297198
0.0218876949511468
0.0218956056050956
0.0219035162590444
0.021915381308645
0.0219242791645229
0.0219309530220926
0.0219376287423074
0.0219443025998771
0.0219509764574468
0.0219576503150165
0.0219589020125568
0.0219601537100971
0.0219620312564075
0.0219639069400728
0.0219657844863832
0.0219676620326936
0.021969539579004
0.0219714152626693
0.0219732928089797
0.0219761091284454
0.0219803317449987
0.0219845562241971
0.0219887788407504
0.0219930033199489
0.0219993381761014
0.022005673032254
0.0220120097510516
0.0220215111039579
0.0220357659272849
0.022057147230953
0.022078528534621
0.022099909838289
0.0221212930046022
0.0221373285166919
0.0221533640287816
0.0221694014035165
0.0221854369156062
0.022201472427696
0.0222054827027023
0.0222094911150634
0.0222134995274246
0.0222195140086114
0.0222285347990691
0.0222420650534332
0.0222522127442062
0.0222623604349792
0.0222725081257522
0.0222877296619117
0.022310561966151
0.022344812285155
0.022396185901016
0.0224732453934848
0.0225888374261558
0.0226321830414235
0.0226972023956477
0.0227215844206512
0.0227398718707263
0.0227581593208015
0.0227764449082315
0.0228038760833442
0.0228450219146907
0.0229067387990653
0.0229993159882724
0.0230687479488551
0.023138181772083
0.0232423297129571
0.0233985534869134
0.0236328891478479
0.0239843926392495
0.0245116478763521
0.0253025288693607
0.0264888531528413
0.0276888529770076
0.0288888509385288
0.0291888522915542
0.0296388524584472
0.0298076043836772
0.0298708821646869
0.0298946159891784
0.0299035119824111
0.0299168634228408
0.0299218664877117
0.0299237440340221
0.0299265603534877
0.0299307848326862
0.029932368081063
0.0299347448162734
0.0299383061937988
0.0299396435730159
0.0299401427619159
0.0299408952705562
0.0299411783926189
0.0299415993504226
0.0299422363750636
0.0299431863240897
0.0299435439519584
0.0299440766684711
0.0299448813311755
0.029946084599942
0.0299478913657367
0.0299505996517837
0.0299546639434993
0.0299607585184276
0.0299699041061103
0.029983616899699
0.0300041916780174
0.0300350482575595
0.0300813387148082
0.0301507706753909
0.030254918616265
0.0304111423902213
0.0306454780511558
0.0309969815425575
0.03152423677966
0.0323151196353137
0.0335014420561492
0.0347014400176704
0.0359014417044818
0.0371014433912933
0.0383014413528144
0.0395014430396259
0.040701441001147
0.0419014426879585
0.0431014406494796
0.0443014423362911
0.0455014402978122
0.0467014419846237
0.0479014399461448
0.0491014416329562
0.0503014433197677
0.0515014412812888
0.0527014429681003
0.0539014409296214
0.0551014426164329
0.056301440577954
0.0575014422647655
0.0587014402262866
0.0599014419130981
0.0611014398746192
0.062301445286721
0.0635014432482421
0.0647014412097633
0.0659014391712844
0.0671014445833862
0.0683014425449073
0.0695014405064285
0.0707014384679496
0.0719014438800514
0.0731014418415725
0.0743014398030937
0.0755014452151954
0.0767014431767165
0.0779014411382377
0.0791014390997588
0.0803014445118606
0.0815014424733817
0.0827014404349029
0.083901438396424
0.0851014438085258
0.0863014417700469
0.0875014397315681
0.0887014451436698
0.089901443105191
0.0911014410667121
0.0923014390282333
0.092601444106549
0.093051444273442
0.093051444273442
