-0.000000
-0.000000
0.409453
0.856559
1.118707
1.583632
2.173184
2.540152
2.726457
2.949688
3.113205
3.233289
3.483273
3.663780
3.785585
3.879900
3.961192
4.035347
4.164317
4.270873
4.357322
4.442997
4.685369
4.895069
5.047564
5.167151
5.283106
5.514078
5.847950
6.070215
6.370558
6.669771
7.044412
7.351606
7.588453
7.791326
7.980830
8.267781
8.536645
8.657482
8.683065
8.716416
8.723873
8.725381
8.726724
8.728014
8.729183
8.730274
8.731294
8.731651
8.732185
8.732965
8.734126
8.735761
8.738102
8.741653
8.745663
8.751563
8.759582
8.759277
8.759313
8.759364
8.759475
8.759677
8.760053
8.760442
8.760880
8.761509
8.762388
8.763426
8.764468
8.765270
8.766168
8.767083
8.768009
8.768914
8.770066
8.770299
8.770515
8.770881
8.770999
8.771191
8.771469
8.771916
8.772413
8.772560
8.772713
8.772979
8.773056
8.773202
8.773404
8.773668
8.773788
8.773930
8.774165
8.774566
8.774695
8.774887
8.775195
8.775602
8.775789
8.776013
8.776251
8.776523
8.776598
8.776730
8.776952
8.777209
8.777738
8.778146
8.778305
8.778444
8.778671
8.778738
8.778865
8.779010
8.779089
8.779169
8.779336
8.779378
8.779470
8.779568
8.779776
8.779931
8.780133
8.780317
8.780496
8.780643
8.780719
8.780800
8.780967
8.781009
8.781103
8.781200
8.781413
8.781530
8.781683
8.781726
8.781811
8.781928
8.782085
8.782155
8.782242
8.782408
8.782450
8.782542
8.782647
8.782817
8.782993
8.783202
8.783254
8.783348
8.783518
8.783562
8.783659
8.783765
8.783819
8.783880
8.784001
8.784169
8.784301
8.784477
8.784638
8.784762
8.784903
8.785053
8.785221
8.785269
8.785364
8.785467
8.785663
8.785690
8.785780
8.785888
8.785985
8.786075
8.786128
8.786170
8.786202
8.786265
8.786331
8.786327
8.786349
8.786338
8.786361
8.786374
8.786355
8.786380
8.786215
8.786090
8.785420
8.784861
8.783690
8.782445
8.780100
8.776878
8.780137
8.798414
8.836290
8.849875
8.868406
8.870756
8.812657
8.700919
8.519609
8.279429
8.088031
7.887555
7.496558
7.206227
7.002310
6.809556
6.589713
6.304674
6.012873
5.712605
5.405709
5.082542
4.728283
4.368214
4.032989
3.718866
3.417345
3.117245
2.820635
2.527942
2.238532
1.949199
1.656761
1.355110
1.047690
0.750963
0.475111
0.212861
0.149081
0.039575
0.011119
0.000017
0.000000
-0.000000
0.000000
-0.000000
-0.000000
-0.000000
-0.000000
-0.000000
-0.000000
-0.000000
-0.000000
-0.000000
-0.000000
-0.000000
-0.000000
-0.000000
-0.000000
-0.000000
-0.000000
-0.000000
-0.000000
-0.000000
-0.000000
-0.000000
-0.000000
-0.000000
-0.000000
-0.000000
-0.000000
-0.000000
-0.000000
-0.000000
-0.000000
-0.000000
-0.000000
-0.000000
-0.000000
-0.000000
-0.000000
-0.000000
-0.000000
-0.000000
-0.000000
-0.000000
-0.000000
-0.000000
-0.000000
-0.000000
-0.000000
-0.000000
-0.000000
-0.000000
-0.000000
-0.000000
-0.000000
-0.000000
-0.000000
-0.000000
-0.000000
-0.000000
-0.000000
-0.000000
-0.000000
-0.000000
-0.000000
-0.000000
-0.000000
-0.000000
-0.000000
-0.000000
-0.000000
-0.000000
-0.000000
-0.000000
-0.000000
-0.000000
-0.000000
-0.000000
-0.000000
-0.000000
-0.000000
-0.000000
-0.000000
-0.000000
-0.000000
-0.000000
-0.000000
-0.000000
-0.000000
-0.000000
-0.000000
-0.000000
-0.000000
-0.000000
-0.000000
-0.000000
-0.000000
-0.000000
-0.000000
-0.000000
-0.000000
-0.000000
-0.000000
-0.000000
-0.000000
-0.000000
-0.000000
-0.000000
-0.000000
-0.000000
-0.000000
-0.000000
-0.000000
-0.000000
-0.000000
-0.000000
-0.000000
-0.000000
-0.000000
-0.000000
-0.000000
-0.000000
-0.000000
-0.000000
-0.000000
-0.000000
-0.000000
-0.000000
-0.000000
-0.000000
-0.000000
-0.000000
-0.000000
-0.000000
-0.000000
-0.000000
-0.000000
-0.000000
-0.000000
-0.000000
-0.000000
-0.000000
-0.000000
-0.000000
-0.000000
-0.000000
-0.000000
-0.000000
-0.000000
-0.000000
-0.000000
-0.000000
-0.000000
-0.000000
-0.000000
-0.000000
-0.000000
-0.000000
-0.000000
-0.000000
-0.000000
-0.000000
-0.000000
-0.000000
-0.000000
-0.000000
-0.000000
-0.000000
-0.000000
-0.000000
-0.000000
-0.000000
-0.000000
-0.000000
-0.000000
-0.000000
-0.000000
-0.000000
-0.000000
-0.000000
-0.000000
-0.000000
-0.000000
-0.000000
-0.000000
-0.000000
-0.000000
-0.000000
-0.000000
-0.000000
-0.000000
-0.000000
-0.000000
-0.000000
-0.000000
-0.000000
-0.000000
-0.000000
-0.000000
-0.000000
-0.000000
-0.000000
-0.000000
-0.000000
-0.000000
-0.000000
-0.000000
-0.000000
-0.000000
-0.000000
-0.000000
-0.000000
-0.000000
-0.000000
-0.000000
-0.000000
-0.000000
-0.000000
-0.000000
-0.000000
-0.000000
-0.000000
-0.000000
-0.000000
-0.000000
-0.000000
-0.000000
-0.000000
-0.000000
-0.000000
-0.000000
-0.000000
-0.000000
-0.000000
-0.000000
-0.000000
-0.000000
-0.000000
-0.000000
-0.000000
-0.000000
-0.000000
-0.000000
-0.000000
-0.000000
-0.000000
-0.000000
-0.000000
-0.000000
-0.000000
-0.000000
-0.000000
-0.000000
-0.000000
-0.000000
-0.000000
-0.000000
-0.000000
-0.000000
-0.000000
-0.000000
-0.000000
-0.000000
