-0.000000
0.318613
1.542346
2.667909
3.401593
2.762531
2.781425
3.125583
4.032337
5.255085
5.370744
5.351205
5.273230
5.203017
5.205073
5.132228
5.043129
5.023515
4.966951
4.892426
4.818243
4.744446
4.671022
4.597963
4.525364
4.451316
4.377775
4.304721
4.232130
4.160007
4.088384
4.015018
3.942200
3.869932
3.798226
3.733326
3.676895
3.606582
3.534562
3.463146
3.395711
3.335024
3.273615
3.204382
3.135760
3.069187
3.018481
2.949883
2.883258
2.821969
2.768095
2.701836
2.639983
2.588203
2.522948
2.459912
2.411297
2.346078
2.285484
2.237174
2.173882
2.119602
2.067736
2.005922
1.955337
1.902048
1.845653
1.796239
1.740533
1.685564
1.640297
1.583219
1.529314
1.484517
1.430842
1.387559
1.332628
1.285977
1.238583
1.188593
1.146414
1.096044
1.056008
1.004777
0.966394
0.916579
0.878651
0.830294
0.785035
0.745735
0.701560
0.663049
0.620030
0.582327
0.538427
0.502927
0.461011
0.425024
0.385135
0.348648
0.308826
0.274260
0.237477
