0.0
4.06209218574338e-19
4.33576872183039e-08
2.36431105804513e-07
3.20465147751747e-07
4.0166605685954e-07
5.19967045420344e-07
6.75709031838778e-07
8.86305883796012e-07
1.10165740352386e-06
1.32183197365521e-06
1.540645030218e-06
2.01569241653488e-06
2.85460941995552e-06
3.71705232282693e-06
4.77978892376996e-06
6.32156934443628e-06
8.06585103418911e-06
1.00876013675588e-05
1.19366295621148e-05
1.4976825696067e-05
1.82732765097171e-05
2.13565945159644e-05
2.80728127108887e-05
3.4574004530441e-05
4.19143834733404e-05
5.65438931516837e-05
7.71823106333613e-05
0.000116343260742724
0.000283531553577632
0.000469578109914437
0.000682048150338233
0.000890673487447202
0.00109101133421063
0.00129675935022533
0.00148975208867341
0.00167678657453507
0.0018575907452032
0.00206153560429811
0.00223293318413198
0.00239767250604928
0.00255624088458717
0.0027079121209681
0.00285311881452799
0.00299208029173315
0.00312098767608404
0.00324856908991933
0.00338173867203295
0.00349288899451494
0.00359690398909152
0.00369462906382978
0.00380360800772905
0.00390025204978883
0.00397617556154728
0.00404740078374743
0.00414585089311004
0.00420433888211846
0.00425664382055402
0.00434310594573617
0.00438543176278472
0.00442501297220588
0.00449521280825138
0.00451456243172288
0.00456900522112846
0.00458931503817439
0.00461527658626437
0.00464644283056259
0.00464098388329148
0.00468640914186835
0.00467229261994362
0.00470791896805167
0.00468732649460435
0.00466445228084922
0.00467606680467725
0.00468015903607011
0.00464936019852757
0.0046646473929286
0.00460819154977798
0.00458873715251684
0.00455235503613949
0.00454157497733831
0.00448406208306551
0.00448404438793659
0.00441397354006767
0.00441396795213223
0.00433113100007176
0.00433112634345889
0.0043298308737576
0.00424828985705972
0.00424827868118882
0.00420878268778324
0.00416540820151567
0.00416436698287725
0.00412957742810249
0.00408258149400353
0.00408259080722928
0.004082593601197
0.00403695413842797
0.00399978458881378
0.00399979902431369
0.00391769921407104
0.0039169886149466
0.00390880135819316
0.00381903583183885
0.00381902698427439
0.00381901627406478
0.00372106884606183
0.00372106255963445
0.00372106186114252
0.00362319662235677
0.00362311024218798
0.00362309534102678
0.00360029935836792
0.00352613208815455
0.00352513720281422
0.00352513184770942
0.00352511182427406
0.00342715019360185
0.00342715485021472
0.00342715857550502
