0.0
0.0
1.62279974347257e-07
1.65331653079193e-06
2.30531350098317e-06
3.27906218444696e-06
3.76186903849884e-06
3.78832419301034e-06
3.79011316908873e-06
3.79984771825548e-06
4.82396490042447e-06
7.69613870943431e-06
1.15467491923482e-05
1.60699019033927e-05
2.16695207200246e-05
2.71009721473092e-05
3.51097951352131e-05
5.29428871232085e-05
8.12177022453398e-05
0.000119293727038894
0.000132173561723903
0.000153354907524772
0.000186723540537059
0.000237381944316439
0.00029770567198284
0.000355481024598703
0.000415585847804323
0.000465605407953262
0.000510314828716218
0.000552674697246403
0.000598732731305063
0.000644430168904364
0.000690360029693693
0.000734628119971603
0.000776306085754186
0.000818645465187728
0.00086216680938378
0.000904250831808895
0.000944493396673352
0.000984562677331269
0.00102347158826888
0.00106154452078044
0.00109923956915736
0.00113599759060889
0.00117306399624795
0.00120935053564608
0.00124488747678697
0.00128026318270713
0.00131796847563237
0.00135788414627314
0.00139650283381343
0.00143497565295547
0.00147314951755106
0.00151080847717822
0.00154769164510071
0.00158405606634915
0.00161955680232495
0.00165282853413373
0.00168517010752112
0.00171712995506823
0.00174819293897599
0.0017784871160984
0.00180783565156162
0.00183640385512263
0.00186410220339894
0.00189109158236533
0.00191741529852152
0.00194323505274951
0.00196870742365718
0.00199359678663313
0.00201757904142141
0.00204045604914427
0.00206163851544261
0.00208207475952804
0.00210138759575784
0.00212008506059647
0.00213684956543148
0.00215218239463866
0.00216552102938294
0.002179064322263
0.00219306210055947
0.0022071588318795
0.00222149468027055
0.00223610945977271
0.00225092773325741
0.00226574996486306
0.00228038034401834
0.00229464913718402
0.00230827345512807
0.00232156878337264
0.00233459891751409
0.00234766094945371
0.00236078607849777
0.00237390073016286
0.00238716206513345
0.00240047415718436
0.00241384585388005
0.00242729531601071
0.00244072894565761
0.00245391321368515
0.00246696104295552
0.00247996277175844
0.00249317334964871
0.00250655459240079
0.00251992978155613
