0.0
2.20324256616777e-08
4.84505058295781e-08
7.76707409499977e-08
6.03240323471255e-07
9.42675001169846e-07
1.4384810356205e-06
1.39282133204688e-06
1.10308531020564e-06
1.08149743027752e-06
1.27437556329824e-06
1.63917479767406e-06
2.26806628234044e-06
2.96160828838765e-06
3.68578798770614e-06
4.14278110838495e-06
4.00544786316459e-06
3.82877624360844e-06
3.84258237318136e-06
3.84538225262077e-06
3.85752537113149e-06
3.93391519537545e-06
4.14233772971784e-06
4.51616415375611e-06
4.86504222863005e-06
5.23379685546388e-06
5.57572002435336e-06
5.90160470892442e-06
6.01872079641907e-06
6.15815906712669e-06
6.33663512417115e-06
6.37357743471512e-06
6.39776089883526e-06
6.42088616586989e-06
6.43793737253873e-06
6.44467036181595e-06
6.44474312139209e-06
6.45439649815671e-06
6.47480237603304e-06
6.49475214231643e-06
6.51281106911483e-06
6.53991492072237e-06
6.5649123826006e-06
6.58529825159349e-06
6.60387331663514e-06
6.6256798163522e-06
6.64607568978681e-06
6.66641199131845e-06
6.68710890749935e-06
6.71058751322562e-06
6.73486374580534e-06
6.74559123581275e-06
6.75506089464761e-06
6.7669311647478e-06
6.78002743370598e-06
6.79007780490792e-06
6.78312517266022e-06
6.77554226058419e-06
6.75342971589998e-06
6.72032683723955e-06
6.70375766276265e-06
6.68657912683557e-06
6.66453024678049e-06
6.65190736981458e-06
6.6483785303717e-06
6.64461822452722e-06
6.64057643007254e-06
6.63299533698591e-06
6.62232423565001e-06
6.6101847551181e-06
6.59219995213789e-06
6.5773529058788e-06
6.56562406220473e-06
6.55577105135308e-06
6.54951918477309e-06
6.54509494779631e-06
6.54178666081862e-06
6.53917277304572e-06
6.53698498354061e-06
6.53503911962616e-06
6.53245069770492e-06
6.52890139463125e-06
6.52322387395543e-06
6.52203880235902e-06
6.5207991610805e-06
6.51947493679472e-06
6.51718528388301e-06
6.51434038445586e-06
6.51018490316346e-06
6.50702804705361e-06
6.50496531306999e-06
6.50338688501506e-06
6.50210859021172e-06
6.50063248031074e-06
6.49885350867407e-06
6.49650110062794e-06
6.49345292913495e-06
6.48901004751679e-06
6.48235027256305e-06
6.47300566924969e-06
6.46116859570611e-06
6.44349665890331e-06
6.40120242678677e-06
6.33702939012437e-06
6.25596248937654e-06
6.23176310909912e-06
6.20522587269079e-06
6.08582922723144e-06
6.05742980042123e-06
6.03285479883198e-06
6.0068837228755e-06
5.96702875554911e-06
5.90591707805288e-06
5.81811264055432e-06
5.73431998418528e-06
5.6317362577829e-06
5.52022765987203e-06
5.41371764484211e-06
5.29437147633871e-06
5.14445855515078e-06
4.97751307193539e-06
4.81306142319227e-06
4.64878939965274e-06
4.46926060249098e-06
4.29987130701193e-06
4.15498834627215e-06
4.02693694923073e-06
3.86958026865614e-06
3.69493045582203e-06
3.51143376065011e-06
3.31086334881547e-06
3.11290000354347e-06
2.95952304441016e-06
2.80313702205603e-06
2.6333318601246e-06
2.39748806052376e-06
2.1263190319587e-06
1.84985708528984e-06
1.58616910539422e-06
1.2954602652826e-06
1.05719095699897e-06
8.30136059448705e-07
6.23797745902266e-07
4.45799372528199e-07
3.0217140079003e-07
1.73265220837493e-07
7.14665020495886e-08
3.06632657043338e-08
3.33036389577046e-08
3.16910124809056e-08
3.19078274912954e-08
3.33318119771775e-08
3.22218447479372e-08
3.19845696594712e-08
3.19885167243683e-08
3.14692698566432e-08
3.19587982744451e-08
3.16489341400938e-08
3.27229123797679e-08
3.43197363861236e-08
3.49019018131003e-08
3.70464796617398e-08
4.12680698502754e-08
4.51054837924403e-08
4.64504275043964e-08
4.62223610497858e-08
4.62614018204022e-08
4.39668532692394e-08
4.32762874424952e-08
4.29828972414725e-08
4.22033465952154e-08
4.1687034268989e-08
4.06718925205496e-08
4.22828634327743e-08
4.46794601316469e-08
4.86818336753458e-08
5.20385796676237e-08
5.39934355003879e-08
5.42875859821379e-08
5.30111421426227e-08
5.15759168706609e-08
4.91938152435978e-08
4.76465906729118e-08
4.66653418129681e-08
4.45089938239107e-08
4.34271854032886e-08
4.38043983308489e-08
4.72842422993835e-08
4.96298291352559e-08
5.69371678693642e-08
5.94854974167447e-08
5.75826639703791e-08
5.73461917952045e-08
5.59852217918433e-08
5.51283072525166e-08
5.36088116120936e-08
4.99859567071326e-08
4.7581949047526e-08
4.41763532421646e-08
4.38588685369723e-08
4.45036754115335e-08
