0.0
1.60430540359689e-31
1.947603500696e-08
1.5593290072502e-06
2.20199467548809e-06
2.66597680820269e-06
3.74986188944604e-06
5.63426192456973e-06
6.99293514117016e-06
9.88956344372127e-06
1.54968947754242e-05
2.37925687542884e-05
2.63074598478852e-05
2.85333317151526e-05
3.04818640870508e-05
3.56711352651473e-05
3.94731323467568e-05
4.73410800623242e-05
5.48623684153426e-05
6.06850735493936e-05
6.56807023915462e-05
7.27124497643672e-05
8.41333603602834e-05
0.000109615102701355
0.000134964575408958
0.000142742515890859
0.000153396336827427
0.000160994299221784
0.000172233500052243
0.000176168061443605
0.000181675102794543
0.000183660929906182
0.00018384589930065
0.000184121308848262
0.000184121308848262
