-0.0
1.22959637049844e-17
-1.35059672273397e-19
-3.67177036670041e-18
7.25049176253378e-09
6.42961595076486e-08
1.51326275954489e-07
2.45632691076025e-07
4.04519596486352e-07
6.98622898198664e-07
8.66175469127484e-07
-3.46593878930435e-07
-8.31787474453449e-07
-6.09568814979866e-07
-5.33218553755432e-07
-4.74188709631562e-07
-3.8241341826506e-07
-3.15310899168253e-07
-2.65066773863509e-07
-1.19322066893801e-07
-1.96618202608079e-07
-1.07658706838265e-07
-8.90286173671484e-08
-1.72073123394512e-06
-5.59448380954564e-08
3.11071380565409e-06
2.86263457383029e-06
3.17878220812418e-06
-2.95040445053019e-06
-2.25329131353647e-07
-8.04593582870439e-07
5.59849650016986e-06
-3.71679379895795e-06
2.48688775172923e-06
1.1304255167488e-06
-4.16279362980276e-07
6.80915036355145e-07
-3.07260052068159e-07
2.09528298000805e-06
-9.90836269920692e-07
4.91740138386376e-07
-1.55613997776527e-06
3.44396539730951e-07
-1.17481067718472e-06
2.89144736598246e-07
1.52098618855234e-06
-6.03227817919105e-07
2.07722951017786e-06
-3.52341885445639e-07
1.91679282579571e-06
-2.4872315407265e-07
1.30910666484851e-06
-7.48066668165848e-07
2.02818591787945e-06
-2.64664777205326e-07
1.06958032120019e-06
1.6033482097555e-07
1.16550290840678e-06
2.37268977798522e-08
5.36965671926737e-07
4.28835846832953e-07
-3.07971276924945e-07
8.26792529551312e-07
-4.48895661975257e-07
9.46516593103297e-07
-5.628526196233e-07
8.7432999862358e-07
3.86723513656761e-07
-6.33781382930465e-08
1.50870891957311e-06
3.76630850951187e-08
1.06812422018265e-06
2.16843545786105e-07
2.66849383478984e-07
1.85134013008792e-06
5.81641870667227e-07
1.1299116522423e-06
1.0653793651727e-06
2.0984862203477e-07
1.8626169548952e-06
6.16625584370922e-07
1.14937301987084e-06
1.55606539919972e-06
8.6268028098857e-07
1.00553552329075e-06
1.23674908536486e-06
9.89276486507151e-07
6.36519871477503e-07
1.44991827255581e-06
7.31740328774322e-07
1.20803724712459e-06
1.37607185024535e-06
1.01198202173691e-06
1.48271283251233e-06
1.6587000573054e-06
1.36261951411143e-06
1.32040759126539e-06
1.73053285834612e-06
1.38793575388263e-06
1.58268312588916e-06
1.64643779498874e-06
