0
0.154923
1.231491
2.285753
3.250517
4.082299
4.815775
5.37158
5.738832
5.949674
5.914081
5.561036
5.437243
5.220064
4.856486
4.280704
3.804986
4.044841
4.461402
5.223456
6.328557
6.801295
6.700218
6.664274
6.537847
6.380595
6.221393
6.090085
5.992819
5.894564
5.760259
5.615718
5.481428
5.358894
5.240023
5.1206
4.98144
4.83709
4.690015
4.546873
4.412781
4.276557
4.1455
4.012197
3.882055
3.749156
3.619541
3.49368
3.367797
3.245285
3.121937
3.001594
2.878397
2.761587
2.64451
2.523879
2.405474
2.290782
2.176079
2.060242
1.941233
1.822886
1.707557
1.588769
1.477916
1.368178
1.258124
1.178894
1.180305
1.182319
1.183108
1.186366
1.188054
1.186911
1.185649
1.183513
1.179307
1.174745
1.167045
1.164422
1.169443
1.167238
1.171585
1.176169
1.172911
1.177586
1.182203
1.180486
1.182593
1.181097
1.179034
1.173349
1.163445
1.151848
1.142277
1.128828
1.112299
1.124051
1.121616
1.107148
1.108681
