0
0.208999
1.05732
2.194858
2.496007
2.754646
3.017911
3.053563
3.030499
2.939441
2.852609
2.830142
2.786277
2.714385
2.680946
2.674508
2.667364
2.65917
2.649901
2.638605
2.624466
2.605754
2.586738
2.568411
2.558565
2.555825
2.543902
2.524199
2.490195
2.381165
2.46745
2.486173
2.504085
2.530024
2.567041
2.618502
2.688024
2.775983
2.869413
2.884051
2.884056
2.884055
2.884056
2.884057
2.884057
2.884059
2.88406
2.884061
2.884063
2.884066
2.88407
2.884076
2.884085
2.884099
2.88412
2.884151
2.884197
2.884266
2.884367
2.884517
2.884737
2.884819
2.884851
2.884882
2.884889
2.884897
2.884899
2.8849
2.8849
2.884901
2.8849
2.8849
2.8849
2.8849
2.8849
2.8849
2.8849
2.8849
2.8849
2.8849
2.8849
2.8849
2.8849
2.8849
2.8849
2.8849
2.8849
2.8849
2.8849
2.8849
2.8849
2.884899
2.8849
2.8849
2.8849
2.8849
2.884899
2.884899
2.884899
2.8849
2.884899
2.8849
2.8849
2.884899
2.884899
2.884899
2.8849
2.884899
2.8849
2.884899
2.884899
2.8849
2.884899
2.884899
2.884899
2.884899
2.884899
2.884899
2.884899
2.884899
2.884899
2.884899
2.884899
2.884899
2.884899
2.884899
2.884899
2.884899
2.884899
2.884899
2.884899
2.884899
2.884899
2.884899
2.884899
2.884899
2.884899
2.884899
2.884899
2.884899
2.884899
2.884899
2.884899
2.884899
2.884899
2.884899
2.884899
2.884899
2.884899
2.884898
2.884898
2.884898
2.884898
2.884898
2.884898
2.884898
2.884898
2.884898
2.884898
2.884899
2.884899
2.884898
2.884898
2.884898
2.884899
2.884898
2.884899
2.884899
2.884899
2.884898
2.884898
2.884898
2.884898
2.884899
2.884898
2.884898
2.884899
2.884899
2.884899
2.884899
2.884898
2.884899
2.884898
2.884898
2.884898
2.884898
2.884898
2.884898
2.884898
2.884898
2.884897
2.884898
2.884898
2.884898
2.884898
2.884898
2.884898
2.884898
2.884898
2.884897
2.884897
2.884898
2.884897
2.884898
2.884898
2.884898
2.884898
2.884898
2.884898
2.884898
2.884898
2.884897
2.884897
2.884897
2.884897
2.884897
2.884897
2.884897
2.884897
2.884897
2.884897
2.884897
2.884897
2.884897
2.884897
2.884897
2.884897
2.884897
2.884897
2.884897
2.884897
2.884897
2.884897
2.884897
2.884897
2.884897
2.884897
2.884897
2.884898
2.884898
2.884897
2.884897
2.884897
2.884897
2.884897
2.884897
2.884897
2.884896
2.884897
2.884897
2.884897
2.884896
2.884896
2.884896
2.884896
2.884897
2.884896
2.884896
2.884896
2.884896
2.884896
2.884896
2.884896
2.884896
2.884896
2.884896
2.884896
2.884896
2.884896
2.884896
2.884896
2.884896
2.884896
2.884896
2.884896
2.884896
2.884896
2.884896
2.884896
2.884896
2.884896
2.884896
2.884896
2.884896
2.884896
2.884896
2.884896
2.884896
2.884896
2.884896
2.884896
2.884896
2.884896
2.884896
2.884896
2.884896
2.884896
2.884896
2.884896
2.884896
2.884896
2.884896
2.884896
2.884896
2.884896
2.884896
2.884896
2.884896
2.884896
2.884896
2.884896
2.884896
2.884896
2.884896
2.884896
2.884896
2.884896
2.884896
2.884896
2.884896
2.884896
2.884896
2.884896
2.884896
2.884896
2.884896
2.884896
2.884896
2.884896
2.884896
2.884896
2.884896
2.884896
2.884896
2.884896
2.884896
2.884896
2.884896
2.884895
2.884895
2.884896
2.884896
2.884895
2.884895
2.884895
2.884896
2.884895
2.884895
2.884895
2.884895
2.884895
2.884895
2.884895
2.884895
2.884895
2.884895
2.884895
2.884895
2.884895
2.884895
2.884895
2.884895
2.884895
2.884895
2.884895
2.884895
2.884895
2.884895
2.884895
2.884895
2.884895
2.884895
2.884895
2.884895
2.884895
2.884894
2.884894
2.884894
2.884894
2.884894
2.884894
2.884894
2.884894
2.884894
2.884894
2.884894
2.884894
2.884894
2.884894
2.884894
2.884894
2.884894
2.884894
2.884894
2.884894
2.884894
2.884894
2.884894
2.884894
2.884894
2.884894
2.884894
2.884894
2.884894
2.884894
2.884894
2.884894
2.884894
2.884894
2.884894
2.884894
2.884894
2.884894
2.884894
2.884894
2.884894
2.884894
2.884894
2.884894
2.884894
2.884894
2.884893
2.884893
2.884893
2.884893
2.884893
2.884894
2.884894
2.884894
2.884894
2.884894
2.884893
2.884893
2.884894
2.884894
2.884894
2.884893
2.884893
2.884894
2.884894
2.884894
2.884893
2.884893
2.884894
2.884893
2.884893
2.884893
2.884893
2.884893
2.884893
2.884893
2.884893
2.884893
2.884893
2.884893
2.884893
2.884893
2.884893
2.884893
2.884893
2.884893
2.884893
2.884893
2.884893
2.884893
2.884893
2.884893
2.884893
2.884893
2.884893
2.884893
2.884893
2.884893
2.884893
2.884892
2.884892
2.884893
2.884893
2.884893
2.884893
2.884893
2.884893
2.884892
2.884892
2.884892
2.884892
2.884892
2.884892
2.884892
2.884892
2.884892
2.884892
2.884892
2.884892
2.884892
2.884892
2.884892
2.884892
2.884892
2.884892
2.884892
