-0.0
3.65367668564431e-07
1.59747287398204e-07
4.37830749433488e-09
-9.21609171200544e-08
2.27009877562523e-09
-3.62349965143949e-07
1.58925831783563e-06
3.11330950353295e-07
-2.597167622298e-06
3.79662378691137e-06
1.03064812719822e-05
3.92788206227124e-06
-2.0659645088017e-06
-8.94389813765883e-07
-2.0547304302454e-07
-4.00497810915112e-07
9.16188582777977e-08
7.57281668484211e-08
-1.92027073353529e-07
-2.67144059762359e-07
-3.09024471789598e-07
-3.49478796124458e-07
-3.91068169847131e-07
-4.4729677028954e-07
-5.05184289067984e-07
-5.49684045836329e-07
-6.04006345383823e-07
-6.06916728429496e-07
-6.45610271021724e-07
-6.45391992293298e-07
-7.1924296207726e-07
-7.86283635534346e-07
-8.71688826009631e-07
-8.91886884346604e-07
-9.22416802495718e-07
-9.49512468650937e-07
-9.59393219090998e-07
-9.60746547207236e-07
1.48027902469039e-06
1.53991277329624e-06
1.54918234329671e-06
1.57418253365904e-06
1.59614137373865e-06
1.57945032697171e-06
1.55648740474135e-06
1.54400186147541e-06
1.51559652294964e-06
1.50394043885171e-06
1.44385558087379e-06
1.39175972435623e-06
1.38320319820195e-06
1.18991010822356e-06
7.85032170824707e-07
4.18556737713516e-07
4.66505298390985e-07
5.16112777404487e-07
5.83851942792535e-07
6.54457835480571e-07
7.07848812453449e-07
7.5818388722837e-07
8.35105311125517e-07
8.95830453373492e-07
9.75269358605146e-07
1.05843355413526e-06
1.19754986371845e-06
1.38444011099637e-06
1.58004695549607e-06
1.78140180651098e-06
1.97524786926806e-06
2.14781903196126e-06
2.30528530664742e-06
2.45975388679653e-06
2.59668740909547e-06
2.66301503870636e-06
2.77164508588612e-06
2.89581657852978e-06
3.075270797126e-06
2.99536623060703e-06
2.95722566079348e-06
2.92980985250324e-06
2.87675356958061e-06
2.59280204772949e-06
2.29169381782413e-06
2.14797910302877e-06
2.11282167583704e-06
2.10275175049901e-06
2.09326390177011e-06
2.07927951123565e-06
2.06090044230223e-06
2.04681418836117e-06
2.0170264178887e-06
1.9580329535529e-06
2.32344609685242e-06
2.24701943807304e-06
2.22746166400611e-06
2.21349182538688e-06
2.19656794797629e-06
2.16173066291958e-06
2.10337748285383e-06
2.07552511710674e-06
2.03808303922415e-06
1.9988656276837e-06
1.95259053725749e-06
1.93147570826113e-06
1.90288119483739e-06
1.85576209332794e-06
1.77882611751556e-06
1.68102269526571e-06
1.58947659656405e-06
1.42489443533123e-06
1.22672645375133e-06
1.22672645375133e-06
