0
0.520847
1.343009
2.260599
3.061861
3.726339
4.190011
5.230387
6.460064
7.747821
8.544568
8.717848
8.879679
8.957401
8.976173
8.994504
8.995561
8.996631
8.997688
8.999242
9.001493
9.003647
9.005724
9.007807
9.010961
9.015686
9.022546
9.032248
9.040118
9.047829
9.056183
9.070742
9.085524
9.097593
9.097829
9.092993
9.086661
9.083645
9.079665
9.0782
9.076385
9.073656
9.06788
9.061871
9.053516
9.045696
9.039002
9.032234
9.027334
9.024328
9.021424
9.022489
9.026026
9.030235
9.036643
9.045746
9.058294
9.075092
9.097078
9.126239
9.164543
9.202732
9.249742
9.301328
9.348824
9.393255
9.432995
9.472445
9.512028
9.567925
9.636705
9.637496
9.638191
9.63884
9.639445
9.640198
9.640426
9.640706
9.641055
9.641322
9.641362
9.641193
9.640555
9.63963
9.637215
9.633317
9.627491
9.619235
9.607262
9.583533
9.539598
9.458233
9.39188
9.430681
9.41922
9.23004
8.973758
8.939734
8.670222
8.373303
8.249237
7.983086
7.663391
7.341581
7.016683
6.691892
6.370665
6.047953
5.730941
5.418223
5.105451
4.785749
4.472281
4.166584
3.858878
3.548629
3.249197
2.950109
2.651392
2.364306
2.076668
1.794945
1.523794
1.250285
0.983828
0.721245
0.463276
0.220956
0.161362
0.061208
0.022787
0.013055
0.007484
0.007175
0.007146
0.007098
0.007093
0.007085
0.007069
0.007069
