0.0
0.00999999977648258
0.0199999995529652
0.0299999993294477
0.0324999988079071
0.0362499989569187
0.0418750010430813
0.0503125004470348
0.0587499998509884
0.0671875029802322
0.0756250023841858
0.0840625017881393
0.0925000011920929
0.100937500596046
0.110937498509884
0.111562497913837
0.112187497317791
0.113124996423721
0.114531248807907
0.115058593451977
0.115849606692791
0.116047360002995
0.116245120763779
0.116442874073982
0.116640627384186
0.116937257349491
0.117233887314796
0.117308042943478
0.117382198572159
0.117493435740471
0.117660291492939
0.117702007293701
0.117743723094463
0.117806293070316
0.117900148034096
0.117935344576836
0.117988139390945
0.11806733161211
0.118186116218567
0.118364296853542
0.118631564080715
0.119032464921474
0.119633823633194
0.120535857975483
0.121888905763626
0.123918481171131
0.126962840557098
0.13152939081192
0.138379216194153
0.14837920665741
0.158379212021828
0.168379202485085
0.178379207849503
0.188379213213921
0.198379203677177
0.208379209041595
0.218379214406013
0.22837920486927
0.238379210233688
0.248379215598106
0.258379220962524
0.268379211425781
0.278379201889038
0.288379222154617
0.298379212617874
0.308379203081131
0.31837922334671
0.328379213809967
0.338379204273224
0.348379194736481
0.35837921500206
0.368379205465317
0.378379195928574
0.388379216194153
0.39837920665741
0.408379197120667
0.418379217386246
0.428379207849503
0.438379198312759
0.448379218578339
0.458379209041595
0.468379199504852
0.478379219770432
0.488379210233688
0.498379200696945
0.508379220962524
0.518379211425781
0.528379201889038
0.538379192352295
0.548379182815552
0.558379232883453
0.56837922334671
0.578379213809967
0.588379204273224
0.598379194736481
0.608379185199738
0.618379235267639
0.628379225730896
0.638379216194153
0.64837920665741
0.658379197120667
0.668379187583923
0.678379237651825
0.688379228115082
0.698379218578339
0.708379209041595
0.718379199504852
0.728379189968109
0.738379180431366
0.748379230499268
0.750879228115082
0.754629194736481
0.760254204273224
0.768691718578339
0.778691709041595
0.788691699504852
0.798691689968109
0.808691680431366
0.818691730499268
0.828691720962524
0.838691711425781
0.848691701889038
0.858691692352295
0.868691682815552
0.878691732883453
0.88869172334671
0.898691713809967
0.908691704273224
0.918691694736481
0.921191692352295
0.924941718578339
0.926347970962524
0.928457319736481
0.931621372699738
0.936367511749268
0.943486630916595
0.953486621379852
0.955986618995667
0.95973664522171
0.965361654758453
0.973799109458923
0.983799159526825
0.993799149990082
1.0
