0.0
2.0172768699922e-07
4.81044367006689e-07
1.17449292247329e-06
2.50247057920205e-06
5.63333196623717e-06
1.14474505608086e-05
1.66494683071505e-05
2.24024533963529e-05
3.34795040544122e-05
4.61374256701674e-05
6.19237616774626e-05
8.25760507723317e-05
0.000108145177364349
0.000137306822580285
0.000169854916748591
0.000209733741939999
0.000262990564806387
0.000331904768245295
0.000361686281394213
0.000433147215517238
0.00044194795191288
0.000452515989309177
0.000464390468550846
0.000483288400573656
0.00051256560254842
0.000557228573597968
0.000624984735623002
0.000728753453586251
0.000881743850186467
0.00109959847759455
0.00143477541860193
0.00180972763337195
0.00216889381408691
0.00251953466795385
0.00287019880488515
0.00322224386036396
0.00356082827784121
0.00388278160244226
0.00420360453426838
0.00451800459995866
0.00482242088764906
0.0051106084138155
0.00536522129550576
0.00559468846768141
0.00581477116793394
0.00602037506178021
0.00621001748368144
0.00638407142832875
0.00654164655134082
0.00668302550911903
0.00680587440729141
0.00691815884783864
0.00700601516291499
0.00708330515772104
0.0071494379080832
0.00720012886449695
0.00724724121391773
0.00725949555635452
0.00727443536743522
0.0072665074840188
0.00724082766100764
0.00724082440137863
