0.0
0.00999999977648258
0.0199999995529652
0.0299999993294477
0.0399999991059303
0.0500000007450581
0.0524999983608723
0.0562499985098839
0.0571875013411045
0.0581250004470348
0.0590624995529652
0.0592968761920929
0.0595312491059303
0.0597656257450581
0.0599999986588955
0.0602343752980232
0.0605859383940697
0.0609375014901161
0.0610253922641277
0.0611132830381393
0.0612011700868607
0.0612890608608723
0.0613769516348839
0.0614648424088955
0.0615527331829071
0.0616406239569187
0.0617285147309303
0.0618603527545929
0.0620581060647964
0.062255859375
0.0624536126852036
0.0626513659954071
0.0627008080482483
0.0627502426505089
0.0627996847033501
0.0628491193056107
0.0629232823848724
0.0630345121026039
0.063201367855072
0.0632430836558342
0.0632847994565964
0.063326507806778
0.0633890852332115
0.063482940196991
0.0635767951607704
0.0636706501245499
0.0637645050883293
0.0638583600521088
0.0639991462230682
0.0641399323940277
0.0642807111144066
0.0644214972853661
0.0645622834563255
0.0647030621767044
0.0649142414331436
0.0652310028672218
0.0655477643013
0.0658645331859589
0.0661812946200371
0.0666564404964447
0.0673691555857658
0.0684382319450378
0.0695073083043098
0.0705763846635818
0.0716454610228539
0.0727145448327065
0.0737836211919785
0.0748526975512505
0.0759217739105225
0.0769908502697945
0.0785944610834122
0.0809998884797096
0.0834053084254265
0.0858107358217239
0.0882161557674408
0.0918242931365967
0.0972364917397499
0.0985895395278931
0.0999425947666168
0.10129564255476
0.101972170174122
0.102014452219009
0.10204616189003
0.102077879011631
0.102125443518162
0.102196797728539
0.102303825318813
0.102384097874165
0.102404162287712
0.10242423415184
0.102444298565388
0.102464370429516
0.102484434843063
0.102504499256611
0.102534607052803
0.102564707398415
0.102594807744026
0.102624908089638
0.102670066058636
0.102715216577053
0.10276036709547
0.102805517613888
0.102850675582886
0.102895826101303
0.10294097661972
0.102986127138138
0.103031285107136
0.103076435625553
0.103144161403179
0.103245757520199
0.103398151695728
0.103626735508442
0.103969611227512
0.104483924806118
0.105255402624607
0.10641261190176
0.106846570968628
0.107009299099445
0.10703981667757
0.107070326805115
0.107100836932659
0.107131354510784
0.107161864638329
0.107192374765873
0.107222884893417
0.107253402471542
0.107283912599087
0.107314422726631
0.107337310910225
0.107360191643238
0.107383079826832
0.107417404651642
0.107451729476452
0.107486061751842
0.107520386576653
0.107554711401463
0.107606202363968
0.107683435082436
0.107799284160137
0.10797306150198
0.108233734965324
0.10862473398447
0.109211228787899
0.110090978443623
0.111410610377789
0.112730234861374
0.112812705338001
0.112874567508698
0.112936422228813
0.113029211759567
0.113121993839741
0.113191582262516
0.113243781030178
0.11329597234726
0.113348163664341
0.113387309014797
0.113426446914673
0.113465592265129
0.113504737615585
0.113543882966042
0.113583028316498
0.113622173666954
0.11366131156683
0.113700456917286
0.113739602267742
0.113778747618198
0.113817892968655
0.113876610994339
0.113964684307575
0.114096790552139
0.114294961094856
0.114493131637573
0.11469129472971
0.114988543093204
0.115100018680096
0.115183614194393
0.115267217159271
0.115392625331879
0.115439645946026
0.115486674010754
0.115533702075481
0.115580722689629
0.115627750754356
0.115674778819084
0.115721806883812
0.115768827497959
0.115804098546505
0.115839369595051
0.115874640643597
0.115909911692142
0.115945175290108
0.115980446338654
0.116015717387199
0.116050988435745
0.116086259484291
0.116121523082256
0.116174429655075
0.116253785789013
0.11637282371521
0.116551369428635
0.116618327796459
0.116685286164284
0.116752244532108
0.116802461445332
0.116852678358555
0.116902895271778
0.116953112185001
0.117003329098225
0.117053553462029
0.117091216146946
0.117119461297989
0.117147706449032
0.117168895900249
0.117190077900887
0.117211267352104
0.117232449352741
0.117253638803959
0.117274820804596
0.117306597530842
0.117338381707668
0.117370158433914
0.117393992841244
0.117417827248573
0.117441661655903
0.117465488612652
0.117489323019981
0.117513157427311
0.117536991834641
0.117572747170925
0.117626368999481
0.117679998278618
0.117733620107174
0.117787249386311
0.117840871214867
0.117921315133572
0.118041969835758
0.118222959339619
0.118494443595409
0.1187659278512
0.11903740465641
0.119444631040096
0.120055466890335
0.120971716940403
0.121887966990471
0.122804217040539
0.123720467090607
0.124636724591255
0.126011103391647
0.127385482192039
0.12875984609127
0.130134224891663
0.131508603692055
0.132882982492447
0.133226573467255
0.133570179343224
0.133913770318031
0.134171470999718
0.134219780564308
0.13426810503006
0.13431641459465
0.134364739060402
0.134413048624992
0.134449288249016
0.134476467967033
0.134503647685051
0.134530827403069
0.134558007121086
0.134598776698112
0.134639546275139
0.134680315852165
0.134721085429192
0.134761855006218
0.134822994470596
0.134884148836136
0.134945303201675
0.135006457567215
0.135098189115524
0.135235786437988
0.135373368859291
0.135510966181755
0.135648563504219
0.135786145925522
0.135923743247986
0.13606134057045
0.136198937892914
0.136336520314217
0.136439725756645
0.136542916297913
0.13664610683918
0.136749297380447
0.136852502822876
0.136955693364143
0.137033089995384
0.137052431702614
0.137071788311005
0.13710081577301
0.137111693620682
0.13712802529335
0.137152507901192
0.137161687016487
0.137175470590591
0.137196123600006
0.137203872203827
0.137215495109558
0.137219861149788
0.137226387858391
0.137236207723618
0.137250915169716
0.137272968888283
0.137306079268456
0.137355715036392
0.137430191040039
0.137541890144348
0.137709438800812
0.137960776686668
0.138337761163712
0.138903260231018
0.139751493930817
0.141023844480515
0.142932385206223
0.145795196294785
0.150089398026466
0.156530693173409
0.166192650794983
0.176192656159401
0.186192661523819
0.196192651987076
0.206192657351494
0.216192662715912
0.226192653179169
0.236192658543587
0.246192663908005
0.256192654371262
0.266192644834518
0.276192665100098
0.286192655563354
0.296192646026611
0.306192666292191
0.316192656755447
0.326192647218704
0.336192667484283
0.34619265794754
0.356192648410797
0.366192668676376
0.376192659139633
0.38619264960289
0.396192669868469
0.406192660331726
0.416192650794983
0.426192671060562
0.436192661523819
0.446192651987076
0.456192672252655
0.466192662715912
0.476192653179169
0.486192643642426
0.496192663908005
0.506192684173584
0.516192674636841
0.526192665100098
0.536192655563354
0.546192646026611
0.556192636489868
0.56619268655777
0.576192677021027
0.586192667484283
0.59619265794754
0.606192648410797
0.616192638874054
0.626192629337311
0.636192679405212
0.646192669868469
0.656192660331726
0.666192650794983
0.67619264125824
0.686192631721497
0.696192681789398
0.706192672252655
0.716192662715912
0.726192653179169
0.736192643642426
0.746192634105682
0.756192684173584
0.766192674636841
0.776192665100098
0.786192655563354
0.796192646026611
0.798692643642426
0.799630165100098
0.801036417484283
0.801563739776611
0.801563739776611
