0.0
1.14573023692874e-34
2.45515341390501e-09
1.31466180164352e-07
2.47633721528473e-07
4.58729545016467e-07
5.67068582313368e-07
5.81359017814975e-07
7.60475415972905e-07
1.10960763777257e-06
1.50384801145265e-06
3.1111710541154e-06
3.64852917300595e-06
4.24835252488265e-06
4.22178345615976e-06
3.92917581848451e-06
3.80844198843988e-06
3.68782889381691e-06
3.68878909284831e-06
3.59721684617398e-06
3.46288243235904e-06
3.61680031346623e-06
3.85037583328085e-06
4.10380016546696e-06
4.11253085985663e-06
4.11481596529484e-06
4.11713881476317e-06
4.1180292100762e-06
4.11937162425602e-06
4.11938162869774e-06
4.11939345212886e-06
4.11939799960237e-06
4.11939981859177e-06
4.11940027333912e-06
4.11940118283383e-06
4.11940163758118e-06
4.11940163758118e-06
4.11940163758118e-06
4.11940163758118e-06
4.11940163758118e-06
4.11940163758118e-06
4.11940163758118e-06
4.11940163758118e-06
4.11940163758118e-06
4.11940163758118e-06
4.11940163758118e-06
