0.0
0.0
0.0
5.09056619080184e-09
4.24362376350018e-08
6.53406715400706e-08
1.00109289746797e-07
1.66496050724163e-07
2.24708486484815e-07
2.51761605341017e-07
2.56933930131709e-07
2.72589517180677e-07
2.9957223546262e-07
3.47572921555184e-07
4.58194335806184e-07
6.15730300523865e-07
9.68975427895202e-07
1.47113814819022e-06
2.05657488550059e-06
2.62304138232139e-06
3.22219398185553e-06
4.11846212955425e-06
5.45356897418969e-06
7.12650808054605e-06
7.2282105065824e-06
7.25354084352148e-06
7.27851465853746e-06
7.28781742509454e-06
7.30160309103667e-06
7.30168358131777e-06
7.30180499886046e-06
7.30185047359555e-06
7.30186775399488e-06
7.3018741204578e-06
7.30188367015216e-06
7.30188457964687e-06
7.30188594388892e-06
7.30188639863627e-06
7.30188639863627e-06
7.30188639863627e-06
7.30188639863627e-06
7.30188685338362e-06
7.30188685338362e-06
7.30188685338362e-06
7.30188685338362e-06
7.30188685338362e-06
