0
0.00120000028982758
0.00240000011399388
0.00359999993816018
0.00480000022798776
0.00600000005215406
0.00719999987632036
0.00839999970048666
0.00960000045597556
0.0108000002801419
0.0120000001043082
0.013200000859797
0.0144000006839633
0.0156000005081296
0.0168000003322959
0.0180000001564622
0.0191999999806285
0.0203999998047948
0.0215999996289611
0.0227999994531274
0.0239999992772937
0.0243000006303192
0.0246000001206994
0.0248999996110797
0.0253499997779727
0.0257999999448657
0.0262500001117587
0.0267000002786517
0.0271500004455448
0.027262500487268
0.0273750005289913
0.0274171875789762
0.027425098232925
0.0274330070242286
0.0274409176781774
0.027452782727778
0.0274705803021789
0.0274972775951028
0.0275039514526725
0.0275106271728874
0.0275206370279193
0.0275356536731124
0.0275581805035472
0.027566627599299
0.0275729624554515
0.0275792973116041
0.0275888005271554
0.0275983037427068
0.0276078069582582
0.0276101818308235
0.0276125585660339
0.0276149334385991
0.0276173083111644
0.0276196850463748
0.0276220599189401
0.0276244366541505
0.027627999894321
0.0276315631344915
0.027635126374662
0.0276386914774776
0.0276422547176481
0.0276458179578185
0.0276511637493968
0.0276591805741191
0.0276712076738477
0.0276832347735763
0.0276952618733049
0.0276997731998563
0.0277065383270383
0.0277133034542203
0.0277200685814023
0.0277302162721753
0.0277454378083349
0.0277682701125741
0.0277911042794586
0.0277968114241958
0.0278025204315782
0.0278082275763154
0.0278139365836978
0.0278224991634488
0.0278310617431999
0.0278396224603057
0.0278524672612548
0.0278588877990842
0.0278653101995588
0.0278717326000333
0.0278781531378627
0.0278845755383373
0.0278893923386932
0.0278905956074596
0.027891798876226
0.0278936056420207
0.0278954124078155
0.0278972173109651
0.0278990240767599
0.027899474836886
0.0278999274596572
0.0279006035998464
0.0279012816026807
0.027901959605515
0.0279026357457042
0.0279036527499557
0.027904667891562
0.0279056848958135
0.0279072085395456
0.0279094940051437
0.0279129231348634
0.0279180658981204
0.0279257809743286
0.0279373517259956
0.0279547115787864
0.027959049679339
0.0279633896425367
0.0279677296057344
0.0279720695689321
0.0279764076694847
0.0279807476326824
0.0279850875958801
0.0279894275590778
0.0279937675222755
0.027998105622828
0.0280046155676246
0.0280111255124212
0.0280176335945726
0.0280241435393691
0.0280339056625963
0.0280485535040498
0.0280522154644132
0.0280558774247766
0.0280567901208997
0.0280577065423131
0.0280590811744333
0.0280604520812631
0.0280618267133832
0.0280631976202131
0.0280645722523332
0.0280656004324556
0.0280666323378682
0.0280676605179906
0.0280692065134645
0.0280715236440301
0.0280749993398786
0.0280784750357271
0.0280819507315755
0.028085426427424
0.0280889021232725
0.0280923778191209
0.0280958535149694
0.0280993292108178
0.0281028049066663
0.0281080165877939
0.0281158359721303
0.0281236553564668
0.0281314784660936
0.02813929785043
0.0281510250642896
0.0281554246321321
0.0281620221212507
0.0281719202175737
0.028186765499413
0.0282090352848173
0.0282424399629236
0.028254964388907
0.0282737547531724
0.0282925413921476
0.028311331756413
0.0283301221206785
0.0283583039417863
0.0283864894881845
0.0284146713092924
0.0284428568556905
0.0284710386767984
0.0284992242231965
0.0285414988175035
0.0285837771371007
0.0286260517314077
0.0286683263257146
0.0287317419424653
0.0287951538339258
0.0288585657253862
0.0289219813421369
0.0289853932335973
0.0290805147960782
0.0292231934145093
0.0294372150674463
0.0297582456842065
0.0302397916093469
0.0309621142223478
0.0320455925539136
0.0332455942407251
0.0344455922022462
0.0356455938890577
0.0368455918505788
0.0380455935373903
0.0392455914989114
0.0404455931857229
0.041645591147244
0.0428455928340555
0.0440455907955766
0.0452455924823881
0.0464455941691995
0.0476455921307207
0.0488455938175321
0.0500455917790532
0.0512455934658647
0.0524455914273858
0.0536455931141973
0.0548455910757184
0.0560455927625299
0.057245590724051
0.0584455924108625
0.0596455940976739
0.0608455920591951
0.0620455900207162
0.063245595432818
0.0644455933943391
0.0656455913558603
0.0668455893173814
0.0680455947294832
0.0692455926910043
0.0704455906525255
0.0716455960646272
0.0728455940261484
0.0740455919876695
0.0752455899491907
0.0764455953612924
0.0776455933228135
0.0788455912843347
0.0788455912843347
