0.0
6.81107714777209e-35
3.42767201289007e-08
5.47793092664506e-07
1.06279367173556e-06
1.82240057711169e-06
2.20762285607634e-06
2.78360880656692e-06
3.84862050850643e-06
5.07726372234174e-06
5.44604290553252e-06
5.44543263458763e-06
5.20339517606772e-06
5.01267504660063e-06
4.96552456752397e-06
5.01376598549541e-06
5.01892372994917e-06
4.92011122332769e-06
5.36495508640655e-06
5.67888037039666e-06
6.23254345555324e-06
6.27093140792567e-06
6.30968406767352e-06
6.37012180959573e-06
6.46320268060663e-06
6.49732692181715e-06
6.54305495118024e-06
6.61219064568286e-06
6.72033638693392e-06
6.89341459292336e-06
6.96222650731215e-06
7.06927221472142e-06
7.2386519605061e-06
7.45796296541812e-06
7.63004754844587e-06
7.77037894295063e-06
7.89524983701995e-06
8.10788060334744e-06
8.19918841443723e-06
8.36716935737059e-06
8.36716935737059e-06
