0.0
1.7500763617361e-18
1.10509301709527e-09
1.35475659135409e-07
5.35362858045119e-07
1.35076197693706e-06
1.76436174115224e-07
3.2781610315169e-08
1.31630635280544e-08
6.32139176559576e-08
9.16685465313094e-08
9.81388126319871e-08
9.95774485090806e-08
1.00870856556412e-07
1.01168225796755e-07
1.0144988493721e-07
1.01715315281581e-07
1.02091867404397e-07
1.02552860425931e-07
1.02631560139343e-07
1.0270457551087e-07
1.02771579690852e-07
1.02845078231439e-07
1.02908245480648e-07
1.02901971388292e-07
1.02893281450633e-07
1.02900699516795e-07
1.02923053191262e-07
1.02923053191262e-07
