-0.000000
0.175473
1.173880
2.060832
2.829738
4.463141
5.763270
6.043302
6.280123
6.517841
6.836109
7.212391
7.510020
7.738405
8.049703
8.444764
8.773538
9.170118
9.515715
9.900829
10.005015
10.134362
10.175955
10.179792
10.185190
10.190274
10.194723
10.198815
10.200165
10.202166
10.204837
10.206963
10.208097
10.208785
10.209046
10.209008
10.208691
10.208276
10.207668
10.206746
10.205160
10.203061
10.193915
10.176201
10.154390
10.123222
10.076227
10.030458
10.092540
10.067580
9.840658
9.604648
9.475327
9.273157
8.984253
8.666226
8.370301
8.086241
7.780783
7.466861
7.143031
6.805305
6.436231
6.037874
5.671052
5.354836
5.055563
4.755661
4.447487
4.136736
3.809134
3.456602
3.111725
2.802636
2.515011
2.229584
1.943146
1.653031
1.363915
1.071895
0.777685
0.521162
0.267239
0.021437
0.002850
0.000517
0.000509
0.000478
0.000358
0.000254
0.000155
0.000147
0.000138
0.000129
0.000119
0.000108
0.000102
0.000096
0.000082
0.000066
0.000023
0.000016
0.000007
0.000003
-0.000002
-0.000002
