0
0.00029999995604158
0.00074999989010394
0.0014249999076128
0.00243750005029142
0.002737500006333
0.003187500173226
0.00386249995790422
0.0048749998677522
0.00588749977760017
0.00690000015310943
0.00791249959729612
0.00911250035278496
0.00941249984316526
0.00986250001005826
0.0105375002603978
0.0107906253542751
0.0111703125294298
0.0117398432921619
0.0125941408332438
0.0137941406574101
0.0149941404815764
0.0161941403057427
0.017394140129909
0.0185941399540753
0.0197941397782416
0.020994141465053
0.0221941412892193
0.0233941411133856
0.0245941409375519
0.0257941407617182
0.0269941405858845
0.0281941404100508
0.0293941402342171
0.0305941419210285
0.0317941398825497
0.0329941415693611
0.0341941395308823
0.0353941412176937
0.0365941391792149
0.0377941408660263
0.0389941388275475
0.0401941405143589
0.0413941422011704
0.0425941401626915
0.043794141849503
0.0449941398110241
0.0461941414978356
0.0473941394593567
0.0485941411461682
0.0497941391076893
0.0509941407945008
0.0521941387560219
0.0533941404428333
0.0545941421296448
0.0557941400911659
0.0569941417779774
0.0581941397394985
0.05939414142631
0.0605941393878311
0.0617941373493523
0.062994142761454
0.0641941407229752
0.0653941386844963
0.0665941440965981
0.0677941420581192
0.0689941400196404
0.0701941379811615
0.0713941433932633
0.0725941413547844
0.0737941393163056
0.0749941372778267
0.0761941426899285
0.0773941406514496
0.0785941386129708
0.0797941440250725
0.0809941419865936
0.0821941399481148
0.0833941379096359
0.0845941433217377
0.0857941412832588
0.08699413924478
0.0881941372063011
0.0893941426184029
0.090594140579924
0.0917941385414452
0.0929941439535469
0.0941941419150681
0.0953941398765892
0.0965941378381104
0.0977941432502121
0.0989941412117331
0.100194139173254
0.101394137134775
0.102594142546877
0.103794140508398
0.10499413846992
0.106194143882021
0.107394141843542
0.108594139805064
0.109794137766585
0.110994143178686
0.112194141140208
0.113394139101729
0.11459413706325
0.115794142475352
0.116994140436873
0.118194138398394
0.118799997260794
