0.0
7.25408411960417e-35
5.81233109642199e-07
9.78171897259017e-07
1.60657657488628e-06
2.56126782005595e-06
1.77464016815065e-06
1.83763074801391e-06
2.3883942503744e-06
3.01394379675912e-06
3.76196248907945e-06
4.78339279652573e-06
6.87963165546535e-06
9.22440904105315e-06
1.12352827272844e-05
1.2774291462847e-05
1.33676667246618e-05
1.17296794996946e-05
9.72396810539067e-06
1.10160681288107e-05
1.33535286295228e-05
1.60090767167276e-05
1.67773341672728e-05
1.78666432475438e-05
1.80368024302879e-05
1.82296935236081e-05
1.85351818799973e-05
1.86023298738291e-05
1.84594828169793e-05
1.83714528247947e-05
1.82554122147849e-05
1.80891911440995e-05
1.7880369341583e-05
1.77400743268663e-05
1.74794477061369e-05
1.7162808944704e-05
1.65876481332816e-05
1.63205113494769e-05
1.60523541126167e-05
1.58188067871379e-05
1.55103844008408e-05
1.51348203871748e-05
1.47852560985484e-05
1.44173591252184e-05
1.40646570798708e-05
1.37709203045233e-05
1.34567362692906e-05
1.31619581225095e-05
1.28056290122913e-05
1.24166372188483e-05
1.2080442502338e-05
1.17855424832669e-05
1.13957612484228e-05
1.09438033177867e-05
1.05174731288571e-05
1.01568821264664e-05
9.85031874733977e-06
9.57016527536325e-06
9.30894657358294e-06
9.07093817659188e-06
8.73412409418961e-06
8.50888500281144e-06
8.27013172965962e-06
7.97580469225068e-06
7.68678637541598e-06
7.41282201488502e-06
7.05835509506869e-06
6.74840794090414e-06
6.48561626803712e-06
6.26821247351472e-06
6.07238371230778e-06
5.79207880946342e-06
5.44231670573936e-06
4.96159691465436e-06
4.32605384048657e-06
3.88881790058804e-06
3.48476078215754e-06
3.06636115965375e-06
2.69428437604802e-06
2.41835482484021e-06
2.1639341412083e-06
1.97447820937668e-06
1.81707991941948e-06
1.84064617769764e-06
1.9343185613252e-06
2.02519072445284e-06
2.11394899451989e-06
2.19762023334624e-06
2.24919494939968e-06
2.30490923058824e-06
2.31295007324661e-06
2.27995428758732e-06
2.25935150410805e-06
2.23818597078207e-06
2.1916068817518e-06
2.08467577067495e-06
1.97101985577319e-06
1.88839533166174e-06
1.78940547357342e-06
1.6762252244007e-06
1.63685342613462e-06
1.68235453656962e-06
1.69372844993632e-06
1.69713780451275e-06
1.72608247339667e-06
1.76344337887713e-06
1.79720439064113e-06
1.96216296899365e-06
2.06118625101226e-06
2.15548357118678e-06
2.16044395529025e-06
