0.0
1.1327450089027e-08
7.24626119108507e-08
2.71128487838723e-06
6.67985159452655e-06
8.97539302968653e-06
9.89581894828007e-06
9.95634854916716e-06
1.22612900668173e-05
1.21408274935675e-05
9.99917210720014e-06
9.37058212002739e-06
1.19815849757288e-05
1.8862241631723e-05
3.02099742839346e-05
3.69211666111369e-05
4.37031594628934e-05
5.10012287122663e-05
5.24633287568577e-05
5.39110078534577e-05
5.44552749488503e-05
5.48649404663593e-05
5.52750716451555e-05
5.53126883460209e-05
5.53409881831612e-05
5.53692188987043e-05
5.53974132344592e-05
5.54395955987275e-05
5.5502856412204e-05
5.55975930183195e-05
5.57398125238251e-05
5.57916391699109e-05
5.58304564037826e-05
5.58690371690318e-05
5.59261534363031e-05
5.59831169084646e-05
5.60383523406927e-05
5.60934204258956e-05
5.61473207199015e-05
5.62012755835894e-05
5.62512941542082e-05
5.62851964787114e-05
5.63136200071312e-05
5.63350913580507e-05
5.63548419449944e-05
5.63664652872831e-05
5.63723551749717e-05
5.63773719477467e-05
5.63843314012047e-05
5.64057336305268e-05
5.6501135986764e-05
5.66204107599333e-05
5.67384086025413e-05
5.68553623452317e-05
5.69709773117211e-05
5.70832598896232e-05
5.71919699723367e-05
5.72991593799088e-05
5.74578916712198e-05
5.76953498239163e-05
5.80503219680395e-05
5.85796115046833e-05
5.93683325860184e-05
6.05454697506502e-05
6.23027881374583e-05
6.48478380753659e-05
6.7769993620459e-05
7.0401409175247e-05
7.29388921172358e-05
7.52156192902476e-05
7.7155556937214e-05
7.71824197727256e-05
7.72095809224993e-05
7.72373023210093e-05
7.72655039327219e-05
7.7294149377849e-05
7.73368083173409e-05
7.7352968219202e-05
7.73772408138029e-05
7.74134241510183e-05
7.74679574533366e-05
7.74880318203941e-05
7.75188309489749e-05
7.75299777160399e-05
7.75471417000517e-05
7.75724620325491e-05
7.76088199927472e-05
7.76229571783915e-05
7.76438901084475e-05
7.76750894146971e-05
7.76866654632613e-05
7.77040986577049e-05
7.77300956542604e-05
7.77689419919625e-05
7.78266548877582e-05
7.79068868723698e-05
7.80261761974543e-05
7.80658738221973e-05
7.8106219007168e-05
7.81443013693206e-05
7.81773414928466e-05
7.81975395511836e-05
7.82016213634051e-05
7.82018178142607e-05
7.81982889748178e-05
7.81796188675798e-05
7.815445860615e-05
7.81240451033227e-05
7.80719201429747e-05
7.80180489527993e-05
7.79621841502376e-05
7.78797329985537e-05
7.77621462475508e-05
7.75896842242219e-05
7.73633655626327e-05
7.70133192418143e-05
7.64768265071325e-05
7.56908048060723e-05
7.45949873817153e-05
7.35201247152872e-05
7.19955860404298e-05
6.79809600114822e-05
6.36069817119278e-05
5.94823650317267e-05
5.59070795134176e-05
5.19512250320986e-05
4.73936925118323e-05
4.11199107475113e-05
2.96399139187997e-05
2.00008380488725e-05
1.14483436846058e-05
3.94823928218102e-07
7.25666211565112e-08
7.23839121974379e-08
7.2159167530117e-08
7.17846901920893e-08
7.104566890348e-08
6.95630575364703e-08
6.65041568481683e-08
6.23996854187681e-08
5.91981397235486e-08
5.69616744883206e-08
5.57017507674118e-08
5.52440333478899e-08
5.5331124571012e-08
5.623038745739e-08
5.80312260467508e-08
6.03718177671908e-08
6.48256914814738e-08
7.07279212974754e-08
7.43295345273509e-08
7.4989131348957e-08
7.45477564123576e-08
7.21948225645974e-08
6.93006612095814e-08
6.61504913068711e-08
6.29436840426933e-08
6.00856679966455e-08
5.82715280472712e-08
5.7580287204928e-08
5.77579832850006e-08
5.87843622668061e-08
6.07849557354712e-08
6.23823765977249e-08
6.46678373072973e-08
6.75958631290996e-08
7.13438694788238e-08
7.56853637540189e-08
7.72032677787138e-08
7.78638096221584e-08
7.76593651607982e-08
7.71444348401928e-08
7.52653264157743e-08
7.2203100387469e-08
6.88992756181506e-08
6.51173692745033e-08
6.14968058698651e-08
5.82282417838087e-08
5.59738424499301e-08
5.46969296522093e-08
5.43771641048352e-08
5.5208836613474e-08
5.67894211656039e-08
5.81851296033165e-08
6.03332281912117e-08
6.32512282550124e-08
6.75829454621635e-08
7.26112929783085e-08
7.48973221220695e-08
7.60908704933172e-08
7.73920447727505e-08
7.81313573838816e-08
7.79233459979878e-08
7.68080923307934e-08
7.51790238950889e-08
7.35248235628205e-08
7.13561760790071e-08
6.87216115125011e-08
6.51365255066594e-08
6.1095853709503e-08
5.72212321969801e-08
5.63095419181536e-08
5.50643797225803e-08
5.3429545232575e-08
5.28482395623087e-08
5.27977235265098e-08
5.27977235265098e-08
