0.0
1.57198860506469e-06
1.58246132286877e-06
1.61563530127751e-05
6.04575070610736e-05
0.000122913916129619
0.000188600708497688
0.000251826131716371
0.00031994006712921
0.000341953767929226
0.000383836391847581
0.000456619338365272
0.000586688285693526
0.000771638413425535
0.00098892324604094
0.00124999671243131
0.00155393069144338
0.00188754941336811
0.00195291347336024
0.00201908661983907
0.00204410217702389
0.00206293631345034
0.00208183214999735
0.00208360538817942
0.00208493554964662
0.00208626571111381
0.00208759633824229
0.00208959239535034
0.00209258776158094
0.00209708348847926
0.00210383348166943
0.00210636388510466
0.00210826238617301
0.00211016112007201
0.00211300933733582
0.00211585848592222
0.00211870670318604
0.00212155608460307
0.00212440523318946
0.00212725577875972
0.0021301032975316
0.0021322388201952
0.0021343759726733
0.00213651661761105
0.00213865772821009
0.00214080233126879
0.00214295042678714
0.00214509898796678
0.00214724615216255
0.00215046014636755
0.00215524877421558
0.00216003647074103
0.00216484302654862
0.0021696591284126
0.00217448989860713
0.00217933463864028
0.0021841898560524
0.00218905229121447
0.00219635805115104
0.00220733508467674
0.00222383928485215
0.00224868021905422
0.00228612357750535
0.00234269932843745
0.00242847413755953
0.00255919178016484
0.00276043545454741
0.00296708266250789
0.00317888450808823
0.0033950915094465
0.00361481076106429
0.00361825525760651
0.0036217023152858
0.0036251547280699
0.00362861133180559
0.00363207189366221
0.00363726285286248
0.00363921117968857
0.00364213460125029
0.00364651996642351
0.00365310325287282
0.00365557055920362
0.00365927745588124
0.00366066512651742
0.00366275012493134
0.00366587587632239
0.00367055577225983
0.00367231457494199
0.00367495138198137
0.00367890694178641
0.00368038984015584
0.00368261500261724
0.00368595286272466
0.00369096058420837
0.00369847402907908
0.00370971276424825
0.00372658483684063
0.00373288430273533
0.00373919121921062
0.00374548509716988
0.00375174940563738
0.0037579343188554
0.00376023026183248
0.00376250338740647
0.00376477651298046
0.0037681944668293
0.00377161544747651
0.00377503852359951
0.00378017406910658
0.00378530635498464
0.0037904349155724
0.00379811879247427
0.00380962272174656
0.00382683915086091
0.00385256460867822
0.00389095861464739
0.00394799560308456
0.0040323818102479
0.00415703235194087
0.00434599071741104
0.00463045993819833
0.00498502561822534
0.0053100474178791
0.0056237643584609
0.00593139184638858
0.00619267020374537
0.00641409819945693
0.00662344321608543
0.00681494176387787
0.00695563293993473
0.00702540390193462
0.00704583432525396
0.00704434560611844
0.00704391626641154
0.00704319216310978
0.00704195024445653
0.00703979795798659
0.00703620910644531
0.00702977180480957
0.00701838452368975
0.0070028705522418
0.00698733329772949
0.00697413925081491
0.00695816706866026
0.00694335717707872
0.00692894496023655
0.00691311294212937
0.00689862994477153
0.00688458047807217
0.0068694930523634
0.00685471342876554
0.00683769350871444
0.00682135857641697
0.00680278427898884
0.00678474549204111
0.00676426943391562
0.00674494635313749
0.00672657694667578
0.00670553650707006
0.00668813893571496
0.00666894065216184
0.00664901454001665
0.00663059111684561
0.0066109960898757
0.00659389980137348
0.00657411245629191
0.00655650813132524
0.00653740344569087
0.0065175537019968
0.00649920152500272
0.00648001302033663
0.0064623705111444
0.00644301204010844
0.00642502354457974
0.00640612933784723
0.00638658925890923
0.00636726757511497
0.0063482248224318
0.00633110385388136
0.00631175469607115
0.00629331637173891
0.00627598026767373
0.0062563861720264
0.00623786682263017
0.0062189819291234
0.0061997901648283
0.00618302403017879
0.00616387510672212
0.0061456342227757
0.00612842151895165
0.00610914546996355
0.00609114300459623
0.0060714203864336
0.00604837946593761
0.00603143544867635
0.00601358246058226
0.00599084887653589
0.00597213162109256
0.00595608726143837
0.00593517860397696
0.00591376516968012
0.00590955372899771
0.00590368686243892
0.00589423161000013
0.00589036196470261
0.00589000387117267
0.00589000387117267
