0.0
2.58260797636467e-07
9.36745152557705e-07
2.10658436117228e-06
4.66484198113903e-06
8.66137361299479e-06
1.02240301202983e-05
1.16022565634921e-05
1.22657620522659e-05
1.32264076455613e-05
1.44630648719613e-05
1.51340927914134e-05
1.48988783621462e-05
1.44657124110381e-05
1.41276486829156e-05
1.39186231535859e-05
1.40006068249932e-05
1.41601085488219e-05
1.44009936775547e-05
1.49886200233595e-05
1.50323094203486e-05
1.50765408761799e-05
1.51209997056867e-05
1.51889007611317e-05
1.52079537656391e-05
1.52257425725111e-05
1.52435241034254e-05
1.52613847603789e-05
1.52887751028175e-05
1.53294367919443e-05
1.53894434333779e-05
1.53966502693947e-05
1.53987839439651e-05
1.54008503159275e-05
1.54026620293735e-05
1.5405819794978e-05
1.54101526277373e-05
1.54153767653042e-05
1.54223343997728e-05
1.54330500663491e-05
1.54423996718833e-05
1.54515346366679e-05
1.54578083311208e-05
1.54592926264741e-05
1.54597692016978e-05
1.54600202222355e-05
1.54599019879242e-05
1.54604931594804e-05
1.54617464431794e-05
1.54627014126163e-05
1.54589288285933e-05
1.54603985720314e-05
1.54581957758637e-05
1.54534500325099e-05
1.54449426190695e-05
1.54364952322794e-05
1.54218505485915e-05
1.54043209477095e-05
1.53804485307774e-05
1.53544606291689e-05
1.53232431330252e-05
1.52882603288162e-05
1.52465045175632e-05
1.52053607962443e-05
1.51609292515786e-05
1.51169242599281e-05
1.50744581333129e-05
1.50384657899849e-05
1.50063124237931e-05
1.49630923260702e-05
1.49391598824877e-05
1.49171055454644e-05
1.48966237247805e-05
1.48707413245575e-05
1.48255585372681e-05
1.4761765669391e-05
1.46753291119239e-05
1.45734420584631e-05
1.45446711030672e-05
1.45108715514652e-05
1.45008516483358e-05
1.44866080518113e-05
1.44670029840199e-05
1.44868527058861e-05
1.45003423313028e-05
1.45073436215171e-05
1.45092053571716e-05
1.45174699355266e-05
1.4528965948557e-05
1.45513877214398e-05
1.45609019455151e-05
1.4564128832717e-05
1.45696949402918e-05
1.4577565707441e-05
1.45897029142361e-05
1.46098018376506e-05
1.46416496136226e-05
1.46553011290962e-05
1.4674276826554e-05
1.47043638207833e-05
1.47121163536212e-05
1.47201963045518e-05
1.47322698467178e-05
1.47361979543348e-05
1.47362197822076e-05
1.47362170537235e-05
1.47362170537235e-05
