-0.0
1.4210854715202e-14
3.21607757314268e-07
2.10941152545274e-06
5.32521562490729e-06
7.35106550564524e-06
8.24591370474081e-06
8.30557928566122e-06
8.12958569440525e-06
8.87697024154477e-06
9.84532562142704e-06
7.93096478446387e-06
1.20263102871832e-05
1.49734223668929e-05
2.73131154244766e-05
1.54845693032257e-05
4.68583675683476e-06
2.54579572356306e-06
4.66442725155503e-06
6.06129833613522e-06
7.44999124435708e-06
9.67944652074948e-06
1.22175188153051e-05
1.47808605106547e-05
1.74578635778744e-05
2.0451483578654e-05
2.37624735746067e-05
2.68429757852573e-05
3.02672742691357e-05
3.47073946613818e-05
4.17033406847622e-05
6.32353912806138e-05
0.000124139492982067
0.000191138140507974
0.000310010917019099
0.000403763115173206
0.000505218806210905
0.000618739984929562
0.000725543941371143
0.000843576621264219
0.000892180076334625
0.000883812783285975
0.000868656032253057
0.000856867351103574
0.000848261639475822
0.000847452669404447
0.000875263242051005
0.000900411396287382
0.000929537462070584
0.000990047468803823
0.00104644196107984
0.00107269326690584
0.00108526961412281
0.001097172498703
0.00110457371920347
0.00111094769090414
0.00111695588566363
0.00112539913970977
0.00113634997978806
0.00114610267337412
0.0011557238176465
0.00116541213355958
0.00117848149966449
0.0012093031546101
0.00124241621233523
0.00127673347014934
0.00135582033544779
0.0014639220898971
0.0017090414185077
0.00202715210616589
0.00232301303185523
0.0024474416859448
0.00253332545980811
0.00266138277947903
0.0027934534009546
0.00182635290548205
0.00173448515124619
0.00183107831981033
0.00172884983476251
0.00173033832106739
0.00173200713470578
0.00172854820266366
0.00172385585028678
0.00171101710293442
0.00167783128563315
0.00164569972548634
0.00160981621593237
0.00156169303227216
0.00149402115494013
0.00141418667044491
0.00132948067039251
0.00123721058480442
0.00112088897731155
0.000999977346509695
0.000794804189354181
0.000598204787820578
0.000436913134763017
0.000353558920323849
0.000282475870335475
0.000208090496016666
0.000120273274660576
3.10790055664256e-05
-5.29913741047494e-05
-0.000135357346152887
-0.000181090843398124
-0.000235228682868183
-0.000286918366327882
-0.000342718092724681
-0.000388237560400739
-0.000420646043494344
-0.000462041876744479
-0.000483648967929184
-0.000493608938995749
-0.000502183625940233
-0.000522390299011022
-0.000536634121090174
-0.000554937811102718
-0.000562472094316036
-0.00056473002769053
-0.000555257662199438
-0.000497149536386132
-0.000465425022412091
-0.000406105100410059
-0.000263023481238633
-0.00020177879196126
-7.55973769628326e-06
7.105427357601e-14
-9.59232693276135e-14
8.70414851306123e-14
6.3948846218409e-14
-5.32907051820075e-14
4.2632564145606e-14
-1.13686837721616e-13
-1.4388490399142e-13
-7.63833440942108e-14
1.24344978758018e-14
1.24344978758018e-14
-6.03961325396085e-14
-3.5527136788005e-15
-6.03961325396085e-14
-6.03961325396085e-14
-6.03961325396085e-14
-6.03961325396085e-14
-6.03961325396085e-14
-6.03961325396085e-14
-6.03961325396085e-14
-6.03961325396085e-14
-6.03961325396085e-14
-6.03961325396085e-14
-6.03961325396085e-14
-6.03961325396085e-14
-6.03961325396085e-14
-6.03961325396085e-14
-6.03961325396085e-14
-6.03961325396085e-14
-6.03961325396085e-14
-6.03961325396085e-14
-6.03961325396085e-14
-6.03961325396085e-14
-6.03961325396085e-14
-6.03961325396085e-14
-6.03961325396085e-14
-6.03961325396085e-14
-6.03961325396085e-14
-6.03961325396085e-14
-6.03961325396085e-14
-6.03961325396085e-14
-6.03961325396085e-14
-6.03961325396085e-14
-6.03961325396085e-14
-6.03961325396085e-14
-6.03961325396085e-14
-6.03961325396085e-14
-6.03961325396085e-14
-6.03961325396085e-14
-6.03961325396085e-14
-6.03961325396085e-14
-6.03961325396085e-14
-3.5527136788005e-15
-3.5527136788005e-15
-3.5527136788005e-15
-3.5527136788005e-15
-3.5527136788005e-15
-3.5527136788005e-15
-3.5527136788005e-15
-3.5527136788005e-15
-3.5527136788005e-15
-3.5527136788005e-15
