-0.0
-5.6843418860808e-14
-5.6843418860808e-14
-3.99660748939823e-08
-1.54411941366561e-06
-2.55073427979369e-06
-1.69848335644929e-05
-2.25858093472198e-05
-2.49929089477519e-05
-2.10249199881218e-05
-1.52099764818558e-05
-1.19927899504546e-05
-1.01058994914638e-05
-6.32872252026573e-06
-4.48318132839631e-06
-5.93879212829052e-06
-1.75963850779226e-06
4.73712361781509e-06
5.94808898313204e-06
-7.67605342844035e-07
2.27552845899481e-06
7.43967757443897e-06
1.82390213012695e-05
3.04587629216257e-05
3.61909442290198e-05
3.97896837966982e-05
5.24290262546856e-05
6.06903813604731e-05
0.00016246827726718
0.000202533992705867
0.000212718456168659
0.000218743851291947
0.000217743247048929
0.000220467598410323
0.000225608353503048
0.000232799327932298
0.000240470602875575
0.00024691695580259
0.000252215249929577
0.000253655045526102
0.000252950034337118
0.000251322286203504
0.000256361701758578
0.000266623828792945
0.000274591875495389
0.000275857950327918
0.000275909143965691
0.000274639169219881
0.000274949125014246
0.000275873753707856
0.000277466780971736
0.00027989360387437
0.000283610599581152
0.000289721851004288
0.000298526254482567
0.00031168558052741
0.000338117533829063
0.000378635653760284
0.000399336451664567
0.000415837013861164
0.00042520766146481
0.000431091262726113
0.000435467401985079
0.000439075171016157
0.000445341138402
0.000450112012913451
0.000455549015896395
0.000457406276836991
0.000458517577499151
0.000456413050414994
0.000454566441476345
0.000449668965302408
0.000444416597019881
0.000441891752416268
0.000442979566287249
0.00044161023106426
0.000437084934674203
0.000425161590101197
0.000418017094489187
0.000416103372117504
0.000414128589909524
0.000411891291150823
0.000409407017286867
0.000406551785999909
0.000403099926188588
0.000398805335862562
0.00039282871875912
0.000383703067200258
0.000370641791960225
0.00035397062310949
0.000324467750033364
0.000298435828881338
0.000285133457509801
0.000276554696029052
0.000271178694674745
0.000267750408966094
0.000265402195509523
0.000263751222519204
0.000261970679275692
0.000259719497989863
0.000256620493019
0.000251251563895494
0.000242560126935132
0.000223488081246614
0.000205559394089505
0.000196332999621518
0.000193646585103124
0.0001897522888612
0.000183363081305288
0.000180481030838564
0.000177850044565275
0.00017525973089505
0.000171512627275661
0.000170051382156089
0.000168059326824732
0.000165158970048651
0.000160963958478533
0.000158539725816809
0.000156432390213013
0.0001550516608404
0.000153911285451613
0.000152769600390457
0.000151477681356482
0.000150230873259716
0.0001497401681263
0.000149040672113188
0.000147722326801158
0.000145217985846102
0.00014370346616488
0.000141740893013775
0.000139563795528375
0.000139245254104026
0.000138660703669302
0.000137521579745226
0.000138300078106113
0.000139188981847838
0.00014052668120712
0.000142197663080879
0.000144496923894621
0.000147010636283085
0.000147938801092096
0.000148993480252102
0.00014996895333752
0.000151332540553994
0.000150694788317196
0.00014762140926905
0.000145654237712733
0.000141530137625523
0.000137427181471139
0.000132204979308881
0.000122890676720999
0.00010874388681259
8.74016041052528e-05
5.35475955985021e-05
-3.26813778883661e-06
-2.69274296442745e-05
6.9453613832593e-05
0.000150398293044418
0.000242768845055252
0.00035111588658765
0.00034891942050308
0.000371429137885571
0.000374269468011335
0.000423846940975636
0.000163487551617436
4.34308749390766e-05
-7.17366674507502e-07
1.44056684803218e-07
7.70334809203632e-05
0.000232495498494245
0.000366200256394222
0.000477982597658411
0.00052463001338765
0.000453990418463945
0.000381430552806705
0.000247604068135843
0.000171977138961665
0.000140265154186636
0.000128629981190898
0.000137670824187808
0.000194075328181498
0.000251033488893881
0.000309731636662036
0.000437641108874232
0.000467250676592812
0.000432534608989954
0.000339358928613365
0.000165980061865412
0.000126558355987072
0.00014261830074247
0.000156166293891147
0.00018001944408752
0.000258077721809968
0.000344909669365734
0.000382187397917733
0.000431884749559686
0.000501531991176307
0.000551587785594165
0.000464538345113397
0.00034317365498282
0.000271188502665609
0.000201796181499958
0.000178713555214927
0.000159598246682435
0.000151938627823256
0.000140587537316605
0.000147679340443574
0.00015794436330907
0.000209754667594098
0.00024120308808051
0.000322963431244716
0.000435700174421072
0.000475960434414446
0.000477133988169953
0.000450475869001821
0.000413698377087712
0.000367092521628365
0.000349423848092556
0.00031401970773004
0.000279015366686508
0.000238458553212695
0.000194885884411633
0.000150007428601384
9.89030959317461e-05
4.13308262068313e-05
-1.19008036563173e-05
-5.73868192077498e-06
4.93033894599648e-06
4.8381531087216e-05
0.000161159812705591
0.000280038511846215
0.000394020229578018
0.000431346124969423
0.000414371868828312
0.000383526174118742
0.000347928202245384
0.000342846178682521
