0.0
0.0
0.0
0.0
0.0
0.0
0.0
0.0
0.0
0.0
0.0
0.0
0.0
0.0
0.0
0.0
0.0
0.0
0.0
0.0
0.0
0.0
0.0
0.0
8.38529853192105e-12
5.99082394803219e-10
4.06831945909403e-09
9.84052395125445e-09
1.5510318362999e-08
1.71564948914238e-08
1.87755251346289e-08
2.02228740420196e-08
2.12599839954919e-08
2.16839843858452e-08
2.23365699270062e-08
2.29093597425845e-08
2.34685000322088e-08
2.42639917047427e-08
2.55185135245029e-08
2.6946379350079e-08
2.83443242210524e-08
3.00320124324571e-08
3.16589243709586e-08
3.38634826846373e-08
3.70645736325059e-08
4.10295548647355e-08
5.48005338885105e-08
5.9424284160059e-08
6.09091372894e-08
6.19487252606632e-08
6.29295797693885e-08
6.45068851667929e-08
6.81064022955979e-08
7.19949753147375e-08
7.57080300672897e-08
8.08443942901249e-08
9.73516591784573e-08
1.26655521626162e-07
1.39033431878488e-07
1.53043600903402e-07
1.67940044093484e-07
2.1855731802134e-07
2.25064297865174e-07
2.33865065979444e-07
2.48807282332564e-07
3.08552074557156e-07
4.38179540651618e-07
6.91755190018739e-07
1.56358294134407e-06
2.18818217945227e-06
3.73229408978659e-06
4.61663194073481e-06
6.48317609375226e-06
1.02827243608772e-05
3.08926537400112e-05
6.333152850857e-05
6.88141735736281e-05
6.88126892782748e-05
6.88111613271758e-05
6.88111249473877e-05
6.88111249473877e-05
6.88111249473877e-05
6.88111249473877e-05
6.88111249473877e-05
6.88111249473877e-05
6.88111249473877e-05
6.88111249473877e-05
