0.0
-8.93476574389254e-18
4.7351040848298e-06
2.16356202145107e-05
6.07141046202742e-05
0.000131422013510019
0.000233247177675366
0.000360151723725721
0.000506499665789306
0.000669957022182643
0.000850462878588587
0.00105023744981736
0.00127392308786511
0.00152767181862146
0.00181799090933055
0.00215236260555685
0.00222029350697994
0.00222082948312163
0.00222136545926332
0.00222190143540502
0.00222243764437735
0.00222324207425117
0.00222444906830788
0.00222626002505422
0.00222897808998823
0.00223305844701827
0.00223918678238988
0.00224532466381788
0.00225147162564099
0.00225300993770361
0.00225454871542752
0.00225608795881271
0.0022576276678592
0.00225916807539761
0.00226070894859731
0.0022622502874583
0.00226379185914993
0.00226533343084157
0.00226571899838746
0.0022661043331027
0.0022666824515909
0.00226754928007722
0.00226819887757301
0.00226884824223816
0.00226949690841138
0.00227014487609267
0.00227079191245139
0.00227143731899559
0.00227208086289465
0.00227272137999535
0.00227335863746703
0.00227399356663227
0.00227494188584387
0.002276357030496
0.00227846787311137
0.00228056963533163
0.0022826655767858
0.00228580320253968
0.00229050312191248
0.00229520280845463
0.0022999073844403
0.00230461964383721
0.00230933981947601
0.002316435566172
0.00232711294665933
0.0023432036396116
0.00236750394105911
0.00240430654957891
0.00246023712679744
0.00254558399319649
0.00267644901759923
0.00287755532190204
0.00308376597240567
0.00329526420682669
0.00337588181719184
0.00349802640266716
0.00350955012254417
0.00352685805410147
0.00355287012644112
0.00357241812162101
0.0035919991787523
0.00361161306500435
0.00363125931471586
0.00363863469101489
0.00364140165038407
0.00364416930824518
0.00364693743176758
0.00364970625378191
0.00365386065095663
0.00366009492427111
0.00366945215500891
0.00367296277545393
0.00367647456005216
0.00367998727597296
0.003685258096084
0.00369316851720214
0.00369613640941679
0.00369910476729274
0.00370207382366061
0.00370652857236564
0.00371321383863688
0.00372324814088643
0.00373831391334534
0.00376094458624721
0.0037836127448827
0.00380631792359054
0.00384044274687767
0.00387464673258364
0.00390892662107944
0.00392180029302835
0.00394112803041935
0.00394294084981084
0.00394475413486362
0.00394656741991639
0.00394928734749556
0.00395030761137605
0.00395183777436614
0.00395413348451257
0.0039575775153935
0.00396016100421548
0.00396274449303746
0.00396662019193172
0.00397243490442634
0.00397825054824352
0.0039797043427825
0.00398115860298276
0.00398261286318302
0.00398479402065277
0.00398806529119611
0.00399297242984176
0.00399787770584226
0.00400278065353632
0.00400768173858523
0.00401257956400514
0.00401992071419954
0.00403092056512833
0.00404739519581199
0.00405973102897406
0.00407205056399107
0.00408435426652431
0.00410277955234051
0.00413034157827497
0.00414065085351467
0.0041432254947722
0.00414579873904586
0.00414837058633566
0.00415029842406511
0.00415174337103963
0.00415318738669157
0.0041542686522007
0.00415534852072597
0.00415642652660608
0.00415750266984105
0.00415857741609216
0.00415965029969811
0.0041607222519815
0.00416179280728102
0.00416286289691925
0.00416393205523491
0.00416500121355057
0.00416606990620494
0.00416767178103328
0.0041700741276145
0.00417247554287314
0.00417487602680922
0.00417847512289882
0.00418387074023485
0.00419195834547281
0.00420407624915242
0.00422222726047039
0.00424939813092351
0.00429003173485398
0.00435072975233197
0.00444123800843954
0.00457591842859983
0.0047767604701221
0.00507687963545322
0.00547950295731425
0.00586996134370565
0.00624768482521176
0.00661381287500262
0.00697012152522802
0.00731666665524244
0.00765075534582138
0.00797064229846001
0.0082772821187973
0.00857127644121647
0.00885273888707161
0.00912128947675228
0.00937564671039581
0.0096146771684289
0.0098382830619812
0.0100465146824718
0.0102393180131912
0.0104166511446238
0.0105784367769957
0.010724681429565
0.010855414904654
0.0109706446528435
0.0110703641548753
0.0111546004191041
0.0112235369160771
0.0112773682922125
0.0113161178305745
0.0113403843715787
0.011349480599165
0.0113495122641325
0.0113495150581002
0.0113495159894228
0.0113495178520679
0.0113495178520679
0.0113495178520679
0.0113495178520679
0.0113495178520679
0.0113495178520679
0.0113495178520679
0.0113495178520679
0.0113495178520679
0.0113495178520679
0.0113495178520679
0.0113495178520679
0.0113495178520679
0.0113495178520679
0.0113495178520679
0.0113495178520679
0.0113495178520679
0.0113495178520679
0.0113495178520679
0.0113495178520679
0.0113495178520679
0.0113495178520679
0.0113495178520679
0.0113495178520679
0.0113495178520679
0.0113495178520679
0.0113495178520679
0.0113495178520679
0.0113495178520679
0.0113495178520679
0.0113495178520679
0.0113495178520679
0.0113495178520679
0.0113495178520679
0.0113495178520679
0.0113495178520679
0.0113495178520679
0.0113495178520679
0.0113495178520679
0.0113495178520679
0.0113495178520679
0.0113495178520679
0.0113495178520679
0.0113495178520679
0.0113495178520679
0.0113495178520679
0.0113495178520679
0.0113495178520679
0.0113495178520679
0.0113495178520679
0.0113495178520679
0.0113495178520679
0.0113495178520679
0.0113495178520679
0.0113495178520679
0.0113495178520679
0.0113495178520679
0.0113495178520679
0.0113495178520679
0.0113495178520679
0.0113495178520679
0.0113495178520679
0.0113495178520679
0.0113495178520679
0.0113495178520679
0.0113495178520679
0.0113495178520679
0.0113495178520679
0.0113495178520679
0.0113495178520679
0.0113495178520679
0.0113495178520679
0.0113495178520679
0.0113495178520679
0.0113495178520679
0.0113495178520679
0.0113495178520679
0.0113495178520679
0.0113495178520679
0.0113495178520679
0.0113495178520679
0.0113495178520679
0.0113495178520679
0.0113495178520679
0.0113495178520679
0.0113495178520679
0.0113495178520679
0.0113495178520679
0.0113495178520679
0.0113495178520679
0.0113495178520679
0.0113495178520679
0.0113495178520679
0.0113495178520679
0.0113495178520679
0.0113495178520679
0.0113495178520679
0.0113495178520679
0.0113495178520679
0.0113495178520679
0.0113495178520679
0.0113495178520679
0.0113495178520679
0.0113495178520679
0.0113495178520679
0.0113495178520679
0.0113495178520679
0.0113495178520679
0.0113495178520679
0.0113495178520679
0.0113495178520679
0.0113495178520679
0.0113495178520679
0.0113495178520679
0.0113495178520679
0.0113495178520679
0.0113495178520679
0.0113495178520679
0.0113495178520679
0.0113495178520679
0.0113495178520679
0.0113495178520679
0.0113495178520679
0.0113495178520679
0.0113495178520679
0.0113495178520679
0.0113495178520679
0.0113495178520679
0.0113495178520679
0.0113495178520679
0.0113495178520679
0.0113495178520679
0.0113495178520679
0.0113495178520679
0.0113495178520679
0.0113495178520679
0.0113495178520679
0.0113495178520679
0.0113495178520679
0.0113495178520679
0.0113495178520679
0.0113495178520679
0.0113495178520679
0.0113495178520679
0.0113495178520679
0.0113495178520679
0.0113495178520679
0.0113495178520679
0.0113495178520679
0.0113495178520679
0.0113495178520679
0.0113495178520679
0.0113495178520679
0.0113495178520679
0.0113495178520679
0.0113495178520679
0.0113495178520679
0.0113495178520679
0.0113495178520679
0.0113495178520679
0.0113495178520679
0.0113495178520679
0.0113495178520679
0.0113495178520679
0.0113495178520679
0.0113495178520679
0.0113495178520679
0.0113495178520679
0.0113495178520679
0.0113495178520679
0.0113495178520679
0.0113495178520679
0.0113495178520679
0.0113495178520679
0.0113495178520679
0.0113495178520679
0.0113495178520679
0.0113495178520679
0.0113495178520679
0.0113495178520679
0.0113495178520679
0.0113495178520679
0.0113495178520679
0.0113495178520679
0.0113495178520679
0.0113495178520679
0.0113495178520679
0.0113495178520679
0.0113495178520679
0.0113495178520679
0.0113495178520679
0.0113495178520679
0.0113495178520679
0.0113495178520679
0.0113495178520679
0.0113495178520679
0.0113495178520679
0.0113495178520679
0.0113495178520679
0.0113495178520679
0.0113495178520679
0.0113495178520679
0.0113495178520679
0.0113495178520679
0.0113495178520679
0.0113495178520679
0.0113495178520679
0.0113495178520679
0.0113495178520679
0.0113495178520679
0.0113495178520679
0.0113495178520679
0.0113495178520679
0.0113495178520679
0.0113495178520679
0.0113495178520679
0.0113495178520679
0.0113495178520679
0.0113495178520679
0.0113495178520679
0.0113495178520679
0.0113495178520679
0.0113495178520679
0.0113495178520679
0.0113495178520679
0.0113495178520679
0.0113495178520679
0.0113495178520679
0.0113495178520679
0.0113495178520679
0.0113495178520679
0.0113495178520679
0.0113495178520679
0.0113495178520679
0.0113495178520679
0.0113495178520679
0.0113495178520679
0.0113495178520679
0.0113495178520679
0.0113495178520679
0.0113495178520679
0.0113495178520679
0.0113495178520679
0.0113495178520679
0.0113495178520679
0.0113495178520679
0.0113495178520679
0.0113495178520679
0.0113495178520679
0.0113495178520679
0.0113495178520679
0.0113495178520679
0.0113495178520679
0.0113495178520679
0.0113495178520679
0.0113495178520679
0.0113495178520679
0.0113495178520679
0.0113495178520679
0.0113495178520679
0.0113495178520679
0.0113495178520679
0.0113495178520679
0.0113495178520679
0.0113495178520679
0.0113495178520679
0.0113495178520679
0.0113495178520679
0.0113495178520679
0.0113495178520679
0.0113495178520679
0.0113495178520679
0.0113495178520679
0.0113495178520679
0.0113495178520679
0.0113495178520679
0.0113495178520679
0.0113495178520679
0.0113495178520679
0.0113495178520679
0.0113495178520679
0.0113495178520679
0.0113495178520679
0.0113495178520679
0.0113495178520679
0.0113495178520679
0.0113495178520679
0.0113495178520679
0.0113495178520679
0.0113495178520679
0.0113495178520679
0.0113495178520679
