-0.000000
-0.000000
0.040292
0.474705
0.884632
0.989483
1.158896
1.304437
1.542163
1.867737
2.270643
2.395509
2.546455
2.656564
2.729109
2.890177
3.163057
3.520179
3.974999
4.280359
4.649784
5.090843
5.189177
5.282833
5.370231
5.455582
5.761966
6.207323
6.652262
7.071769
7.308506
7.786589
8.128528
8.384915
8.593356
8.777242
8.820821
8.865347
8.937508
9.034203
9.068711
9.119282
9.193779
9.339314
9.466666
9.716902
10.089560
10.586530
10.755429
10.979319
11.258161
11.589148
11.874701
12.384752
13.009953
13.198370
13.447606
13.530593
13.557140
13.566590
13.580930
13.598168
13.608233
13.620079
13.624635
13.626423
13.629546
13.634465
13.642354
13.645115
13.649607
13.650022
13.650643
13.650873
13.651226
13.651226
