0.0
4.57285977972788e-07
4.5676992499466e-07
2.44849661612534e-06
1.35735399453552e-05
3.18486854666844e-05
5.16283143952023e-05
6.74805050948635e-05
8.10172932688147e-05
9.39770543482155e-05
0.000107864929304924
0.000124684214824811
0.000144311168696731
0.000165210993145593
0.000187632453162223
0.000215843625483103
0.000245868577621877
0.000283067347481847
0.000321669707773253
0.000331283517880365
0.000345273700077087
0.000366435007890686
0.000395399983972311
0.0004225593584124
0.000448055739980191
0.000479084381368011
0.000507291173562407
0.000531866680830717
0.000554058176930994
0.000574465026147664
0.00059328495990485
0.00061071221716702
0.000626850756816566
0.000641710124909878
0.00065617891959846
0.000677759700920433
0.000693717913236469
0.000706417951732874
0.000716938637197018
0.000725673278793693
0.000735635461751372
0.000744159973692149
0.000749252096284181
0.00075071316678077
0.000749620434362441
0.000746420409996063
0.000741443247534335
0.000734925328288227
0.000727169390302151
0.000718473107554018
0.000708107545506209
0.000697098614182323
0.000685329898260534
0.000673089933115989
0.000660581979900599
0.000648102897685021
0.000635969801805913
0.000623773434199393
0.000612348027061671
0.000602746556978673
0.000588133407291025
0.000577304570470005
0.000566759728826582
0.000556431186851114
0.000546692579519004
0.000537249958142638
0.000528117525391281
0.000519222056027502
0.000510608602780849
0.000502122042234987
0.000494238629471511
0.000485978467622772
0.000478394271340221
0.000471288833068684
0.00046415175893344
0.000457145215477794
0.000451041123596951
0.000444587349193171
0.000437821465311572
0.000432003464084119
0.000426798040280119
0.000418008799897507
0.000411513610742986
0.000405198807129636
0.000399211014155298
0.000393454247387126
0.000387358013540506
0.000381430319976062
0.000375581323169172
0.000369128450984135
0.000361794780474156
0.000355260417563841
0.000349245383404195
0.000343530788086355
0.000337895879056305
0.000332272233208641
0.000326700828736648
0.000321636209264398
0.000317008350975811
0.000312577787553892
0.000308393849991262
0.000304386514471844
0.000300735584460199
0.000299512263154611
