0.0
2.41444613868075e-13
8.33167627771469e-13
1.08751375960114e-12
1.08391388312784e-12
1.07977049610547e-12
1.11988239862026e-12
1.20782453049556e-12
1.27872614840568e-12
1.51815766989e-12
5.34063071544466e-12
2.33912056391006e-11
5.88353046837575e-11
1.45249923200197e-10
3.19204190857292e-10
5.00851693452375e-10
6.85022816249159e-10
9.4560104191288e-10
1.19696152989235e-09
1.49908441215985e-09
2.25281016064116e-09
3.54873308516801e-09
4.66312899405352e-09
5.52310108759002e-09
6.48885878362648e-09
8.08282951680894e-09
1.00759995902422e-08
1.21643006778527e-08
1.43225857840434e-08
1.67489329072623e-08
1.96949070385699e-08
2.34501449369873e-08
2.74605653771687e-08
3.18894457507213e-08
3.64398964336488e-08
4.11237799369246e-08
4.63679334927747e-08
5.19233580575928e-08
5.74264298336402e-08
6.27303506917087e-08
6.78534988196589e-08
7.32152116711404e-08
7.85166562877748e-08
7.97528372231682e-08
8.16105654166677e-08
8.45783887370999e-08
8.92688447606815e-08
9.49632550373281e-08
1.00682626680282e-07
1.02065563112319e-07
1.02569224225135e-07
1.03324062195043e-07
1.03393510642036e-07
1.03497313830303e-07
1.03536464735043e-07
1.03565930942295e-07
1.03595397149547e-07
1.03639465010019e-07
1.03683582608483e-07
1.03716885746508e-07
1.03750252833379e-07
1.03775271043105e-07
1.03800282147404e-07
1.03837770382142e-07
1.03875279933163e-07
1.03912888960167e-07
1.03950448249179e-07
1.03978507581814e-07
1.04006659285005e-07
1.0402775529883e-07
1.04043529347564e-07
1.0405932471258e-07
1.04071197881694e-07
1.04083035523672e-07
1.04091924413297e-07
1.04100820408348e-07
1.041097164034e-07
1.0411859108217e-07
1.04127472866367e-07
1.04136361755991e-07
1.04145257751043e-07
1.04158573321911e-07
1.04171924419916e-07
1.04185261307066e-07
1.04195237327076e-07
1.04205220452513e-07
1.04212723783803e-07
1.04220227115093e-07
1.042277091301e-07
1.0423521246139e-07
1.04242694476397e-07
1.04250183596832e-07
1.04257672717267e-07
1.0426516894313e-07
1.04276416834637e-07
1.04287636304434e-07
1.04298869985087e-07
1.0430730412736e-07
1.04315724058779e-07
1.04322047889127e-07
1.04328371719475e-07
1.04334688444396e-07
1.0434099806389e-07
1.0435046249313e-07
1.04359948238653e-07
1.04369412667893e-07
1.04376525200678e-07
1.04381854271196e-07
1.04387176236287e-07
1.04392512412232e-07
1.04397834377323e-07
1.04403170553269e-07
1.04408499623787e-07
1.04413828694305e-07
1.04419150659396e-07
1.04427137159746e-07
1.04439109804844e-07
1.0445710785234e-07
1.04463836692048e-07
1.04468895756327e-07
1.04472690054536e-07
1.04476477247317e-07
1.04480264440099e-07
1.04484058738308e-07
1.04487838825662e-07
1.04491633123871e-07
1.04495420316653e-07
1.04499214614862e-07
1.04503001807643e-07
1.04506789000425e-07
1.04510576193206e-07
1.04514370491415e-07
1.04520054833301e-07
1.0452573206976e-07
1.04531423517074e-07
1.04537100753532e-07
1.04542785095418e-07
1.04548469437304e-07
1.04554153779191e-07
1.04562673186592e-07
1.04571206804849e-07
1.04577594584043e-07
1.04582383642082e-07
1.04585978988325e-07
1.04589581439996e-07
1.04594967353933e-07
1.04603053330266e-07
1.04611139306598e-07
1.04619239493786e-07
1.0463138266914e-07
1.04640484721585e-07
1.04649565457748e-07
1.04658653299339e-07
1.04667762457211e-07
1.04676850298802e-07
1.04683664403638e-07
1.04688780311335e-07
1.0469390332446e-07
1.04701570080579e-07
1.04713073767471e-07
1.04724598770645e-07
1.04727469363297e-07
1.04729622307786e-07
1.04731782357703e-07
1.04735022432578e-07
1.04739868334036e-07
1.04744728446349e-07
1.04749574347807e-07
1.04753219432041e-07
1.04755947916146e-07
1.04758676400252e-07
1.04761404884357e-07
1.04764133368462e-07
1.04766861852568e-07
1.04770961684153e-07
1.04775047304884e-07
1.04779140031042e-07
1.047832327572e-07
1.04787332588785e-07
1.04793464572595e-07
1.04799603661831e-07
1.04805749856496e-07
1.04811881840305e-07
1.04816493262661e-07
1.04819946500356e-07
1.04822532875914e-07
1.048251263569e-07
1.04829005920237e-07
1.0483483237067e-07
1.04843564940893e-07
1.04850130355771e-07
1.04855033100648e-07
1.04858720817447e-07
1.04861484828689e-07
1.04864248839931e-07
1.04868398409508e-07
1.04874615658446e-07
1.04880840012811e-07
1.04887050156321e-07
1.04891725527523e-07
1.04895221397783e-07
1.04897843300478e-07
1.04900465203173e-07
1.04904401609929e-07
1.04910299114636e-07
1.04916196619342e-07
1.04920630406014e-07
1.04925057087257e-07
1.04928375321833e-07
1.04931693556409e-07
1.04934187561412e-07
1.04936674460987e-07
1.04939161360562e-07
1.04941648260137e-07
1.0494414226514e-07
1.04946629164715e-07
1.04950359514078e-07
1.04954096968868e-07
1.04957827318231e-07
1.04960626856609e-07
1.04963426394988e-07
1.04966225933367e-07
1.04969025471746e-07
1.04971825010125e-07
1.04974631653931e-07
1.04977424086883e-07
1.04980230730689e-07
1.04983030269068e-07
1.04985829807447e-07
1.04988622240398e-07
1.04992821547967e-07
1.04997027960962e-07
1.05001227268531e-07
1.05004367867423e-07
1.0500752267717e-07
1.05009881679052e-07
1.05012240680935e-07
1.05014599682818e-07
1.05016965790128e-07
1.05019324792011e-07
1.05021683793893e-07
1.05024049901203e-07
1.05026408903086e-07
1.05028767904969e-07
1.05031126906852e-07
1.05033493014162e-07
1.05035852016044e-07
1.05038211017927e-07
1.05041749520751e-07
1.05047057274987e-07
1.05055029564483e-07
1.05066973787871e-07
1.05069219102916e-07
1.05070895983772e-07
1.05072579970056e-07
1.05074256850912e-07
1.05075940837196e-07
1.0507762482348e-07
1.05079301704336e-07
1.05081824131048e-07
1.05085604218402e-07
1.05091274349434e-07
1.05095537605848e-07
1.05099786651408e-07
1.05102976988292e-07
1.05105371517311e-07
1.05107766046331e-07
1.05111354287146e-07
1.05116733095656e-07
1.05122119009593e-07
1.0512750492353e-07
1.05131540806269e-07
1.05135576689008e-07
1.05138603601063e-07
1.05141630513117e-07
1.05143904249871e-07
1.0514560244701e-07
1.05146881423934e-07
1.05148160400859e-07
1.05149439377783e-07
1.0515071124928e-07
1.05151990226204e-07
1.05153269203129e-07
1.05155187668515e-07
1.05158058261168e-07
1.05162364150146e-07
1.05166670039125e-07
1.05170983033531e-07
1.05177448972427e-07
1.05187133669915e-07
1.05201699795998e-07
1.05201863220827e-07
1.05201877431682e-07
1.05201877431682e-07
1.05201877431682e-07
1.05201877431682e-07
1.05201884537109e-07
1.05201891642537e-07
1.05201891642537e-07
1.05201898747964e-07
1.05201898747964e-07
1.05201898747964e-07
1.05201905853392e-07
1.05201912958819e-07
1.05201920064246e-07
1.05201920064246e-07
1.05201920064246e-07
1.05201920064246e-07
1.05201927169674e-07
1.05201927169674e-07
1.05201934275101e-07
1.05201934275101e-07
1.05201934275101e-07
1.05201941380528e-07
1.05201941380528e-07
1.05201941380528e-07
1.05201948485956e-07
1.05201948485956e-07
1.05201948485956e-07
1.05201948485956e-07
1.05201955591383e-07
1.05201955591383e-07
1.0520196269681e-07
1.0520196269681e-07
1.0520196269681e-07
1.0520196269681e-07
1.05201969802238e-07
1.05201976907665e-07
1.05201976907665e-07
1.05201984013092e-07
1.05201984013092e-07
1.05201984013092e-07
1.0520199111852e-07
1.0520199111852e-07
1.05201998223947e-07
1.05201998223947e-07
1.05202005329375e-07
1.05202005329375e-07
1.05202005329375e-07
1.05202005329375e-07
1.05202012434802e-07
1.05202012434802e-07
1.05202012434802e-07
1.05202019540229e-07
1.05202019540229e-07
1.05202026645657e-07
1.05202026645657e-07
1.05202033751084e-07
1.05202033751084e-07
1.05202040856511e-07
1.05202040856511e-07
1.05202047961939e-07
1.05202047961939e-07
1.05202055067366e-07
1.05202055067366e-07
1.05202062172793e-07
1.05202069278221e-07
1.05202069278221e-07
1.05202069278221e-07
1.05202076383648e-07
1.05202076383648e-07
1.05202083489075e-07
1.05202083489075e-07
1.05202083489075e-07
1.05202090594503e-07
1.05202090594503e-07
1.0520209769993e-07
1.0520209769993e-07
1.05202104805358e-07
1.05202104805358e-07
1.05202104805358e-07
1.05202111910785e-07
1.05202111910785e-07
1.05202111910785e-07
1.05202119016212e-07
1.05202119016212e-07
1.05202119016212e-07
1.05202119016212e-07
1.05202119016212e-07
1.05202119016212e-07
1.0520212612164e-07
1.0520212612164e-07
1.0520212612164e-07
1.0520212612164e-07
1.0520212612164e-07
1.0520212612164e-07
1.05202133227067e-07
1.05202133227067e-07
1.05202133227067e-07
1.05202140332494e-07
1.05202147437922e-07
1.05202147437922e-07
1.05202147437922e-07
1.05202154543349e-07
1.05202154543349e-07
1.05202161648776e-07
1.05202161648776e-07
1.05202161648776e-07
1.05202168754204e-07
1.05202168754204e-07
1.05202168754204e-07
1.05202175859631e-07
1.05202175859631e-07
1.05202175859631e-07
1.05202182965058e-07
1.05202182965058e-07
1.05202182965058e-07
1.05202182965058e-07
1.05202190070486e-07
1.05202190070486e-07
1.05202190070486e-07
1.05202197175913e-07
1.05202197175913e-07
1.05202197175913e-07
1.05202204281341e-07
1.05202211386768e-07
1.05202211386768e-07
1.05202218492195e-07
1.05202218492195e-07
1.05202218492195e-07
1.05202225597623e-07
1.05202225597623e-07
1.05202225597623e-07
1.0520223270305e-07
1.0520223270305e-07
1.05202239808477e-07
1.05202239808477e-07
1.05202239808477e-07
1.05202246913905e-07
1.05202246913905e-07
1.05202254019332e-07
1.05202254019332e-07
1.05202254019332e-07
1.05202261124759e-07
1.05202261124759e-07
1.05202261124759e-07
1.05202268230187e-07
1.05202268230187e-07
1.05202268230187e-07
1.05202275335614e-07
1.05202275335614e-07
1.05202275335614e-07
1.05202282441041e-07
1.05202282441041e-07
1.05202282441041e-07
1.05202289546469e-07
1.05202289546469e-07
1.05202296651896e-07
1.05202296651896e-07
1.05202296651896e-07
1.05202303757324e-07
1.05202303757324e-07
1.05202310862751e-07
1.05202310862751e-07
1.05202317968178e-07
1.05202317968178e-07
1.05202317968178e-07
1.05202325073606e-07
1.05202325073606e-07
1.05202325073606e-07
1.05202332179033e-07
1.05202332179033e-07
1.0520233928446e-07
1.0520233928446e-07
1.0520233928446e-07
1.05202346389888e-07
1.05202353495315e-07
1.05202353495315e-07
1.05202360600742e-07
1.05202360600742e-07
1.05202360600742e-07
1.0520236770617e-07
1.0520236770617e-07
1.0520236770617e-07
1.05202374811597e-07
1.05202381917024e-07
1.05202381917024e-07
1.05202381917024e-07
1.05202389022452e-07
1.05202389022452e-07
1.05202389022452e-07
1.05202396127879e-07
1.05202396127879e-07
1.05202403233307e-07
1.05202410338734e-07
1.05202417444161e-07
1.05202417444161e-07
1.05202424549589e-07
1.05202424549589e-07
1.05202424549589e-07
1.05202431655016e-07
1.05202431655016e-07
1.05202431655016e-07
1.05202431655016e-07
1.05202431655016e-07
1.05202431655016e-07
1.05202438760443e-07
1.05202438760443e-07
1.05202438760443e-07
1.05202445865871e-07
1.05202445865871e-07
