0.0
-2.81752605886587e-19
4.48992796009406e-06
2.43765462073497e-05
6.38751007500105e-05
0.000117666990263388
0.000180417293449864
0.000248747644945979
0.000321458093822002
0.000399906915845349
0.000486298376927152
0.000580355525016785
0.000687125197146088
0.000815254810731858
0.000966751831583679
0.00114123069215566
0.00133671727962792
0.00154960341751575
0.00177749863360077
0.00201948406174779
0.00227581500075758
0.00254682172089815
0.00283337943255901
0.00313634634949267
0.00345555203966796
0.0037911890540272
0.00414569210261106
0.00452056713402271
0.00491501856595278
0.00532920053228736
0.00576294446364045
0.00621522357687354
0.00668431911617517
0.00716824550181627
0.00766586046665907
0.00817644596099854
0.008699556812644
0.00923493318259716
0.00978214386850595
0.0103405034169555
0.0109093589708209
0.0114881573244929
0.0120764030143619
0.0126738147810102
0.0132803069427609
0.0138955842703581
0.0145191196352243
0.0151504389941692
0.0157891307026148
0.0164347812533379
0.0170885697007179
0.0177519973367453
0.018424216657877
0.0191036351025105
0.0197891481220722
0.0204799249768257
0.0211753193289042
0.0218748096376657
0.0225779507309198
0.0232854820787907
0.023998050019145
0.0247148554772139
0.0254350416362286
0.026157995685935
0.0263391174376011
0.0264070741832256
0.0264155697077513
0.0264240652322769
0.0264325626194477
0.0264410581439734
0.0264495555311441
0.0264580529183149
0.0264665503054857
0.0264750476926565
0.0264835450798273
0.0264867320656776
0.0264915134757757
0.0264962930232286
0.0265010744333267
0.0265082437545061
0.0265109334141016
0.0265149679034948
0.0265210177749395
0.0265300944447517
0.0265334974974394
0.0265386030077934
0.0265462622046471
0.0265491344034672
0.0265534427016973
0.02655990421772
0.0265695992857218
0.0265792924910784
0.026586564257741
0.0265920162200928
0.0265974700450897
0.0266029238700867
0.0266111046075821
0.0266192853450775
0.0266274660825729
0.0266397371888161
0.0266443397849798
0.0266512427479029
0.0266538318246603
0.0266577154397964
0.0266635399311781
0.0266722775995731
0.0266755539923906
0.0266804676502943
0.0266878418624401
0.0266906060278416
0.0266947522759438
0.0267009735107422
0.0267033074051142
0.0267068054527044
0.0267120562493801
0.0267199296504259
0.0267317406833172
0.0267494581639767
0.026776036247611
0.0267810206860304
0.0267860051244497
0.0267909877002239
0.0267959721386433
0.0268034487962723
0.0268090553581715
0.0268146637827158
0.026820270344615
0.0268258787691593
0.0268314853310585
0.0268370937556028
0.026842700317502
0.0268511120229959
0.0268542673438787
0.0268589984625578
0.0268660970032215
0.0268687587231398
0.0268727522343397
0.0268787406384945
0.0268877241760492
0.0269012004137039
0.0269062537699938
0.0269113089889288
0.0269163623452187
0.026923943310976
0.0269267857074738
0.0269310511648655
0.026937447488308
0.0269470419734716
0.0269506406039
0.0269560385495424
0.0269641354680061
0.0269762799143791
0.0269944984465837
0.0270218271762133
0.0270269513130188
0.0270320773124695
0.027037201449275
0.0270423255860806
0.0270500127226114
0.0270615443587303
0.0270644277334213
0.0270673092454672
0.0270716343075037
0.0270781219005585
0.0270805526524782
0.0270842015743256
0.0270896758884192
0.0270917285233736
0.0270948074758053
0.0270994249731302
0.0271063521504402
0.0271089505404234
0.0271128471940756
0.0271186921745539
0.0271274596452713
0.0271307472139597
0.0271356794983149
0.0271430779248476
0.0271541755646467
0.0271708238869905
0.0271770656108856
0.0271833091974258
0.0271895527839661
0.0271989163011312
0.0272129643708467
0.0272182319313288
0.0272235013544559
0.027228768914938
0.0272307451814413
0.0272337086498737
0.0272381529211998
0.027244821190834
0.0272473208606243
0.0272510722279549
0.0272566974163055
0.0272588077932596
0.0272619724273682
0.0272667184472084
0.0272738393396139
0.0272845216095448
0.0273005440831184
0.0273245796561241
0.0273606348782778
0.0273628886789083
0.0273651406168938
0.0273685213178396
0.027373593300581
0.0273754931986332
0.0273783467710018
0.0273826252669096
0.0273890420794487
0.0273914486169815
0.0273950584232807
0.0274004731327295
0.0274085961282253
0.0274207815527916
0.0274238269776106
0.0274268724024296
0.0274314433336258
0.0274331569671631
0.0274357255548239
0.0274395812302828
0.0274453647434711
0.0274475328624249
0.0274507869035006
0.0274556670337915
0.0274629853665829
0.0274739656597376
0.0274904351681471
0.0274919793009758
0.0274942964315414
0.0274977702647448
0.0275029819458723
0.0275068897753954
0.0275107976049185
0.0275166612118483
0.0275188591331244
0.0275221578776836
0.0275271050632
0.0275289602577686
0.0275317430496216
0.027535917237401
0.0275421775877476
0.0275445263832808
0.0275480486452579
0.0275533311069012
0.027561254799366
0.0275731422007084
0.0275775995105505
0.0275809429585934
0.0275842864066362
0.0275893025100231
0.0275930631905794
0.0275958850979805
0.0276001151651144
0.027606463059783
0.0276088435202837
0.0276124142110348
0.0276177693158388
0.0276197791099548
0.0276227910071611
0.0276273097842932
0.0276340879499912
0.0276442561298609
0.0276480689644814
0.027651883661747
0.0276556964963675
0.0276571251451969
0.0276592709124088
0.0276624877005816
0.0276673138141632
0.0276691243052483
0.0276718381792307
0.0276759117841721
0.0276820193976164
0.0276911817491055
0.0277049262076616
0.0277100801467896
0.0277152340859175
0.0277203880250454
0.0277255419641733
0.0277268309146166
0.0277287624776363
0.0277316626161337
0.0277360118925571
0.0277376417070627
0.0277400892227888
0.0277437586337328
0.0277492627501488
0.0277513265609741
0.0277544222772121
0.0277590658515692
0.0277660340070724
0.0277764834463596
0.0277804024517536
0.0277818720787764
0.0277840755879879
0.0277873817831278
0.0277923420071602
0.0277942009270191
0.0277969911694527
0.027801176533103
0.0278074536472559
0.0278098080307245
0.0278133396059275
0.0278186351060867
0.0278265811502934
0.0278384983539581
0.0278429668396711
0.0278474371880293
0.0278519056737423
0.0278535820543766
0.0278560966253281
0.0278598666191101
0.0278612803667784
0.0278634019196033
0.0278665833175182
0.0278677772730589
0.0278695672750473
0.0278722513467073
0.02787627838552
0.027877788990736
0.0278800539672375
0.0278834514319897
0.0278885494917631
0.0278961937874556
0.0278990603983402
0.0279033612459898
0.0279098115861416
0.0279122311621904
0.0279158595949411
0.0279213041067123
0.0279294680804014
0.0279417149722576
0.0279440116137266
0.0279474556446075
0.0279526226222515
0.0279545597732067
0.0279574673622847
0.0279618259519339
0.0279683656990528
0.0279781743884087
0.0279818531125784
0.0279873702675104
0.0279956478625536
0.0280080623924732
0.0280266869813204
0.02803017757833
0.0280336700379848
0.0280371624976397
0.0280424002557993
0.0280443634837866
0.0280473101884127
0.0280517302453518
0.0280583593994379
0.0280608460307121
0.0280645750463009
0.028070168569684
0.0280722659081221
0.0280754119157791
0.0280801318585873
0.0280872117727995
0.0280898660421371
0.0280938483774662
0.0280998218804598
0.0281087830662727
0.0281222239136696
0.0281272642314434
0.0281323045492172
0.028137344866991
0.0281423851847649
0.0281474255025387
0.0281549859791994
0.0281578209251165
0.0281606558710337
0.0281634908169508
0.0281677450984716
0.0281709339469671
0.0281741246581078
0.028178907930851
0.0281824972480536
0.028186084702611
0.0281914677470922
0.028193486854434
0.0281965136528015
0.0282010566443205
0.0282055977731943
0.0282101389020681
0.0282135456800461
0.028216952458024
0.028220359236002
0.0282254684716463
0.0282273851335049
0.0282302591949701
0.0282345693558455
0.028236186131835
0.0282386112958193
0.0282422490417957
0.028247706592083
0.0282558910548687
0.0282589606940746
0.0282635632902384
0.0282652899622917
0.0282678809016943
0.0282717645168304
0.0282775927335024
0.0282797776162624
0.0282830540090799
0.0282879713922739
0.0282953456044197
0.0282981116324663
0.0283022597432137
0.0283084828406572
0.0283178165555
0.0283213164657354
0.0283265672624111
0.0283285360783339
0.0283314902335405
0.0283359196037054
0.0283375810831785
0.0283400733023882
0.0283438116312027
0.0283494181931019
0.0283578280359507
0.0283609833568335
0.0283657126128674
0.0283704437315464
0.0283751748502254
0.0283787231892347
0.028382271528244
0.0283858198672533
0.0283911414444447
0.0283931382000446
0.0283961314707994
0.0284006223082542
0.0284039899706841
0.028407359495759
0.0284107271581888
0.0284157786518335
0.0284176729619503
0.028420515358448
0.0284247789531946
0.0284263771027327
0.0284287743270397
0.0284323710948229
0.0284377671778202
0.0284397900104523
0.0284428242594004
0.0284473765641451
0.0284519288688898
0.0284564811736345
0.0284581892192364
0.0284607484936714
0.0284645892679691
0.0284703522920609
0.0284789931029081
0.0284919571131468
0.0284968186169863
0.0285016801208258
0.0285065416246653
0.0285083651542664
0.0285110995173454
0.028515201061964
0.0285167396068573
0.028519045561552
0.0285225063562393
0.0285276994109154
0.0285315923392773
0.0285354852676392
0.0285384058952332
0.0285427868366241
0.0285444296896458
0.0285468939691782
0.0285505894571543
0.0285561326891184
0.0285644493997097
0.0285769235342741
0.0285956338047981
0.0285973884165287
0.0286000203341246
0.0286039672791958
0.02860988676548
0.0286187678575516
0.0286320894956589
0.0286520700901747
0.0286558177322149
0.02865956351161
0.0286633111536503
0.0286689307540655
0.0286731459200382
0.0286773610860109
0.0286805219948292
0.0286852642893791
0.0286870431154966
0.0286897104233503
0.0286937113851309
0.028695210814476
0.0286974608898163
0.0287008378654718
0.0287059023976326
0.0287078004330397
