0.0
6.98021665357373e-07
6.97465679877496e-07
6.79379627399612e-06
2.51617075264221e-05
4.62103889731225e-05
7.09459054633044e-05
0.000111330431536771
0.00017515652871225
0.000244579452555627
0.000313022057525814
0.000378578261006624
0.00044623130816035
0.00050989561714232
0.000525583804119378
0.000541162386070937
0.00055661314399913
0.000572056684177369
0.000587478280067444
0.000602809712290764
0.000617993588093668
0.000642946921288967
0.000643368519376963
0.000643681967630982
0.000643994426354766
0.000644462939817458
0.000644932792056352
0.000645402469672263
0.000645872147288173
0.000646343571133912
0.000646462256554514
0.000646580767352134
0.000646699569188058
0.00064688001293689
0.000647058070171624
0.000647204869892448
0.000647352950181812
0.000647532986477017
0.000647723150905222
0.000647918321192265
0.00064811750780791
0.000648318906314671
0.000648512272164226
0.000648699176963419
0.000648975663352758
0.000649370660539716
0.000649953144602478
0.00065081415232271
0.000652096990961581
0.000654014991596341
0.000656888296362013
0.000661197234876454
0.000667683547362685
0.000668107066303492
0.000668422027956694
0.000668736000079662
0.000669206958264112
0.000669680361170322
0.000670154171530157
0.000670628971420228
0.000671106681693345
0.000671522750053555
0.000671899178996682
0.000672298541758209
0.000672704307362437
0.000673095462843776
0.000673476606607437
0.000673842325340956
0.000674200709909201
0.000674553157296032
0.000675076444167644
0.00067585363285616
0.000677013304084539
0.000678746611811221
0.000681341625750065
0.000685235660057515
0.00069108244497329
0.000699863710906357
0.000713037385139614
0.000726303493138403
0.000739588751457632
0.000752916967030615
0.000766371143981814
0.000779960188083351
0.000794495223090053
0.000805360672529787
0.000815660401713103
0.000826784176751971
0.000838732579723001
0.000856558908708394
0.000883256434462965
0.000924799183849245
0.000968313892371953
0.000980570213869214
0.000993576599285007
0.00100881978869438
0.00100990023929626
0.00101070897653699
0.00101151980925351
0.00101273425389081
0.00101394637022167
0.00101484346669167
0.00101570505648851
0.00101650028955191
0.00101723743136972
0.00101790216285735
0.00101864035241306
0.00101953791454434
0.00102049275301397
0.00102148996666074
0.00102250033523887
0.00102351722307503
0.00102451723068953
0.00102598301600665
0.00102810421958566
0.00103017163928598
0.00103220960590988
0.00103424175176769
0.00103728368412703
0.00104182399809361
0.00104861822910607
0.001058732974343
0.00106873840559274
0.00107862905133516
0.00109514431096613
0.00111171393655241
0.00112798565533012
0.00114188669249415
0.00115830521099269
0.00117679650429636
0.00119604880455881
0.00121503230184317
0.00123384140897542
0.00126219494268298
0.00130542123224586
0.00130972766783088
0.00131540617439896
0.0013230717740953
0.00133076857309788
0.00133868679404259
0.00135099329054356
0.00136892963200808
0.00139527849387378
0.0014369412092492
0.00150476361159235
0.00161887507420033
0.00176749273668975
0.00190537516027689
0.00203316146507859
0.00216160784475505
0.00228457734920084
0.00239083473570645
0.00247227144427598
0.00254433369264007
0.00260472344234586
0.00265347771346569
0.0026856898330152
0.00268717482686043
0.00267111067660153
0.00264028389938176
0.00259528891183436
0.00253657787106931
0.00246368860825896
0.00237690447829664
0.00227537099272013
0.00216030818410218
0.00202967133373022
0.00188621622510254
0.001728575094603
0.00155689776875079
0.00137199263554066
0.00117215979844332
0.000958617078140378
0.000720837153494358
0.000451780913863331
0.000129459600429982
7.21663745935075e-05
7.21581673133187e-05
7.21585674909875e-05
7.21604665159248e-05
7.21600226825103e-05
7.2158727562055e-05
7.21576507203281e-05
7.21589749446139e-05
7.21673422958702e-05
7.21812393749133e-05
7.21920659998432e-05
7.22065014997497e-05
7.22231125109829e-05
7.2240516601596e-05
7.22571712685749e-05
7.22708573448472e-05
7.228585309349e-05
7.22940021660179e-05
7.22993427189067e-05
7.23010089132003e-05
7.22908298484981e-05
7.22738768672571e-05
7.22531403880566e-05
7.22471231711097e-05
7.2238537541125e-05
7.22378099453636e-05
7.2236689447891e-05
7.22362674423493e-05
7.22356417099945e-05
7.22356417099945e-05
