0
0.00261610094457865
0.0104597676545382
0.0232477784156799
0.0441736876964569
0.0623897276818752
0.0760526284575462
0.0795170217752457
0.0826252549886703
0.0853750482201576
0.0889842808246613
0.0936873629689217
0.0962615385651588
0.0952828153967857
0.0915117859840393
0.0897646844387054
0.086593970656395
0.0855537727475166
0.084289163351059
0.0816886052489281
0.0793422311544418
0.0791824236512184
0.0793832764029503
0.0794842019677162
0.0793493315577507
0.0788066387176514
0.0775749906897545
0.0749633833765984
0.0716593265533447
0.0735031887888908
0.0750551149249077
0.0762712433934212
0.0775025263428688
0.0788563787937164
0.0803524106740952
0.0836827680468559
0.0897025018930435
0.0985024571418762
0.106707774102688
0.115790605545044
0.118007592856884
0.120176218450069
0.123246796429157
0.127660885453224
0.133886560797691
0.142390698194504
0.152995556592941
0.167442888021469
0.181599393486977
0.18228155374527
0.18277782201767
0.183262258768082
0.1839679479599
0.18496572971344
0.186507269740105
0.188462153077126
0.190522134304047
0.192549526691437
0.194673582911491
0.195355385541916
0.196319967508316
0.19772119820118
0.199745237827301
0.199901342391968
0.200016438961029
0.200105875730515
0.200164616107941
0.199623972177505
0.199166089296341
0.198940351605415
0.198878720402718
0.198815032839775
0.198708981275558
0.198568657040596
0.198420688509941
0.198251768946648
0.198060631752014
0.197811335325241
0.197515532374382
0.197250962257385
0.197075381875038
0.196945905685425
0.19678758084774
0.196588128805161
0.196313723921776
0.195909306406975
0.19529515504837
0.194331094622612
0.193072453141212
0.191593885421753
0.189665019512177
0.189440757036209
0.187398090958595
0.18051190674305
0.172775477170944
0.166755139827728
0.161516115069389
0.153265908360481
0.14499831199646
0.139919757843018
0.131910249590874
0.123183138668537
0.114431619644165
0.105645269155502
0.0970139056444168
0.0884109735488892
0.0797861590981483
0.0712452754378319
0.062649205327034
0.0534031055867672
0.0440395995974541
0.0347408279776573
0.0256535392254591
0.0167644433677197
0.00810373388230801
3.79911944037303e-05
1.5278919818229e-07
1.90927380572248e-08
1.59184878611995e-08
8.10132405604236e-09
4.52428139396943e-09
-2.07643324756646e-09
-2.07643324756646e-09
