0.0
-1.20055779007089e-06
-9.2629176151604e-07
-1.76496268977644e-06
-5.50077811567462e-06
-9.64311311690835e-06
-1.62349333550083e-05
-2.03258823603392e-05
-2.39167475228896e-05
-2.48352152993903e-05
-2.53533853538102e-05
-2.54175520240096e-05
-2.54556816798868e-05
-2.54873102676356e-05
-2.5514789740555e-05
-2.5539220587234e-05
-2.55614431807771e-05
-2.55823870247696e-05
-2.56026723945979e-05
-2.5632873075665e-05
-2.56774619629141e-05
-2.57569645327749e-05
-2.58568852586905e-05
-2.59719981841045e-05
-2.61019486060832e-05
-2.62891589954961e-05
-2.65233302343404e-05
-2.67974883172428e-05
-2.71424814854981e-05
-2.77021772490116e-05
-2.81812517641811e-05
-2.88334740616847e-05
-2.96967737085652e-05
-3.06667789118364e-05
-3.14338467433117e-05
-3.18076854455285e-05
-3.20476938213687e-05
-3.2230560464086e-05
-3.23925414704718e-05
-3.25404143950436e-05
-3.27565394400153e-05
-3.30514885718003e-05
-3.34699034283403e-05
-3.40603401127737e-05
-3.48339017364196e-05
-3.60472913598642e-05
-3.73514703824185e-05
-3.84344275516924e-05
-3.93422924389597e-05
-4.04629317927174e-05
-4.20457909058314e-05
-4.48432147095446e-05
-4.70844570372719e-05
-5.13317063450813e-05
-7.5102761911694e-05
-0.000106887047877535
-0.000148133854963817
-0.000203264935407788
-0.000382743688533083
-0.000673327594995499
-0.000996957649476826
-0.00131537101697177
-0.00158610951621085
-0.00178544735535979
-0.0019383275648579
-0.00200150301679969
-0.00200151093304157
-0.00200151652097702
-0.00200151884928346
-0.00200152001343668
-0.00200152187608182
-0.00200152560137212
-0.00200152886100113
-0.00200153817422688
-0.00200154632329941
-0.00200155097991228
-0.00200155470520258
-0.00200155819766223
-0.00200155610218644
-0.00200154888443649
-0.00200154236517847
-0.00200153444893658
-0.00200153281912208
-0.00200153724290431
-0.00200154026970267
-0.00200155517086387
-0.00200156774371862
-0.00200158334337175
-0.00200159335508943
-0.00200160616077483
-0.00200160988606513
-0.00200160639360547
-0.00200159847736359
-0.0020015814807266
-0.00200156262144446
-0.00200154818594456
-0.00200154609046876
-0.00200154189951718
-0.00200154492631555
-0.00200154539197683
-0.0020015612244606
-0.00200157845392823
-0.00200159149244428
-0.00200161640532315
-0.00200163293629885
-0.00200163875706494
-0.0020016455091536
-0.00200164248235524
-0.00200161337852478
-0.00200158962979913
-0.00200157356448472
-0.00200155540369451
-0.0020015484187752
-0.00200154888443649
-0.00200155167840421
-0.00200156937353313
-0.00200157659128308
-0.00200158916413784
-0.00200162292458117
-0.00200164201669395
-0.00200166227295995
-0.00200169184245169
-0.00200171349570155
-0.00200172257609665
-0.00200169067829847
-0.00200167717412114
-0.00200166692957282
-0.00200163200497627
-0.0020016219932586
-0.0020015980117023
-0.002001574030146
-0.00200156052596867
-0.00200156192295253
-0.0020015574991703
-0.00200155936181545
-0.0020015777554363
-0.0020016108173877
-0.00200163503177464
-0.00200166716240346
-0.00200171186588705
-0.00200175261124969
-0.00200179894454777
-0.00200180942192674
-0.00200171605683863
-0.00200174190104008
-0.00200176076032221
-0.00200170278549194
-0.00200167391449213
-0.00200167554430664
-0.00200164574198425
-0.00200159219093621
