0.0
-2.08045526051137e-06
-3.79795710614417e-06
-6.91310015099589e-06
-6.70110239298083e-06
-5.84460940444842e-06
-4.83754411106929e-06
-3.50903405887948e-06
-3.10320865537506e-06
-2.68356461674557e-06
-2.23054871639761e-06
-1.34592073663953e-06
1.30437271650408e-07
2.61637580933893e-07
3.49003272503978e-07
4.25046067675794e-07
5.19167826951161e-07
5.37596577032673e-07
5.27155975760252e-07
5.29746159827482e-07
5.27909378433833e-07
5.28754469542037e-07
5.4031914942243e-07
5.73639169942908e-07
5.96060488078365e-07
7.48934283478775e-08
-6.03931596288021e-07
-1.41488794724864e-06
-2.32646470976761e-06
-3.72704607798369e-06
-6.60187015455449e-06
-1.05800309029291e-05
-1.57050708367024e-05
-2.16239459405188e-05
-2.84431989712175e-05
-3.53968935087323e-05
-4.56916750408709e-05
-5.72155258851126e-05
-6.81360033922829e-05
-8.89467701199464e-05
-0.000115090937470086
-0.000123829435324296
-0.000132552144350484
-0.000167136386153288
-0.000215871652471833
-0.000264633912593126
-0.000336230848915875
-0.000424656056566164
-0.000582976790610701
-0.000764829805120826
-0.000939343648497015
-0.0010923967929557
-0.00125655625015497
-0.00141179619822651
-0.00155828893184662
-0.00168737000785768
-0.00182069942820817
-0.00194496870972216
-0.00206065666861832
-0.00216718902811408
-0.00226507429033518
-0.00235475925728679
-0.00243548047728837
-0.00250729150138795
-0.00257025449536741
-0.00262491730973125
-0.00267400266602635
-0.00271302624605596
-0.00274200271815062
-0.00276139448396862
-0.00277168373577297
-0.00277456874027848
-0.00277457199990749
-0.00277456594631076
-0.00277456804178655
-0.00277457758784294
-0.00277458876371384
-0.00277460180222988
-0.00277460436336696
-0.00277460506185889
-0.00277460506185889
