-0.000000
-0.000000
0.392630
1.020791
1.736573
2.133536
2.365579
2.635249
3.014304
3.548113
4.270710
4.984098
5.417397
5.950638
6.627553
7.094446
8.084540
9.202933
9.791431
9.877620
9.878216
9.878970
9.879772
9.880609
9.881462
9.882304
9.883133
9.883938
9.884741
9.885530
9.886232
9.886775
9.887175
9.887378
9.887382
9.887070
9.886306
9.884784
9.882148
9.877463
9.868582
9.853185
9.834359
9.814979
9.789682
9.745045
9.714290
9.686746
9.660340
9.635820
9.610853
9.597040
9.599060
9.604789
9.610988
9.617364
9.626615
9.639292
9.642518
9.644929
9.647333
9.649733
9.652115
9.654312
9.656138
9.657221
9.655818
9.655321
9.654668
9.653221
9.650948
9.647046
9.640269
9.632123
9.619143
9.601160
9.587282
9.571212
9.555512
9.545950
9.541244
9.539446
9.539434
9.541277
9.545969
9.553993
9.566346
9.583712
9.605107
9.627548
9.636028
9.642821
9.646555
9.643597
9.625089
9.549713
9.512646
9.467412
9.392842
9.276239
9.251509
9.227580
9.204507
9.170065
9.145116
9.108352
9.062994
9.032468
9.005402
8.979239
8.953772
8.918404
8.883291
8.848112
8.814204
8.770200
8.730420
8.694374
8.651373
8.593203
8.519706
8.423308
8.298978
8.138784
7.822617
7.154069
6.130755
5.093481
4.008831
2.752416
1.236335
0.003329
0.000712
0.000486
0.000491
0.000500
0.000514
0.000527
0.000536
0.000547
0.000558
0.000562
0.000558
0.000561
0.000567
0.000578
0.000594
0.000608
0.000623
0.000639
0.000647
0.000651
0.000662
0.000665
0.000672
0.000674
0.000668
0.000668
0.000663
0.000663
0.000660
0.000635
0.000605
0.000582
0.000555
0.000535
0.000511
0.000492
0.000470
0.000442
0.000416
0.000398
0.000378
0.000357
0.000334
0.000313
0.000295
0.000281
0.000256
0.000247
0.000205
0.000170
0.000116
0.000062
0.000016
-0.000032
-0.000032
