0.0
0.0
0.0
0.0
0.0
0.0
0.0
0.0
0.0
0.0
3.63144828968865e-17
7.17647010199981e-17
1.02087282774175e-16
1.65860830124315e-16
1.81402451653739e-12
1.77769014786389e-11
8.72666799933697e-11
9.51582812547258e-10
1.93215754507037e-09
1.59358073403837e-08
1.96324005941051e-08
2.10040553838553e-08
2.24828404782329e-08
2.47009914744467e-08
2.7970795457577e-08
3.2771932723108e-08
3.98725781280973e-08
4.28285815701201e-08
4.52477983969857e-08
4.79243631446025e-08
5.09935809134276e-08
5.46674456813889e-08
5.90280464507487e-08
6.480566838718e-08
7.18883157446726e-08
8.05232858169802e-08
9.10023132405513e-08
1.03849750132667e-07
1.18661439785228e-07
1.34743075363986e-07
1.51491192923459e-07
1.68400958955317e-07
1.85170506483701e-07
2.09520138128028e-07
2.44155728523765e-07
2.57017887861366e-07
2.69266962504844e-07
2.80999614687971e-07
2.9226615083644e-07
3.08409710214619e-07
3.14285841795936e-07
3.22815054687453e-07
3.35122422256973e-07
3.527784713242e-07
3.59117933612652e-07
3.68358740843178e-07
3.81504037250124e-07
3.91039350233768e-07
4.00433464164962e-07
4.03823520400692e-07
4.08818863206761e-07
4.16097606148469e-07
4.26665621944267e-07
4.30515115112939e-07
4.36124906855184e-07
4.44333181803813e-07
4.56276239901854e-07
4.73281545509963e-07
4.79259313124203e-07
4.87722218167619e-07
4.99833333833521e-07
5.04028548675706e-07
5.0806011131499e-07
5.12022154453007e-07
5.17878220307466e-07
5.26391943367344e-07
5.32440367351228e-07
5.41043561952392e-07
5.44218039522093e-07
5.47279796592193e-07
5.50323363768257e-07
5.53324923657783e-07
5.57769624265347e-07
5.64355104870629e-07
5.73995180275233e-07
5.88140949275839e-07
6.08806999480294e-07
6.1000474715911e-07
6.11406619555055e-07
6.1282696606213e-07
6.14245664110058e-07
6.16480122062057e-07
6.17075613718043e-07
6.17703392435942e-07
6.18754768311192e-07
6.20055573108402e-07
6.221414423635e-07
6.2626151020595e-07
6.35705362128647e-07
6.6366555984132e-07
6.89051432800625e-07
7.17471209554787e-07
7.4077047429455e-07
7.5966835311192e-07
7.78140361035184e-07
7.94662696534942e-07
8.0443930983165e-07
8.10178391930094e-07
8.13675683275505e-07
8.15922021502047e-07
8.17488967186364e-07
8.1860537193279e-07
8.19476667857089e-07
8.20185107386351e-07
8.21084768176661e-07
8.2224192965441e-07
8.23805578420433e-07
8.26050893465435e-07
8.29355087716976e-07
8.34367824609217e-07
8.42054987515439e-07
8.53777692100266e-07
8.62681929447717e-07
8.65024162521877e-07
8.67464677867247e-07
8.68113318119867e-07
8.68779181928403e-07
8.69464031438838e-07
8.70578219291929e-07
8.70876931458042e-07
8.71190650286735e-07
8.71708209615463e-07
8.72328882906004e-07
8.73231556397513e-07
8.73519070410111e-07
8.73857288752333e-07
8.74557258612185e-07
8.7576006535528e-07
8.79468075254408e-07
8.85567146724497e-07
8.94229344794439e-07
9.07851301690243e-07
9.24845437566546e-07
9.43463248859189e-07
9.59353883445146e-07
9.6804342319956e-07
9.71646727521147e-07
9.73427972894569e-07
9.74494128058723e-07
9.75258558355563e-07
9.76163164523314e-07
9.77332774709794e-07
9.78969296738796e-07
9.81406174105359e-07
9.85005385700788e-07
9.90350713436783e-07
9.9836199751735e-07
1.01039313449292e-06
1.02855199202168e-06
1.05695437468967e-06
1.09115615032351e-06
1.14163765374542e-06
1.2000710967186e-06
1.27792316106934e-06
1.3599892554339e-06
1.41306588830048e-06
1.46671732181858e-06
1.51393180658488e-06
1.54173756072851e-06
1.56155510921963e-06
1.57897181907174e-06
1.59481692207919e-06
1.60799129389488e-06
1.61983939506172e-06
1.62891331001447e-06
1.63083598181402e-06
1.63123911534058e-06
1.62783408086398e-06
1.62783408086398e-06
