-0.000000
0.000000
0.207993
0.728917
1.128366
1.209065
1.299532
1.385828
1.450129
1.541501
1.683063
1.763163
2.014170
2.400970
2.808326
3.154312
3.727576
4.185292
4.510243
4.588770
4.703224
4.866717
4.927370
5.015707
5.141395
5.319841
5.560664
5.794835
6.064008
6.180899
6.284997
6.428301
6.651796
6.909008
6.980433
7.081276
7.222992
7.420285
7.642183
7.702384
7.763840
7.825583
7.920544
8.076765
8.141685
8.239397
8.371228
8.417116
8.480461
8.565698
8.645320
8.720318
8.792479
8.861547
8.926824
8.989421
9.080055
9.166078
9.247371
9.323310
9.393504
9.461088
9.600947
9.640553
9.677904
9.727814
9.772199
9.806507
9.850951
9.889793
9.923103
9.961423
10.007394
10.029966
10.030489
10.011766
9.973209
9.916043
9.900351
9.883532
9.864355
9.858952
9.852544
9.850400
9.847211
9.840979
9.831538
9.819204
9.802728
9.780205
9.775172
9.769775
9.763850
9.757141
9.749068
9.739309
9.722523
9.705218
9.684862
9.655364
9.627628
9.602199
9.567360
9.386603
9.283194
9.214123
9.168109
9.133733
9.095893
9.063853
9.033424
8.999997
8.969377
8.914530
8.860767
8.819329
8.786826
8.761165
8.739771
8.720650
8.702194
8.683468
8.661220
8.638848
8.613833
8.608577
8.602868
8.592657
8.579039
8.560129
8.539235
8.517793
8.481880
8.439194
8.391517
8.351811
8.328280
8.313017
8.298004
8.281144
8.257985
8.224131
8.176050
8.107130
8.006875
7.857828
7.652038
7.343175
6.893849
6.216964
5.185187
4.086089
2.964477
1.918431
0.968812
0.115589
0.019624
-0.003418
-0.003119
-0.003031
-0.003123
-0.002873
-0.002605
-0.002408
-0.002345
-0.002416
-0.002522
-0.002026
-0.002220
-0.002024
-0.001744
-0.001371
-0.001137
-0.001200
-0.001481
-0.001917
-0.002478
-0.003134
-0.003160
-0.004211
-0.004761
-0.005034
-0.005179
-0.005343
-0.005584
-0.005948
-0.006168
-0.006275
-0.006371
-0.006161
-0.005572
-0.006352
-0.006419
-0.006322
-0.006311
-0.006258
-0.006297
-0.006314
-0.006326
-0.006394
-0.005808
-0.005447
-0.006293
-0.006350
