0.0
0.0
8.06987770829437e-07
1.78187383426121e-06
2.62762023339747e-06
2.93938455797615e-06
2.97966698781238e-06
2.37349695453304e-06
1.36690357521729e-06
1.21679545372899e-06
1.45040837651322e-06
1.78629557012755e-06
2.35663515013584e-06
3.39422967954306e-06
4.70957411380368e-06
4.71233397547621e-06
4.71492785436567e-06
4.71807334179175e-06
4.72157262265682e-06
4.72535020890064e-06
4.72937927042949e-06
4.73573527415283e-06
4.74222133561852e-06
4.74709167974652e-06
4.75195702165365e-06
4.75666138299857e-06
4.76130207971437e-06
4.7649868974986e-06
4.76731247545104e-06
4.76948889627238e-06
4.77166395285167e-06
4.77503044749028e-06
4.77984485769412e-06
4.78433048556326e-06
4.78520678370842e-06
4.78479023513501e-06
4.7841440391494e-06
4.78284391647321e-06
4.78059246233897e-06
4.77705088997027e-06
4.77365847473266e-06
4.76999139209511e-06
4.76189688924933e-06
4.74400894745486e-06
4.72701594844693e-06
4.71151042802376e-06
4.69703127237153e-06
4.67951622340479e-06
4.66745086669107e-06
4.66321671410697e-06
4.66364917883766e-06
4.66652272734791e-06
4.67074232801679e-06
4.67570907858317e-06
4.68112375529017e-06
4.68672578790574e-06
4.6952463890193e-06
4.70773557026405e-06
4.72731699119322e-06
4.75700198876439e-06
4.80115568279871e-06
4.8668675844965e-06
4.96129860039218e-06
5.09432993567316e-06
5.2299596973171e-06
5.36762081537745e-06
5.57991552341264e-06
5.93010463489918e-06
6.40581401967211e-06
6.9217758209561e-06
7.02144598108134e-06
7.04124022377073e-06
7.07102117303293e-06
7.0756973400421e-06
7.07650769982138e-06
7.07677736500045e-06
7.075876055751e-06
7.07397339283489e-06
7.06995842847391e-06
7.06362015989725e-06
7.05295315128751e-06
7.02593524692929e-06
6.97431551088812e-06
6.91660716256592e-06
6.88898489897838e-06
6.87335523252841e-06
6.85971235725447e-06
6.839596608188e-06
6.80604671288165e-06
6.76831314194715e-06
6.74833881930681e-06
6.79130926073412e-06
6.74857483318192e-06
6.55045641906327e-06
6.33890749668353e-06
6.16527677266276e-06
6.05031846134807e-06
5.82289067097008e-06
5.56818940822268e-06
5.35899698661524e-06
5.15783085575094e-06
4.93464995088289e-06
4.63609012513189e-06
4.32521937909769e-06
3.97768553739297e-06
3.60586818715092e-06
3.20470826409291e-06
2.75040201813681e-06
2.46780200541252e-06
2.28065050578152e-06
2.11033670893812e-06
1.95814800463268e-06
1.82160897566064e-06
1.70261296261742e-06
1.59905141572381e-06
1.51037784235086e-06
1.43478416703147e-06
1.36441985887359e-06
1.2996329132875e-06
1.24575410609395e-06
1.15678130896413e-06
1.04809885215218e-06
9.59385829446546e-07
8.58658609104168e-07
7.12364226274076e-07
4.19793138917157e-07
1.4014462923484e-09
1.3920642416565e-09
1.37573252789736e-09
1.34973476839662e-09
1.31735966579782e-09
1.28007282551579e-09
1.23256660433668e-09
1.18768217483023e-09
1.13179776661809e-09
1.05916286852192e-09
9.98904403637368e-10
9.23732035307268e-10
8.63258797778599e-10
8.40103986377017e-10
7.74633579503359e-10
7.459862172432e-10
7.02288671661222e-10
6.53650855664267e-10
5.9566634957875e-10
5.36873490109002e-10
4.79445483314578e-10
4.23246382386111e-10
3.65733276996849e-10
2.9950358859665e-10
2.34826741385419e-10
1.76080872105189e-10
9.86775938738305e-11
3.97248449413024e-11
2.64237503405651e-11
9.25426944277385e-13
2.6984005850085e-13
0.0
0.0
