0.0
2.52746372098045e-06
2.52903623731981e-06
2.5296558305854e-06
2.53009011430549e-06
2.53320195042761e-06
2.54661154031055e-06
2.65827156908927e-06
2.89885110760224e-06
3.18275192512374e-06
3.21162269756314e-06
3.24260759043682e-06
3.24744905810803e-06
3.2477021250088e-06
3.24779398397368e-06
3.24858319800114e-06
3.24988650390878e-06
3.25980977322615e-06
3.32286867887888e-06
3.4063587008859e-06
3.50246659763798e-06
3.52910910805804e-06
3.5572784327087e-06
3.56457462658e-06
3.57193948730128e-06
3.57937892658811e-06
3.58684997081582e-06
3.59424939233577e-06
3.60160515811003e-06
3.61253751179902e-06
3.62327955372166e-06
3.63370463674073e-06
3.63627054866811e-06
3.6388075841387e-06
3.64252468898485e-06
3.64807556252345e-06
3.64946072295425e-06
3.6508249650069e-06
3.65284927283938e-06
3.65588471140654e-06
3.66023527931247e-06
3.66438143828418e-06
3.66818449037964e-06
3.6699320844491e-06
3.67155257663399e-06
3.67194365935575e-06
3.67231677955715e-06
3.67285110769444e-06
3.67356938113517e-06
3.67421102964727e-06
3.67435632142588e-06
3.67449047189439e-06
3.67461962014204e-06
3.67474422091618e-06
3.67486450159049e-06
3.67503253073664e-06
3.67509187526593e-06
3.67517395716277e-06
3.67528718925314e-06
3.67544021173671e-06
3.67544021173671e-06
