0.0
0.00999999977648258
0.0199999995529652
0.0299999993294477
0.0399999991059303
0.0500000007450581
0.0599999986588955
0.0700000002980232
0.0799999982118607
0.0900000035762787
0.100000001490116
0.109999999403954
0.119999997317791
0.122500002384186
0.123437501490116
0.123789064586163
0.124316409230232
0.125107422471046
0.126293942332268
0.128073737025261
0.130743414163589
0.134747922420502
0.140754699707031
0.149764865636826
0.159764856100082
0.1697648614645
0.179764866828918
0.182264864444733
0.186014860868454
0.191639855504036
0.193749234080315
0.196913301944733
0.201659396290779
0.208778530359268
0.218778535723686
0.228778541088104
0.238778531551361
0.248778536915779
0.258778542280197
0.268778532743454
0.278778523206711
0.28877854347229
0.298778533935547
0.308778524398804
0.318778544664383
0.32877853512764
0.338778525590897
0.348778545856476
0.358778536319733
0.36877852678299
0.378778547048569
0.388778537511826
0.398778527975082
0.408778548240662
0.418778538703918
0.428778529167175
0.438778519630432
0.448778539896011
0.458778530359268
0.468778520822525
0.478778541088104
0.488778531551361
0.498778522014618
0.508778512477875
0.518778562545776
0.528778553009033
0.53877854347229
0.548778533935547
0.558778524398804
0.568778514862061
0.578778505325317
0.588778555393219
0.598778545856476
0.608778536319733
0.61877852678299
0.628778517246246
0.638778507709503
0.648778557777405
0.658778548240662
0.668778538703918
0.678778529167175
0.688778519630432
0.698778510093689
0.708778560161591
0.718778550624847
0.728778541088104
0.738778531551361
0.748778522014618
0.758778512477875
0.768778562545776
0.778778553009033
0.78877854347229
0.798778533935547
0.808778524398804
0.818778514862061
0.828778505325317
0.838778555393219
0.848778545856476
0.858778536319733
0.861278533935547
0.862216055393219
0.862567603588104
0.863094925880432
0.863885939121246
0.863885939121246
0.863885939121246
0.863885998725891
0.863885998725891
0.863885998725891
0.863885998725891
0.863885998725891
0.863885998725891
0.863885998725891
0.863885998725891
0.863885998725891
0.863885998725891
0.863886058330536
0.863886058330536
0.863886058330536
0.863886058330536
0.863886058330536
0.863886058330536
0.863886058330536
0.863886058330536
0.863886058330536
0.863886058330536
0.863886117935181
0.863886117935181
0.863886117935181
0.863886117935181
0.863886117935181
0.863886117935181
0.863886117935181
0.863886117935181
0.863886117935181
0.863886117935181
0.863886117935181
0.863886117935181
0.863886177539825
0.863886177539825
0.863886177539825
0.863886177539825
0.863886177539825
0.863886177539825
0.863886177539825
0.863886177539825
0.863886177539825
0.863886177539825
0.86388623714447
0.86388623714447
0.86388623714447
0.86388623714447
0.86388623714447
0.86388623714447
0.86388623714447
0.86388623714447
0.86388623714447
0.86388623714447
0.86388623714447
0.863886296749115
0.863886296749115
0.863886296749115
0.863886296749115
0.863886296749115
0.863886296749115
0.863886296749115
0.863886296749115
0.863886296749115
0.863886296749115
0.863886296749115
0.86388635635376
0.86388635635376
0.86388635635376
0.86388635635376
0.86388635635376
0.86388635635376
0.86388635635376
0.86388635635376
0.86388635635376
0.86388635635376
0.86388635635376
0.863886415958405
0.863886415958405
0.863886415958405
0.863886415958405
0.863886415958405
0.863886415958405
0.863886415958405
0.863886415958405
0.863886415958405
0.863886415958405
0.863886475563049
0.863886475563049
0.863886475563049
0.863886475563049
0.863886475563049
0.863886475563049
0.863886475563049
0.863886475563049
0.863886475563049
0.863886475563049
0.863886475563049
0.863886475563049
0.863886535167694
0.863886535167694
0.863886535167694
0.863886535167694
0.863886535167694
0.863886535167694
0.863886535167694
0.863886535167694
0.863886535167694
0.863886594772339
0.863886594772339
0.863886594772339
0.863886594772339
0.863886594772339
0.863886594772339
0.863886594772339
0.863886594772339
0.863886594772339
0.863886594772339
0.863886594772339
0.863886654376984
0.863886654376984
0.863886654376984
0.863886654376984
0.863886654376984
0.863886654376984
0.863886654376984
0.863886654376984
0.863886654376984
0.863886654376984
0.863886654376984
0.863886713981628
0.863886713981628
0.863886713981628
0.863886713981628
0.863886713981628
0.863886713981628
0.863886713981628
0.863886713981628
0.863886713981628
0.863886713981628
0.863886713981628
0.863886773586273
0.863886773586273
0.863886773586273
0.863886773586273
0.863886773586273
0.863886773586273
0.863886773586273
0.863886773586273
0.863886773586273
0.863886773586273
0.863886833190918
0.863886833190918
0.863886833190918
0.863886833190918
0.863886833190918
0.863886833190918
0.863886833190918
0.863886833190918
0.863886833190918
0.863886833190918
0.863886833190918
0.863886892795563
0.863886892795563
0.863886892795563
0.863886892795563
0.863886892795563
0.863886892795563
0.863886892795563
0.863886892795563
0.863886892795563
0.863886892795563
0.863886892795563
0.863886952400208
0.863886952400208
0.863886952400208
0.863886952400208
0.863886952400208
0.863886952400208
0.863886952400208
0.863886952400208
0.863886952400208
0.863886952400208
0.863886952400208
0.863887012004852
0.863887012004852
0.863887012004852
0.863887012004852
0.863887012004852
0.863887012004852
0.863887012004852
0.863887012004852
0.863887012004852
0.863887012004852
0.863887071609497
0.863887071609497
0.863887071609497
0.863887071609497
0.863887071609497
0.863887071609497
0.863887071609497
0.863887071609497
0.863887071609497
0.863887071609497
0.863887071609497
0.863887071609497
0.863887131214142
0.863887131214142
0.863887131214142
0.863887131214142
0.863887131214142
0.863887131214142
0.863887131214142
0.863887131214142
0.863887131214142
0.863887131214142
0.863887131214142
0.863887190818787
0.863887190818787
0.863887190818787
0.863887190818787
0.863887190818787
0.863887190818787
0.863887190818787
0.863887190818787
0.863887190818787
0.863887190818787
0.863887250423431
0.863887250423431
0.863887250423431
0.863887250423431
0.863887250423431
0.863887250423431
0.863887250423431
0.863887250423431
0.863887250423431
0.863887250423431
0.863887250423431
0.863887310028076
0.863887310028076
0.863887310028076
0.863887310028076
0.863887310028076
0.863887310028076
0.863887310028076
0.863887310028076
0.863887310028076
0.863887310028076
0.863887310028076
0.863887369632721
0.863887369632721
0.863887369632721
0.863887369632721
0.863887369632721
0.863887369632721
0.863887369632721
0.863887369632721
0.863887369632721
0.863887369632721
0.863887429237366
0.863887429237366
0.863887429237366
0.863887429237366
0.863887429237366
0.863887429237366
0.863887429237366
0.863887429237366
0.863887429237366
0.863887429237366
0.863887429237366
0.86388748884201
0.86388748884201
0.86388748884201
0.86388748884201
0.86388748884201
0.86388748884201
0.86388748884201
0.86388748884201
0.86388748884201
0.86388748884201
0.86388748884201
0.863887548446655
0.863887548446655
0.863887548446655
0.863887548446655
0.863887548446655
0.863887548446655
0.863887548446655
0.863887548446655
0.863887548446655
0.863887548446655
0.863887548446655
0.8638876080513
0.8638876080513
0.8638876080513
0.8638876080513
0.8638876080513
0.8638876080513
0.8638876080513
0.8638876080513
0.8638876080513
0.8638876080513
0.863887667655945
0.863887667655945
0.863887667655945
0.863887667655945
0.863887667655945
0.863887667655945
0.863887667655945
0.863887667655945
0.863887667655945
0.863887667655945
0.863887667655945
0.86388772726059
0.86388772726059
0.86388772726059
0.86388772726059
0.86388772726059
0.86388772726059
0.86388772726059
0.86388772726059
0.86388772726059
0.86388772726059
0.86388772726059
0.863887786865234
0.863887786865234
0.863887786865234
0.863887786865234
0.863887786865234
0.863887786865234
0.863887786865234
0.863887786865234
0.863887786865234
0.863887786865234
0.863887786865234
0.863887846469879
0.863887846469879
0.863887846469879
0.863887846469879
0.863887846469879
0.863887846469879
0.863887846469879
0.863887846469879
0.863887846469879
0.863887846469879
0.863887846469879
0.863887906074524
0.863887906074524
0.863887906074524
0.863887906074524
0.863887906074524
0.863887906074524
0.863887906074524
0.863887906074524
0.863887906074524
0.863887906074524
0.863887906074524
0.863887965679169
0.863887965679169
0.863887965679169
0.863887965679169
0.863887965679169
0.863887965679169
0.863887965679169
0.863887965679169
0.863887965679169
0.863887965679169
0.863888025283813
0.863888025283813
0.863888025283813
0.863888025283813
0.863888025283813
0.863888025283813
0.863888025283813
0.863888025283813
0.863888025283813
0.863888025283813
0.863888025283813
0.863888084888458
0.863888084888458
0.863888084888458
0.863888084888458
0.863888084888458
0.863888084888458
0.863888084888458
0.863888084888458
0.863888084888458
0.863888084888458
0.863888144493103
0.863888144493103
0.863888144493103
0.863888144493103
0.863888144493103
0.863888144493103
0.863888144493103
0.863888144493103
0.863888144493103
