0.0
0.00999999977648258
0.0199999995529652
0.0299999993294477
0.0399999991059303
0.0500000007450581
0.0599999986588955
0.0700000002980232
0.0799999982118607
0.0900000035762787
0.0974999964237213
0.104999996721745
0.112499997019768
0.119999997317791
0.127499997615814
0.135000005364418
0.142499998211861
0.150000005960464
0.157499998807907
0.159374997019768
0.161249995231628
0.161425784230232
0.161689460277557
0.162084966897964
0.162233278155327
0.162455752491951
0.162789463996887
0.163290023803711
0.16333694756031
0.163383886218071
0.16343080997467
0.16350120306015
0.16360679268837
0.163765162229538
0.164002746343613
0.164180919528008
0.16444818675518
0.16454841196537
0.164698749780655
0.164924263954163
0.165008828043938
0.165093392133713
0.165177956223488
0.165304809808731
0.165495082736015
0.165780484676361
0.166208609938622
0.16685077548027
0.167814031243324
0.169258907437325
0.171426236629486
0.174677222967148
0.17955370247364
0.18686842918396
0.196868434548378
0.206868425011635
0.216868430376053
0.226868435740471
0.236868426203728
0.246868431568146
0.256868422031403
0.266868442296982
0.276868432760239
0.286868423223495
0.296868443489075
0.306868433952332
