0.0
0.00120000005699694
0.00240000011399388
0.00359999993816018
0.00480000022798777
0.00600000005215406
0.00630000000819564
0.00659999996423721
0.00705000013113022
0.00772499991580844
0.00873749982565641
0.00993749964982271
0.0105374995619059
0.0109874997287989
0.0113249998539686
0.0116624999791384
0.0120000001043081
0.0123375002294779
0.0126750003546476
0.0130124995484948
0.0130968745797873
0.0132234375923872
0.0133499996736646
0.0134765626862645
0.0136664062738419
0.0139511721208692
0.0142359370365739
0.0145207028836012
0.0148054687306285
0.0150902345776558
0.0153750004246831
0.0158021487295628
0.016442870721221
0.0166030526161194
0.0166430976241827
0.016683142632246
0.0167432092130184
0.0168333109468222
0.0169234126806259
0.0170135144144297
0.0171036161482334
0.0171261411160231
0.0171317737549543
0.0171374045312405
0.0171416271477938
0.0171447955071926
0.0171479638665915
0.0171511303633451
0.017154298722744
0.0171590503305197
0.0171638019382954
0.0171685535460711
0.0171733051538467
0.0171780548989773
0.0171851832419634
0.0171958729624748
0.0172119103372097
0.0172359645366669
0.0172720458358526
0.0173261668533087
0.0174073502421379
0.0175291243940592
0.0177117865532637
0.0179857797920704
0.0183967687189579
0.0188077576458454
0.0192187465727329
0.0196297354996204
0.0202462188899517
0.0211709439754486
0.0220956709235907
0.0230203960090876
0.0242203958332539
0.0254203956574202
0.0266203954815865
0.0278203953057528
0.0290203951299191
0.0302203949540854
0.0314203947782516
0.0326203964650631
0.0338203944265842
0.0350203961133957
0.0362203940749168
0.0374203957617283
0.0386203974485397
0.0398203954100609
0.0410203970968723
0.0422203950583935
0.0434203967452049
0.0446203947067261
0.0458203963935375
0.0470203943550587
0.0482203960418701
0.0494203940033913
0.0506203956902027
0.0518203973770142
0.0530203953385353
0.0542203970253468
0.0554203949868679
0.0566203966736794
0.0578203946352005
0.0590203963220119
0.0602203942835331
0.0614203959703445
0.0626203939318657
0.0638203918933868
0.0650203973054886
0.0662203952670097
0.0674203932285309
0.0686203986406326
0.0698203966021538
0.0710203945636749
0.0722203925251961
0.0734203979372978
0.074620395898819
0.0758203938603401
0.0770203992724419
0.078220397233963
0.0794203951954842
0.0806203931570053
0.0818203985691071
0.0830203965306282
0.0842203944921494
0.0854203924536705
0.0866203978657722
0.0878203958272934
0.0890203937888145
0.0902203992009163
0.0902203992009163
