0.0
0.00999999977648258
0.0199999995529652
0.0299999993294477
0.0324999988079071
0.0362499989569187
0.0418750010430813
0.0503125004470348
0.0587499998509884
0.0671875029802322
0.0756250023841858
0.0777343735098839
0.0798437520861626
0.0819531232118607
0.0840625017881393
0.0872265622019768
0.0919726565480232
0.0967187508940697
0.101464845240116
0.106210939586163
0.110957033932209
0.118076175451279
0.125195309519768
0.132314458489418
0.139433592557907
0.146552741527557
0.156552731990814
0.159052729606628
0.162802740931511
0.164208978414536
0.166318356990814
0.169482424855232
0.174228519201279
0.174673467874527
0.175340875983238
0.175382599234581
0.175424307584763
0.175486877560616
0.175580739974976
0.175721526145935
0.175932690501213
0.176249459385872
0.176368251442909
0.176487028598785
0.176605820655823
0.176783993840218
0.17705126106739
0.17715148627758
0.177301824092865
0.177527338266373
0.177611902356148
0.177738755941391
0.177929028868675
0.178214430809021
0.178642556071281
0.178803086280823
0.178963631391525
0.179124176502228
0.17928472161293
0.179525539278984
0.179615840315819
0.179751291871071
0.17995448410511
0.180259257555008
0.180716440081596
0.180887877941132
0.181145027279854
0.181530773639679
0.181916505098343
0.182302236557007
0.182687982916832
0.183266580104828
0.183700546622276
0.184134498238564
0.184785425662994
0.185436353087425
0.186087295413017
0.187063694000244
0.18804007768631
0.189016476273537
0.190481081604958
0.191945672035217
0.193410277366638
0.195607170462608
0.198902502655983
0.203845515847206
0.205699145793915
0.206394255161285
0.207436934113503
0.207827925682068
0.207974553108215
0.208194494247437
0.208276972174644
0.208400681614876
0.208586260676384
0.208864614367485
0.209282144904137
0.209908455610275
0.210847914218903
0.212257102131844
0.214370891451836
0.217541560530663
0.222297579050064
0.229431599378586
0.2319315969944
0.235681608319283
0.241306602954865
0.249744102358818
0.259744107723236
0.269744098186493
0.27974408864975
0.289744108915329
0.299744099378586
0.309744089841843
0.319744110107422
0.329744100570679
0.339744091033936
0.349744111299515
0.350369095802307
0.350603491067886
0.350955039262772
0.350955039262772
