0.0
2.16755893234222e-06
2.56129987974418e-06
3.14904741571809e-06
4.38748111264431e-06
6.22990046394989e-06
8.6433719843626e-06
9.91769502434181e-06
1.14074318844359e-05
1.31712386064464e-05
1.49870193126844e-05
1.7521913832752e-05
2.01688362722052e-05
2.29161669267341e-05
2.57385981967673e-05
2.86021422652993e-05
2.938611942227e-05
3.0451790735242e-05
3.20458821079228e-05
3.38191021000966e-05
3.57319186150562e-05
3.86127649107948e-05
4.29732754128054e-05
5.13049599248916e-05
8.25656097731553e-05
0.000136544709675945
0.000206412631087005
0.000313091411953792
0.000465701974462718
0.000615970464423299
0.000762620940804482
0.000908147834707052
0.00105184176936746
0.00119374389760196
0.00132805609609932
0.00145837373565882
0.00158491567708552
0.00170708098448813
0.00182524451520294
0.00193293683696538
0.00203246553428471
0.00212675146758556
0.00221443828195333
0.00229636579751968
0.00237190490588546
0.00244206446222961
0.0025078090839088
0.00256799417547882
0.00262237549759448
0.00267190695740283
0.00271885329857469
0.00275813043117523
0.00279399077408016
0.00282497354783118
0.00285079586319625
0.00287122535519302
0.0028895759023726
0.00290121324360371
0.00290851923637092
0.00291209621354938
0.00291110435500741
0.00290313130244613
0.00289480807259679
0.0028778335545212
0.00285782944411039
0.00283655873499811
0.00281605077907443
0.0027967079076916
0.00277650938369334
0.00275658629834652
0.00273685529828072
0.00271645141765475
0.00269706337712705
0.00267633493058383
0.00265643792226911
0.00263705872930586
0.00261595193296671
0.00259799114428461
0.00257706199772656
0.00255794590339065
0.00253609893843532
0.00251724384725094
0.00249707535840571
0.0024761410895735
0.0024582336191088
0.00243815244175494
0.00241902330890298
0.00239816471002996
0.00237737991847098
0.002359539270401
0.00233865180052817
0.00231797597371042
0.00230220332741737
0.00228071911260486
0.00226108427159488
0.00224175839684904
0.00224167224951088
0.00224154302850366
0.00224154302850366
