0.0
2.15865583186314e-07
3.53479435943882e-07
3.60940759946971e-07
3.61949616944912e-07
3.62043266477485e-07
3.62083255822654e-07
3.62135125442364e-07
3.62293462785601e-07
3.62446456847465e-07
3.625475244462e-07
3.625475244462e-07
3.625475244462e-07
3.62574695600415e-07
3.62958502364563e-07
3.63443518835993e-07
3.63945019898892e-07
3.65410812719347e-07
3.66058515055556e-07
3.668521912914e-07
3.67705780490724e-07
3.68413225260156e-07
3.69201615058046e-07
3.70490909062937e-07
3.70774557723053e-07
3.70824125184299e-07
3.7086698512212e-07
3.70910214542164e-07
3.7097925087437e-07
3.71088333395164e-07
3.71208130900413e-07
3.71397703702314e-07
3.71582416391902e-07
3.72048191366048e-07
3.72304668871948e-07
3.72304668871948e-07
3.72304668871948e-07
3.72304668871948e-07
3.72304668871948e-07
3.72304668871948e-07
3.72304668871948e-07
3.72304668871948e-07
3.72304668871948e-07
3.72304668871948e-07
3.72304668871948e-07
3.72304668871948e-07
3.72304668871948e-07
3.72304668871948e-07
3.72304668871948e-07
3.72304668871948e-07
3.72304668871948e-07
3.72304668871948e-07
3.72304668871948e-07
3.72304668871948e-07
3.72304668871948e-07
3.72304668871948e-07
3.72304668871948e-07
3.72304668871948e-07
3.72304668871948e-07
3.72304668871948e-07
3.72304668871948e-07
3.72304668871948e-07
3.72304668871948e-07
3.72304668871948e-07
3.72304668871948e-07
3.72304668871948e-07
3.72304668871948e-07
3.72304668871948e-07
3.72304668871948e-07
3.72304668871948e-07
4.11235163255697e-07
7.31006309706572e-07
7.3626119956316e-07
7.36560650693718e-07
7.36621416308481e-07
7.36641823095852e-07
7.36721801786189e-07
7.36742777007748e-07
7.36748006602284e-07
7.36748120289121e-07
7.36748120289121e-07
7.36748120289121e-07
7.36748120289121e-07
7.36748120289121e-07
7.36748120289121e-07
7.36748120289121e-07
7.36748120289121e-07
7.36748120289121e-07
7.36748120289121e-07
