0.0
2.91505680705129e-10
4.31703089942559e-10
2.00353542822995e-06
2.16491571336519e-05
5.79047082283068e-05
9.53125272644684e-05
0.000135513342684135
0.000194581589312293
0.000297854916425422
0.000358389050234109
0.000406424340326339
0.000443640543380752
0.000453189044492319
0.00046285378630273
0.000477506255265325
0.000491906597744673
0.000492554623633623
0.000493197294417769
0.000493842933792621
0.000494493055157363
0.000495474960189313
0.000496958382427692
0.000499202578794211
0.000502611103001982
0.000507756194565445
0.00051557645201683
0.000527486146893352
0.000545742863323539
0.000573971658013761
0.000602693646214902
0.000620891340076923
0.000642933999188244
0.000647376931738108
0.000650763569865376
0.000654207775369287
0.000657662516459823
0.000658549834042788
0.000659270561300218
0.000659907993394881
0.000660528487060219
0.000661246536765248
0.00066181889269501
0.00066235224949196
0.000662831880617887
0.000663295213598758
0.000663764425553381
0.000664244114886969
0.000664979917928576
0.000666116131469607
0.000667908694595098
0.000670541834551841
0.000673125381581485
0.000675762072205544
0.000678458949550986
0.000682631216477603
0.000689173466525972
0.000699635071214288
0.000710703257936984
0.000722293916624039
0.00073413917561993
0.000751519342884421
0.000776089902501553
0.000802108144853264
0.000827893090900034
0.000862639164552093
0.000917480327188969
0.000969727290794253
0.00101742253173143
0.00107089744415134
0.0011259492021054
0.00114030425902456
0.00115489505697042
0.00117677089292556
0.00120924587827176
0.00122001185081899
0.00122238928452134
0.00122470746282488
0.00122688384726644
0.0012291829334572
0.00123130553402007
0.00123178469948471
0.00123212009202689
0.00123245769646019
0.00123277655802667
0.00123308575712144
0.00123339018318802
0.0012338295346126
0.0012341485125944
0.00123446574434638
0.00123477925080806
0.00123489368706942
0.00123506551608443
0.00123532139696181
0.00123570486903191
0.00123627949506044
0.00123648962471634
0.00123680231627077
0.0012369203614071
0.00123709614854306
0.00123735913075507
0.00123775692190975
0.00123834260739386
0.00123917253222317
0.00124041398521513
0.00124207546468824
0.00124437815975398
0.0012450561625883
0.00124614930246025
0.00124770007096231
0.00124912150204182
0.00125059869606048
0.00125271826982498
0.00125430093612522
0.00125466880854219
0.00125505588948727
0.00125548196956515
0.00125582446344197
0.00125618162564933
0.00125655555166304
0.00125666032545269
0.00125675578601658
0.00125684903468937
0.0012569451937452
0.00125708477571607
0.00125722645316273
0.00125737150665373
0.00125751085579395
0.0012576567241922
0.00125779618974775
0.00125793844927102
0.0012580850161612
0.00125822972040623
0.0012583693023771
0.00125851295888424
0.00125866080634296
0.00125880271662027
0.00125895149540156
0.00125909806229174
0.00125924032181501
0.00125938630662858
0.00125953706447035
0.00125968153588474
0.0012597922468558
0.00125990470405668
0.00126006989739835
0.00126013334374875
0.00126022822223604
0.00126037246081978
0.00126058619935066
0.00126092019490898
0.00126103928778321
0.00126116175670177
0.00126128387637436
0.00126146629918367
0.00126173940952867
0.00126216083299369
0.00126261566765606
0.00126294663641602
0.00126301404088736
0.00126305676531047
0.00126309797633439
0.00126315956003964
0.00126325013116002
0.00126337981782854
0.00126351264771074
0.00126363814342767
0.00126376480329782
0.00126389390788972
0.00126394059043378
0.00126401090528816
0.00126411661040038
0.00126427528448403
0.00126451090909541
0.00126486632507294
0.00126499379985034
0.00126511626876891
0.0012652421137318
0.00126537133473903
0.0012654981110245
0.00126561953220516
0.00126574630849063
0.00126585306134075
0.0012660272186622
0.00126620207447559
0.00126638449728489
0.00126643292605877
0.00126648275181651
0.00126655562780797
0.00126661104150116
0.00126664387062192
0.00126667902804911
0.00126671744510531
0.00126678438391536
0.00126688892487437
0.00126702501438558
0.00126732874196023
0.00126795552205294
0.00126986147370189
0.00127244100440294
0.00127262307796627
0.00127269397489727
0.00127281248569489
0.00127292692195624
0.00127299735322595
0.00127300876192749
0.00127301446627825
0.00127301434986293
0.00127300270833075
0.00127297802828252
0.00127294356934726
0.00127289956435561
0.0012728733709082
0.00127286463975906
0.00127286009956151
0.00127286231145263
0.00127286522183567
0.00127288105431944
0.00127285439521074
0.00127280643209815
0.00127279339358211
0.00127282959874719
0.00127278920263052
0.00127240899018943
0.00127205322496593
0.00127167976461351
0.00127131782937795
0.00127096672076732
0.00127059454098344
0.00127018510829657
0.00126975798048079
0.0012697015190497
0.00126970279961824
0.00126970000565052
0.00126969651319087
0.00126968615222722
0.00126967509277165
0.0012696678750217
0.00126966100651771
0.00126965891104192
0.00126966089010239
0.00126966717652977
0.00126967648975551
0.00126968568656594
0.00126969767734408
0.00126970978453755
0.00126972305588424
0.00126973248552531
0.0012697366764769
0.00126973469741642
0.00126972980797291
0.00126972515136003
0.00126971560530365
0.00126970349811018
0.00126969302073121
0.00126967998221517
0.00126967043615878
0.0012696620542556
0.00126965693198144
0.00126966845709831
0.00126966845709831
0.00126966845709831
0.00126966845709831
0.00126966845709831
0.00126966845709831
0.00126966845709831
0.00126966845709831
0.00126966845709831
0.00126966845709831
0.00126966845709831
0.00126966845709831
0.00126966845709831
0.00126966845709831
0.00126966845709831
