0.0
-3.85741079350425e-33
-8.59258636131252e-34
2.86663086990529e-33
1.11166669734577e-32
1.77018428974298e-32
1.66040413763571e-32
2.67808881267049e-32
2.08546553975534e-32
3.24547995240844e-32
3.05598203459544e-32
4.56844036341498e-32
-8.58013777360611e-07
-9.34386264361819e-07
-1.56829560182814e-06
-2.09840891329804e-06
-2.98931126962998e-06
-4.32149499829393e-06
-5.69024314245326e-06
-6.65827565171639e-06
-7.34492914489238e-06
-8.4969105955679e-06
-9.73049191088649e-06
-1.06515462903189e-05
-1.22535193440854e-05
-1.34012616399559e-05
-1.90546998055652e-05
-2.48874275712296e-05
-2.9769023967674e-05
-3.44158870575484e-05
-4.70582126581576e-05
-6.70996232656762e-05
-8.98133584996685e-05
-0.000117940682685003
-0.00018590985564515
-0.000262478512013331
-0.000361600366886705
-0.000461472576716915
-0.000578494160436094
-0.00072909047594294
-0.000892182230018079
-0.000935433083213866
-0.00100037816446275
-0.00109727017115802
-0.00122442818246782
-0.00139252375811338
-0.00155454874038696
-0.00171066483017057
-0.00172025593928993
-0.00173457281198353
-0.00173993210773915
-0.00174193910788745
-0.00174494856037199
-0.00174607674125582
-0.00174618256278336
-0.00174622214399278
-0.00174628163222224
-0.00174630398396403
-0.0017463123658672
-0.00174631550908089
-0.00174631550908089
