0.0
0.0
0.0
0.0
0.0
0.0
0.0
0.0
0.0
0.0
0.0
0.0
0.0
0.0
0.0
0.0
0.0
0.0
0.0
0.0
0.0
0.0
0.0
0.0
0.0
0.0
0.0
0.0
0.0
0.0
2.89681147992715e-12
6.05643746959261e-12
1.14151596161682e-11
2.50230738907398e-11
5.25097604286984e-11
9.14512701677417e-11
2.94236940368009e-10
7.29615479144741e-10
1.1762336660226e-09
3.38862315985011e-09
7.67446284299922e-09
1.13551061886596e-08
1.19885585903035e-08
1.26706298786416e-08
1.37157396551402e-08
1.5069955949798e-08
1.7605792379527e-08
2.0201079919957e-08
2.41594939609513e-08
4.69090579713338e-08
1.14586185873122e-07
1.78524302896221e-07
2.37311752471214e-07
3.02900815540852e-07
3.78121484345684e-07
4.57095978845246e-07
5.09360802425363e-07
5.52738640635653e-07
5.86241696964862e-07
6.09632081705058e-07
6.3009815676196e-07
6.46373678137024e-07
6.60017292375414e-07
6.73399711104139e-07
6.838223498562e-07
6.9507336775132e-07
7.03710497873544e-07
7.1438938675783e-07
7.15278019924881e-07
7.12335008756781e-07
7.09286382516439e-07
7.0584383138339e-07
7.02400939189829e-07
6.98531493981136e-07
6.95281755724864e-07
6.92056232765026e-07
6.86984492404008e-07
6.84303131492925e-07
6.81556400650152e-07
6.76627735174407e-07
6.74120997246064e-07
6.73335193823732e-07
6.72428086545551e-07
6.72012390623422e-07
6.71991244871606e-07
6.71991472245281e-07
6.68855591356987e-07
6.67192693981633e-07
6.65013942580117e-07
6.61401088564162e-07
6.57766861422715e-07
6.5408863747507e-07
6.50410299840587e-07
6.46731791675847e-07
6.42710290321702e-07
6.4066557570186e-07
6.38688959497813e-07
6.31673742645944e-07
6.30401018497651e-07
6.26188921160065e-07
6.2570416048402e-07
6.25697509804013e-07
6.25770098849898e-07
6.25134589427034e-07
6.25134589427034e-07
