0.0
7.96361732113837e-08
7.98191649664659e-06
2.38555439864285e-05
2.94870915240608e-05
3.5066968848696e-05
4.02568111894652e-05
4.51560772489756e-05
4.93417792313267e-05
5.33833481313195e-05
6.02551663178019e-05
6.32506271358579e-05
7.30165338609368e-05
8.47148985485546e-05
9.81446646619588e-05
0.000118899391964078
0.000144551901030354
0.000150306441355497
0.000155727495439351
0.000160816998686641
0.000165624733199365
0.000172402389580384
0.000174102009623311
0.000174102853634395
0.000174104920006357
0.000174105618498288
0.000174106316990219
0.000174106477061287
0.000174106637132354
0.0001741066807881
0.000174106695340015
0.00017410670989193
0.000174106724443845
0.000174106724443845
0.000174106738995761
0.000174106753547676
0.000174106753547676
0.000174106753547676
0.000174106768099591
0.000174106768099591
0.000174106782651506
0.000174106782651506
0.000174106797203422
0.000174106797203422
0.000174106811755337
0.000174106811755337
0.000174106826307252
0.000174106826307252
0.000174106826307252
0.000174106840859167
0.000174106855411083
0.000174106855411083
0.000174106869962998
0.000174106884514913
0.000174106899066828
0.000174106899066828
0.000174106913618743
0.000174106913618743
0.000174106928170659
0.000174106928170659
0.000174106942722574
0.000174106957274489
0.000174106957274489
0.000174106957274489
0.000174106957274489
0.000174106971826404
0.000174106971826404
0.00017410698637832
0.00017410698637832
0.00017410698637832
0.000174107000930235
0.00017410701548215
0.000174107030034065
0.000174107030034065
0.000174107030034065
0.000174107030034065
0.000174107030034065
0.00017410704458598
0.00017410704458598
0.000174107059137896
0.000174107059137896
0.000174107073689811
0.000174107073689811
0.000174107088241726
0.000174107088241726
0.000174107088241726
0.000174107088241726
0.000174107102793641
0.000174107102793641
0.000174107102793641
0.000174107117345557
0.000174107117345557
0.000174107131897472
0.000174107131897472
0.000174107146449387
0.000174107146449387
0.000174107146449387
0.000174107161001302
0.000174107161001302
0.000174107161001302
0.000174107161001302
0.000174107175553218
0.000174107175553218
0.000174107190105133
0.000174107190105133
0.000174107190105133
0.000174107204657048
0.000174107219208963
0.000174107219208963
0.000174107219208963
0.000174107219208963
0.000174107233760878
0.000174107233760878
0.000174107233760878
0.000174107248312794
0.000174107248312794
0.000174107248312794
0.000174107262864709
0.000174107262864709
0.000174107277416624
0.000174107277416624
0.000174107291968539
0.000174107291968539
0.000174107306520455
0.000174107306520455
0.000174107306520455
0.00017410732107237
0.00017410732107237
0.00017410732107237
0.00017410732107237
0.000174107335624285
0.000174107335624285
0.000174107335624285
0.0001741073501762
0.0001741073501762
0.000174107364728115
0.000174107364728115
0.000174107379280031
0.000174107393831946
0.000174107393831946
0.000174107393831946
0.000174107408383861
0.000174107408383861
0.000174107422935776
0.000174107422935776
0.000174107437487692
0.000174107437487692
0.000174107452039607
0.000174107452039607
0.000174107452039607
0.000174107452039607
0.000174107466591522
0.000174107481143437
0.000174107495695353
0.000174107495695353
0.000174107495695353
0.000174107510247268
0.000174107524799183
0.000174107524799183
0.000174107539351098
0.000174107539351098
0.000174107539351098
0.000174107553903013
0.000174107568454929
0.000174107568454929
0.000174107583006844
0.000174107597558759
0.000174107597558759
0.000174107597558759
0.000174107597558759
0.000174107612110674
0.000174107612110674
0.00017410762666259
0.000174107641214505
0.000174107641214505
0.00017410765576642
0.00017410765576642
0.00017410765576642
0.000174107670318335
0.000174107670318335
0.000174107670318335
0.000174107684870251
0.000174107684870251
0.000174107684870251
0.000174107699422166
0.000174107699422166
0.000174107699422166
0.000174107699422166
0.000174107699422166
0.000174107699422166
0.000174107699422166
0.000174107713974081
0.000174107713974081
0.000174107713974081
0.000174107728525996
0.000174107743077911
0.000174107743077911
0.000174107743077911
0.000174107757629827
0.000174107772181742
0.000174107772181742
0.000174107772181742
0.000174107772181742
0.000174107786733657
0.000174107786733657
0.000174107801285572
0.000174107801285572
0.000174107801285572
0.000174107815837488
0.000174107815837488
0.000174107830389403
0.000174107830389403
0.000174107844941318
0.000174107844941318
0.000174107844941318
0.000174107859493233
0.000174107859493233
0.000174107874045148
0.000174107874045148
0.000174107888597064
0.000174107888597064
0.000174107903148979
0.000174107903148979
0.000174107903148979
0.000174107903148979
0.000174107917700894
0.000174107917700894
0.000174107932252809
0.000174107932252809
0.000174107946804725
0.000174107946804725
0.00017410796135664
0.00017410796135664
0.000174107975908555
0.000174107975908555
0.00017410799046047
0.00017410799046047
0.000174108005012386
0.000174108005012386
0.000174108019564301
0.000174108019564301
0.000174108019564301
0.000174108034116216
0.000174108034116216
0.000174108048668131
0.000174108063220046
0.000174108063220046
0.000174108063220046
0.000174108077771962
0.000174108077771962
0.000174108092323877
0.000174108092323877
0.000174108092323877
0.000174108106875792
0.000174108121427707
0.000174108121427707
0.000174108121427707
0.000174108135979623
0.000174108135979623
0.000174108135979623
0.000174108150531538
0.000174108150531538
0.000174108165083453
0.000174108165083453
0.000174108165083453
0.000174108179635368
0.000174108194187284
0.000174108194187284
0.000174108194187284
0.000174108194187284
0.000174108208739199
0.000174108223291114
0.000174108237843029
0.000174108237843029
0.000174108237843029
0.000174108252394944
0.00017410826694686
0.00017410826694686
0.000174108281498775
0.00017410829605069
0.00017410829605069
0.000174108310602605
0.000174108310602605
0.000174108310602605
0.000174108325154521
0.000174108325154521
0.000174108339706436
0.000174108339706436
0.000174108354258351
0.000174108354258351
0.000174108368810266
0.000174108368810266
0.000174108383362181
0.000174108383362181
0.000174108397914097
0.000174108412466012
0.000174108412466012
0.000174108412466012
0.000174108427017927
0.000174108441569842
0.000174108441569842
0.000174108456121758
0.000174108456121758
0.000174108456121758
0.000174108470673673
0.000174108485225588
0.000174108485225588
0.000174108485225588
0.000174108499777503
0.000174108499777503
0.000174108514329419
0.000174108514329419
0.000174108528881334
0.000174108528881334
0.000174108543433249
0.000174108557985164
0.000174108557985164
0.000174108572537079
0.000174108587088995
0.000174108587088995
0.00017410860164091
0.00017410860164091
0.00017410860164091
0.000174108616192825
0.000174108616192825
0.00017410863074474
0.00017410863074474
0.000174108645296656
0.000174108645296656
0.000174108659848571
0.000174108659848571
0.000174108674400486
0.000174108688952401
0.000174108688952401
0.000174108703504317
0.000174108703504317
0.000174108703504317
0.000174108703504317
0.000174108718056232
0.000174108732608147
0.000174108732608147
0.000174108732608147
0.000174108747160062
0.000174108747160062
0.000174108747160062
0.000174108761711977
0.000174108761711977
0.000174108776263893
0.000174108776263893
0.000174108776263893
0.000174108776263893
0.000174108790815808
0.000174108805367723
0.000174108805367723
0.000174108819919638
0.000174108819919638
0.000174108834471554
0.000174108834471554
0.000174108834471554
0.000174108849023469
0.000174108849023469
0.000174108863575384
0.000174108863575384
0.000174108878127299
0.000174108878127299
0.000174108892679214
0.000174108892679214
0.00017410890723113
0.00017410890723113
0.000174108921783045
0.000174108921783045
0.00017410893633496
0.00017410893633496
0.00017410893633496
0.000174108950886875
0.000174108965438791
0.000174108965438791
0.000174108965438791
0.000174108979990706
0.000174108979990706
0.000174108994542621
0.000174108994542621
0.000174109009094536
0.000174109009094536
0.000174109023646452
0.000174109023646452
0.000174109023646452
0.000174109038198367
0.000174109038198367
0.000174109038198367
0.000174109038198367
0.000174109052750282
0.000174109052750282
0.000174109052750282
0.000174109067302197
0.000174109067302197
0.000174109081854112
0.000174109081854112
0.000174109081854112
0.000174109081854112
0.000174109081854112
0.000174109096406028
0.000174109096406028
0.000174109096406028
0.000174109110957943
0.000174109110957943
0.000174109110957943
0.000174109110957943
0.000174109125509858
0.000174109125509858
0.000174109140061773
0.000174109154613689
0.000174109154613689
0.000174109169165604
0.000174109169165604
0.000174109169165604
0.000174109183717519
0.000174109183717519
0.000174109183717519
0.000174109198269434
0.000174109198269434
0.00017410921282135
0.00017410921282135
0.000174109227373265
0.000174109227373265
0.00017410924192518
0.00017410924192518
0.000174109256477095
0.000174109256477095
0.00017410927102901
0.000174109285580926
0.000174109285580926
0.000174109300132841
0.000174109300132841
0.000174109314684756
0.000174109329236671
0.000174109329236671
0.000174109343788587
0.000174109343788587
0.000174109358340502
0.000174109358340502
0.000174109372892417
0.000174109372892417
0.000174109387444332
0.000174109387444332
0.000174109401996247
0.000174109416548163
0.000174109416548163
0.000174109416548163
0.000174109431100078
0.000174109431100078
0.000174109445651993
0.000174109460203908
0.000174109460203908
0.000174109460203908
0.000174109460203908
0.000174109474755824
0.000174109474755824
0.000174109489307739
0.000174109489307739
0.000174109489307739
0.000174109503859654
0.000174109503859654
0.000174109518411569
0.000174109532963485
0.000174109532963485
0.0001741095475154
0.0001741095475154
0.0001741095475154
0.000174109562067315
0.00017410957661923
0.00017410957661923
0.000174109591171145
0.000174109605723061
0.000174109605723061
0.000174109605723061
0.000174109620274976
0.000174109620274976
0.000174109620274976
0.000174109634826891
0.000174109634826891
0.000174109634826891
0.000174109649378806
0.000174109663930722
0.000174109663930722
0.000174109663930722
0.000174109678482637
0.000174109678482637
0.000174109693034552
0.000174109693034552
0.000174109693034552
0.000174109693034552
0.000174109707586467
0.000174109707586467
0.000174109707586467
0.000174109722138382
0.000174109722138382
0.000174109736690298
0.000174109736690298
0.000174109751242213
0.000174109765794128
