0
0.00194857141468674
0.00601164670661092
0.0129067860543728
0.0156934894621372
0.0175633393228054
0.0274214949458838
0.0309406965970993
0.0343700014054775
0.0371113568544388
0.039302222430706
0.0416816249489784
0.0442430339753628
0.0473947003483772
0.0537494271993637
0.0692099183797836
0.0813926681876183
0.0843583568930626
0.0841227769851685
0.0824114307761192
0.0814966335892677
0.0796630457043648
0.0775624066591263
0.0768709555268288
0.0748230963945389
0.0730439722537994
0.0712165832519531
0.069245234131813
0.0673886463046074
0.0656295791268349
0.0638869553804398
0.0618330910801888
0.0600623935461044
0.0583947524428368
0.0566720366477966
0.0549726784229279
0.0532708391547203
0.0514937676489353
0.0496855974197388
0.0478496886789799
0.0462879799306393
0.0447147153317928
0.0430172383785248
0.0415234491229057
0.0399701744318008
0.0382365994155407
0.0366904959082603
0.0351304262876511
0.033562533557415
0.0320721231400967
0.0306302290409803
0.0291648786514997
0.0276408065110445
0.0261492561548948
0.0247467253357172
0.0233236346393824
0.0219523757696152
0.0205503702163696
0.019197653979063
0.0178815685212612
0.016621446236968
0.0152566833421588
0.0138444155454636
0.0125165535137057
0.0112899979576468
0.0101161310449243
0.00891709607094526
0.00772335240617394
0.006530387327075
0.00530258333310485
0.00416333647444844
0.00410228036344051
0.00405553122982383
0.00405803602188826
0.00403103092685342
0.00404242891818285
0.00406354619190097
0.00412035081535578
0.00416190316900611
0.00416919030249119
0.00412206770852208
0.00404728529974818
0.00399505998939276
0.00405261572450399
0.00407055718824267
0.00412081414833665
0.00409538066014647
0.00415006885305047
0.00417207460850477
0.00414216797798872
0.00410850066691637
0.00404463149607182
0.00398451695218682
0.00386601523496211
0.00379471573978662
0.00381458224728703
0.00385153666138649
0.00390156940557063
0.00395428109914064
0.0040065529756248
0.00408309185877442
0.00413405522704124
0.00423109671100974
0.0042013805359602
0.00410738028585911
0.00402262201532722
0.00384928053244948
0.00371997361071408
0.00373154226690531
