0.0
0.00999999977648258
0.0199999995529652
0.0299999993294477
0.0399999991059303
0.0500000007450581
0.0524999983608723
0.0562499985098839
0.0618750005960464
0.067500002682209
0.073124997317791
0.0773437470197678
0.0815624967217445
0.0857812464237213
0.0900000035762787
0.0942187532782555
0.0984375029802322
0.102656252682209
0.102854005992413
0.103051759302616
0.10324951261282
0.103447265923023
0.103496700525284
0.103546142578125
0.103595584630966
0.103645019233227
0.103694461286068
0.103743895888329
0.10379333794117
0.10384277254343
0.103892214596272
0.103941649198532
0.104015804827213
0.104127041995525
0.104154855012894
0.104175709187984
0.104196570813656
0.104227855801582
0.104259140789509
0.104290425777435
0.104321710765362
0.104352995753288
0.104384280741215
0.104415565729141
0.104446850717068
0.104478135704994
0.104509420692921
0.104540705680847
0.104587636888027
0.104658022522926
0.104728415608406
0.104798808693886
0.104869201779366
0.104939594864845
0.105009987950325
0.105115570127964
0.105273954570293
0.105511523783207
0.105867885053158
0.106224246323109
0.10658060759306
0.10693696141243
0.107293322682381
0.107649683952332
0.108006037771702
0.108362399041653
0.108896940946579
0.109431475400925
0.109966017305851
0.110500551760197
0.110901460051537
0.111202135682106
0.111502811312675
0.111728318035603
0.111897453665733
0.112024299800396
0.112056009471416
0.112087726593018
0.112119436264038
0.112151145935059
0.11218286305666
0.11221457272768
0.112246282398701
0.112277999520302
0.112309709191322
0.112341418862343
0.112373135983944
0.112404845654964
0.112452417612076
0.112488090991974
0.112523764371872
0.112559445202351
0.112595118582249
0.112630791962147
0.112666472792625
0.112702146172523
0.112737819552422
0.112791337072849
0.112871609628201
0.112992018461227
0.113172627985477
0.113443538546562
0.11384991556406
0.114459477365017
0.115373812615871
0.116288155317307
0.117202498018742
0.118116833269596
0.119488343596458
0.121545612812042
0.124631509184837
0.127717405557632
0.130803301930428
0.135432153940201
0.137167975306511
0.138903796672821
0.14063960313797
0.14237542450428
0.142809376120567
0.143243342638016
0.143677294254303
0.14411124587059
0.144762173295021
0.145738571882248
0.147203177213669
0.149400070309639
0.152695402503014
0.157638415694237
0.165052935481071
0.17505294084549
0.185052946209908
0.195052936673164
0.205052942037582
0.215052932500839
0.225052937865257
0.235052943229675
0.245052933692932
0.255052953958511
0.265052944421768
0.275052934885025
0.277552932500839
0.281302928924561
0.282709181308746
0.283236533403397
0.284027546644211
0.284101694822311
0.284212946891785
0.284215539693832
0.284219473600388
0.284220933914185
0.284221470355988
0.284221678972244
0.284221768379211
0.284221798181534
0.284221827983856
0.284221827983856
0.284221827983856
0.284221827983856
0.284221827983856
0.284221827983856
0.284221827983856
0.284221827983856
0.284221827983856
0.284221827983856
0.284221827983856
