0.0
3.58116841736589e-10
3.58116841736589e-10
3.58133467326383e-10
3.58149870871571e-10
3.58151008850172e-10
3.58151036605747e-10
3.58151036605747e-10
3.58151036605747e-10
3.58151036605747e-10
3.58151036605747e-10
3.58151036605747e-10
3.58151036605747e-10
3.58151036605747e-10
3.58151036605747e-10
3.58151036605747e-10
3.58151036605747e-10
3.58151036605747e-10
3.58151036605747e-10
3.58151036605747e-10
3.58151036605747e-10
3.58151036605747e-10
3.58151036605747e-10
3.58151036605747e-10
3.58151036605747e-10
3.58151036605747e-10
3.58151036605747e-10
3.58151036605747e-10
3.58151036605747e-10
3.58151036605747e-10
3.58151036605747e-10
3.58151036605747e-10
3.58151036605747e-10
3.58151036605747e-10
3.58151036605747e-10
3.58151036605747e-10
3.58151036605747e-10
3.58151036605747e-10
3.58151036605747e-10
3.58151036605747e-10
3.58151036605747e-10
3.58151036605747e-10
3.58151036605747e-10
3.58151036605747e-10
3.58151036605747e-10
3.58151036605747e-10
3.58151036605747e-10
3.58151036605747e-10
3.58151036605747e-10
3.58151036605747e-10
3.58151036605747e-10
3.58151036605747e-10
3.58151036605747e-10
3.58151036605747e-10
3.58151036605747e-10
3.58151036605747e-10
3.58151036605747e-10
3.58151036605747e-10
3.58151036605747e-10
3.58151036605747e-10
3.58151036605747e-10
3.58151036605747e-10
3.58151036605747e-10
3.58151036605747e-10
3.58151036605747e-10
3.58151036605747e-10
3.58151036605747e-10
3.58151036605747e-10
3.58151036605747e-10
3.58151036605747e-10
3.58151036605747e-10
3.58151036605747e-10
3.58151036605747e-10
3.58151036605747e-10
3.58151036605747e-10
3.58151036605747e-10
3.58151036605747e-10
3.58151036605747e-10
3.58151036605747e-10
3.58151036605747e-10
3.58151036605747e-10
3.58151036605747e-10
3.58151036605747e-10
3.58151036605747e-10
3.58151036605747e-10
3.58151036605747e-10
3.58151036605747e-10
3.58151036605747e-10
3.58151036605747e-10
3.58151036605747e-10
3.58151036605747e-10
3.58151036605747e-10
3.58151036605747e-10
3.58151036605747e-10
3.58151036605747e-10
3.58151036605747e-10
3.58151036605747e-10
3.58151036605747e-10
3.58151036605747e-10
3.58151036605747e-10
3.58151036605747e-10
3.58151036605747e-10
3.58151036605747e-10
3.58151036605747e-10
3.58151036605747e-10
3.58151036605747e-10
3.58151036605747e-10
3.58151036605747e-10
3.58151036605747e-10
3.58151036605747e-10
3.58151036605747e-10
3.58151036605747e-10
3.58151036605747e-10
3.58151036605747e-10
3.58151036605747e-10
3.58151036605747e-10
3.58151036605747e-10
3.58151036605747e-10
3.58151036605747e-10
3.58151036605747e-10
3.58151036605747e-10
3.58151036605747e-10
3.58151036605747e-10
3.58151036605747e-10
3.58151036605747e-10
3.58151036605747e-10
3.58151036605747e-10
3.58151036605747e-10
3.58151036605747e-10
3.58151036605747e-10
3.58151036605747e-10
