0.0
2.06940793390231e-08
2.06941699332219e-08
2.06941699332219e-08
2.06941699332219e-08
2.06941699332219e-08
2.06941699332219e-08
2.06941699332219e-08
2.06941699332219e-08
2.06941699332219e-08
2.06941699332219e-08
2.06941699332219e-08
2.06941699332219e-08
2.06941699332219e-08
2.06941699332219e-08
2.06941699332219e-08
2.06941699332219e-08
2.06941699332219e-08
2.06941699332219e-08
2.06941699332219e-08
2.06941699332219e-08
2.06941699332219e-08
2.06941699332219e-08
2.06941699332219e-08
2.06941699332219e-08
2.06941699332219e-08
2.06941699332219e-08
2.06941699332219e-08
2.06941699332219e-08
2.06941699332219e-08
2.06941699332219e-08
2.06941699332219e-08
2.06941699332219e-08
2.06941699332219e-08
2.06941699332219e-08
2.06941699332219e-08
2.06941699332219e-08
2.06941699332219e-08
2.06941699332219e-08
2.06941699332219e-08
2.06941699332219e-08
2.06941699332219e-08
2.06941699332219e-08
2.06941699332219e-08
2.06941699332219e-08
2.06941699332219e-08
2.06941699332219e-08
2.06941699332219e-08
2.06941699332219e-08
2.06941699332219e-08
2.06941699332219e-08
2.06941699332219e-08
2.06941699332219e-08
2.06941699332219e-08
2.06941699332219e-08
2.06941699332219e-08
2.06941699332219e-08
2.06941699332219e-08
2.06941699332219e-08
2.06941699332219e-08
2.06941699332219e-08
2.06941699332219e-08
2.06941699332219e-08
2.06941699332219e-08
2.06941699332219e-08
2.06941699332219e-08
2.06941699332219e-08
2.06941699332219e-08
2.06941699332219e-08
2.06941699332219e-08
2.06941699332219e-08
2.06941699332219e-08
2.06941699332219e-08
2.06941699332219e-08
2.06941699332219e-08
2.06941699332219e-08
2.06941699332219e-08
2.06941699332219e-08
2.06941699332219e-08
2.06941699332219e-08
2.06941699332219e-08
2.06941699332219e-08
2.06941699332219e-08
2.06941699332219e-08
2.06941699332219e-08
2.06941699332219e-08
2.06941699332219e-08
2.06941699332219e-08
2.06941699332219e-08
2.06941699332219e-08
2.06941699332219e-08
2.06941699332219e-08
2.06941699332219e-08
2.06941699332219e-08
2.06941699332219e-08
2.06941699332219e-08
2.06941699332219e-08
2.06941699332219e-08
2.06941699332219e-08
2.06941699332219e-08
2.06941699332219e-08
2.06941699332219e-08
2.06941699332219e-08
2.06941699332219e-08
2.06941699332219e-08
2.06941699332219e-08
2.06941699332219e-08
2.06941699332219e-08
2.06941699332219e-08
2.06941699332219e-08
2.06941699332219e-08
2.06941699332219e-08
2.06941699332219e-08
2.06941699332219e-08
2.06941699332219e-08
2.06941699332219e-08
2.06941699332219e-08
2.06941699332219e-08
2.06941699332219e-08
2.06941699332219e-08
2.06941699332219e-08
2.06941699332219e-08
2.06941699332219e-08
2.06941699332219e-08
2.06941699332219e-08
2.06941699332219e-08
2.06941699332219e-08
2.06941699332219e-08
2.06941699332219e-08
2.06941699332219e-08
2.06941699332219e-08
2.06941699332219e-08
2.06941699332219e-08
2.06941699332219e-08
2.06941699332219e-08
2.06941699332219e-08
2.06941699332219e-08
2.06941699332219e-08
2.06941699332219e-08
2.06941699332219e-08
2.06941699332219e-08
2.06941699332219e-08
2.06941699332219e-08
2.06941699332219e-08
2.06941699332219e-08
2.06941699332219e-08
2.06941699332219e-08
2.06941699332219e-08
2.06941699332219e-08
2.06941699332219e-08
2.06941699332219e-08
2.06941699332219e-08
2.06941699332219e-08
2.06941699332219e-08
2.06941699332219e-08
2.06941699332219e-08
2.06941699332219e-08
2.06941699332219e-08
2.06941699332219e-08
2.06941699332219e-08
2.06941699332219e-08
2.06941699332219e-08
2.06941699332219e-08
2.06941699332219e-08
2.06941699332219e-08
2.06941699332219e-08
2.06941699332219e-08
2.06941699332219e-08
2.06941699332219e-08
2.06941699332219e-08
2.06941699332219e-08
2.06941699332219e-08
2.06941699332219e-08
2.06941699332219e-08
2.06941699332219e-08
2.06941699332219e-08
2.06941699332219e-08
2.06941699332219e-08
2.06941699332219e-08
2.06941699332219e-08
2.06941699332219e-08
2.06941699332219e-08
2.06941699332219e-08
2.06941699332219e-08
2.06941699332219e-08
2.06941699332219e-08
2.06941699332219e-08
2.06941699332219e-08
2.06941699332219e-08
2.06941699332219e-08
2.06941699332219e-08
2.06941699332219e-08
