0.0
0.000624999986030161
0.00109375000465661
0.00156250002328306
0.00203124992549419
0.00249999994412065
0.0029687499627471
0.00367187499068677
0.00472656264901161
0.0063085937872529
0.00868164096027613
0.0122412107884884
0.0175805669277906
0.0255896002054214
0.0355895981192589
0.0455895997583866
0.0555896013975143
0.0655895993113518
0.0755895972251892
0.0855896025896072
0.0880896002054214
0.0918395966291428
0.0974645987153053
0.0988708510994911
0.100277096033096
0.102386474609375
0.105550535023212
0.110296629369259
0.117415770888329
0.119915768504143
0.123665772378445
0.129290774464607
0.131400153040886
0.134564206004143
0.139310300350189
0.146429449319839
0.148929446935654
0.152679443359375
0.156429439783096
0.160179436206818
0.1639294475317
0.169554442167282
0.171663820743561
0.174827873706818
0.179573968052864
0.186693117022514
0.193812251091003
0.200931400060654
0.202711179852486
0.204490959644318
0.207160651683807
0.209830328822136
0.212500005960464
0.215169683098793
0.219174191355705
0.223178714513779
0.227183222770691
0.231187745928764
0.235192254185677
0.23919677734375
0.243201300501823
0.247205808758736
0.251210331916809
0.255214840173721
0.259219348430634
0.263223886489868
0.26722839474678
0.268229514360428
0.269731223583221
0.271983742713928
0.275362581014633
0.276629626750946
0.278530210256577
0.281381070613861
0.285657376050949
0.287261009216309
0.288864612579346
0.290468215942383
0.292873650789261
0.296481788158417
0.300089925527573
0.303698062896729
0.307306200265884
0.31091433763504
0.316326528787613
0.318356096744537
0.319878280162811
0.321400463581085
0.322922646999359
0.32520592212677
0.327489197254181
0.329772472381592
0.329915165901184
0.329950839281082
0.32998651266098
0.330040037631989
0.330120295286179
0.330240726470947
0.330361127853394
0.33048152923584
0.330601930618286
0.330722332000732
0.330842733383179
0.330933064222336
0.331023365259171
0.331091076135635
0.331158816814423
0.33122655749321
0.331294268369675
0.331362009048462
0.331463605165482
0.331501692533493
0.331539779901505
0.331577897071838
0.331635028123856
0.331656455993652
0.331688612699509
0.331736832857132
0.331785053014755
0.331833273172379
0.331881463527679
0.331929683685303
0.331977903842926
0.332026124000549
0.332074344158173
0.33208641409874
0.332098454236984
0.332110524177551
0.332122564315796
0.332134604454041
0.332146674394608
0.332158714532852
0.332170784473419
0.332188874483109
0.332215994596481
0.332243114709854
0.332270234823227
0.3322973549366
0.332324475049973
0.332365155220032
0.332405835390091
0.33244651556015
0.332487195730209
0.332527875900269
0.332588911056519
0.332649946212769
0.332710951566696
0.332771986722946
0.332833021879196
0.332894027233124
0.332955062389374
0.333016097545624
0.333107620477676
0.333244919776917
0.333450883626938
0.333759814500809
0.334223240613937
0.334918349981308
0.335961014032364
0.337525010108948
0.339871019124985
0.343390017747879
0.34866851568222
0.356586277484894
0.366586267948151
0.376586258411407
0.386586278676987
0.396586269140244
0.4065862596035
0.409086257219315
0.412836253643036
0.413187831640244
0.413319677114487
0.413369089365005
0.413443267345428
0.413471072912216
0.413481503725052
0.413497149944305
0.413503021001816
0.41350519657135
0.413508504629135
0.413509756326675
0.413511604070663
0.413511782884598
0.413511842489243
0.413511872291565
0.413511872291565
0.413511872291565
0.413511902093887
0.413511902093887
0.413511902093887
0.413511902093887
