0.0
0.0
5.17334228788968e-08
5.03851254052279e-07
6.28111763489869e-07
7.01177782502782e-07
5.45479679203709e-07
2.00600553057484e-07
1.62750708909698e-07
1.6037746775055e-07
1.84014311344072e-07
2.04260587111094e-07
2.42612571810241e-07
3.5384877605793e-07
6.86852274611738e-07
8.69125699409778e-07
1.2056210607625e-06
1.58933153215912e-06
1.95128973246028e-06
2.04915477297618e-06
2.12754753192712e-06
2.1994974304107e-06
2.26815018322668e-06
2.32848742598435e-06
2.3697325559624e-06
2.41039447246294e-06
2.43543627220788e-06
2.450569127177e-06
2.4804501208564e-06
2.49361141868576e-06
2.5162319161609e-06
2.52546897172579e-06
2.54024735113489e-06
2.54313840741816e-06
2.54422752732353e-06
2.5458666641498e-06
2.54751194006531e-06
2.54916403719108e-06
2.55082773037429e-06
2.55249779002042e-06
2.5541767172399e-06
2.55586405728536e-06
2.5575627660146e-06
2.56013595389959e-06
2.56405724030628e-06
2.57012789006694e-06
2.57958004112879e-06
2.5944964363589e-06
2.61017066804925e-06
2.6265236101608e-06
2.6439279281476e-06
2.65802509602509e-06
2.67302675638348e-06
2.61807554124971e-06
2.57995156971447e-06
2.58888235293853e-06
2.61816876445664e-06
2.65481776295928e-06
2.70985128736356e-06
2.77841968454595e-06
2.83910662801645e-06
2.93270841211779e-06
3.03656042888178e-06
3.14029307446617e-06
3.23367999044422e-06
3.38368545271805e-06
3.59431010110711e-06
3.82604002879816e-06
4.09193125960883e-06
4.570151304506e-06
5.07319418829866e-06
5.39141638000729e-06
5.48343405171181e-06
5.58271312911529e-06
5.68626774111181e-06
5.793786385766e-06
5.95939172853832e-06
6.12496205576463e-06
6.23937376076356e-06
6.28474117547739e-06
6.32849469184293e-06
6.36497225059429e-06
6.36259937891737e-06
6.3570000747859e-06
6.37884431853308e-06
6.39894597043167e-06
6.42502754999441e-06
6.46384523861343e-06
6.52098606224172e-06
6.60580553812906e-06
6.73640715831425e-06
6.94213076712913e-06
7.26872576706228e-06
7.4938884608855e-06
7.54638858779799e-06
7.59902422942105e-06
7.60400689614471e-06
7.60898547014222e-06
7.61397177484469e-06
7.61896581025212e-06
7.62396621212247e-06
7.62889521865873e-06
7.63375192036619e-06
7.63844673201675e-06
7.64284050092101e-06
7.6461201388156e-06
7.64909964345861e-06
7.65235108701745e-06
7.65579716244247e-06
7.65959612181177e-06
7.66569610277656e-06
7.67515666666441e-06
7.68928202887764e-06
7.71024770074291e-06
7.74175532569643e-06
7.78889989305753e-06
7.85338124842383e-06
7.90948342910269e-06
7.97428765508812e-06
8.03414695838001e-06
8.10289839137113e-06
8.12878261058358e-06
8.13854057923891e-06
8.14837039797567e-06
8.15759085526224e-06
8.16658211988397e-06
8.17515956441639e-06
8.17719774204306e-06
8.17919135442935e-06
8.18110220279777e-06
8.18350690678926e-06
8.18498210719554e-06
8.18687749415403e-06
8.18928583612433e-06
8.19196884549456e-06
8.19489923742367e-06
8.19799879536731e-06
8.20140849100426e-06
8.20693276182283e-06
8.21558387542609e-06
8.22845595394028e-06
8.24809376354096e-06
8.2783772086259e-06
8.31723809824325e-06
8.35866831039311e-06
8.43105135572841e-06
8.51676031743409e-06
8.59325427882141e-06
8.65657057147473e-06
8.70167332323035e-06
8.76871945365565e-06
8.78794799064053e-06
8.79378421814181e-06
8.80176594364457e-06
8.80358402355341e-06
8.8037295427057e-06
8.80379957379773e-06
8.80358857102692e-06
8.80344396136934e-06
8.80327479535481e-06
8.80319748830516e-06
8.80308652995154e-06
8.80279185366817e-06
8.80223433341598e-06
8.80098559719045e-06
8.79860726854531e-06
8.79467370396014e-06
8.79052277014125e-06
8.78717582963873e-06
8.78315586305689e-06
8.77913316799095e-06
8.77641559782205e-06
8.77493403095286e-06
8.77398542797891e-06
8.77418824529741e-06
8.77506499818992e-06
8.77675302035641e-06
8.77948150446173e-06
8.78339324117405e-06
8.78849914442981e-06
8.79442723089596e-06
8.80333209352102e-06
8.8132201199187e-06
8.83093525771983e-06
8.84592191141564e-06
8.84503333509201e-06
8.84040400705999e-06
8.83311167854117e-06
8.82479889696697e-06
8.81177493283758e-06
8.80832976690726e-06
8.80408151715528e-06
8.80485185916768e-06
8.82677977642743e-06
8.88494105311111e-06
8.99100814422127e-06
9.14147221919848e-06
9.17522538657067e-06
9.21351693250472e-06
9.28018926060759e-06
9.29915404412895e-06
9.28481676965021e-06
9.24581854633288e-06
9.05266460904386e-06
8.39737003843766e-06
8.02400427346583e-06
6.79440518069896e-06
4.29733063356252e-06
4.11667269872851e-06
4.01351871914812e-06
3.99829741581925e-06
3.9994497456064e-06
4.0009663280216e-06
4.00318867832539e-06
4.00652606913354e-06
4.01152055928833e-06
4.01898250856902e-06
4.03010744776111e-06
4.04670072384761e-06
4.07032484872616e-06
4.09739868700854e-06
4.12996269005816e-06
4.16450666307355e-06
4.16954662796343e-06
4.04974662160384e-06
3.7228451219562e-06
3.18877323479683e-06
2.85238365904661e-06
3.01426052828901e-06
3.40408132615266e-06
3.79722519028292e-06
4.08702862841892e-06
3.95508413930656e-06
3.47188415616984e-06
2.92451750283362e-06
2.67085692939872e-06
2.73334967459959e-06
2.89839249489887e-06
3.18080560646194e-06
3.60162607648817e-06
3.76586945094459e-06
3.72225690625783e-06
3.29928616338293e-06
2.88905130219064e-06
2.64302207142464e-06
2.61319473793264e-06
2.73249247584317e-06
2.8520319119707e-06
3.03205160889775e-06
3.32243098455365e-06
3.52351116816862e-06
3.3354506285832e-06
3.09941697196336e-06
2.6941484065901e-06
2.46615877586009e-06
2.329963763259e-06
2.42928126681363e-06
2.55709733210097e-06
2.71929661721515e-06
2.88301771433908e-06
3.04090713143523e-06
3.28044393427263e-06
3.61893080480513e-06
3.38498011842603e-06
3.11218514070788e-06
2.57884380516771e-06
2.18826994569099e-06
1.89749198398204e-06
1.9984165646747e-06
2.12451186598628e-06
2.18755394598702e-06
2.36480263993144e-06
2.49958634412906e-06
2.64967911789427e-06
2.79170376416005e-06
2.94537744593981e-06
3.17142030326067e-06
3.1999677503336e-06
2.95639074465726e-06
2.69701854449522e-06
2.15146087612084e-06
1.91700337381917e-06
1.87637533599627e-06
2.10971802516724e-06
1.96290147869149e-06
1.97681220015511e-06
2.14572128243162e-06
2.08392702916171e-06
2.19905746234872e-06
2.31170588449459e-06
2.4691364615137e-06
2.62023240793496e-06
2.82694600173272e-06
3.08282847072405e-06
3.09586357616354e-06
2.74479816653184e-06
2.4398962068517e-06
2.07451080314058e-06
1.67747282375785e-06
1.59944738697959e-06
1.97518147615483e-06
1.92673360288609e-06
1.74016747678252e-06
1.98729753719817e-06
2.08753021979646e-06
1.85527835583343e-06
1.9454525954643e-06
2.19761182052025e-06
2.16697276300692e-06
