0
0.127316
0.396874
0.818466
0.848029
0.907905
1.287762
2.033013
2.830677
2.972825
3.104237
3.250766
3.659306
3.960881
4.326959
4.684616
5.006268
5.578949
6.592937
7.651373
8.418196
9.112039
9.651748
9.850219
9.757919
9.593109
9.531765
9.322835
9.178977
9.008384
8.825278
8.64437
8.442272
8.249621
8.028383
7.796326
7.598272
7.425617
7.25412
7.058294
6.862088
6.651837
6.436491
6.259524
6.089826
5.910243
5.73087
5.550604
5.362135
5.169242
5.006202
4.853962
4.684382
4.51384
4.339052
4.16456
3.99206
3.829249
3.691155
3.549057
3.396539
3.252695
3.102433
2.951945
2.796101
2.642998
2.495565
2.358603
2.226865
2.098034
1.964603
1.825304
1.685634
1.54884
1.40197
1.263675
1.145425
1.029048
0.909117
0.785492
0.663515
0.546991
0.494011
0.483856
0.474643
0.463341
0.476659
0.484192
0.49334
0.503103
0.503571
0.502093
0.493035
0.48654
0.469207
0.465033
0.457776
0.452499
0.464328
0.473581
0.482359
0.500469
0.511592
0.518697
0.51312
0.501305
0.487083
0.473646
0.461206
0.455218
0.447352
