0.0
0.0
6.3659837223895e-07
1.51777828705235e-06
1.87699322395929e-06
1.38526411319617e-06
1.1053630259994e-06
1.81877385330154e-06
3.78978984372225e-06
5.46582441529608e-06
6.54789073450956e-06
7.21803917258512e-06
7.71001487009926e-06
7.95573760115076e-06
9.28446115722181e-06
9.52035497903125e-06
9.42929455050034e-06
9.05493016034598e-06
8.48278705234407e-06
7.88987654232187e-06
7.17317288945196e-06
6.44537749394658e-06
5.71703594687278e-06
5.07967251905939e-06
3.96700670535211e-06
2.92253821498889e-06
2.56050816460629e-06
2.40325948652753e-06
2.33568243857007e-06
2.29302895604633e-06
2.26670954361907e-06
2.24782911573129e-06
2.27006717068434e-06
2.37195240515575e-06
2.48657624979387e-06
2.52482027462975e-06
2.49974482358084e-06
2.40962299358216e-06
2.34429057854868e-06
2.33299510910001e-06
2.30435489356751e-06
2.25413145926723e-06
2.21276945922e-06
2.23014103539754e-06
2.28103840527183e-06
2.38048687606351e-06
2.48059700425074e-06
2.51021083386149e-06
2.4781918455119e-06
2.42905321101716e-06
2.33186960940657e-06
2.30930777433969e-06
2.26291263061285e-06
2.20132415051921e-06
2.1416844901978e-06
2.10779421649931e-06
2.09240238291386e-06
2.07567995857971e-06
2.14345936910831e-06
2.26259817281971e-06
2.36741675507801e-06
2.48003516389872e-06
2.44554166783928e-06
2.40228860093339e-06
2.32944216804754e-06
2.2859599084768e-06
2.24327141040703e-06
2.22789435611048e-06
2.17131560020789e-06
2.15919476431736e-06
2.10787834475923e-06
2.06299318961101e-06
2.0452778244362e-06
2.03830359168933e-06
2.04813864002062e-06
2.07428024623368e-06
2.11794713322888e-06
2.17622505260806e-06
2.35796755987394e-06
2.32913612308039e-06
2.30399405154458e-06
2.27753116632812e-06
2.27150803766563e-06
2.2235312826524e-06
2.16234502659063e-06
2.08914821087092e-06
2.02991145670239e-06
1.97953113456606e-06
1.95660231838701e-06
1.89567640518362e-06
1.87805198947899e-06
1.8789287423715e-06
1.87464229384204e-06
1.87248326710687e-06
1.93690402738866e-06
2.0273632799217e-06
2.06446225092805e-06
2.11366545954661e-06
2.23983738578681e-06
2.29690613195999e-06
2.28958401748969e-06
