0.0
1.4769970787531e-15
6.37630690231866e-15
1.35266570757938e-14
3.06736268329555e-11
2.17909412736361e-10
5.79520709198533e-10
7.573746629852e-10
9.28114252118917e-10
1.15519305232681e-09
1.24547550051091e-09
1.38005951111353e-09
1.61362634365503e-09
1.71821001870853e-09
1.90800597543728e-09
2.59462029639224e-09
3.82217990591016e-09
5.36450395216548e-09
6.97316515640978e-09
1.22313252859385e-08
3.50849127528363e-08
7.22093602689711e-08
1.02036409543871e-07
1.09522261482198e-07
1.22145209502378e-07
1.4432775685691e-07
1.53130386593148e-07
1.66490806918773e-07
1.86168051641289e-07
2.15298442185485e-07
2.23924033093681e-07
2.31126165317619e-07
2.38034942867671e-07
2.47813403575492e-07
2.61504396803502e-07
2.66486409827849e-07
2.68386884272331e-07
2.6856508839046e-07
2.68631623612237e-07
2.68637876388311e-07
2.686384448225e-07
2.68638672196175e-07
2.68638757461304e-07
2.68638757461304e-07
2.68638785883013e-07
2.68638785883013e-07
2.68638785883013e-07
2.68638785883013e-07
