-0.000000
-0.000000
0.385451
1.072366
1.839880
2.471841
2.916744
3.326285
3.784676
4.607824
5.842686
6.670678
7.082104
7.173418
7.258101
7.260538
7.263032
7.265540
7.268047
7.270548
7.273096
7.275764
7.279981
7.281555
7.283127
7.284694
7.286258
7.287815
7.290141
7.292452
7.294747
7.297016
7.299239
7.301389
7.303385
7.305119
7.306336
7.306650
7.307047
7.307405
7.307306
7.305837
7.304921
7.303624
7.301715
7.298710
7.294011
7.288062
7.279895
7.267660
7.257922
7.248169
7.233538
7.212689
7.194568
7.181171
7.170938
7.163747
7.159097
7.157302
7.159956
7.169885
7.182521
7.195819
7.209377
7.229665
7.260151
7.303676
7.360358
7.410014
7.455592
7.499318
7.562270
7.646615
7.722771
7.792356
7.857743
7.926302
8.002002
8.108415
8.255320
8.489921
8.688555
8.775099
8.826760
8.891327
8.957509
8.884766
8.906083
8.933322
8.962837
8.982643
8.965068
8.945020
8.924377
8.903234
8.882022
8.850802
8.809014
8.773621
8.739553
8.711980
8.677746
8.633319
8.573830
8.538595
8.568539
8.404980
8.163186
7.915705
7.721865
7.559272
7.360784
7.080130
6.830812
6.590798
6.351584
6.110304
5.820078
5.521502
5.222375
4.917238
4.613561
4.310420
4.004854
3.693021
3.381434
3.069595
2.760592
2.449920
2.142127
1.834620
1.531329
1.230481
0.930806
0.632748
0.335160
0.046188
0.000571
0.000584
0.000594
0.000602
0.000607
0.000612
0.000612
0.000611
0.000605
0.000607
0.000601
0.000584
0.000576
0.000556
0.000548
0.000544
0.000535
0.000533
0.000511
0.000485
0.000470
0.000436
0.000414
0.000383
0.000349
0.000325
0.000295
0.000253
0.000236
0.000189
0.000151
0.000125
0.000091
0.000051
0.000032
0.000031
0.000000
0.000003
0.000005
0.000005
0.000003
-0.000001
-0.000001
