0.0
0.0
6.38920937490184e-07
1.47360901792126e-06
1.82333565135195e-06
1.29421107430971e-06
1.1110462310171e-06
1.91174603969557e-06
3.85709427064285e-06
5.23335756952292e-06
6.10407141721225e-06
6.15739645581925e-06
6.1722967075184e-06
6.06782577960985e-06
5.9287804106134e-06
5.78939261686173e-06
5.7703673519427e-06
5.63796993446886e-06
5.53804875380592e-06
5.46306455362355e-06
5.44834892934887e-06
5.33585716766538e-06
5.21113861395861e-06
5.04946001456119e-06
4.91148784931283e-06
4.7728099161759e-06
4.63048718302161e-06
4.51949154012254e-06
4.4039679778507e-06
4.28672910857131e-06
4.17423780163517e-06
4.07756806453108e-06
3.98601969209267e-06
3.85549174097832e-06
3.71779628949298e-06
3.61750130650762e-06
3.49722176906653e-06
3.37702726938005e-06
3.28182341036154e-06
3.17534249916207e-06
3.03534966406005e-06
2.92224194708979e-06
2.76597279480484e-06
2.60484534919669e-06
2.5004683266161e-06
2.35394963965518e-06
2.24847849494836e-06
2.10254233934393e-06
1.99074770534935e-06
1.87075545454718e-06
1.76192088474636e-06
1.67977748333215e-06
1.58213003942365e-06
1.50386631503352e-06
1.40152189942455e-06
1.32425577703543e-06
1.22694996207429e-06
1.15669638489635e-06
1.05582296328066e-06
9.58724740485195e-07
8.57264979003958e-07
7.74865213770681e-07
6.97596135523781e-07
6.31382079063769e-07
5.71912039504241e-07
5.11668133640342e-07
4.72072031243442e-07
4.26927044827607e-07
3.96739693542258e-07
3.68985496379537e-07
3.52892897126367e-07
3.4157238815169e-07
3.35964045916626e-07
3.29062714854444e-07
3.29774820784223e-07
3.3553024536559e-07
3.40597807735321e-07
3.39529350412704e-07
3.34877313434845e-07
3.35511202820271e-07
3.31394971908594e-07
3.2442341080241e-07
3.14643699539374e-07
3.0629149705419e-07
2.94882482876346e-07
2.83411850432458e-07
2.79070434316964e-07
2.70664486379246e-07
2.61072329976741e-07
2.71420333319838e-07
2.79780266509988e-07
2.83321696770145e-07
2.87832875756067e-07
2.89407807940734e-07
2.97097699331061e-07
3.09396995135103e-07
3.12804871782646e-07
3.20391507102613e-07
3.33333531443714e-07
3.40090252848313e-07
3.41516880553172e-07
3.45174839821993e-07
3.46522909921987e-07
3.42257550300928e-07
3.38740846927976e-07
