0.0
2.75157361784295e-07
3.03426162417963e-07
3.03426162417963e-07
3.03426162417963e-07
3.03426162417963e-07
3.03426162417963e-07
3.28159615037293e-07
3.88987587029987e-07
4.01768573965455e-07
4.01768573965455e-07
4.01768573965455e-07
4.01768573965455e-07
4.01768573965455e-07
4.04393688313576e-07
4.10705894182684e-07
4.12179247177846e-07
4.13024196177503e-07
4.13202599247597e-07
4.13669255294735e-07
4.14365274536976e-07
4.1458864075139e-07
4.14968184259124e-07
4.15533236264309e-07
4.16363690192156e-07
4.17447921563507e-07
4.17841903299632e-07
4.18392261281042e-07
4.19216803493327e-07
4.20219180341519e-07
4.21215389678764e-07
4.21435373709755e-07
4.21669369643496e-07
4.21781294335233e-07
4.21940342221205e-07
4.22071394723389e-07
4.22071394723389e-07
4.22071394723389e-07
4.22071394723389e-07
4.22071394723389e-07
4.22071394723389e-07
4.22071394723389e-07
4.22071394723389e-07
4.22071394723389e-07
4.2421694956829e-07
4.2421694956829e-07
4.2421694956829e-07
4.2421694956829e-07
4.2421694956829e-07
8.35189780445944e-07
8.7254363734246e-07
9.06512866549747e-07
9.11905033262883e-07
9.11905033262883e-07
9.11905033262883e-07
9.11905033262883e-07
9.11905033262883e-07
9.11905033262883e-07
9.11905033262883e-07
9.11905033262883e-07
9.11905033262883e-07
9.11905033262883e-07
9.11905033262883e-07
9.11905033262883e-07
9.11905033262883e-07
9.11905033262883e-07
9.11905033262883e-07
9.11905033262883e-07
9.11905033262883e-07
9.11905033262883e-07
9.11905033262883e-07
9.11905033262883e-07
9.11905033262883e-07
9.11905033262883e-07
9.11905033262883e-07
9.11905033262883e-07
9.11905033262883e-07
9.11905033262883e-07
9.11905033262883e-07
9.11905033262883e-07
9.11905033262883e-07
9.11905033262883e-07
9.11905033262883e-07
9.11905033262883e-07
9.11905033262883e-07
9.11905033262883e-07
9.11905033262883e-07
9.11905033262883e-07
9.11905033262883e-07
9.11905033262883e-07
9.11905033262883e-07
9.11905033262883e-07
9.11905033262883e-07
9.11905033262883e-07
9.11905033262883e-07
9.11905033262883e-07
9.11905033262883e-07
9.11905033262883e-07
9.11905033262883e-07
9.11905033262883e-07
9.11905033262883e-07
9.11905033262883e-07
9.11905033262883e-07
9.11905033262883e-07
9.11905033262883e-07
9.11905033262883e-07
9.11905033262883e-07
9.11905033262883e-07
9.11905033262883e-07
9.11905033262883e-07
9.11905033262883e-07
9.11905033262883e-07
9.11905033262883e-07
9.11905033262883e-07
9.11905033262883e-07
9.11905033262883e-07
9.11905033262883e-07
9.11905033262883e-07
9.11905033262883e-07
9.11905033262883e-07
9.11905033262883e-07
9.11905033262883e-07
9.11905033262883e-07
9.11905033262883e-07
9.11905033262883e-07
9.11905033262883e-07
9.11905033262883e-07
9.11905033262883e-07
9.11905033262883e-07
9.11905033262883e-07
9.11905033262883e-07
9.11905033262883e-07
9.11905033262883e-07
9.11905033262883e-07
