0.0
0.00999999977648258
0.0199999995529652
0.0299999993294477
0.0399999991059303
0.0500000007450581
0.0524999983608723
0.0562499985098839
0.0618750005960464
0.0703125
0.0803124979138374
0.0903125032782555
0.100312501192093
0.11031249910593
0.120312497019768
0.130312502384186
0.1328125
0.135312497615814
0.137812495231628
0.138437494635582
0.138593748211861
0.138750001788139
0.138906255364418
0.139062494039536
0.139179691672325
0.139267578721046
0.139355465769768
0.139443352818489
0.13946533203125
0.139487311244011
0.139509275555611
0.139542236924171
0.139575198292732
0.139608159661293
0.139614328742027
0.139620512723923
0.139629781246185
0.139639049768448
0.13964831829071
0.139657586812973
0.139666855335236
0.139680773019791
0.139701619744301
0.139732912182808
0.139756366610527
0.139779835939407
0.139803305268288
0.139838501811028
0.139873698353767
0.139908894896507
0.139944091439247
0.139979287981987
0.140014469623566
0.140067264437675
0.140146464109421
0.140265241265297
0.140443429350853
0.140710696578026
0.141111597418785
0.141712963581085
0.142614990472794
0.143968045711517
0.144221737980843
0.144412010908127
0.144602283835411
0.144673630595207
0.144744992256165
0.144816339015961
0.144923374056816
0.145083904266357
0.145144119858742
0.145204320549965
0.145264521241188
0.145324721932411
0.145415022969246
0.145550489425659
0.145601287484169
0.145652085542679
0.145702883601189
0.145779073238373
0.145836219191551
0.14589336514473
0.145979091525078
0.146107658743858
0.1462362408638
0.146364822983742
0.146493405103683
0.146686270833015
0.146975576877594
0.147409528493881
0.147843480110168
0.148277431726456
0.148928374052048
0.149904757738113
0.151369363069534
0.153566256165504
0.155763149261475
0.157960042357445
0.161255389451981
0.166198402643204
0.173612922430038
0.183612912893295
0.193612918257713
0.203612923622131
0.213612914085388
0.223612919449806
0.233612924814224
0.243612915277481
0.253612905740738
0.263612926006317
0.273612916469574
0.283612906932831
0.29361292719841
0.303612917661667
0.313612908124924
0.323612928390503
0.33361291885376
0.343612909317017
0.353612929582596
0.363612920045853
0.373612910509109
0.383612930774689
0.393612921237946
0.403612911701202
0.413612931966782
0.423612922430038
0.433612912893295
0.443612933158875
0.453612923622131
0.463612914085388
0.473612904548645
0.483612924814224
0.493612915277481
0.50361293554306
0.513612926006317
0.523612916469574
0.533612906932831
0.543612897396088
0.553612947463989
0.563612937927246
0.573612928390503
0.58361291885376
0.593612909317017
0.603612899780273
0.61361289024353
0.623612940311432
0.633612930774689
0.643612921237946
0.653612911701202
0.663612902164459
0.673612892627716
0.683612942695618
0.693612933158875
0.703612923622131
0.713612914085388
0.723612904548645
0.733612895011902
0.743612945079803
0.75361293554306
0.763612926006317
0.773612916469574
0.783612906932831
0.793612897396088
0.803612947463989
0.813612937927246
0.814237892627716
0.815175414085388
0.815175414085388
