0.0
1.65713942568146e-09
5.54618395653961e-07
6.18077990566235e-07
8.05996990038693e-07
1.44170087423845e-06
2.2528854515258e-06
3.04098921333207e-06
3.84486884286162e-06
4.05747050535865e-06
4.29824831371661e-06
4.66836081614019e-06
5.34426089870976e-06
7.3644109761517e-06
7.77603509050095e-06
8.46445709612453e-06
8.72537020768505e-06
9.06466630112845e-06
9.33054070628714e-06
9.40573499974562e-06
9.49757122725714e-06
9.59063072514255e-06
9.59324006544193e-06
9.61127716436749e-06
9.62729518505512e-06
9.65100389294093e-06
9.65995968726929e-06
9.67348296398995e-06
9.6785861387616e-06
9.68049880611943e-06
9.68337644735584e-06
9.68769018072635e-06
9.69415850704536e-06
9.70390374277486e-06
9.71861936704954e-06
9.74068643699866e-06
9.77418858383317e-06
9.82470101007493e-06
9.92131208477076e-06
9.99290750769433e-06
1.01555460787495e-05
1.03898337329156e-05
1.07713412944577e-05
1.13397281893413e-05
1.22955552797066e-05
1.31443748614402e-05
1.33677121993969e-05
1.3644426871906e-05
1.40985193866072e-05
1.482890729676e-05
1.49380675793509e-05
1.5172709026956e-05
1.5537980289082e-05
1.61356565513415e-05
1.71883875736967e-05
1.72904128703522e-05
1.74607321241638e-05
1.74763808900025e-05
1.74982633325271e-05
1.75075801962521e-05
1.75111108546844e-05
1.75124314409913e-05
1.75144141394412e-05
1.75145996763604e-05
1.75148798007285e-05
1.75148852576967e-05
1.75148961716332e-05
1.7514899809612e-05
1.75149016286014e-05
1.75149034475908e-05
1.75149034475908e-05
1.75149034475908e-05
1.75149034475908e-05
1.75149034475908e-05
1.75149034475908e-05
1.75149034475908e-05
1.75149034475908e-05
1.75149034475908e-05
1.75149034475908e-05
1.75149034475908e-05
1.75149034475908e-05
