0.0
0.00999999977648258
0.0199999995529652
0.0299999993294477
0.0399999991059303
0.0500000007450581
0.0599999986588955
0.0700000002980232
0.0799999982118607
0.0900000035762787
0.100000001490116
0.109999999403954
0.119999997317791
0.129999995231628
0.140000000596046
0.150000005960464
0.159999996423721
0.170000001788139
0.180000007152557
0.189999997615814
0.200000002980232
0.207499995827675
0.215000003576279
0.222499996423721
0.224374994635582
0.224843755364418
0.225312501192093
0.226015627384186
0.227070316672325
0.228652343153954
0.229047849774361
0.229443356394768
0.22954224050045
0.229641109704971
0.229739993810654
0.229888305068016
0.230036616325378
0.230184942483902
0.230333253741264
0.230481564998627
0.230629876255989
0.230778202414513
0.230926513671875
0.231037750840187
0.231204599142075
0.231371462345123
0.231538310647011
0.23170517385006
0.231872022151947
0.232038885354996
0.232205733656883
0.232372581958771
0.232539445161819
0.232706293463707
0.232873156666756
0.233123436570168
0.233373716473579
0.233623996376991
0.233874276280403
0.234124571084976
0.234374850988388
0.234750270843506
0.235313400626183
0.236158102750778
0.237425163388252
0.239325746893883
0.242176622152328
0.246452927589417
0.252867370843887
0.262489080429077
0.272489070892334
0.282489091157913
0.29248908162117
0.302489072084427
0.312489062547684
0.322489082813263
0.33248907327652
0.342489063739777
0.352489084005356
0.362489074468613
0.37248906493187
0.382489085197449
0.392489075660706
0.402489066123962
0.412489086389542
0.422489076852798
0.432489067316055
0.442489087581635
0.452489078044891
0.462489068508148
0.472489088773727
0.482489079236984
0.492489069700241
0.50248908996582
0.512489080429077
0.522489070892334
0.532489061355591
0.542489051818848
0.552489101886749
0.562489092350006
0.572489082813263
0.58248907327652
0.592489063739777
0.602489054203033
0.612489104270935
0.622489094734192
0.632489085197449
0.642489075660706
0.652489066123962
0.662489056587219
0.672489047050476
0.682489097118378
0.692489087581635
0.702489078044891
0.712489068508148
0.722489058971405
0.732489049434662
0.742489099502563
0.75248908996582
0.762489080429077
0.772489070892334
0.782489061355591
0.792489051818848
0.802489101886749
0.812489092350006
0.822489082813263
0.83248907327652
0.842489063739777
0.852489054203033
0.862489104270935
0.872489094734192
0.882489085197449
0.892489075660706
0.902489066123962
0.912489056587219
0.922489047050476
0.932489097118378
0.942489087581635
0.952489078044891
0.962489068508148
0.972489058971405
0.982489049434662
0.992489099502563
1.0
