0.0
1.5936810981998e-08
1.86884483355243e-06
3.73191483049595e-06
6.13855081610382e-06
9.03595355339348e-06
1.22844176075887e-05
1.66317713592434e-05
2.19192697841208e-05
3.07077643810771e-05
4.01802062697243e-05
5.268140375847e-05
5.80805935896933e-05
6.43186649540439e-05
7.08767911419272e-05
8.0814104876481e-05
8.46060065669008e-05
9.0223053121008e-05
9.88972897175699e-05
0.000109917331428733
0.000126519720652141
0.000151922315126285
0.000207388889975846
0.000220078160054982
0.000235052153584547
0.000250271084951237
0.000272694072918966
0.000298130296869203
0.00032105777063407
0.000341895938618109
0.000365124229574576
0.000389542692573741
0.000415244023315609
0.000439844909124076
0.000472507934318855
0.000482294068206102
0.000484747492009774
0.000487221172079444
0.000489725440274924
0.000489959551487118
0.000489959784317762
0.000489959784317762
0.000489959842525423
0.000489959842525423
0.000489959958940744
0.000489959958940744
0.000489959958940744
0.000489960017148405
0.000489960017148405
0.000489960075356066
0.000489960133563727
0.000489960133563727
0.000489960191771388
0.000489960191771388
0.000489960249979049
0.00048996030818671
0.00048996030818671
0.00048996030818671
0.000489960366394371
0.000489960424602032
0.000489960424602032
0.000489960482809693
0.000489960541017354
0.000489960541017354
0.000489960599225014
0.000489960599225014
0.000489960657432675
0.000489960715640336
0.000489960715640336
0.000489960773847997
0.000489960773847997
0.000489960832055658
0.000489960890263319
0.00048996094847098
0.000489961006678641
0.000489961064886302
0.000489961064886302
0.000489961123093963
0.000489961181301624
0.000489961181301624
0.000489961239509284
0.000489961239509284
0.000489961297716945
0.000489961297716945
0.000489961355924606
0.000489961414132267
0.000489961414132267
0.000489961472339928
0.000489961472339928
0.000489961530547589
0.000489961530547589
0.00048996158875525
0.000489961646962911
0.000489961705170572
0.000489961705170572
0.000489961763378233
0.000489961763378233
0.000489961821585894
0.000489961821585894
0.000489961879793555
0.000489961938001215
0.000489961996208876
0.000489961996208876
0.000489962054416537
0.000489962112624198
0.000489962170831859
0.00048996222903952
0.000489962287247181
0.000489962287247181
0.000489962287247181
0.000489962345454842
0.000489962403662503
0.000489962403662503
0.000489962461870164
0.000489962520077825
0.000489962520077825
0.000489962578285486
0.000489962578285486
0.000489962636493146
0.000489962694700807
0.000489962694700807
0.000489962752908468
0.000489962811116129
0.000489962811116129
0.00048996286932379
0.00048996286932379
0.000489962927531451
0.000489962927531451
0.000489962985739112
0.000489963043946773
0.000489963043946773
0.000489963102154434
0.000489963102154434
0.000489963160362095
0.000489963160362095
0.000489963218569756
0.000489963276777416
0.000489963276777416
0.000489963334985077
0.000489963393192738
0.000489963451400399
0.000489963451400399
0.00048996350960806
0.000489963567815721
0.000489963626023382
0.000489963626023382
0.000489963684231043
0.000489963742438704
0.000489963742438704
0.000489963800646365
0.000489963800646365
0.000489963858854026
0.000489963858854026
0.000489963917061687
0.000489963975269347
0.000489963975269347
0.000489964033477008
0.000489964033477008
0.000489964091684669
0.000489964091684669
0.00048996414989233
0.000489964208099991
0.000489964208099991
0.000489964266307652
0.000489964324515313
0.000489964324515313
0.000489964382722974
0.000489964440930635
0.000489964440930635
0.000489964440930635
0.000489964499138296
0.000489964557345957
0.000489964557345957
0.000489964615553617
0.000489964673761278
0.000489964673761278
0.000489964673761278
0.000489964731968939
0.0004899647901766
0.0004899647901766
0.000489964848384261
0.000489964906591922
0.000489964906591922
0.000489964964799583
0.000489964964799583
0.000489965023007244
0.000489965081214905
0.000489965081214905
0.000489965139422566
0.000489965197630227
0.000489965197630227
0.000489965255837888
0.000489965255837888
0.000489965314045548
0.000489965314045548
0.000489965372253209
0.00048996543046087
0.00048996543046087
0.000489965488668531
0.000489965546876192
0.000489965605083853
0.000489965605083853
0.000489965663291514
0.000489965663291514
0.000489965721499175
0.000489965779706836
0.000489965779706836
0.000489965837914497
0.000489965837914497
0.000489965896122158
0.000489965954329818
0.000489966012537479
0.00048996607074514
0.000489966128952801
0.000489966187160462
0.000489966187160462
0.000489966245368123
0.000489966245368123
0.000489966303575784
0.000489966361783445
0.000489966361783445
0.000489966419991106
0.000489966419991106
0.000489966478198767
0.000489966536406428
0.000489966536406428
0.000489966594614089
0.000489966594614089
0.000489966652821749
0.00048996671102941
0.000489966769237071
0.000489966769237071
0.000489966827444732
0.000489966885652393
0.000489966885652393
0.000489966885652393
0.000489966943860054
0.000489966943860054
0.000489967002067715
0.000489967060275376
0.000489967118483037
0.000489967118483037
0.000489967118483037
0.000489967176690698
0.000489967234898359
0.000489967234898359
0.000489967293106019
0.00048996735131368
0.00048996735131368
0.000489967409521341
0.000489967467729002
0.000489967467729002
0.000489967525936663
0.000489967584144324
0.000489967584144324
0.000489967642351985
0.000489967700559646
0.000489967700559646
0.000489967758767307
0.000489967816974968
0.000489967816974968
0.000489967875182629
0.00048996793339029
0.00048996793339029
0.00048996793339029
0.00048996799159795
0.000489968049805611
0.000489968049805611
0.000489968108013272
0.000489968166220933
0.000489968166220933
0.000489968224428594
0.000489968224428594
0.000489968282636255
0.000489968340843916
0.000489968340843916
0.000489968399051577
0.000489968457259238
0.000489968457259238
0.000489968515466899
0.000489968515466899
0.00048996857367456
0.00048996857367456
0.000489968631882221
0.000489968690089881
0.000489968690089881
0.000489968748297542
0.000489968748297542
0.000489968806505203
0.000489968806505203
0.000489968864712864
0.000489968922920525
0.000489968922920525
0.000489968981128186
0.000489969039335847
0.000489969039335847
0.000489969097543508
0.000489969155751169
0.000489969155751169
0.00048996921395883
0.000489969272166491
0.000489969272166491
0.000489969330374151
0.000489969388581812
0.000489969388581812
0.000489969388581812
0.000489969446789473
0.000489969504997134
0.000489969504997134
0.000489969563204795
0.000489969621412456
0.000489969621412456
0.000489969621412456
0.000489969679620117
0.000489969737827778
0.000489969796035439
0.000489969796035439
0.0004899698542431
0.0004899698542431
0.000489969912450761
0.000489969970658422
0.000489969970658422
0.000489969970658422
0.000489970028866082
0.000489970087073743
0.000489970087073743
0.000489970145281404
0.000489970203489065
0.000489970203489065
0.000489970203489065
0.000489970261696726
0.000489970319904387
0.000489970319904387
0.000489970378112048
0.000489970436319709
0.000489970436319709
0.00048997049452737
0.00048997049452737
0.000489970610942692
0.000489970669150352
0.000489970727358013
0.000489970727358013
0.000489970785565674
0.000489970843773335
0.000489970843773335
0.000489970843773335
0.000489970901980996
0.000489970901980996
0.000489970960188657
0.000489971018396318
0.000489971076603979
0.000489971076603979
0.000489971076603979
0.00048997113481164
0.000489971193019301
0.000489971193019301
0.000489971251226962
0.000489971309434623
0.000489971309434623
0.000489971367642283
0.000489971425849944
0.000489971425849944
0.000489971484057605
0.000489971484057605
0.000489971542265266
0.000489971600472927
0.000489971600472927
0.000489971658680588
0.000489971716888249
0.000489971716888249
0.00048997177509591
0.00048997177509591
0.000489971833303571
0.000489971833303571
0.000489971891511232
0.000489971949718893
0.000489971949718893
0.000489972007926553
0.000489972007926553
0.000489972066134214
0.000489972124341875
0.000489972182549536
0.000489972182549536
0.000489972240757197
0.000489972298964858
0.000489972298964858
0.000489972357172519
0.000489972357172519
0.00048997241538018
0.00048997241538018
0.000489972473587841
0.000489972531795502
0.000489972531795502
0.000489972590003163
0.000489972590003163
0.000489972648210824
0.000489972648210824
0.000489972706418484
0.000489972764626145
0.000489972764626145
0.000489972822833806
0.000489972881041467
0.000489972881041467
0.000489972881041467
0.000489972939249128
0.000489972997456789
0.00048997305566445
0.00048997305566445
0.000489973113872111
0.000489973172079772
0.000489973172079772
0.000489973230287433
0.000489973230287433
0.000489973288495094
0.000489973288495094
0.000489973346702754
0.000489973404910415
0.000489973404910415
0.000489973463118076
0.000489973463118076
0.000489973521325737
0.000489973579533398
0.000489973637741059
0.000489973637741059
0.00048997369594872
0.000489973754156381
0.000489973754156381
0.000489973754156381
0.000489973812364042
0.000489973812364042
0.000489973870571703
0.000489973870571703
0.000489973928779364
0.000489973986987025
0.000489973986987025
0.000489974045194685
0.000489974045194685
0.000489974103402346
0.000489974161610007
0.000489974219817668
0.000489974219817668
0.000489974278025329
0.000489974278025329
0.00048997433623299
0.00048997433623299
0.000489974394440651
0.000489974452648312
0.000489974452648312
0.000489974510855973
0.000489974569063634
0.000489974569063634
0.000489974627271295
0.000489974685478956
0.000489974685478956
0.000489974685478956
0.000489974743686616
0.000489974801894277
0.000489974801894277
0.000489974860101938
0.000489974918309599
0.000489974918309599
0.000489974918309599
0.00048997497651726
0.000489975034724921
0.000489975092932582
0.000489975092932582
0.000489975151140243
0.000489975151140243
0.000489975209347904
0.000489975267555565
0.000489975325763226
0.000489975325763226
0.000489975383970886
0.000489975442178547
0.000489975442178547
0.000489975500386208
0.000489975500386208
0.000489975558593869
0.000489975558593869
0.00048997561680153
0.000489975675009191
0.000489975675009191
0.000489975733216852
0.000489975791424513
0.000489975791424513
0.000489975791424513
0.000489975849632174
0.000489975907839835
0.000489975966047496
0.000489975966047496
0.000489976024255157
0.000489976082462817
0.000489976082462817
0.000489976140670478
0.000489976140670478
0.000489976198878139
0.000489976198878139
0.0004899762570858
0.0004899762570858
0.000489976315293461
0.000489976373501122
