0
0.0011999998241663
0.00240000011399389
0.00359999993816018
0.00479999976232648
0.00599999958649278
0.00720000034198165
0.00840000016614792
0.00959999999031422
0.0107999998144805
0.0119999996386468
0.0131999994628131
0.0143999992869794
0.0155999991111457
0.0159000004641712
0.0163500006310642
0.016518750693649
0.0167718748562038
0.0168193350546062
0.0168667971156537
0.0169379874132573
0.0170447747223079
0.0172049566172063
0.0174452266655862
0.0178056336008012
0.0179407852701843
0.0180759388022125
0.0180843858979642
0.0180970556102693
0.018116062041372
0.0181350666098296
0.0181540730409324
0.0181825826875865
0.0182253452949226
0.0182894892059266
0.0183857060037553
0.0185300312004983
0.018746520858258
0.0190712525509298
0.01955835102126
0.0202889977954328
0.0213849688880145
0.0225849687121808
0.0237849685363471
0.0249849683605134
0.0261849681846797
0.027384968008846
0.0285849678330123
0.0297849695198238
0.0309849674813449
0.0321849691681564
0.0333849671296775
0.034584968816489
0.0357849667780101
0.0369849684648216
0.038184970151633
0.0393849681131542
0.0405849697999656
0.0417849677614868
0.0429849694482982
0.0441849674098193
0.0453849690966308
0.0465849670581519
0.0477849687449634
0.0489849667064845
0.050184968393296
0.0513849700801074
0.0525849680416286
0.05378496972844
0.0549849676899612
0.0561849693767726
0.0573849673382938
0.0585849690251052
0.0597849669866264
0.0609849649481475
0.0621849703602493
0.0633849683217704
0.0645849662832916
0.0657849716953933
0.0669849696569145
0.0681849676184356
0.0693849655799568
0.0705849709920585
0.0717849689535796
0.0729849669151008
0.0741849648766219
0.0753849702887237
0.0765849682502448
0.077784966211766
0.0789849716238677
0.0801849695853889
0.08138496754691
0.0825849655084312
0.0837849709205329
0.0849849688820541
0.0861849668435752
0.0873849648050964
0.0885849702171981
0.0897849681787193
0.0909849661402404
0.0921849715523422
0.0933849695138633
0.0945849674753845
0.0957849654369056
0.0969849708490074
0.0981849688105281
0.0993849667720501
0.100584964733571
0.101784970145672
0.102984968107194
0.104184966068715
0.105384971480816
0.106584969442338
0.107784967403859
0.10898496536538
0.110184970777482
0.111384968739003
0.112584966700524
0.113784972112626
0.114984970074147
0.116184968035668
0.117384965997189
0.117599997203797
