0.0
4.7828770277647e-08
1.32891432258475e-06
1.82131577730615e-06
1.36159462726937e-06
1.04559455849085e-06
1.56258283823263e-06
3.0069190870563e-06
4.80457219964592e-06
6.68610800858005e-06
7.85120664659189e-06
7.8097600635374e-06
7.5365692282503e-06
7.45102352084359e-06
7.38696553526097e-06
7.32450462237466e-06
7.30897318135248e-06
7.29736984794727e-06
7.28578288544668e-06
7.26883308743709e-06
7.25647305443999e-06
7.24738174540107e-06
7.23837365512736e-06
7.2293919402e-06
7.2159737101174e-06
7.20272646503872e-06
7.18970250090933e-06
7.17691273166565e-06
7.16421482138685e-06
7.14541602064855e-06
7.11796155883349e-06
7.11561096977675e-06
7.11328402758227e-06
7.11100256012287e-06
7.10769973011338e-06
7.10441327100853e-06
7.10104677636991e-06
7.09530559106497e-06
7.08613379174494e-06
7.07655590304057e-06
7.06703440300771e-06
7.05794536770554e-06
7.04952844898799e-06
7.04154081176966e-06
7.03359592080233e-06
7.02568831911776e-06
7.01789122103946e-06
7.00636428518919e-06
6.98935036780313e-06
6.96496363161714e-06
6.9311126935645e-06
6.88782029101276e-06
6.85171517034178e-06
6.82103018334601e-06
6.79385493640439e-06
6.79221466270974e-06
6.79056984154158e-06
6.78894230077276e-06
6.78732885717181e-06
6.78504056850215e-06
6.78284595778678e-06
6.78072501614224e-06
6.77866546539008e-06
6.77664820614154e-06
6.77469142829068e-06
6.7728051362792e-06
6.77096522849752e-06
6.76917534292443e-06
6.76740819471888e-06
6.76474564897944e-06
6.76087438478135e-06
6.75515775583335e-06
6.75008323014481e-06
6.74573129799683e-06
6.74061084282584e-06
6.73575914333924e-06
6.73224258207483e-06
6.72959913572413e-06
6.72724172545713e-06
6.72499709253316e-06
6.72301530357799e-06
6.72127589496085e-06
6.71969291943242e-06
6.71759198667132e-06
6.71553243591916e-06
6.71833549859002e-06
6.73489512337255e-06
6.77062735121581e-06
6.77393745718291e-06
6.77757770972676e-06
6.78131118547753e-06
6.78693186273449e-06
6.79541926729144e-06
6.80793800711399e-06
6.82102881910396e-06
6.83377038512845e-06
6.84706901665777e-06
6.86081693856977e-06
6.87496822138201e-06
6.897127150296e-06
6.92769253873848e-06
6.93990614308859e-06
6.95107473802636e-06
6.97462292009732e-06
7.0219648478087e-06
7.09297637513373e-06
7.15023952579941e-06
7.16345266482676e-06
7.17595457899733e-06
7.18033243174432e-06
7.18162846169434e-06
7.18340425009956e-06
7.1847844083095e-06
7.18565024726558e-06
7.18639012120548e-06
7.18660248821834e-06
7.18590217729798e-06
7.18452474757214e-06
7.1845547608973e-06
7.18538694854942e-06
7.18645515007665e-06
7.18764840712538e-06
7.18916999176145e-06
7.1866315920488e-06
7.18071169103496e-06
7.17218199497438e-06
7.1617773755861e-06
7.15342457624502e-06
7.14483940100763e-06
7.13508552507847e-06
7.13061444912455e-06
7.12306655259454e-06
7.1059912443161e-06
7.08807237970177e-06
7.06877972334041e-06
7.05203456163872e-06
7.02710440236842e-06
7.00707141731982e-06
7.00167765899096e-06
7.00015834809165e-06
7.0025198510848e-06
7.00723057889263e-06
7.01490125720738e-06
7.02711167832604e-06
7.04701233189553e-06
7.07719345882651e-06
7.12430801286246e-06
7.20497882866766e-06
7.29404064259143e-06
7.38402195565868e-06
7.39235792934778e-06
7.39257620807621e-06
7.39271354177617e-06
7.39115739634144e-06
7.37753180146683e-06
7.37162554287352e-06
7.36434185455437e-06
7.35402772988891e-06
7.35064259060891e-06
7.34695731807733e-06
7.34272725821938e-06
7.33465458324645e-06
7.32303533368395e-06
7.31002000975423e-06
7.29804605725803e-06
7.29071189198294e-06
7.28318764231517e-06
7.27188535165624e-06
7.26205962564563e-06
7.2544517024653e-06
7.23794983059634e-06
7.23579933037399e-06
7.23571156413527e-06
7.23629591448116e-06
7.23771154298447e-06
7.24006622476736e-06
7.24396340956446e-06
7.24965002518729e-06
7.25926338418503e-06
7.27616315998603e-06
7.3058026828221e-06
7.35326329959207e-06
7.40106725061196e-06
7.44200633562286e-06
7.48499041947071e-06
7.53691938371048e-06
7.56960980652366e-06
7.67470282880822e-06
7.80979917180957e-06
8.00573252490722e-06
8.22484707896365e-06
8.2809929153882e-06
8.30698081699666e-06
8.34566708363127e-06
8.36046910990262e-06
8.35241371532902e-06
8.29560485726688e-06
8.24610378913349e-06
8.19844353827648e-06
8.13048882264411e-06
8.02974955149693e-06
7.85949578130385e-06
7.64123979024589e-06
7.09811320120934e-06
6.01486590312561e-06
4.83423582409159e-06
3.05278649648244e-06
2.18660466089204e-06
8.42907297737838e-07
4.75442512026802e-08
4.43649454950901e-08
4.04776692164432e-08
3.8525733714323e-08
3.77538533768984e-08
3.6700253502886e-08
3.63897321165041e-08
3.63608947395733e-08
3.63500234357161e-08
3.63337697706356e-08
3.63276839721038e-08
3.63254031299221e-08
3.63245469259255e-08
3.63232643962874e-08
3.63227847799408e-08
3.63225893806884e-08
3.6322660434962e-08
3.63226924093851e-08
3.63227030675262e-08
3.63227172783809e-08
3.63227457000903e-08
3.63227528055177e-08
3.63227670163724e-08
3.63227883326545e-08
3.63228203070776e-08
3.63228345179323e-08
3.63228522815007e-08
3.63228771504964e-08
3.63228878086375e-08
3.63229055722059e-08
3.63229268884879e-08
3.63229624156247e-08
3.63229730737658e-08
3.63229943900478e-08
3.63230228117573e-08
3.63230334698983e-08
3.6323047680753e-08
3.63230725497488e-08
3.63230832078898e-08
3.63230974187445e-08
3.63231151823129e-08
3.6323147156736e-08
3.6323157814877e-08
3.63231755784454e-08
3.63232004474412e-08
3.63232111055822e-08
3.63232253164369e-08
3.6323246632719e-08
3.63232821598558e-08
3.63232928179968e-08
3.63233105815652e-08
3.63233390032747e-08
3.63233496614157e-08
3.63233638722704e-08
3.63233887412662e-08
3.6323424268403e-08
3.63234384792577e-08
3.63234562428261e-08
3.63234846645355e-08
3.63234953226765e-08
3.63235130862449e-08
3.63235379552407e-08
3.63235486133817e-08
3.63235628242364e-08
3.63235841405185e-08
3.63236161149416e-08
3.63236267730827e-08
3.6323644536651e-08
3.63236694056468e-08
3.63236800637878e-08
3.63236942746425e-08
3.63237191436383e-08
3.63237511180614e-08
3.63237653289161e-08
3.63237830924845e-08
3.63238115141939e-08
3.6323822172335e-08
3.63238363831897e-08
3.63238612521855e-08
3.6323921648318e-08
3.63239394118864e-08
3.63239713863095e-08
3.6324021124301e-08
3.63240388878694e-08
3.63240673095788e-08
3.63241063894293e-08
3.63241703382755e-08
3.63241952072713e-08
3.63242271816944e-08
3.63242804723996e-08
3.63243017886816e-08
3.63243302103911e-08
3.63243728429552e-08
3.63243906065236e-08
3.63244154755193e-08
3.63244510026561e-08
3.6324507846075e-08
3.63245291623571e-08
3.63245611367802e-08
3.6324607322058e-08
3.63246250856264e-08
3.63246535073358e-08
3.63246925871863e-08
3.63247529833188e-08
3.63247742996009e-08
3.6324806274024e-08
3.63248560120155e-08
3.63248773282976e-08
3.6324905750007e-08
3.63249483825712e-08
3.63249625934259e-08
3.63249874624216e-08
3.63250229895584e-08
3.63250762802636e-08
3.63250975965457e-08
3.63251260182551e-08
3.63251722035329e-08
3.63251899671013e-08
3.63252148360971e-08
3.63252539159475e-08
3.63253107593664e-08
3.63253320756485e-08
3.63253640500716e-08
3.63254102353494e-08
3.63254279989178e-08
3.63254564206272e-08
3.63254990531914e-08
3.63255594493239e-08
3.6325580765606e-08
3.63256162927428e-08
3.63256660307343e-08
3.63256873470164e-08
3.63257157687258e-08
3.63257584012899e-08
3.63257761648583e-08
3.63258010338541e-08
3.63258365609909e-08
3.6325889851696e-08
3.63259111679781e-08
3.63259431424012e-08
3.63259893276791e-08
3.63260070912474e-08
3.63260319602432e-08
3.63260710400937e-08
3.63261314362262e-08
3.63261527525083e-08
3.63261847269314e-08
3.63262344649229e-08
3.63262522284913e-08
3.63262806502007e-08
3.63263232827649e-08
3.63263374936196e-08
3.63263623626153e-08
3.63263978897521e-08
3.63264476277436e-08
3.63264689440257e-08
3.63264973657351e-08
3.63265435510129e-08
3.63265613145813e-08
3.63265861835771e-08
3.63266217107139e-08
3.63266785541327e-08
3.63266998704148e-08
3.63267318448379e-08
3.63267780301157e-08
3.63267957936841e-08
3.63268242153936e-08
3.6326863295244e-08
3.63269236913766e-08
3.63269450076587e-08
3.63269805347954e-08
3.63270302727869e-08
3.63270480363553e-08
3.63270764580648e-08
3.63271190906289e-08
3.63271368541973e-08
3.63271617231931e-08
3.63271972503298e-08
3.6327250541035e-08
3.63272718573171e-08
3.63273002790265e-08
3.63273464643044e-08
3.63273642278727e-08
3.63273890968685e-08
3.6327428176719e-08
3.63274850201378e-08
3.63275063364199e-08
3.6327538310843e-08
3.63275880488345e-08
3.63276058124029e-08
3.63276342341123e-08
3.63276733139628e-08
3.6327737262809e-08
3.63277585790911e-08
3.63277941062279e-08
3.63278438442194e-08
3.63278651605015e-08
3.63278935822109e-08
3.6327936214775e-08
3.63279539783434e-08
3.63279788473392e-08
3.6328014374476e-08
3.63280712178948e-08
3.63280925341769e-08
3.63281245086e-08
3.63281706938778e-08
3.63281884574462e-08
3.6328213326442e-08
3.63282524062924e-08
3.6328312802425e-08
3.63283341187071e-08
3.63283660931302e-08
3.63284158311217e-08
3.63284371474037e-08
3.63284620163995e-08
3.63285046489636e-08
3.6328522412532e-08
3.63285437288141e-08
3.63285792559509e-08
3.63286325466561e-08
3.63286538629382e-08
3.63286822846476e-08
3.63287284699254e-08
3.63287462334938e-08
3.63287711024896e-08
3.63288066296263e-08
3.63288634730452e-08
3.63288847893273e-08
3.63289167637504e-08
3.63289665017419e-08
3.63289842653103e-08
3.6329009134306e-08
3.63290517668702e-08
3.63291121630027e-08
3.63291334792848e-08
3.63291690064216e-08
3.63292187444131e-08
3.63292365079815e-08
3.63292649296909e-08
3.63293111149687e-08
3.63293253258234e-08
3.63293501948192e-08
3.6329385721956e-08
3.63294390126612e-08
3.63294603289432e-08
3.63294923033664e-08
3.63295384886442e-08
3.63295562522126e-08
3.63295811212083e-08
3.63296202010588e-08
3.63296770444776e-08
3.63296983607597e-08
3.63297303351828e-08
3.63297800731743e-08
3.63297978367427e-08
3.63298262584522e-08
3.63298688910163e-08
3.63299292871488e-08
3.63299541561446e-08
3.63299861305677e-08
3.63300394212729e-08
3.6330060737555e-08
3.63300891592644e-08
3.63301317918285e-08
3.63301495553969e-08
3.63301744243927e-08
3.63302099515295e-08
3.63302667949483e-08
3.63302881112304e-08
3.63303200856535e-08
3.63303662709313e-08
3.63303840344997e-08
3.63304089034955e-08
3.63304515360596e-08
3.63305083794785e-08
3.63305332484742e-08
3.63305652228973e-08
3.63306149608889e-08
3.63306327244572e-08
3.63306611461667e-08
3.63307037787308e-08
3.63307215422992e-08
3.63307428585813e-08
3.63307783857181e-08
3.63308352291369e-08
3.63308529927053e-08
3.63308849671284e-08
3.63309275996926e-08
3.6330945363261e-08
3.63309702322567e-08
3.63310093121072e-08
3.63310661555261e-08
