0.0
0.0
0.0
3.35775006550359e-18
1.7402316716758e-18
1.00713466471261e-17
6.16419333518371e-16
2.49890368814176e-11
2.54523624398928e-10
1.53196766383701e-09
5.91646420744496e-09
7.57330997913641e-09
9.62362545209317e-09
1.04056256944318e-08
1.10479820847331e-08
1.16508127590009e-08
1.18050458297603e-08
1.19198624304317e-08
1.20288445870642e-08
1.2198491106119e-08
1.23490080383704e-08
1.24764847342362e-08
1.26059953586832e-08
1.27341541755754e-08
1.29325661291091e-08
1.31277495540871e-08
1.33376580890854e-08
1.35458835259783e-08
1.37500393293521e-08
1.40348728194795e-08
1.44674165980518e-08
1.4556177596603e-08
1.46667264999678e-08
1.47872105671354e-08
1.49977896768405e-08
1.52339776349208e-08
1.54691779385985e-08
1.58458437482523e-08
1.64509934563739e-08
1.7255409545669e-08
1.81604757898413e-08
1.88698265901621e-08
1.92341058635748e-08
1.94137648179549e-08
1.95347205078633e-08
1.96327327728341e-08
1.97188736450471e-08
1.98398204531713e-08
2.00121519355889e-08
2.02533296800311e-08
2.05764241201223e-08
2.10395345590086e-08
2.15511093415444e-08
2.20512870185985e-08
2.24930865044826e-08
2.25272884790684e-08
2.25613057125429e-08
2.25939054132596e-08
2.26272440784214e-08
2.26843646089492e-08
2.27489582727003e-08
2.28194174667351e-08
2.2895063622741e-08
2.29721397460025e-08
2.30559979996769e-08
2.31418582075094e-08
2.32337971084462e-08
2.33273063088291e-08
2.34268711096774e-08
2.35748558452542e-08
2.37908928113484e-08
2.42118236570832e-08
2.47673632713941e-08
2.53905430014356e-08
2.62532697803408e-08
2.69713176237474e-08
2.7256003676257e-08
2.73536642225736e-08
2.74107243569688e-08
2.74581974935018e-08
2.75049334419464e-08
2.75535541049976e-08
2.76043259361813e-08
2.768126883268e-08
2.77950142901773e-08
2.79619065679526e-08
2.82034768872563e-08
2.85387340426269e-08
2.85936749833127e-08
2.86647114933203e-08
2.87362027506788e-08
2.88432051576137e-08
2.89979187328981e-08
2.91975172928005e-08
2.93791941885502e-08
2.9503773646411e-08
2.96066460236943e-08
2.97039264296473e-08
2.97987963193691e-08
2.99375599865925e-08
3.0325157496236e-08
3.09191854341861e-08
3.15924424398872e-08
3.25732294470527e-08
3.39661845316641e-08
3.61113876579111e-08
3.82200049386938e-08
3.87367791176985e-08
3.92564238893556e-08
3.94688228766427e-08
3.95627708371649e-08
3.97269914742537e-08
3.9937486207009e-08
4.01460447108093e-08
4.03952959970866e-08
4.06982039180548e-08
4.10813782991681e-08
4.15301677492153e-08
4.19279899688263e-08
4.22436841063245e-08
4.25131432280068e-08
4.27618935816554e-08
4.33083364725917e-08
4.4444959712564e-08
4.59754616599639e-08
4.78863135811025e-08
5.02856494222215e-08
5.20386969071751e-08
5.36522613003854e-08
5.534344538205e-08
5.61223494344176e-08
5.75087071297276e-08
6.12168733482576e-08
6.6126048636761e-08
7.15004446760759e-08
7.61450422714915e-08
8.53118677923703e-08
9.41940285770215e-08
9.48548901646973e-08
9.50888576767284e-08
9.51822727301987e-08
9.52635303974603e-08
9.53609173848236e-08
9.54883532244821e-08
9.5660382726237e-08
9.59171160275218e-08
9.63550519372802e-08
9.70584252968365e-08
9.80854224508221e-08
1.00608211539566e-07
1.05925821003439e-07
1.07644531510687e-07
1.09280428262082e-07
1.1084043194387e-07
1.12984260169924e-07
1.1367539798357e-07
1.14453179378415e-07
1.15535925715449e-07
1.15893243446408e-07
1.16302125263701e-07
1.16778785752558e-07
1.17718066405814e-07
1.19185614266826e-07
1.21176626066699e-07
1.2320367659413e-07
1.24730533457296e-07
1.26485190321546e-07
1.29205119492326e-07
1.31148524928903e-07
1.3287939282236e-07
1.36319727062073e-07
1.36827893015834e-07
1.37000625954897e-07
1.37152142087871e-07
1.37306216174693e-07
1.37495845820013e-07
1.37748415340866e-07
1.38106443614561e-07
1.3861595959952e-07
1.39330396109472e-07
1.40394249115161e-07
1.42003727887641e-07
1.43743150715636e-07
1.45590405509211e-07
1.4791341129694e-07
1.50722058833708e-07
1.53400307567608e-07
1.56432562903319e-07
1.59881139438767e-07
1.63612781989286e-07
1.66815922852948e-07
1.75283588532693e-07
1.90905154795473e-07
2.10553054103002e-07
2.20528306726919e-07
2.92786609179529e-07
4.69878045805672e-07
6.01134672706394e-07
7.00789769325638e-07
8.21331070710585e-07
9.69079792412231e-07
1.15163913960714e-06
1.35230357045657e-06
1.60465583576297e-06
1.93795449376921e-06
2.20229162550822e-06
2.46249442170665e-06
2.53105736192083e-06
2.6460409117135e-06
2.7981920993625e-06
2.79869141195377e-06
2.79935420621769e-06
2.79972982752952e-06
2.79990672424901e-06
2.80015524367627e-06
2.80023778032046e-06
2.8002457383991e-06
2.80024869425688e-06
2.80025301435671e-06
2.80025460597244e-06
2.80025528809347e-06
2.80025551546714e-06
2.80025574284082e-06
2.80025597021449e-06
2.80025597021449e-06
2.80025597021449e-06
2.80025597021449e-06
2.80025597021449e-06
2.80025597021449e-06
2.80025597021449e-06
2.80025597021449e-06
2.80025597021449e-06
2.80025597021449e-06
2.80025597021449e-06
2.80025597021449e-06
2.80025597021449e-06
2.80025619758817e-06
2.80025619758817e-06
2.80025619758817e-06
2.80025619758817e-06
2.80025619758817e-06
2.80025619758817e-06
2.80025619758817e-06
2.80025619758817e-06
2.80025619758817e-06
2.80025619758817e-06
2.80025619758817e-06
2.80025619758817e-06
2.80025619758817e-06
2.80025619758817e-06
2.80025619758817e-06
2.80025619758817e-06
2.80025619758817e-06
2.80025619758817e-06
2.80025642496184e-06
2.80025642496184e-06
2.80025642496184e-06
2.80025642496184e-06
2.80025642496184e-06
2.80025642496184e-06
2.80025642496184e-06
2.80025642496184e-06
2.80025642496184e-06
2.80025642496184e-06
2.80025642496184e-06
2.80025642496184e-06
2.80025642496184e-06
2.80025642496184e-06
2.80025642496184e-06
2.80025642496184e-06
2.80025642496184e-06
2.80025642496184e-06
2.80025665233552e-06
2.80025665233552e-06
2.80025665233552e-06
2.80025665233552e-06
2.80025665233552e-06
2.80025665233552e-06
2.80025665233552e-06
2.80025665233552e-06
2.80025665233552e-06
2.80025665233552e-06
2.80025665233552e-06
2.80025665233552e-06
2.80025665233552e-06
2.80025665233552e-06
2.80025665233552e-06
2.80025665233552e-06
2.80025665233552e-06
2.8002568797092e-06
2.8002568797092e-06
2.8002568797092e-06
2.8002568797092e-06
2.8002568797092e-06
2.8002568797092e-06
2.8002568797092e-06
2.8002568797092e-06
2.8002568797092e-06
2.8002568797092e-06
2.8002568797092e-06
2.8002568797092e-06
2.8002568797092e-06
2.8002568797092e-06
2.8002568797092e-06
2.8002568797092e-06
2.80025710708287e-06
2.80025710708287e-06
2.80025710708287e-06
2.80025710708287e-06
2.80025710708287e-06
2.80025710708287e-06
2.80025710708287e-06
2.80025710708287e-06
2.80025710708287e-06
2.80025710708287e-06
2.80025710708287e-06
2.80025710708287e-06
2.80025710708287e-06
2.80025710708287e-06
2.80025710708287e-06
2.80025710708287e-06
2.80025710708287e-06
2.80025733445655e-06
2.80025733445655e-06
2.80025733445655e-06
2.80025733445655e-06
2.80025733445655e-06
2.80025733445655e-06
2.80025733445655e-06
2.80025733445655e-06
2.80025733445655e-06
2.80025733445655e-06
2.80025733445655e-06
2.80025733445655e-06
2.80025733445655e-06
2.80025733445655e-06
2.80025733445655e-06
2.80025733445655e-06
2.80025733445655e-06
2.80025756183022e-06
2.80025756183022e-06
2.80025756183022e-06
2.80025756183022e-06
2.80025756183022e-06
2.80025756183022e-06
2.80025756183022e-06
2.80025756183022e-06
2.80025756183022e-06
2.80025756183022e-06
2.80025756183022e-06
2.80025756183022e-06
2.80025756183022e-06
2.80025756183022e-06
2.80025756183022e-06
2.80025756183022e-06
2.80025756183022e-06
2.8002577892039e-06
2.8002577892039e-06
2.8002577892039e-06
2.8002577892039e-06
2.8002577892039e-06
2.8002577892039e-06
2.8002577892039e-06
2.8002577892039e-06
2.8002577892039e-06
2.8002577892039e-06
2.8002577892039e-06
2.8002577892039e-06
2.8002577892039e-06
2.8002577892039e-06
2.8002577892039e-06
2.8002577892039e-06
2.8002577892039e-06
2.80025801657757e-06
2.80025801657757e-06
2.80025801657757e-06
2.80025801657757e-06
2.80025801657757e-06
2.80025801657757e-06
2.80025801657757e-06
2.80025801657757e-06
2.80025801657757e-06
2.80025801657757e-06
2.80025801657757e-06
2.80025801657757e-06
2.80025801657757e-06
2.80025801657757e-06
2.80025801657757e-06
2.80025801657757e-06
2.80025801657757e-06
2.80025824395125e-06
2.80025824395125e-06
2.80025824395125e-06
2.80025824395125e-06
2.80025824395125e-06
2.80025824395125e-06
2.80025824395125e-06
2.80025824395125e-06
2.80025824395125e-06
2.80025824395125e-06
2.80025824395125e-06
2.80025824395125e-06
2.80025824395125e-06
2.80025824395125e-06
2.80025824395125e-06
2.80025824395125e-06
2.80025824395125e-06
2.80025847132492e-06
2.80025847132492e-06
2.80025847132492e-06
2.80025847132492e-06
2.80025847132492e-06
2.80025847132492e-06
2.80025847132492e-06
2.80025847132492e-06
2.80025847132492e-06
2.80025847132492e-06
2.80025847132492e-06
2.80025847132492e-06
2.80025847132492e-06
2.80025847132492e-06
2.80025847132492e-06
2.80025847132492e-06
2.80025847132492e-06
2.8002586986986e-06
2.8002586986986e-06
2.8002586986986e-06
2.8002586986986e-06
2.8002586986986e-06
2.8002586986986e-06
2.8002586986986e-06
2.8002586986986e-06
2.8002586986986e-06
2.8002586986986e-06
2.8002586986986e-06
2.8002586986986e-06
2.8002586986986e-06
2.8002586986986e-06
2.8002586986986e-06
2.8002586986986e-06
2.8002586986986e-06
2.80025892607227e-06
2.80025892607227e-06
2.80025892607227e-06
2.80025892607227e-06
2.80025892607227e-06
2.80025892607227e-06
2.80025892607227e-06
2.80025892607227e-06
2.80025892607227e-06
2.80025892607227e-06
2.80025892607227e-06
2.80025892607227e-06
2.80025892607227e-06
2.80025892607227e-06
2.80025892607227e-06
2.80025892607227e-06
2.80025892607227e-06
2.80025915344595e-06
2.80025915344595e-06
2.80025915344595e-06
2.80025915344595e-06
2.80025915344595e-06
2.80025915344595e-06
2.80025915344595e-06
2.80025915344595e-06
2.80025915344595e-06
2.80025915344595e-06
2.80025915344595e-06
2.80025915344595e-06
2.80025915344595e-06
2.80025915344595e-06
2.80025915344595e-06
2.80025915344595e-06
2.80025938081963e-06
2.80025938081963e-06
2.80025938081963e-06
2.80025938081963e-06
2.80025938081963e-06
2.80025938081963e-06
2.80025938081963e-06
2.80025938081963e-06
2.80025938081963e-06
2.80025938081963e-06
2.80025938081963e-06
2.80025938081963e-06
2.80025938081963e-06
2.80025938081963e-06
2.80025938081963e-06
2.80025938081963e-06
2.80025938081963e-06
2.8002596081933e-06
2.8002596081933e-06
2.8002596081933e-06
2.8002596081933e-06
2.8002596081933e-06
2.8002596081933e-06
2.8002596081933e-06
2.8002596081933e-06
2.8002596081933e-06
2.8002596081933e-06
