0.0
1.24000110179878e-09
1.24344989860248e-09
1.15382626120208e-07
7.68375741699856e-07
2.18486775338533e-06
5.00374517287128e-06
7.86640976002673e-06
1.02174653875409e-05
1.25310825751512e-05
1.4823094716121e-05
1.764604166965e-05
1.69891500263475e-05
1.98708494281163e-05
1.96832152141724e-05
2.32588354265317e-05
2.93812336167321e-05
3.09002170979511e-05
3.02441912936047e-05
2.89357849396765e-05
2.79646737908479e-05
2.57579595199786e-05
2.36713985941606e-05
2.18879467865918e-05
2.03719428100158e-05
1.86074212251697e-05
1.70120547409169e-05
1.55649195221486e-05
1.40011788971606e-05
1.17361460070242e-05
7.83630366640864e-06
4.07634979637805e-06
8.28872032343497e-07
3.21226267807617e-09
3.32212302112112e-09
3.44085759884649e-09
3.56641449705819e-09
3.70925667958488e-09
3.82853793112758e-09
3.94041377305143e-09
4.05074329634658e-09
4.17812895392444e-09
4.33952784817393e-09
4.53028725644344e-09
4.71890881925674e-09
4.9192236950546e-09
5.140644798729e-09
5.35748378993617e-09
5.59722046489242e-09
5.78164094378053e-09
5.95443472306556e-09
6.11216943724457e-09
6.28469276620081e-09
6.43444053594067e-09
6.54352660944824e-09
6.68754340793498e-09
6.8458372304292e-09
6.96062718574808e-09
7.08822822659272e-09
7.19148296468575e-09
7.29746618688409e-09
7.44289030407685e-09
7.55564144583332e-09
7.62640972595818e-09
7.74531638825238e-09
7.82905207330487e-09
7.88566456577655e-09
7.9792901175324e-09
8.06720912294168e-09
8.2896276509814e-09
8.47938697035033e-09
8.66676597155447e-09
8.7830187567306e-09
8.9036253925201e-09
9.11656439228636e-09
9.28842780467676e-09
9.38250455106981e-09
9.51353040790082e-09
9.60752988277136e-09
9.62266177850779e-09
9.56814716346344e-09
9.45304723387608e-09
9.40201072552327e-09
9.42058608899288e-09
9.57414236779641e-09
9.48979916870485e-09
9.39490796270093e-09
9.40401623239495e-09
9.36284116903607e-09
9.2888399194635e-09
9.2639078630441e-09
9.2639078630441e-09
