0.0
-7.14928489742306e-08
8.10218466540391e-07
9.47258229189174e-07
9.87740463642695e-07
1.16586090825876e-06
1.05810522654792e-06
1.1405568329792e-06
4.73061362527005e-07
2.26914863787897e-07
-2.12201302929316e-06
-2.83563076663995e-06
-3.5550608572521e-06
-3.72839645024214e-06
-3.61219940714363e-06
-3.28229793922219e-06
-3.2947948511719e-06
-3.70068073607399e-06
-4.48636774308397e-06
-5.78825938646332e-06
-7.3639471338538e-06
-7.74264299252536e-06
-8.14445957075804e-06
-8.68048846314196e-06
-9.09361278900178e-06
-9.66239986155415e-06
-1.09463180706371e-05
-1.13973965198966e-05
-1.1764102964662e-05
-1.2195762792544e-05
-1.29236914290232e-05
-1.33225603349274e-05
-1.3604226296593e-05
-1.41345308293239e-05
-1.50204014062183e-05
-1.50453197420575e-05
-1.44725618156372e-05
-1.45245376188541e-05
-1.66265199368354e-05
-1.88185531442286e-05
-1.96624496311415e-05
-2.19564226426883e-05
-2.51540386670968e-05
-2.64244663412683e-05
-2.72532743110787e-05
-2.93515877274331e-05
-2.97241949738236e-05
-2.94937381113414e-05
-3.32003728544805e-05
-3.38976860803086e-05
-3.83995720767416e-05
-4.4754608097719e-05
-4.99697016493883e-05
-5.63652720302343e-05
-6.31936563877389e-05
-6.27353074378334e-05
-6.86124476487748e-05
-6.94321424816735e-05
-7.34032291802578e-05
-7.38725357223302e-05
-7.84142248448916e-05
-7.98386536189355e-05
-7.86279488238506e-05
-7.98765977378935e-05
-7.99552944954485e-05
-8.26255491119809e-05
-8.5388521256391e-05
-8.45458635012619e-05
-8.48609270178713e-05
-8.57123959576711e-05
-8.95791599759832e-05
-9.37106815399602e-05
-9.36090073082596e-05
-9.44197527132928e-05
-9.53336057136767e-05
-9.88571991911158e-05
-0.000101881407317705
-0.000104344209830742
-0.000104461221781094
-0.00010936928447336
-0.00011613482638495
-0.000117411240353249
-0.000118414005555678
-0.00012372387573123
-0.000127003528177738
-0.000128895699162968
-0.000130603613797575
-0.000136505870614201
-0.000138403804157861
-0.000139067939016968
-0.000145416255691089
-0.000145645768498071
-0.000151722910231911
-0.00015367912419606
-0.000155264744535089
-0.00015796793741174
-0.000167018341016956
-0.000171072970260866
-0.000174304761458188
-0.000178257279912941
-0.000182139046955854
-0.000184388642082922
-0.00018969077791553
-0.00023275741841644
-0.000232962222071365
-0.000233224185649306
-0.000233445825870149
