-0.0
-3.88240550819319e-11
-3.19687387673184e-10
-1.1323209037073e-09
5.54314283363055e-09
-8.04448063718155e-10
3.50382833858021e-10
-8.5769897850696e-09
2.18797140405513e-08
3.30828697769903e-09
-1.97474037122447e-09
-1.85400494956411e-09
-1.64254743140191e-09
-1.33491084852722e-09
-1.12345333036501e-09
-8.35598257253878e-10
-7.2532202466391e-10
-4.94992491439916e-10
-1.12095221993513e-10
-5.77529135625809e-11
8.86757334228605e-12
1.68711267178878e-10
5.49789547221735e-10
1.05296749097761e-09
1.07479536382016e-09
1.02409103419632e-09
7.8648554335814e-10
-1.9554136088118e-11
-5.2477844292298e-10
-5.42058842256665e-10
-5.31599653186277e-10
2.11457518162206e-10
2.31011654250324e-10
5.12727638124488e-10
5.33646016265266e-10
1.87355908565223e-10
2.07364792004228e-10
3.70619090972468e-10
-1.93040250451304e-10
1.07002051663585e-09
-6.3664629124105e-11
-4.93400875711814e-11
6.31644070381299e-10
9.22909748624079e-10
5.27961674379185e-10
2.63753463514149e-11
6.17092155152932e-10
4.26098267780617e-10
2.83307599602267e-10
-1.30057742353529e-10
7.78300091042183e-10
-5.9230842452962e-10
5.92990545555949e-10
-6.15273165749386e-10
-4.54292603535578e-10
-2.43744580075145e-10
-9.7361407824792e-10
-8.18999978946522e-10
1.30239641293883e-09
1.39925759867765e-09
1.42654243973084e-09
1.42517819767818e-09
1.50885171024129e-09
1.47610990097746e-09
1.4110810298007e-09
1.39016265165992e-09
1.29512045532465e-09
1.31785782286897e-09
1.35923983179964e-09
1.19962351163849e-09
1.09412212623283e-09
8.28549673315138e-10
9.84073267318308e-10
8.0126483226195e-10
2.04181560548022e-10
4.09272615797818e-12
-1.06410880107433e-10
-1.44063960760832e-09
-3.48245521308854e-09
9.37416189117357e-09
1.15414877654985e-08
1.72440195456147e-09
9.8134478321299e-10
4.76029526907951e-09
6.16364559391513e-09
9.97897586785257e-09
5.24596543982625e-09
1.36788003146648e-08
1.74313754541799e-08
9.23864718060941e-09
7.84893927630037e-09
-7.33834895072505e-08
-5.82749635213986e-08
2.43144313571975e-08
1.92449078895152e-08
1.73586158780381e-08
6.17310433881357e-08
1.34794390760362e-07
1.29923137137666e-07
1.05841536424123e-07
8.49795469548553e-08
-1.26345184980892e-07
-1.17763192974962e-07
-9.00545273907483e-08
-2.91145624942146e-07
-8.58195562614128e-07
-1.10486507765017e-06
-1.37619463203009e-06
-1.40191150421742e-06
-1.39997973747086e-06
-1.38002906169277e-06
-1.42928911373019e-06
-1.55272573465481e-06
-1.78182381205261e-06
-2.10234611586202e-06
-3.14940552925691e-06
-3.8319831219269e-06
-5.45825787412468e-06
-8.89313378138468e-06
-1.39105677590123e-05
-2.03666349989362e-05
-2.75262045761338e-05
-3.24312859447673e-05
-3.77081851183902e-05
-4.37628477811813e-05
-5.61858178116381e-05
-6.12239527981728e-05
-6.67089916532859e-05
-7.77738314354792e-05
-8.45478061819449e-05
-9.37024160521105e-05
-0.00010592452599667
-0.000113431466161273
-0.000121080258395523
-0.00012714990589302
-0.000131161636090837
-0.000134168149088509
-0.000136873408337124
-0.00013844772183802
-0.000139409326948225
-0.000140097021358088
-0.000140812044264749
-0.000141628173878416
-0.000142490011057816
-0.000143277473398484
-0.000143794270115905
-0.00014380483480636
-0.000143328768899664
-0.000140619784360752
-0.000133306792122312
-0.000119755408377387
-0.000101198136690073
-7.7290998888202e-05
-7.15376336302143e-06
2.58555337495636e-06
1.09871762106195e-05
1.40287265821826e-05
1.31924562083441e-05
9.21578248380683e-06
-7.76222805143334e-07
-1.31007091113133e-05
-5.70973088542814e-06
1.14915656013181e-06
2.90745992970187e-06
4.28455314249732e-06
-7.89033379078319e-07
-1.62144075943615e-10
-5.27807024752747e-08
-1.24344978758018e-14
1.77635683940025e-15
-1.24344978758018e-14
4.08562073062058e-14
4.44089209850063e-15
-1.50990331349021e-14
-8.88178419700125e-16
-9.76996261670138e-15
-2.66453525910038e-15
2.22044604925031e-15
1.46549439250521e-14
7.54951656745106e-15
-1.26565424807268e-14
9.32587340685131e-15
9.32587340685131e-15
