-0.0
1.11022302462516e-15
5.06835476699052e-07
8.10634901426965e-08
5.222495929047e-07
6.87924512021709e-07
-9.65174876910169e-07
-1.00547549664043e-06
-6.5764288592618e-06
0.000100742960057687
0.000100105004094075
9.16733552003279e-05
9.09857262740843e-05
7.40757895982824e-05
5.78734252485447e-05
4.9647169362288e-05
3.51474700437393e-05
2.63213605649071e-05
2.75443235295825e-05
2.74521080427803e-05
2.99868661386427e-05
3.49868678313214e-05
4.04272323066834e-05
4.82296491099987e-05
4.87427714688238e-05
3.66076819773298e-05
2.4017266696319e-05
1.87859986908734e-05
2.36978085013106e-05
3.38133468176238e-05
2.82913260889472e-05
1.79806429514429e-05
8.23742084321566e-06
5.60678654437652e-06
5.94594166614115e-06
1.58881221068441e-06
-6.70401121283248e-08
-3.38576455760631e-08
-3.38576455760631e-08
