0.0
1.1404357319611e-10
1.1493203611046e-10
1.15008481904599e-10
1.15020173940827e-10
1.15021714375274e-10
1.15024420543897e-10
1.1502575975042e-10
1.15026009550601e-10
1.15026023428388e-10
1.15026023428388e-10
1.15026023428388e-10
1.15026023428388e-10
1.15026023428388e-10
1.15026023428388e-10
1.15026023428388e-10
1.15026023428388e-10
1.15026023428388e-10
1.15026023428388e-10
1.15026023428388e-10
1.15026023428388e-10
1.15026023428388e-10
1.15026023428388e-10
1.15026023428388e-10
1.15026023428388e-10
1.15026023428388e-10
1.15026023428388e-10
1.15026023428388e-10
1.15026023428388e-10
1.15026023428388e-10
1.15026023428388e-10
1.15026023428388e-10
1.15026023428388e-10
1.15026023428388e-10
1.15026023428388e-10
1.15026023428388e-10
1.15026023428388e-10
1.15026023428388e-10
1.15026023428388e-10
1.15026023428388e-10
1.15026023428388e-10
1.15026023428388e-10
1.15026023428388e-10
1.15026023428388e-10
1.15026023428388e-10
1.15026023428388e-10
1.15026023428388e-10
1.15026023428388e-10
1.15026023428388e-10
1.15026023428388e-10
1.15026023428388e-10
1.15026023428388e-10
1.15026023428388e-10
1.15026023428388e-10
1.15026023428388e-10
1.15026023428388e-10
1.15026023428388e-10
1.15026023428388e-10
1.15026023428388e-10
1.15026023428388e-10
1.15026023428388e-10
1.15026023428388e-10
1.15026023428388e-10
1.15026023428388e-10
1.15026023428388e-10
1.15026023428388e-10
1.15026023428388e-10
1.15026023428388e-10
1.15026023428388e-10
1.15026023428388e-10
1.15026023428388e-10
1.15026023428388e-10
1.15026023428388e-10
1.15026023428388e-10
1.15026023428388e-10
1.15026023428388e-10
1.15026023428388e-10
1.15026023428388e-10
1.15026023428388e-10
1.15026023428388e-10
1.15026023428388e-10
1.15026023428388e-10
1.15026023428388e-10
1.15026023428388e-10
1.15026023428388e-10
1.15026023428388e-10
1.15026023428388e-10
1.15026023428388e-10
1.15026023428388e-10
1.15026023428388e-10
1.15026023428388e-10
1.15026023428388e-10
1.15026023428388e-10
