0
0.0058902888558805
0.0131528424099088
0.0153961535543203
0.019264617934823
0.0277419053018093
0.0344553664326668
0.0444848351180553
0.051581084728241
0.0598433762788773
0.0685841366648674
0.0781634673476219
0.0825951546430588
0.0827882140874863
0.0822107568383217
0.0807166025042534
0.0790169388055801
0.0776533260941505
0.0767717212438583
0.0750572755932808
0.0734830349683762
0.0726713016629219
0.0718792453408241
0.0702388286590576
0.068521074950695
0.0660765469074249
0.0644874200224876
0.0630838498473167
0.0615169256925583
0.0601164698600769
0.0584139116108418
0.0566234067082405
0.054942648857832
0.0534422434866428
0.0515260398387909
0.0498087517917156
0.0483179651200771
0.0472649894654751
0.0458752363920212
0.0447825789451599
0.0434153452515602
0.0418859347701073
0.0404531396925449
0.0388059914112091
0.0369654446840286
0.0353473462164402
0.0338259413838387
0.0325413271784782
0.0313232429325581
0.0302054136991501
0.029218515381217
0.0279331505298615
0.0269301477819681
0.0256898906081915
0.02457763440907
0.0230854731053114
0.0217184796929359
0.0201953258365393
0.0189908295869827
0.0178204439580441
0.0168416053056717
0.0156962908804417
0.0147711606696248
0.0136870164424181
0.0128133464604616
0.0117974868044257
0.0108563899993896
0.00978835113346577
0.00855552963912487
0.0073088095523417
0.00612876657396555
0.00476671708747745
0.00369713571853936
0.00292588677257299
0.00294638122431934
0.00310931284911931
0.00325848418287933
0.00337177072651684
0.00351994764059782
0.00366964982822537
0.0038114064373076
0.00394011149182916
0.00405120104551315
0.00413020234555006
0.00417178496718407
0.00390972290188074
0.00353642739355564
0.00317889568395913
0.00265664886683226
0.00221515237353742
0.002318459097296
0.0023746935185045
0.00233846670016646
0.00246845628134906
0.00269221398048103
0.00278400257229805
0.00297232414595783
0.00317304651252925
0.00331981386989355
0.0035013984888792
0.00371166504919529
0.00386703014373779
0.00401776889339089
0.00415692944079638
0.00417759735137224
