0.0
-3.45190062877908e-20
6.97811719874153e-06
3.15042489091866e-05
7.60041875764728e-05
0.000139558294904418
0.00021996175928507
0.000315169745590538
0.000425226928200573
0.000551284523680806
0.000586076523177326
0.000622844556346536
0.000661211495753378
0.000671021232847124
0.000678430078551173
0.000685880891978741
0.000697130453772843
0.000705622253008187
0.000714158464688808
0.00072703993646428
0.000736758345738053
0.000746517674997449
0.000756315130274743
0.000766155892051756
0.00077356630936265
0.000781004608143121
0.000788476259913296
0.000795984640717506
0.000807340024039149
0.000824614195153117
0.00085105822654441
0.000878125021699816
0.000905796303413808
0.00094847462605685
0.00101492891553789
0.0010405353968963
0.00106647098436952
0.00106687855441123
0.00106728624086827
0.00106769392732531
0.00106810173019767
0.00106850953307003
0.00106891745235771
0.00106952921487391
0.00107044726610184
0.00107182445935905
0.00107320223469287
0.00107354670763016
0.00107389118056744
0.00107440794818103
0.00107492471579462
0.00107544159982353
0.00107595848385245
0.00107647536788136
0.00107699236832559
0.00107750948518515
0.0010782852768898
0.00107944954652339
0.00108119682408869
0.00108382012695074
0.00108776055276394
0.00109368306584656
0.00110259407665581
0.00111602281685919
0.00113630527630448
0.0011670074891299
0.00121329701505601
0.00128247519023716
0.00138526095543057
0.0015382228884846
0.0017452280735597
0.00194743915926665
0.00214337417855859
0.00233346852473915
0.00251929019577801
0.00270027224905789
0.00287458207458258
0.00304239871911705
0.00320464000105858
0.00336167984642088
0.00351238460280001
0.00365588068962097
0.00379219511523843
0.00392138212919235
0.00404347758740187
0.00415849545970559
0.00426644599065185
0.00436737108975649
0.00446131639182568
0.00454822927713394
0.00462807901203632
0.00470092287287116
0.00476679066196084
0.00482572289183736
0.00487776519730687
0.00492294784635305
0.00496135093271732
0.00499303359538317
0.00501804519444704
0.00503641646355391
0.00504812924191356
0.00505282916128635
0.00505333859473467
0.00505333859473467
0.00505333859473467
0.00505333859473467
0.00505333859473467
0.00505333906039596
0.00505333906039596
0.00505333906039596
0.00505333906039596
0.00505333952605724
0.00505333952605724
0.00505333952605724
0.00505333952605724
0.00505333952605724
0.00505333952605724
0.00505333999171853
0.00505333999171853
0.00505333999171853
0.00505333999171853
0.00505334045737982
0.00505334045737982
0.00505334092304111
0.00505334092304111
0.00505334138870239
0.00505334138870239
0.00505334185436368
0.00505334185436368
0.00505334232002497
0.00505334232002497
0.00505334278568625
0.00505334278568625
0.00505334325134754
0.00505334325134754
0.00505334371700883
0.00505334418267012
0.00505334418267012
0.0050533446483314
0.00505334511399269
0.00505334511399269
0.00505334557965398
0.00505334604531527
0.00505334651097655
0.00505334697663784
0.00505334744229913
0.00505334744229913
0.00505334790796041
0.00505334883928299
0.00505334930494428
0.00505334977060556
0.00505335023626685
0.00505335070192814
0.00505335116758943
0.005053352098912
0.005053352098912
