0.0
3.45609141305658e-09
2.29956825137378e-07
1.54204815316916e-06
2.39459563999844e-06
2.27284544962458e-06
2.39663359025144e-06
4.02828891310492e-06
4.17375122196972e-06
4.39398127127788e-06
4.6161922000465e-06
4.67717063656892e-06
4.72952388008707e-06
4.77172216051258e-06
4.80468270325218e-06
4.81300321553135e-06
4.82171662952169e-06
4.82870109408395e-06
4.83392432215624e-06
4.83676831208868e-06
4.83660596728441e-06
4.83848270960152e-06
4.84092879560194e-06
4.84527299704496e-06
4.85251575810253e-06
4.86385715703364e-06
4.87520128444885e-06
4.88655450681108e-06
4.89807689518784e-06
4.9098021008831e-06
4.92719118483365e-06
4.95341510031722e-06
4.99254520036629e-06
5.05206935486058e-06
5.14489056513412e-06
5.20904222867102e-06
5.28922009834787e-06
5.36731022293679e-06
5.44672320756945e-06
5.56962004338857e-06
5.76501952309627e-06
5.9721010075009e-06
6.19731508777477e-06
6.4389773797302e-06
6.82451627653791e-06
7.44542876418564e-06
8.1234547906206e-06
8.83770917425863e-06
9.94891433947487e-06
1.11206945803133e-05
1.20971099022427e-05
1.33937319333199e-05
1.48124190673116e-05
1.63164349942235e-05
1.78539812623058e-05
1.87856257980457e-05
1.90706705325283e-05
1.88113754120423e-05
1.84896325663431e-05
1.81370505742962e-05
1.78709269675892e-05
1.75098030013032e-05
1.64253651746549e-05
1.52311249621562e-05
1.42708640851197e-05
1.32533268697443e-05
1.2184753359179e-05
1.11878725874703e-05
1.02426538433065e-05
8.4361754488782e-06
6.40465941614821e-06
4.63495416624937e-06
3.19715013574751e-06
2.16163721233897e-06
1.34487618197454e-06
1.02517549294134e-06
4.9893475306817e-07
3.39099528900988e-07
3.15658468252877e-07
2.78544035836603e-07
2.75023353424331e-07
2.69644459649498e-07
1.1113498743498e-07
7.50286162087832e-08
5.63525119900987e-08
4.22008170630761e-08
3.2570781627328e-08
2.84832015751135e-08
2.74025513391507e-08
2.74007856404523e-08
2.74802989252976e-08
2.76097242846163e-08
2.78262355379866e-08
2.81986327621553e-08
2.88533463788099e-08
3.00696001431788e-08
3.22695896670666e-08
3.51367965834015e-08
3.66214365499218e-08
3.8910670241421e-08
3.93050711977594e-08
3.71396922105305e-08
3.29602691806485e-08
2.87244183994062e-08
2.58139287723225e-08
2.50694611736435e-08
2.58279584386401e-08
2.89755615057175e-08
3.22630953064618e-08
3.39806902616147e-08
3.50052218323071e-08
3.5492970340556e-08
3.43578285821877e-08
3.23182902661756e-08
2.83168191117511e-08
2.45288678257793e-08
2.15983853024682e-08
2.15983853024682e-08
