0.0
0.0
4.87229726786609e-07
6.21641311226995e-06
2.0846693587373e-05
5.1009061280638e-05
8.87860078364611e-05
0.000124980739201419
0.000134529487695545
0.000149776140460745
0.000174762128153816
0.000176358429598622
0.000177938112756237
0.000179501308593899
0.000181052717380226
0.000182596108061261
0.000184124655788764
0.000185639670235105
0.000187153607839718
0.000188690770301037
0.000189084006706253
0.000189481463166885
0.000190082908375189
0.000190995429875329
0.000191912084119394
0.000192807492567226
0.000193659143405966
0.000194511128938757
0.000195366752450354
0.000196229942957871
0.000197542976820841
0.000198876834474504
0.000200232083443552
0.000201607748749666
0.000203005940420553
0.000204423966351897
0.000205860851565376
0.000207318138564005
0.000208795318030752
0.000210294005228207
0.000212578815990128
0.000214904590393417
0.000217276305193081
0.000218181317904964
0.00021909132192377
0.000220009780605324
0.000221398629946634
0.000223511509830132
0.000225656825932674
0.000227831929805689
0.000230038625886664
0.000232276128372177
0.000232840233366005
0.000233405808103271
0.00023397317272611
0.000234542138059624
0.000235112587688491
0.000235684885410592
0.000236546155065298
0.000237845204537734
0.000238335022004321
0.000238825610722415
0.000239317276282236
0.000239811590290628
0.000240555193158798
0.0002416825882392
0.000242820227867924
0.000243968737777323
0.000245125876972452
0.000246287789195776
0.000247453222982585
0.000248621305217966
0.000249786244239658
0.00025094801094383
0.000252099998760968
0.000253246573265642
0.000254388491157442
0.000254673708695918
0.000254958518780768
0.000255243299761787
0.000255669961916283
0.000256096827797592
0.000256525207078084
0.00025717105017975
0.000257820298429579
0.000258474115980789
0.0002591343363747
0.000259798369370401
0.000260464119492099
0.000261131033767015
0.000261800712905824
0.000262807618128136
0.000264327478362247
0.000266620423644781
0.000268932344624773
0.000271257536951452
0.000271257536951452
