0
0.00120000005699694
0.00240000011399388
0.00359999993816018
0.00480000022798777
0.00600000005215406
0.00719999987632036
0.00749999983236194
0.00779999978840351
0.00824999995529652
0.00892500020563602
0.0090937502682209
0.00926250033080578
0.00951562542468309
0.00989531259983778
0.0100376950576901
0.0102512696757913
0.0105716306716204
0.0106917666271329
0.0108719691634178
0.0111422743648291
0.0115477321669459
0.0119531890377402
0.0123586468398571
0.0127641037106514
0.0129161505028605
0.013144220225513
0.0134863248094916
0.0136146135628223
0.0138070471584797
0.0140956984832883
0.0145286740735173
0.0151781383901834
0.0158276036381721
0.0159899685531855
0.0161523353308439
0.0163147002458572
0.0164770670235157
0.0166394338011742
0.0166698768734932
0.016677487641573
0.0166850984096527
0.0166879519820213
0.0166922342032194
0.0166986547410488
0.0167082883417606
0.0167155116796494
0.0167227368801832
0.0167335737496614
0.0167498290538788
0.0167620200663805
0.0167742110788822
0.0167864020913839
0.0168046895414591
0.0168321188539267
0.0168732646852732
0.0168771222233772
0.0168809797614813
0.0168848372995853
0.0168906226754189
0.0168993026018143
0.0169123206287622
0.0169172026216984
0.01692452467978
0.0169318486005068
0.0169391706585884
0.0169501565396786
0.0169583950191736
0.0169666316360235
0.0169748701155186
0.0169872287660837
0.016991863027215
0.0169988144189119
0.0170057639479637
0.0170127153396606
0.017023142427206
0.0170270521193743
0.0170329175889492
0.0170387830585241
0.0170446466654539
0.0170534458011389
0.017066640779376
0.0170798376202583
0.0170930344611406
0.0171029306948185
0.0171128287911415
0.0171227250248194
0.0171326231211424
0.0171474684029818
0.0171623136848211
0.0171771589666605
0.0171994287520647
0.0172161292284727
0.0172286555171013
0.0172411818057299
0.0172537080943584
0.017266234382987
0.0172756295651197
0.0172850228846073
0.01729441806674
0.0173038132488728
0.0173132065683603
0.017322601750493
0.0173366945236921
0.0173393357545137
0.0173419788479805
0.0173446200788021
0.0173472631722689
0.0173499044030905
0.0173525474965572
0.0173551887273788
0.0173578318208456
0.0173604749143124
0.017363116145134
0.0173657592386007
0.0173684004694223
0.0173710435628891
0.0173736847937107
0.0173763278871775
0.0173789691179991
0.0173809509724379
0.0173829328268766
0.0173859056085348
0.0173903647810221
0.0173970516771078
0.0174037404358387
0.0174104291945696
0.0174171160906553
0.0174271482974291
0.0174421966075897
0.0174647700041533
0.017498629167676
0.0175494160503149
0.0176255982369184
0.0177398715168238
0.0179112814366817
0.0181683972477913
0.0185540691018105
0.0191325768828392
0.0200003404170275
0.0212003402411938
0.0224003400653601
0.0236003398895264
0.0248003397136927
0.026000339537859
0.0272003393620253
0.0284003391861916
0.0296003390103579
0.0308003388345242
0.0320003405213356
0.0332003384828568
0.0344003401696682
0.0356003381311893
0.0368003398180008
0.0380003377795219
0.0392003394663334
0.0404003411531448
0.041600339114666
0.0428003408014774
0.0440003387629986
0.04520034044981
0.0464003384113312
0.0476003400981426
0.0488003380596638
0.0500003397464752
0.0512003377079964
0.0524003393948078
0.0536003410816193
0.0548003390431404
0.0560003407299519
0.057200338691473
0.0584003403782845
0.0596003383398056
0.059900339692831
0.060350339859724
0.0603925287723541
0.0603964813053608
0.0603979639708996
0.0603985227644444
0.0603993572294712
0.0603996701538563
0.0604001395404339
0.0604001507163048
0.0604001507163048
0.0604001507163048
0.0604001507163048
0.0604001544415951
0.0604001544415951
