0
0.403737
0.915758
1.622925
2.734119
3.705928
4.392487
4.971327
5.499862
5.934396
6.319309
7.297954
8.448094
9.487241
10.329406
11.332323
12.078383
12.607234
13.164225
13.71444
14.15575
14.510978
14.594247
14.7122
14.753143
14.768176
14.790332
14.821894
14.824672
14.82742
14.830272
14.834554
14.84088
14.85046
14.853903
14.857391
14.860929
14.866132
14.871414
14.876529
14.882796
14.891532
14.909328
14.926698
14.94358
14.959689
14.983909
15.017654
15.05026
15.079667
15.117172
15.142233
15.164281
15.178595
15.194842
15.205522
15.215784
15.226931
15.245712
15.270101
15.315932
15.344481
15.370196
15.407488
15.439086
15.462472
15.483567
15.502137
15.518683
15.534823
15.550745
15.572828
15.595044
15.597347
15.599275
15.600727
15.601321
15.599917
15.596952
15.590703
15.579849
15.560786
15.522451
15.4578
15.364154
15.275943
15.231559
15.136788
14.95443
14.792346
14.624086
14.474134
14.251924
14.003099
13.761242
13.526034
13.291776
13.055564
12.817582
12.587751
12.368161
12.146617
11.931844
11.71207
11.492305
11.278558
11.060642
10.834631
10.610476
10.377919
10.160913
9.940681
9.742785
9.55933
9.367217
9.187427
9.008522
8.821199
8.637145
8.443912
8.261296
8.073713
7.8933
7.709632
7.52103
7.342256
7.165959
7.002777
6.836572
6.669135
6.503209
6.348022
6.184915
6.032424
5.881704
5.725252
5.571457
5.423582
5.276627
5.131661
4.99387
4.855494
4.720689
4.583172
4.462622
4.339467
4.212799
4.08616
3.959519
3.837058
3.709547
3.581488
3.464676
3.352523
3.244761
3.144732
3.041286
2.939398
2.900121
