0.0
0.00999999977648258
0.0199999995529652
0.0299999993294477
0.0399999991059303
0.0500000007450581
0.0599999986588955
0.0700000002980232
0.0799999982118607
0.0900000035762787
0.100000001490116
0.109999999403954
0.119999997317791
0.129999995231628
0.140000000596046
0.150000005960464
0.159999996423721
0.162499994039536
0.163124993443489
0.1640625
0.165468752384186
0.167578130960464
0.168369144201279
0.1695556640625
0.171335443854332
0.174005120992661
0.175006255507469
0.176507949829102
0.17876048386097
0.179323628544807
0.179464414715767
0.179605185985565
0.179745972156525
0.179957151412964
0.180273920297623
0.18074905872345
0.180927246809006
0.181194514036179
0.181219562888145
0.181257158517838
0.181313529610634
0.181334674358368
0.181366384029388
0.181413948535919
0.181485295295715
0.181592330336571
0.181752875447273
0.181993693113327
0.182354912161827
0.182716131210327
0.183077350258827
0.183438569307327
0.183799788355827
0.184341624379158
0.185154363512993
0.186373487114906
0.188202172517776
0.190945193171501
0.195059716701508
0.201231524348259
0.210489213466644
0.220489218831062
0.230489209294319
0.240489214658737
0.250489205121994
0.252989202737808
0.25392672419548
0.254278272390366
0.254410117864609
0.254607856273651
0.254626393318176
0.254633367061615
0.254643797874451
0.254647701978683
0.254653573036194
0.254655778408051
0.254659056663513
0.25466400384903
0.254671424627304
0.254682570695877
0.254699289798737
0.254724323749542
0.254761934280396
0.254818290472031
0.254902869462967
0.255029708147049
0.255219995975494
0.255505383014679
0.255933493375778
0.256575673818588
0.257538944482803
0.258983820676804
0.261151134967804
0.264402121305466
0.26927861571312
0.276593327522278
0.286593317985535
0.296593338251114
0.306593328714371
0.316593319177628
0.326593339443207
0.336593329906464
0.34659332036972
0.3565933406353
0.366593331098557
0.376593321561813
0.386593341827393
0.396593332290649
0.406593322753906
0.416593343019485
0.426593333482742
0.436593323945999
0.446593344211578
0.456593334674835
0.466593325138092
0.476593345403671
0.486593335866928
0.496593326330185
0.506593346595764
0.516593337059021
0.526593327522278
0.536593317985535
0.546593308448792
0.556593358516693
0.56659334897995
0.576593339443207
0.586593329906464
0.59659332036972
0.606593310832977
0.616593360900879
0.626593351364136
0.636593341827393
0.646593332290649
0.656593322753906
0.666593313217163
0.67659330368042
0.686593353748322
0.696593344211578
0.706593334674835
0.716593325138092
0.716593325138092
