0.0
-5.10595550607441e-33
-4.11797913102419e-07
-1.78542347839539e-06
-1.93722371477634e-06
-2.51539472628792e-06
-5.32894773641601e-06
-7.90856665844331e-06
-9.91795059235301e-06
-1.20299655463896e-05
-1.13377973320894e-05
-1.12254674604628e-05
-1.60721483553061e-05
-1.85125245479867e-05
-2.18467139347922e-05
-3.42580024152994e-05
-4.54171604360454e-05
-5.99671584495809e-05
-7.76892775320448e-05
-9.52972332015634e-05
-0.000100205805210862
-0.000107398482214194
-0.00012417757534422
-0.000154333494720049
-0.000171624895301647
-0.000197517292690463
-0.000232987265917473
-0.000284851208562031
-0.00029459415236488
-0.000297114223940298
-0.000299606239423156
-0.000300550484098494
-0.00030195785802789
-0.000302226020721719
-0.000302636617561802
-0.000303261185763404
-0.000303736655041575
-0.000304215413052589
-0.000304396759020165
-0.000304667104501277
-0.000305076246149838
-0.000305684719933197
-0.000305915338685736
-0.000306260451907292
-0.000306779518723488
-0.000307555252220482
-0.000307849230011925
-0.000308288901578635
-0.00030894365045242
-0.000309192517306656
-0.000309564115013927
-0.000310118193738163
-0.000310328003251925
-0.000310640112729743
-0.000311112526105717
-0.000311287847580388
-0.000311553449137136
-0.000311948359012604
-0.000312546588247642
-0.000313143798848614
-0.000313738244585693
-0.000313963188091293
-0.00031429820228368
-0.000314801844069734
-0.000314992241328582
-0.000315275858156383
-0.000315704295644537
-0.000316346326144412
-0.000317303376505151
-0.000318780483212322
-0.000319320650305599
-0.00031987251713872
-0.000320422783261165
-0.000320978200761601
-0.000321796775097027
-0.000322113832226023
-0.000322579668136314
-0.000323044427204877
-0.000323509710142389
-0.000324204534990713
-0.000325254688505083
-0.000325646251440048
-0.000326232955558226
-0.000327117944834754
-0.000327447603922337
-0.000327947491314262
-0.000328132853610441
-0.000328414025716484
-0.000328834954416379
-0.000329461880028248
-0.000329699396388605
-0.000330054375808686
-0.000330588343786076
-0.000330788345308974
-0.000331088755046949
-0.000331538234604523
-0.000332214229274541
-0.000332467578118667
-0.000332848139805719
-0.000333417556248605
-0.000334275595378131
-0.000334595737513155
-0.00033507650368847
-0.000335802586050704
-0.000336072669597343
-0.000336479191901162
-0.000337092380505055
-0.00033732078736648
-0.000337665842380375
-0.000338182493578643
-0.000338953948812559
-0.000339246122166514
-0.000339680962497368
-0.000339845195412636
-0.000340090220561251
-0.000340459489962086
-0.000341013364959508
-0.000341219885740429
-0.000341531675076112
-0.000341996405040845
-0.000342172279488295
-0.000342434213962406
-0.000342829793225974
-0.000343419465934858
-0.000343862891895697
-0.000344308704370633
-0.000344474974554032
-0.000344725529430434
-0.000345099775586277
-0.000345664389897138
-0.000345874839695171
-0.000346192304277793
-0.000346665881806985
-0.000347380788298324
-0.000347646506270394
-0.000348046363797039
-0.000348648783983663
-0.000348873378243297
-0.000349212205037475
-0.000349719601217657
-0.000350476911989972
-0.000350762536982074
-0.000351190916262567
-0.00035183344152756
-0.000352798640960827
-0.000354244606569409
-0.000356237025698647
-0.000356422504410148
-0.000356570642907172
-0.000356792967068031
-0.00035712483804673
-0.000357612298103049
-0.000358089542714879
-0.000358561257598922
-0.000359030847903341
-0.0003592066350393
-0.000359469035174698
-0.000359861529432237
-0.000360447826096788
-0.000361328216968104
-0.000361657264875248
-0.000362152612069622
-0.000362337479600683
-0.000362615945050493
-0.00036303186789155
-0.000363188679330051
-0.000363422965165228
-0.00036377549986355
-0.000364302424713969
-0.000364501174772158
-0.000364797917427495
-0.000365245068678632
-0.000365412066457793
-0.000365663436241448
-0.000366039224900305
-0.000366604974260554
-0.00036681626806967
-0.000367134431144223
-0.000367609347449616
-0.000368326611351222
-0.000368594250176102
-0.000368995504686609
-0.000369597633834928
-0.000369823421351612
-0.000370162219041958
-0.000370669236872345
-0.000371431466192007
-0.000371716800145805
-0.00037214532494545
-0.000372784154023975
-0.000373025512089953
-0.000373386224964634
-0.00037392825470306
-0.000374130962882191
-0.000374435563571751
-0.000374890951206908
-0.000375577306840569
-0.000375832751160488
-0.000376218347810209
-0.000376362353563309
-0.000376579031581059
-0.000376903190044686
-0.000377391115762293
-0.000377573393052444
-0.000377847842173651
-0.000378258031560108
-0.000378412602003664
-0.000378643628209829
-0.000378991157049313
-0.000379510631319135
-0.00037970655830577
-0.00037999902269803
-0.000380439916625619
-0.000380604353267699
-0.000380852143280208
-0.000381222314899787
-0.000381361838662997
-0.000381570338504389
-0.00038188393227756
-0.00038235291140154
-0.000382529571652412
-0.000382793630706146
-0.000383191043511033
-0.000383339589461684
-0.00038356299046427
-0.000383897393476218
-0.00038440030766651
-0.000384588609449565
-0.000384871615096927
-0.000385295163141564
-0.000385932333301753
-0.000386170519050211
-0.000386528874514624
-0.000387064035749063
-0.000387877924367785
-0.0003892233944498
-0.000390086031984538
-0.000390958623029292
-0.000392494170228019
-0.000394412491004914
-0.000395167386159301
-0.000396280840504915
-0.000397391704609618
-0.000398484611650929
-0.00039955205284059
-0.000401249359128997
-0.000403328478569165
-0.000406524835852906
-0.000407852843636647
-0.000408287392929196
-0.000408959924243391
-0.000409970409236848
-0.000411778804846108
-0.000413996924180537
-0.000417437171563506
-0.000418711744714528
-0.000419195741415024
-0.00041992508340627
-0.000421062082750723
-0.000422179466113448
-0.000423414458055049
-0.000424626225139946
-0.000425845530116931
-0.000426306010922417
-0.00042699373443611
-0.000427253486122936
-0.000427640567068011
-0.000428223109338433
-0.000428369472501799
-0.000428515311796218
-0.000428734434535727
-0.000429062871262431
-0.000429558218456805
-0.000430301093729213
-0.000430581887485459
-0.000431002088589594
-0.000431630673119798
-0.000431867723818868
-0.00043222148087807
-0.000432354892836884
-0.000432554195867851
-0.000432853907113895
-0.000433302251622081
-0.000433979061199352
-0.000434650195529684
-0.000434819143265486
-0.000435071706306189
-0.000435451773228124
-0.000435593858128414
-0.000435807509347796
-0.000436127476859838
-0.000436608446761966
-0.000437326641986147
-0.000437507609603927
-0.000437688111560419
-0.000437959126429632
-0.000438365212175995
-0.000438975694123656
-0.000439204217400402
-0.000439547729911283
-0.000440061703557149
-0.000440255214925855
-0.000440544565208256
-0.000440979987615719
-0.000441631622379646
-0.00044187912135385
-0.00044224874000065
-0.000442388816736639
-0.000442597724031657
-0.000442912831204012
-0.000443385273683816
-0.000444092001998797
-0.000444358738604933
-0.000444756995420903
-0.000445354060502723
-0.000445579789811745
-0.000445917336037382
-0.000446422054665163
-0.000446612219093367
-0.000446896388893947
-0.000447324098786339
-0.000447964092018083
-0.000448605394922197
-0.000449244544142857
-0.000449485698482022
-0.000449846673291177
-0.000450386578449979
-0.000450589956017211
-0.000450893887318671
-0.000451351515948772
-0.00045203507761471
-0.000452292821137235
-0.00045267739915289
-0.000452822481747717
-0.000453039130661637
-0.000453365035355091
-0.000453852204373106
-0.000454035791335627
-0.000454310094937682
-0.000454722990980372
-0.000455341709312052
-0.000455958564998582
-0.000456113688414916
-0.000456345296697691
-0.000456693844171241
-0.000457214919151738
-0.000457607471616939
-0.00045799947110936
-0.000458585796877742
-0.000458806724054739
-0.000459136732388288
-0.000459633709397167
-0.000460130249848589
-0.000460625335108489
-0.000461121060652658
-0.000461618445115164
-0.000462115625850856
-0.000462610827526078
-0.000463107164250687
-0.000463604577817023
-0.000464100477984175
-0.000464847864350304
-0.000465963559690863
-0.00046638268395327
-0.000467010366264731
-0.000467954465420917
-0.000469368096673861
-0.000471486593596637
-0.000474666740046814
-0.000479444803204387
-0.000486635166453198
-0.000497455184813589
-0.000513784005306661
-0.000538399734068662
-0.000575628830119967
-0.000631758128292859
-0.000717434217222035
-0.0007334197871387
-0.000757285044528544
-0.000793117331340909
-0.000846848357468843
-0.000851689663249999
-0.000859024352394044
-0.000870087707880884
-0.000886729569174349
-0.000911737326532602
-0.00094891048502177
-0.00100489531178027
-0.00101514323614538
-0.00102542631793767
-0.00103565130848438
-0.00105096492916346
-0.00105663225986063
-0.00105875462759286
-0.00106194848194718
-0.00106322765350342
-0.00106366316322237
-0.00106433138716966
-0.0010653343051672
-0.00106683711055666
-0.00106909347232431
-0.00107249105349183
-0.00107375904917717
-0.00107423565350473
-0.00107494706753641
-0.00107605289667845
-0.00107711635064334
-0.00107818399555981
-0.00107979157473892
-0.0010821899631992
-0.00108312116935849
-0.00108345609623939
-0.00108396157156676
-0.00108471920248121
-0.00108586170244962
-0.00108757137786597
-0.00108821014873683
-0.001089196652174
-0.00109062704723328
-0.00109278317540884
-0.00109602860175073
-0.00110086181666702
-0.00110570259857923
-0.00111052638385445
-0.00111773097887635
-0.00112855236511678
-0.00114470813423395
-0.00116888643242419
-0.00117768405470997
-0.00118651078082621
-0.00119528686627746
-0.00120858498848975
-0.00122848886530846
-0.00123585585970432
-0.001246846630238
-0.00124788156244904
-0.00124959379900247
-0.00125190697144717
-0.00125535880215466
-0.00126052123960108
-0.00126823666505516
-0.00126843608450145
-0.00126862362958491
-0.0012688091956079
-0.00126899417955428
-0.00126927043311298
-0.0012695447076112
-0.00126981909852475
-0.00127009220886976
-0.00127036578487605
-0.00127063819672912
-0.00127091142348945
-0.00127118336968124
-0.00127145554870367
-0.00127172830980271
-0.00127213366795331
-0.00127223483286798
-0.00127233611419797
-0.00127248780336231
-0.00127271981909871
-0.00127294985577464
-0.00127318012528121
-0.00127340957988054
-0.00127349596004933
-0.00127362494822592
-0.00127381889615208
-0.00127410946879536
-0.00127439992502332
-0.00127468933351338
-0.00127497920766473
-0.00127526896540076
-0.0012755588395521
-0.00127599062398076
-0.00127609842456877
-0.00127620622515678
-0.00127637141849846
-0.00127661705482751
-0.00127686141058803
-0.00127710611559451
-0.00127747328951955
-0.00127801904454827
-0.00127887004055083
-0.00127947947476059
-0.00128009228501469
-0.00128101056907326
-0.00128238671459258
-0.00128444854635745
-0.00128455413505435
-0.00128470326308161
-0.00128492503426969
-0.00128514622338116
-0.0012853667140007
-0.00128544948529452
-0.00128557323478162
-0.00128575880080462
-0.00128603621851653
-0.00128631433472037
-0.00128659093752503
-0.00128686858806759
-0.00128714565653354
-0.00128742249216884
