0.0
-1.6841554435896e-18
8.89710281626321e-06
3.26571862387937e-05
4.0382903534919e-05
5.33200145582668e-05
6.78608703310601e-05
8.36397521197796e-05
0.000110198539914563
0.000140892996569164
0.000176268367795274
0.000215860200114548
0.000258368643699214
0.00030361011158675
0.000315354904159904
0.000327283545630053
0.000339454447384924
0.000351902126567438
0.000371066329535097
0.000401083641918376
0.000412781519116834
0.000430762593168765
0.000449202343588695
0.000468047452159226
0.000496972526889294
0.000508004566654563
0.000512164609972388
0.000513727718498558
0.00051607534987852
0.000517838285304606
0.000519603199791163
0.000522253918461502
0.000526237359736115
0.000532229605596513
0.000541253422852606
0.000554862024728209
0.000575435347855091
0.000606708694249392
0.00065442401682958
0.000726396683603525
0.000832202669698745
0.000943583669140935
0.00104926154017448
0.00114782736636698
0.00123871129471809
0.00132155895698816
0.0013956903712824
0.0014607619959861
0.00151668896432966
0.0015634298324585
0.00160105817485601
0.00162974826525897
0.00164967868477106
0.00166085595265031
0.00166226318106055
0.00166326691396534
0.00166329089552164
0.00166329671628773
0.00166330276988447
0.00166330323554575
0.00166330381762236
0.00166330405045301
0.00166330439969897
0.00166330439969897
0.00166330451611429
0.00166330451611429
0.00166330463252962
0.00166330463252962
0.00166330474894494
0.00166330474894494
0.00166330474894494
0.00166330474894494
0.00166330474894494
0.00166330474894494
0.00166330486536026
0.00166330498177558
0.0016633050981909
0.00166330521460623
0.00166330544743687
0.00166330579668283
0.00166330637875944
0.0016633071936667
0.00166330847423524
0.00166331045329571
0.00166331336367875
0.0016633173217997
0.00166332139633596
0.0016633253544569
0.00166332919616252
0.00166333292145282
0.00166333664674312
0.0016633402556181
0.00166334374807775
0.00166334712412208
0.00166335015092045
0.00166335282847285
0.00166335515677929
0.00166335725225508
0.00166335911490023
0.00166336062829942
0.00166336179245263
0.00166336295660585
0.00166336400434375
0.00166336505208164
0.00166336598340422
0.00166336679831147
0.00166336738038808
0.00166336761321872
0.00166336761321872
