0.0
5.5226088175078e-31
1.78695401586992e-07
1.6192103657886e-06
7.04797957951087e-06
9.81439188763034e-06
1.41328036988853e-05
1.98127454495989e-05
3.11395197059028e-05
3.83837759727612e-05
5.24217830388807e-05
7.77982422732748e-05
0.000122133787954226
0.00013774867693428
0.000164191864314489
0.000210774160223082
0.00029094293131493
0.000404190359404311
0.00053992768516764
0.000696576491463929
0.000875296595040709
0.00107585871592164
0.00129989720880985
0.00154624704737216
0.00161178631242365
0.00167852849699557
0.00177895149681717
0.00180432782508433
0.0018297532806173
0.00186742097139359
0.00189527578186244
0.00192282476928085
0.0019330766517669
0.00194786640349776
0.00196945574134588
0.00200032605789602
0.002047287998721
0.0021097376011312
0.0021298541687429
0.00215776357799768
0.00219462043605745
0.00220688339322805
0.00223138136789203
0.00224180030636489
0.00224453979171813
0.00224775914102793
0.00225243857130408
0.00225413776934147
0.00225476920604706
0.00225571030750871
0.00225573196075857
0.00225574034266174
0.00225575268268585
0.00225575710646808
0.00225575896911323
0.00225576153025031
0.00225576176308095
0.00225576222874224
0.00225576222874224
0.00225576222874224
0.00225576222874224
0.00225576222874224
0.00225576222874224
0.00225576222874224
0.00225576222874224
0.00225576222874224
