0.0
3.98488992914281e-07
3.98723926764433e-07
3.99232419567852e-07
4.02075755800979e-07
4.02084140205261e-07
4.0211165241999e-07
4.0211264717982e-07
4.02153858658494e-07
4.02606531224592e-07
4.02862497139722e-07
4.03390629344358e-07
4.04656532282388e-07
4.06328808821854e-07
4.08639238003161e-07
4.12701950835981e-07
4.17299673927118e-07
4.22288849222241e-07
4.25183571906018e-07
4.26894871452532e-07
4.2870081529145e-07
4.32828187513223e-07
4.54381250847291e-07
6.04158628902951e-07
9.13789051537606e-07
1.35604307160975e-06
1.81254540621012e-06
2.48793594437302e-06
3.37568462782656e-06
4.4907433220942e-06
6.71104407956591e-06
1.06434572444414e-05
1.94162712432444e-05
3.26796071021818e-05
3.7528807297349e-05
4.53968314104713e-05
4.93841762363445e-05
5.16021718794946e-05
5.60473745281342e-05
6.53582319500856e-05
7.80149130150676e-05
8.2177655713167e-05
8.87186324689537e-05
9.81747070909478e-05
0.000111607951112092
0.000131118649733253
0.000139531592139974
0.000152941705891863
0.000173709966475144
0.000205253149033524
0.000253971229540184
0.000303752720355988
0.000354007643181831
0.00042972230585292
0.000542603549547493
0.000711358152329922
0.000886800757143646
0.00106125720776618
0.00123400019947439
0.0014053724007681
0.00157277018297464
0.00173685979098082
0.00190011132508516
0.00205666525289416
0.002209204249084
0.00235774624161422
0.0025032008998096
0.00264407368376851
0.00278158974833786
0.00291536841541529
0.00304533122107387
0.0031720302067697
0.00329537689685822
0.00341399945318699
0.00353180500678718
0.00364531693048775
0.00375342229381204
0.00385845126584172
0.00396080873906612
0.00405947025865316
0.00415344070643187
0.00424379110336304
0.00433192914351821
0.00441539566963911
0.00449624098837376
0.00451703835278749
0.00455028330907226
0.00460070930421352
0.00460172770544887
0.00459813373163342
0.00459248851984739
0.00459197536110878
0.00459115300327539
0.0045908410102129
0.00459072412922978
0.00459054857492447
0.00459052994847298
0.00459052855148911
0.00459052575752139
0.00459052575752139
0.0045905252918601
0.0045905252918601
0.00459052482619882
0.00459052482619882
0.00459052482619882
0.00459052482619882
0.00459040142595768
0.00459010619670153
0.00458904402330518
0.00458746450021863
0.00458511523902416
0.00458160554990172
0.00457681668922305
0.00457084085792303
0.00456203427165747
0.00455013895407319
0.0045456406660378
0.00454522529616952
0.00454459246248007
0.00454435450956225
0.00454426510259509
0.0045442315749824
0.00454418128356338
0.0045441621914506
0.00454415520653129
0.00454415520653129
