0.0
1.70725371617664e-07
1.70881023109359e-07
1.73330377606362e-07
1.75312734995714e-07
1.78672038941841e-07
1.8087982311954e-07
1.83274039500247e-07
1.8749079799818e-07
1.92433276424708e-07
1.96430249843615e-07
2.00421439444654e-07
2.11350851486714e-07
2.40610631863092e-07
3.14208762119961e-07
5.75913588818366e-07
1.63961647103861e-06
3.37125197802379e-06
6.69443079459597e-06
1.579046875122e-05
1.68319147633156e-05
1.78003738255939e-05
1.94292606465751e-05
1.98175112018362e-05
2.03010804398218e-05
2.08418096008245e-05
2.14770589082036e-05
2.2272375645116e-05
2.31313151743961e-05
2.40964527620235e-05
2.51062210736563e-05
2.61975255853031e-05
2.74116009677527e-05
2.84882244159235e-05
2.94290584861301e-05
3.04447130474728e-05
3.11896255880129e-05
3.17372105200775e-05
3.21506595355459e-05
3.24763313983567e-05
3.27509769704193e-05
3.29839713231195e-05
3.32944546244107e-05
3.37178644258529e-05
3.43283791153226e-05
3.52241331711411e-05
3.65515479643364e-05
3.84990453312639e-05
3.92246220144443e-05
3.99477648898028e-05
4.06493963964749e-05
4.16630282416008e-05
4.20517462771386e-05
4.26183105446398e-05
4.35628680861555e-05
4.42810087406542e-05
4.50005463790148e-05
4.60901101178024e-05
4.77420835522935e-05
4.83794101455715e-05
4.93681473017205e-05
5.08942357555497e-05
5.32234516867902e-05
5.71615710214246e-05
5.87146168982144e-05
5.93638033024035e-05
5.98721344431397e-05
6.04166452831123e-05
6.1012808146188e-05
6.16669858573005e-05
6.23691666987725e-05
6.31141665508039e-05
6.38790588709526e-05
6.50890069664456e-05
6.7155655415263e-05
6.94684422342107e-05
7.19100062269717e-05
7.44040225981735e-05
7.81697017373517e-05
8.19949345896021e-05
8.57602644828148e-05
8.9578861661721e-05
9.35298230615444e-05
9.74923459580168e-05
0.000101425699540414
0.000107307809230406
0.000116009228804614
0.000128742787637748
0.000141265089041553
0.000153661952936091
0.000178587230038829
0.000192183855688199
0.00020484792185016
0.000217269072891213
0.000235560408327729
0.000262240908341482
0.000301747699268162
0.000364106032066047
0.000464948738226667
0.000617572106420994
0.000794582301750779
0.000979294069111347
0.00116642285138369
0.00135586422402412
0.0015515626873821
0.00175284035503864
0.00194598967209458
0.00214356742799282
0.00234139314852655
0.00253938557580113
0.00275250268168747
0.00279893283732235
0.00279580382630229
0.0027918629348278
0.00278570130467415
0.00277494825422764
0.00276379543356597
0.00275046052411199
0.00273775379173458
0.00272425753064454
0.00271135941147804
0.00269684428349137
0.00268226093612611
0.00266650575213134
0.00265061599202454
0.00263451389037073
0.00261854892596602
0.00260221376083791
0.00258505227975547
0.0025688442401588
0.00255174934864044
0.00253665423952043
0.0025194592308253
0.00250329822301865
0.0024850822519511
0.00246941833756864
0.00245216768234968
0.00243656779639423
0.00241987127810717
0.00240307813510299
0.00238546775653958
0.00236917613074183
0.0023536728695035
0.00233688554726541
0.00232185423374176
0.00230482150800526
0.00228817714378238
0.0022701162379235
0.00225591938942671
0.00223883171565831
0.00222204090096056
0.00220801122486591
0.00218950398266315
0.00217413809150457
0.00215539708733559
0.00214059627614915
0.00212502898648381
0.00210710987448692
0.0020932957995683
0.00207563559524715
0.00205890904180706
0.00204346631653607
0.00202524359337986
0.00200996361672878
0.00199457537382841
0.00197747908532619
0.00196074321866035
0.00194664497394115
0.00194333307445049
0.00193662173114717
0.00193374021910131
0.00193266605492681
0.00193109177052975
0.00193109177052975
