0
0.00321186147630215
0.0162666589021683
0.0290584191679955
0.0448279976844788
0.0591288208961487
0.0713503211736679
0.086308054625988
0.0947144776582718
0.107388474047184
0.124136283993721
0.14191447198391
0.157694533467293
0.172109156847
0.184453666210175
0.196092218160629
0.206406563520432
0.216816902160645
0.227919191122055
0.238971054553986
0.249790266156197
0.260537147521973
0.271064162254333
0.281478196382523
0.291741847991943
0.301378577947617
0.310439020395279
0.319000571966171
0.327188819646835
0.33626726269722
0.345942765474319
0.354912638664246
0.363034754991531
0.36457946896553
0.364285886287689
0.362561643123627
0.359311550855637
0.354975432157516
0.348632156848907
0.344635903835297
0.335269689559937
0.322014510631561
0.30858650803566
0.297248303890228
0.28746634721756
0.277743428945541
0.265030950307846
0.252971351146698
0.241533905267715
0.230382740497589
0.219443634152412
0.207705810666084
0.195059671998024
0.182592257857323
0.170197337865829
0.157917335629463
0.145747750997543
0.133754119277
0.121703207492828
0.109892629086971
0.0981196463108063
0.0865419507026672
0.0750396177172661
0.0636340975761414
0.0523573346436024
0.0412016063928604
0.0301116388291121
0.0191119723021984
0.00819011311978102
1.74958440766204e-05
1.65021210705163e-05
1.55060479301028e-05
1.43740253406577e-05
1.31330825752229e-05
1.18895104606054e-05
1.06091192719759e-05
9.34444688027725e-06
8.31820216262713e-06
7.3548399086576e-06
6.50845504424069e-06
5.73799025005428e-06
4.93081461172551e-06
4.1671228245832e-06
3.42578096024226e-06
2.77092476608232e-06
2.08851452043746e-06
1.33545108838007e-06
5.6415046856273e-07
-2.39560904446989e-07
-1.06421612144914e-06
-1.91891740541905e-06
-2.77026629191823e-06
-3.65866981155705e-06
-4.39145514974371e-06
-4.94827509101015e-06
-5.52543860976584e-06
-6.05541299592005e-06
-6.44246574665885e-06
-6.86180283082649e-06
-7.24550682207337e-06
-7.51875722926343e-06
-7.9422143244301e-06
-8.3238801380503e-06
-8.58592102304101e-06
