0.0
-8.1564273547762e-19
7.3446076385153e-06
2.83799872704549e-05
5.82726206630468e-05
9.6439485787414e-05
0.000150236490298994
0.000224258299567737
0.000316624587867409
0.000419359712395817
0.000524021568708122
0.000626486900728196
0.000725712277926505
0.000822580128442496
0.000916987308301032
0.00100866192951798
0.0010980301303789
0.00118456326890737
0.00126774795353413
0.00134761421941221
0.00142424856312573
0.00149770325515419
0.00156804686412215
0.00163532153237611
0.0016995653277263
0.00176080234814435
0.00181906681973487
0.00187442742753774
0.00192692712880671
0.00197659293189645
0.00202345964498818
0.00206761155277491
0.00210911850444973
0.00214800867252052
0.00218431232497096
0.00221810746006668
0.00224946462549269
0.00227842968888581
0.00230502942577004
0.00232928618788719
0.00235124491155148
0.00237093959003687
0.00238838931545615
0.00240363483317196
0.00241673411801457
0.00242771347984672
0.00243661063723266
0.00244346424005926
0.00244830595329404
0.00245117978192866
0.00245304545387626
0.00245485547930002
0.00245664594694972
0.00245844852179289
0.00246028346009552
0.00246215774677694
0.00246406625956297
0.00246599991805851
0.00246795266866684
0.00246992544271052
0.00247191777452826
0.00247392081655562
0.00247591896913946
0.00247789616696537
0.00247983983717859
0.00248173205181956
0.00248356256633997
0.00248535280115902
0.00248714629560709
0.00248897005803883
0.00249083340167999
0.00249273353256285
0.00249465997330844
0.00249660783447325
0.00249857525341213
0.00250056362710893
0.0025025699287653
0.00250458577647805
0.00250659766606987
0.00250858580693603
0.00251053413376212
0.00251243053935468
0.0025142733938992
0.00251609506085515
0.00251793395727873
0.00251980987377465
0.00252172653563321
0.00252367532812059
0.00252564484253526
0.00252763135358691
0.00252963649109006
0.00253166048787534
0.00253369961865246
0.00253574643284082
0.00253778253681958
0.00253978604450822
0.00254174671135843
0.00254365871660411
0.00254553067497909
0.00254740240052342
0.00254930183291435
