0.0
3.40026872436283e-07
5.24667939316714e-07
5.29914075286797e-07
5.29914075286797e-07
5.75424621729326e-07
5.93352467603836e-07
6.33121828741423e-07
6.59397073832224e-07
6.63077003082435e-07
8.23412335648754e-07
1.45517390137684e-06
1.50134042087302e-06
1.50506525642413e-06
1.50877099258651e-06
1.5124029459912e-06
1.51591268604534e-06
1.51934852965496e-06
1.52272207287751e-06
1.52598761360423e-06
1.52926497776207e-06
1.53263738411624e-06
1.53591327034519e-06
1.53883365783258e-06
1.54188523993071e-06
1.54508563809941e-06
1.54861197643186e-06
1.55241082211433e-06
1.55619920860772e-06
1.56181431520963e-06
1.57027636760176e-06
1.5830235042813e-06
1.60245986080554e-06
1.63332117608661e-06
1.68129588473676e-06
1.75515037881269e-06
1.86940167168359e-06
2.05055607693794e-06
2.11669294003514e-06
2.21680943468527e-06
2.26472525355348e-06
2.34024014389433e-06
2.34471326621133e-06
2.34921299124835e-06
2.35372067436401e-06
2.36041273637966e-06
2.36706387113372e-06
2.37366884903167e-06
2.38022425946838e-06
2.3866489300417e-06
2.39289693126921e-06
2.39919063460547e-06
2.40082681557396e-06
2.40252620642423e-06
2.40434337683837e-06
2.40636131820793e-06
2.40877784563054e-06
2.41154680225009e-06
2.41395377997833e-06
2.41664042732737e-06
2.42004784922756e-06
2.42624105339928e-06
2.43746944761369e-06
2.4545829546696e-06
2.47867592406692e-06
2.5083145374083e-06
2.53568691732653e-06
2.55824670603033e-06
2.58113755080558e-06
2.6135960524698e-06
2.65366520579846e-06
2.6874504328589e-06
2.71196336143475e-06
2.73115847448935e-06
2.74741501016251e-06
2.76261243925546e-06
2.78431366496079e-06
2.81553229797282e-06
2.86071986010938e-06
2.92708796223451e-06
3.03888441521849e-06
3.20456638291944e-06
3.37195024258108e-06
3.54786038769817e-06
3.72425211025984e-06
3.90346440326539e-06
4.17933233620715e-06
4.588286174112e-06
5.06157903146232e-06
5.61998922421481e-06
6.13624570178217e-06
6.23074356553843e-06
6.32117598797777e-06
6.40461530565517e-06
6.46830676487298e-06
6.48341756459558e-06
6.49752109893598e-06
6.51206983093289e-06
6.52631160846795e-06
6.54041059533483e-06
6.55915255265427e-06
6.57811233395478e-06
6.59580018691486e-06
6.61668809698313e-06
6.63699120195815e-06
6.63831269775983e-06
6.63987566440483e-06
6.64149092699517e-06
6.64420394969056e-06
6.64744038658682e-06
6.65042489345069e-06
6.65343350192416e-06
6.65468542138115e-06
6.6568654801813e-06
6.6599736783246e-06
6.66591176923248e-06
6.67116273689317e-06
6.67539234200376e-06
6.6794909798773e-06
6.68248321744613e-06
6.68487064103829e-06
6.6868278736365e-06
6.68845905238413e-06
6.68988377583446e-06
6.69103292239015e-06
6.69260907670832e-06
6.69410292175598e-06
6.69556357024703e-06
6.69771270622732e-06
6.70097006150172e-06
6.70556801196653e-06
6.71147518005455e-06
6.71604584567831e-06
6.72023725201143e-06
6.72361557008117e-06
6.72629221298848e-06
6.72871101414785e-06
6.73221256874967e-06
6.73946897222777e-06
6.74970897307503e-06
6.7629007389769e-06
6.77695561535074e-06
6.79054619467934e-06
6.80340690450976e-06
6.81970504956553e-06
6.81972778693307e-06
6.81972778693307e-06
6.81972778693307e-06
6.81972778693307e-06
6.81972778693307e-06
6.81972778693307e-06
6.81972778693307e-06
6.91734931024257e-06
6.91746254233294e-06
6.91755076331901e-06
6.91768400429282e-06
6.91778359396267e-06
6.9177981458779e-06
6.9177981458779e-06
6.9177981458779e-06
6.9177981458779e-06
6.9177981458779e-06
6.9177981458779e-06
6.9177981458779e-06
6.9177981458779e-06
6.9177981458779e-06
6.9177981458779e-06
6.9177981458779e-06
6.9177999648673e-06
6.91789318807423e-06
6.91789318807423e-06
6.91789318807423e-06
6.91789318807423e-06
6.91789318807423e-06
6.91789318807423e-06
6.91789318807423e-06
6.91789318807423e-06
6.91789318807423e-06
6.91789318807423e-06
6.91789318807423e-06
6.91789318807423e-06
6.91789318807423e-06
6.91797276886064e-06
6.91801733410102e-06
6.91801733410102e-06
6.91809191266657e-06
6.91809191266657e-06
6.91809827912948e-06
6.91811192155001e-06
6.91811192155001e-06
6.91811192155001e-06
6.91811192155001e-06
6.91811192155001e-06
6.91812601871789e-06
6.91815603204304e-06
6.91816740072682e-06
6.91817240294768e-06
6.91817240294768e-06
6.91817240294768e-06
6.91817240294768e-06
6.91817240294768e-06
6.91817240294768e-06
6.91817240294768e-06
