-0.0
2.92450327607944e-16
-1.03595539258095e-07
2.29977331400733e-07
5.22777554579079e-09
9.21749233384617e-07
2.41345424001338e-06
2.62721550825518e-06
2.20586844079662e-06
1.40285555971786e-06
1.67612597579136e-07
-8.46408511279151e-07
-1.45960075315088e-06
-3.09220558847301e-06
-2.97119913739152e-06
-3.89874549000524e-06
-5.02486000186764e-06
-4.51006781077012e-06
-4.33316381531768e-06
-4.18659328715876e-06
-4.13652378483675e-06
-3.52324423147365e-06
-2.93731864076108e-06
-1.89167622011155e-06
-1.60008858074434e-06
-3.98515112465248e-07
1.76354660652578e-07
5.79588231630623e-07
3.14694625558332e-06
5.66995367989875e-06
7.32658372726291e-06
6.45979889668524e-06
6.85756458551623e-06
9.84061625786126e-06
1.34202346089296e-05
1.54298286361154e-05
1.73855914908927e-05
1.47015089169145e-05
1.60847848746926e-05
1.6109839634737e-05
1.65087913046591e-05
1.6807702195365e-05
1.72747095348313e-05
1.72983636730351e-05
1.74188771779882e-05
1.74988417711575e-05
1.76889461727114e-05
1.78555819729809e-05
1.78555819729809e-05
