-0.0
-2.27373675443232e-13
0.013124574907124
0.0326329804956913
0.0504711493849754
0.0660709738731384
0.077468603849411
0.0870487615466118
0.093434676527977
0.0985821783542633
0.106966130435467
0.121731467545033
0.139798238873482
0.159158572554588
0.1766537129879
0.191245257854462
0.203112974762917
0.212743982672691
0.221401706337929
0.229941129684448
0.238387227058411
0.246738627552986
0.256804704666138
0.27098822593689
0.27464970946312
0.273405700922012
0.272941052913666
0.267991364002228
0.262853801250458
0.258145749568939
0.255673587322235
0.253600031137466
0.248924255371094
0.243830293416977
0.2398801445961
0.236374393105507
0.233020931482315
0.229428336024284
0.224352121353149
0.219287067651749
0.214241027832031
0.209436506032944
0.204775482416153
0.200291752815247
0.195605203509331
0.191039204597473
0.186427339911461
0.181962743401527
0.177443772554398
0.173021763563156
0.168610975146294
0.164090514183044
0.159690901637077
0.155381858348846
0.151195779442787
0.146967470645905
0.142779916524887
0.138543650507927
0.134452700614929
0.130375891923904
0.126334324479103
0.12233742326498
0.118422247469425
0.114475712180138
0.110616132616997
0.106833696365356
0.103099927306175
0.0994306653738022
0.0957791954278946
0.0921718552708626
0.0885863229632378
0.0850710347294807
0.0815872475504875
0.0781147256493568
0.0747598484158516
0.0713084414601326
0.0679678171873093
0.0645247548818588
0.0612358413636684
0.0579436011612415
0.0545965693891048
0.0513807311654091
0.0480904914438725
0.0450162664055824
0.0419629812240601
0.0389784686267376
0.0360041409730911
0.0330075621604919
0.0300565790385008
0.0270953811705112
0.0241156294941902
0.0211640503257513
0.0182861406356096
0.0154690956696868
0.01265555806458
0.00984747987240553
0.00709388731047511
0.00643712654709816
0.00636728620156646
0.0063133011572063
0.00626780046150088
