-0.0
-1.20405849257485e-17
-2.69551492237952e-08
2.84126144833863e-08
-2.6615452952683e-08
5.30981196789071e-08
3.56885720975697e-08
2.00798240257427e-08
-1.06979314296041e-07
-3.73698640032671e-07
4.16548573412001e-09
1.78496065927902e-07
-3.23039785143919e-07
-6.16773832007311e-08
-3.72119757230394e-08
-1.23800418805331e-08
2.61152308667079e-08
3.60396370524541e-08
4.76775312563404e-08
5.47479430679232e-08
6.29861460765824e-08
7.68122845329344e-08
9.14005795493722e-08
1.3437238521874e-07
1.74502929439768e-07
1.5197838365566e-07
1.57238901010714e-07
1.59454430104233e-07
3.04595232591964e-07
3.7143581721466e-07
3.84561644750647e-07
4.14951500715688e-07
-4.00257704313844e-07
-4.25685357186012e-07
-1.56102032633498e-07
1.997068466153e-07
-8.40846041683108e-08
-3.30310285789892e-07
-3.10770701617002e-07
-1.48682374856435e-06
-1.71255305758677e-06
-1.86857141670771e-06
-1.82129952008836e-06
-1.5605182852596e-06
-1.14521753857844e-06
-4.99530870001763e-07
-3.02414264297113e-07
-3.55357769876719e-08
1.3802491594106e-08
5.28656528331339e-07
6.16102624917403e-07
1.03686033980921e-07
8.8257365860045e-09
2.56291968980804e-07
-2.44061084231362e-07
-3.93658046959899e-06
-1.70999555848539e-06
-2.91030664811842e-06
-2.87029070022982e-06
-3.53724317392334e-07
2.88846240437124e-06
3.78012555302121e-06
3.04909372061957e-06
2.10341931961011e-06
-1.29102409118786e-06
-2.98567829304375e-06
-2.98646227747668e-06
-1.10491237137467e-06
4.62161551695317e-07
-1.9117578631267e-07
-1.26958730106708e-06
-3.31370756612159e-07
1.20620643428992e-06
-9.94854417513125e-07
-1.82319308805745e-06
-6.10125425737351e-07
-1.73419175553136e-06
-3.14850694849156e-07
9.85071892500855e-07
2.70159944193438e-07
7.54565917304717e-07
1.56468558998313e-07
-2.97797669190913e-07
-9.3119524535723e-08
7.60019247536547e-08
-2.79553205473348e-07
-1.56285750563256e-07
-1.51145377458306e-06
-5.11336111230776e-07
-4.73368345410563e-07
-1.19635842565913e-07
1.0763051250251e-07
2.51860910793766e-07
5.34465925738914e-07
4.17796400142834e-07
8.68645201990148e-07
3.16118530463427e-07
9.25084805203369e-07
-2.21732989302836e-07
2.24695668293862e-07
-8.00999941930058e-07
1.76330559042981e-08
-2.69651991402498e-07
-2.56022758549079e-09
2.99726252706023e-08
1.23127620099694e-07
9.62202193477424e-08
1.28953047351388e-07
9.58251291649503e-08
-1.43806397900903e-08
9.02025298898934e-09
9.14850506461562e-09
2.5852726626141e-09
4.52797666028459e-09
-6.18191320356232e-09
-6.25105567308992e-09
-6.25105567308992e-09
