0.0
3.05836209690824e-08
3.06657419457679e-08
7.1511315979933e-08
1.45014823260681e-07
2.1689545803838e-07
4.91294713356183e-07
1.19871867809707e-06
1.30253386032564e-06
1.47105720316176e-06
1.62945036663587e-06
1.81773054919177e-06
2.02102410185034e-06
2.26748193199455e-06
2.54647693509469e-06
2.87218585981464e-06
3.1859374303167e-06
3.48070648215071e-06
3.87795353162801e-06
4.28055409429362e-06
4.67461313746753e-06
5.02157354276278e-06
5.33441789229983e-06
6.01796273258515e-06
6.92786716172122e-06
7.75897296989569e-06
8.13617407402489e-06
8.54995960253291e-06
8.92883508640807e-06
9.29715315578505e-06
9.65213803283405e-06
1.01051246019779e-05
1.07867963379249e-05
1.20435715871281e-05
1.4402099623112e-05
1.50847299664747e-05
1.60616527864477e-05
1.75586574187037e-05
2.00813392439159e-05
2.24485229409765e-05
2.45429855567636e-05
2.54029819188872e-05
2.68129642790882e-05
2.71538501692703e-05
2.7102918465971e-05
2.7130292437505e-05
2.71758144663181e-05
2.72436373052187e-05
2.73452042165445e-05
2.74957583314972e-05
2.77197577815969e-05
2.80441490758676e-05
2.85413952951785e-05
2.9277380235726e-05
2.93908487947192e-05
2.94070050586015e-05
2.9538261514972e-05
2.9784006983391e-05
2.97826263704337e-05
