0
0.0011999998241663
0.00240000011399389
0.00359999993816018
0.00479999976232648
0.00509999971836806
0.00555000035092235
0.00622499966993928
0.00723750004544854
0.00843749986961482
0.00963749969378112
0.0108374995179474
0.0120375002734363
0.0132375000976026
0.0144374999217689
0.0147374994121492
0.0151874995790422
0.0158624998293817
0.0160312498919666
0.0160734369419515
0.0160892582498491
0.0161050776951015
0.0161208990029991
0.0161367184482515
0.0161604485474527
0.0161841786466539
0.0162079106085002
0.0162316407077014
0.0162672358565032
0.0163206304423511
0.0164007204584777
0.0165208554826677
0.0167010589502752
0.0169713641516864
0.0173768210224807
0.0179850063286722
0.0188972852192819
0.0200972850434482
0.0212972867302596
0.0224972865544259
0.0236972863785922
0.0248972862027585
0.0260972860269248
0.0272972858510911
0.0284972856752574
0.0296972873620689
0.03089728532359
0.0320972870104015
0.0332972849719226
0.0332972849719226
