0.0
0.0
0.0
2.67538418086133e-08
1.88452986549237e-07
2.04216135557544e-07
2.98203701731836e-07
4.4480140104497e-07
1.70866735516029e-06
3.8504522308358e-06
4.42747295892332e-06
5.09726805830724e-06
5.91464595345315e-06
6.08204754826147e-06
6.10795677857823e-06
6.12658413956524e-06
6.14443615631899e-06
6.16758370597381e-06
6.19584034211584e-06
6.22712832409889e-06
6.25351958660758e-06
6.27563485977589e-06
6.29968326393282e-06
6.32799583399901e-06
6.3644870351709e-06
6.40684766040067e-06
6.46251100988593e-06
6.53757797408616e-06
6.58299086353509e-06
6.60659861750901e-06
6.63148011881276e-06
6.65470315652783e-06
6.67275253363186e-06
6.6888037508761e-06
6.70400504532154e-06
6.71822908770991e-06
6.73200929668383e-06
6.74518696541782e-06
6.76434819979477e-06
6.79263393976726e-06
6.83356483932585e-06
6.89420949129271e-06
6.98562143952586e-06
7.12344126441167e-06
7.33390834284364e-06
7.68853442423278e-06
8.35759146866621e-06
9.55212999542709e-06
1.10348019006778e-05
1.22498713608366e-05
1.35494201458641e-05
1.40750535138068e-05
1.4587626537832e-05
1.51112126332009e-05
1.58918792294571e-05
1.6184330888791e-05
1.64118446264183e-05
1.64188004418975e-05
1.64188004418975e-05
1.64188004418975e-05
1.64188004418975e-05
1.64188004418975e-05
1.64188004418975e-05
1.64646662597079e-05
1.64646662597079e-05
1.64646662597079e-05
1.64646662597079e-05
1.64646662597079e-05
1.64646662597079e-05
1.64646662597079e-05
1.64646662597079e-05
1.64646662597079e-05
1.64646698976867e-05
1.64646698976867e-05
1.64646698976867e-05
1.64646698976867e-05
1.64646698976867e-05
1.64646698976867e-05
1.64646698976867e-05
1.64646698976867e-05
1.64646698976867e-05
1.64646698976867e-05
1.64646698976867e-05
1.64646698976867e-05
1.64646698976867e-05
1.64646698976867e-05
1.64646698976867e-05
1.64646698976867e-05
1.64646698976867e-05
1.64646698976867e-05
1.64646698976867e-05
1.64646698976867e-05
1.64646698976867e-05
1.64646698976867e-05
1.64646698976867e-05
1.64646698976867e-05
1.64646698976867e-05
1.64646698976867e-05
1.64646698976867e-05
1.64646698976867e-05
1.64646698976867e-05
1.64646698976867e-05
1.64646698976867e-05
1.64646698976867e-05
1.64646698976867e-05
1.64646698976867e-05
1.64646698976867e-05
1.64646698976867e-05
1.64646698976867e-05
1.64646698976867e-05
1.64646698976867e-05
1.64646698976867e-05
1.64646698976867e-05
1.64646698976867e-05
1.64646698976867e-05
1.64646698976867e-05
1.64646698976867e-05
1.64646698976867e-05
1.64646698976867e-05
1.64646698976867e-05
1.64646698976867e-05
1.64646698976867e-05
1.64646698976867e-05
1.64646698976867e-05
1.64646698976867e-05
1.64646698976867e-05
1.64646698976867e-05
1.64646698976867e-05
1.64646698976867e-05
1.64646698976867e-05
1.64646698976867e-05
1.64646698976867e-05
1.64646698976867e-05
1.64646698976867e-05
1.64646698976867e-05
1.64646698976867e-05
1.64646698976867e-05
1.64646698976867e-05
1.64646698976867e-05
1.64646698976867e-05
1.64646698976867e-05
1.64646698976867e-05
1.64646698976867e-05
1.64646698976867e-05
1.64646698976867e-05
1.64646698976867e-05
1.64646698976867e-05
1.64646698976867e-05
