0.0
1.60430540359689e-31
1.55825023995249e-08
2.6248180802213e-06
1.21619996207301e-05
1.56401420099428e-05
1.68328642757842e-05
1.84776035894174e-05
2.13744751818012e-05
2.53963517025113e-05
3.06287438434083e-05
3.98867741751019e-05
4.37547205365263e-05
4.77169342048001e-05
5.18676424690057e-05
5.88062466704287e-05
6.69462824589573e-05
7.54926513764076e-05
8.35048194858246e-05
9.12468894966878e-05
9.9015116575174e-05
0.000106899460661225
0.000115391143481247
0.000124621379654855
0.000134972593514249
0.000152565684402362
0.000172578889760189
0.00019392698595766
0.000199391739442945
0.000204906478757039
0.000206988115678541
0.000207770353881642
0.000208945275517181
0.000209386300412007
0.000209396646823734
0.000209412159165367
0.000209417979931459
0.000209420162718743
0.000209423436899669
0.000209424659260549
0.000209425124921836
0.000209425299544819
0.00020942535775248
0.00020942538685631
0.000209425415960141
0.000209425430512056
0.000209425430512056
