0.0
6.5726190712212e-08
9.09427697592946e-08
2.11171553132772e-07
3.31543645870624e-07
9.43182214996341e-07
2.27050418288854e-06
4.12013241657405e-06
5.99678241997026e-06
6.64990147924982e-06
6.86688963469351e-06
7.1003719313012e-06
7.36410402168985e-06
7.43820282878005e-06
7.5166658461967e-06
7.58050236981944e-06
7.64387823437573e-06
7.70986844145227e-06
7.77724744693842e-06
7.84677740739426e-06
7.92039827501867e-06
7.99424196884502e-06
8.01171609055018e-06
8.02402701083338e-06
8.0358349805465e-06
8.04724095360143e-06
8.05838499218225e-06
8.06920888862805e-06
8.07986816653283e-06
8.0903173511615e-06
8.1006282925955e-06
8.11089375929441e-06
8.12101461633574e-06
8.12101552583044e-06
8.12101734481985e-06
8.12101916380925e-06
8.12102007330395e-06
8.12102189229336e-06
8.12102371128276e-06
8.12102462077746e-06
8.12102643976687e-06
8.12102734926157e-06
8.12102825875627e-06
8.12102825875627e-06
8.12102916825097e-06
8.12103098724037e-06
8.12103098724037e-06
8.12103098724037e-06
8.12103098724037e-06
8.12103189673508e-06
8.12103189673508e-06
8.12103189673508e-06
8.12103280622978e-06
8.12103280622978e-06
8.12103371572448e-06
8.12103462521918e-06
8.12103553471388e-06
8.12103553471388e-06
8.12103644420858e-06
8.12103826319799e-06
8.12103826319799e-06
8.12103917269269e-06
8.12104008218739e-06
8.12104099168209e-06
8.1210419011768e-06
8.1210428106715e-06
8.1210428106715e-06
8.1210437201662e-06
8.1210446296609e-06
8.1210455391556e-06
8.1210455391556e-06
8.1210464486503e-06
8.1210464486503e-06
8.12104735814501e-06
8.12104826763971e-06
8.12104826763971e-06
8.12104826763971e-06
8.12104917713441e-06
8.12104917713441e-06
8.12105008662911e-06
8.12105099612381e-06
8.12105190561851e-06
8.12105281511322e-06
8.12105281511322e-06
8.12105372460792e-06
8.12105372460792e-06
8.12105554359732e-06
8.12105554359732e-06
8.12105645309202e-06
8.12105645309202e-06
8.12105736258673e-06
8.12105827208143e-06
8.12105918157613e-06
8.12105918157613e-06
8.12105918157613e-06
8.12106009107083e-06
8.12106009107083e-06
8.12106100056553e-06
8.12106191006023e-06
8.12106281955494e-06
8.12106372904964e-06
8.12106463854434e-06
8.12106463854434e-06
8.12106554803904e-06
8.12106554803904e-06
8.12106554803904e-06
8.12106645753374e-06
8.12106736702845e-06
8.12106827652315e-06
8.12106918601785e-06
8.12107009551255e-06
8.12107100500725e-06
8.12107100500725e-06
8.12107191450195e-06
8.12107191450195e-06
8.12107282399666e-06
8.12107373349136e-06
8.12107373349136e-06
8.12107373349136e-06
8.12107464298606e-06
8.12107464298606e-06
8.12107464298606e-06
8.12107555248076e-06
8.12107646197546e-06
8.12107737147016e-06
8.12107737147016e-06
8.12107828096487e-06
8.12107919045957e-06
8.12108009995427e-06
8.12108100944897e-06
8.12108191894367e-06
8.12108191894367e-06
8.12108282843838e-06
8.12108373793308e-06
8.12108373793308e-06
8.12108373793308e-06
8.12108464742778e-06
8.12108464742778e-06
8.12108555692248e-06
8.12108555692248e-06
8.12108646641718e-06
8.12108737591188e-06
8.12108737591188e-06
8.12108828540659e-06
8.12108828540659e-06
8.12108828540659e-06
8.12108919490129e-06
8.12109010439599e-06
8.12109010439599e-06
8.12109101389069e-06
8.12109192338539e-06
8.12109283288009e-06
8.12109283288009e-06
8.1210937423748e-06
8.1210946518695e-06
8.1210955613642e-06
8.1210955613642e-06
8.1210955613642e-06
8.1210955613642e-06
8.1210964708589e-06
8.1210964708589e-06
8.12109828984831e-06
8.12109828984831e-06
8.12109919934301e-06
8.12109919934301e-06
8.12110101833241e-06
8.12110192782711e-06
8.12110283732181e-06
8.12110374681652e-06
8.12110465631122e-06
8.12110556580592e-06
8.12110647530062e-06
8.12110738479532e-06
8.12110829429002e-06
8.12110920378473e-06
8.12111011327943e-06
8.12111193226883e-06
8.12111193226883e-06
8.12111193226883e-06
8.12111193226883e-06
8.12111284176353e-06
8.12111375125824e-06
8.12111466075294e-06
8.12111647974234e-06
8.12111647974234e-06
8.12111647974234e-06
8.12111647974234e-06
8.12111738923704e-06
8.12111738923704e-06
8.12111738923704e-06
8.12111829873174e-06
8.12111920822645e-06
8.12112011772115e-06
8.12112011772115e-06
8.12112102721585e-06
8.12112193671055e-06
8.12112284620525e-06
8.12112375569995e-06
8.12112375569995e-06
8.12112466519466e-06
8.12112557468936e-06
8.12112557468936e-06
8.12112648418406e-06
8.12112830317346e-06
8.12112830317346e-06
8.12112921266817e-06
8.12113012216287e-06
8.12113103165757e-06
8.12113194115227e-06
8.12113285064697e-06
8.12113466963638e-06
8.12113557913108e-06
8.12113557913108e-06
8.12113557913108e-06
8.12113557913108e-06
8.12113648862578e-06
8.12113648862578e-06
8.12113648862578e-06
8.12113739812048e-06
8.12113830761518e-06
8.12113921710989e-06
8.12114012660459e-06
8.12114103609929e-06
8.12114194559399e-06
8.12114194559399e-06
8.12114285508869e-06
8.12114376458339e-06
8.1211455835728e-06
8.1211455835728e-06
8.1211464930675e-06
8.1211483120569e-06
8.1211483120569e-06
8.1211483120569e-06
8.1211483120569e-06
8.1211492215516e-06
8.12115013104631e-06
8.12115013104631e-06
8.12115195003571e-06
8.12115285953041e-06
8.12115285953041e-06
8.12115285953041e-06
8.12115285953041e-06
8.12115285953041e-06
8.12115376902511e-06
8.12115467851982e-06
8.12115467851982e-06
8.12115649750922e-06
8.12115740700392e-06
8.12115740700392e-06
8.12115922599332e-06
8.12116013548803e-06
8.12116104498273e-06
8.12116195447743e-06
8.12116286397213e-06
8.12116286397213e-06
8.12116377346683e-06
8.12116468296153e-06
8.12116468296153e-06
8.12116559245624e-06
8.12116559245624e-06
8.12116559245624e-06
8.12116650195094e-06
8.12116741144564e-06
8.12116832094034e-06
8.12116832094034e-06
8.12116923043504e-06
8.12117013992975e-06
8.12117104942445e-06
8.12117104942445e-06
8.12117195891915e-06
8.12117286841385e-06
8.12117377790855e-06
8.12117377790855e-06
8.12117377790855e-06
8.12117468740325e-06
8.12117468740325e-06
8.12117650639266e-06
8.12117650639266e-06
8.12117741588736e-06
8.12117832538206e-06
8.12117832538206e-06
8.12117832538206e-06
8.12117832538206e-06
8.12117832538206e-06
8.12117832538206e-06
8.12117832538206e-06
8.12117923487676e-06
8.12118014437146e-06
8.12118014437146e-06
8.12118014437146e-06
8.12118105386617e-06
8.12118105386617e-06
8.12118105386617e-06
8.12118196336087e-06
8.12118378235027e-06
8.12118378235027e-06
8.12118469184497e-06
8.12118469184497e-06
8.12118560133968e-06
8.12118560133968e-06
8.12118651083438e-06
8.12118651083438e-06
8.12118742032908e-06
8.12118832982378e-06
8.12118923931848e-06
8.12118923931848e-06
8.12119014881318e-06
8.12119105830789e-06
8.12119196780259e-06
8.12119196780259e-06
8.12119287729729e-06
8.12119378679199e-06
8.12119378679199e-06
8.12119378679199e-06
8.12119378679199e-06
8.12119469628669e-06
8.12119469628669e-06
8.12119469628669e-06
8.12119560578139e-06
8.1211965152761e-06
8.1211983342655e-06
8.1211983342655e-06
8.1211992437602e-06
8.12120106274961e-06
8.12120106274961e-06
8.12120106274961e-06
8.12120106274961e-06
8.12120197224431e-06
8.12120197224431e-06
8.12120288173901e-06
8.12120288173901e-06
8.12120288173901e-06
8.12120288173901e-06
8.12120288173901e-06
8.12120288173901e-06
8.12120379123371e-06
8.12120470072841e-06
8.12120470072841e-06
8.12120561022311e-06
8.12120651971782e-06
8.12120651971782e-06
8.12120742921252e-06
8.12120742921252e-06
8.12120742921252e-06
8.12120742921252e-06
8.12120742921252e-06
8.12120833870722e-06
8.12120833870722e-06
8.12120833870722e-06
8.12120924820192e-06
8.12121015769662e-06
8.12121197668603e-06
8.12121197668603e-06
8.12121288618073e-06
8.12121288618073e-06
8.12121379567543e-06
8.12121470517013e-06
8.12121561466483e-06
8.12121652415954e-06
8.12121743365424e-06
8.12121743365424e-06
8.12121834314894e-06
8.12121834314894e-06
8.12121834314894e-06
8.12121925264364e-06
8.12121925264364e-06
8.12122016213834e-06
8.12122107163304e-06
8.12122198112775e-06
8.12122198112775e-06
8.12122380011715e-06
8.12122380011715e-06
8.12122470961185e-06
8.12122470961185e-06
8.12122561910655e-06
8.12122652860126e-06
8.12122834759066e-06
8.12122925708536e-06
8.12122925708536e-06
8.12123016658006e-06
8.12123016658006e-06
8.12123107607476e-06
8.12123198556947e-06
8.12123289506417e-06
8.12123380455887e-06
8.12123471405357e-06
8.12123471405357e-06
8.12123471405357e-06
8.12123562354827e-06
8.12123653304297e-06
8.12123653304297e-06
8.12123744253768e-06
8.12123744253768e-06
8.12123835203238e-06
8.12123835203238e-06
8.12124017102178e-06
8.12124017102178e-06
8.12124108051648e-06
8.12124199001119e-06
8.12124289950589e-06
8.12124380900059e-06
8.12124380900059e-06
8.12124562798999e-06
8.1212474469794e-06
8.1212483564741e-06
8.1212492659688e-06
8.1212501754635e-06
8.1212510849582e-06
8.1212510849582e-06
8.1212510849582e-06
8.1212519944529e-06
8.1212519944529e-06
8.12125290394761e-06
8.12125290394761e-06
8.12125290394761e-06
8.12125381344231e-06
8.12125472293701e-06
8.12125563243171e-06
8.12125654192641e-06
8.12125654192641e-06
8.12125654192641e-06
8.12125654192641e-06
8.12125654192641e-06
8.12125745142112e-06
8.12125745142112e-06
8.12125836091582e-06
8.12125836091582e-06
8.12125836091582e-06
8.12125927041052e-06
8.12125927041052e-06
8.12125927041052e-06
8.12126017990522e-06
8.12126017990522e-06
8.12126017990522e-06
8.12126108939992e-06
8.12126108939992e-06
8.12126108939992e-06
8.12126199889462e-06
8.12126290838933e-06
8.12126381788403e-06
8.12126472737873e-06
8.12126563687343e-06
8.12126563687343e-06
8.12126654636813e-06
8.12126745586284e-06
8.12126836535754e-06
8.12126836535754e-06
8.12127018434694e-06
8.12127018434694e-06
8.12127109384164e-06
8.12127200333634e-06
8.12127200333634e-06
8.12127291283105e-06
8.12127382232575e-06
8.12127473182045e-06
8.12127564131515e-06
8.12127655080985e-06
8.12127655080985e-06
8.12127655080985e-06
8.12127746030455e-06
8.12127746030455e-06
8.12127836979926e-06
8.12127836979926e-06
8.12127927929396e-06
8.12128018878866e-06
8.12128109828336e-06
8.12128291727277e-06
8.12128291727277e-06
8.12128382676747e-06
8.12128564575687e-06
8.12128564575687e-06
8.12128473626217e-06
8.12128564575687e-06
8.12128564575687e-06
8.12128655525157e-06
8.12128746474627e-06
8.12128746474627e-06
8.12128746474627e-06
8.12128746474627e-06
8.12128746474627e-06
8.12128837424098e-06
8.12128837424098e-06
8.12128928373568e-06
8.12129019323038e-06
8.12129019323038e-06
8.12129110272508e-06
8.12129201221978e-06
8.12129383120919e-06
8.12129383120919e-06
8.12129474070389e-06
8.12129565019859e-06
8.12129746918799e-06
8.12129746918799e-06
8.1212983786827e-06
8.1212992881774e-06
8.1213001976721e-06
8.1213001976721e-06
8.1213011071668e-06
8.1213020166615e-06
8.1213029261562e-06
8.12130383565091e-06
