0.0
5.28075467798317e-08
2.23154961531691e-06
4.87640863866545e-06
6.16578427070635e-06
5.29111957803252e-06
5.57093471797998e-06
6.69714336254401e-06
8.5689889601781e-06
1.08878220999031e-05
1.17676599984406e-05
1.17275540105766e-05
1.1529894436535e-05
1.11407416625298e-05
1.08150306914467e-05
1.05672315839911e-05
1.01809764601057e-05
9.86287977866596e-06
9.59584758675192e-06
9.26410666579613e-06
8.87178521224996e-06
8.50179458211642e-06
8.12888538348489e-06
7.76619890530128e-06
7.42715474189026e-06
7.10695303496323e-06
6.80269295116886e-06
6.51204481982859e-06
6.21932395006297e-06
5.90714307691087e-06
5.58838382858085e-06
5.28263581145438e-06
4.99156794830924e-06
4.69166616312577e-06
4.40816756963613e-06
4.05100217903964e-06
3.63802359970578e-06
3.22918663187011e-06
2.8520189516712e-06
2.36588743973698e-06
1.86871341156802e-06
1.45045930821652e-06
1.10826624677429e-06
7.28651286863169e-07
3.89530669053784e-07
1.06591286908042e-07
8.57382698171705e-09
8.60039595096396e-09
8.72224781289788e-09
8.96659013704948e-09
9.35148136704811e-09
1.01954276132687e-08
1.08055191461176e-08
1.13491509523556e-08
1.1826268853099e-08
1.17926512999134e-08
1.11319735651705e-08
1.05792015148154e-08
9.77743042085422e-09
9.24448428918367e-09
9.04743480134584e-09
9.02913566136476e-09
9.18384124304339e-09
9.3506242748731e-09
9.91499415903263e-09
1.04734798611616e-08
1.10421565224783e-08
1.14398268635796e-08
1.16736629252046e-08
1.17959082501784e-08
1.14048628319097e-08
1.09729834107952e-08
1.04664445998992e-08
9.65835322830344e-09
9.1088878662049e-09
8.80375594647376e-09
8.7295344286531e-09
8.57372928209088e-09
8.9734122354912e-09
1.05727400168121e-08
1.05907931313709e-08
1.05906190484006e-08
1.05909423453454e-08
1.05909423453454e-08
1.05909423453454e-08
1.05909423453454e-08
1.05909423453454e-08
1.05909423453454e-08
1.05909423453454e-08
1.06146140765873e-08
1.06146140765873e-08
