0.0
-8.4950918996616e-20
1.13414298539283e-05
4.98697845614515e-05
0.00011814806930488
0.000209593708859757
0.000320065766572952
0.000453796761576086
0.000613594078458846
0.000798847991973162
0.00101215543691069
0.00125470559578389
0.00152384105604142
0.0018196398159489
0.00214165495708585
0.00248534348793328
0.00284687802195549
0.00322357728146017
0.00361368851736188
0.00400512013584375
0.00438624108210206
0.00475786859169602
0.0051181223243475
0.00546414637938142
0.0057961824350059
0.00611672643572092
0.00642772298306227
0.00672695692628622
0.00701234769076109
0.00728435115888715
0.00754429399967194
0.00779332034289837
0.0080304304137826
0.00825410056859255
0.00846420414745808
0.00866092182695866
0.0088444035500288
0.00901462975889444
0.00917152594774961
0.00931525323539972
0.00944596994668245
0.00956378784030676
0.00966880191117525
0.00976103451102972
0.0098405946046114
0.0099076209589839
0.00996220577508211
0.0100043592974544
0.010033936239779
0.010050717741251
0.0100528839975595
0.010054481215775
0.0100545883178711
0.0100545883178711
0.0100545883178711
0.0100545883178711
0.0100545883178711
0.0100545883178711
0.0100545883178711
0.0100545883178711
0.0100545883178711
0.0100545883178711
0.0100545883178711
0.0100545883178711
0.0100545883178711
0.0100545883178711
0.0100545883178711
0.0100545883178711
0.0100545883178711
0.0100545883178711
0.0100545883178711
0.0100545883178711
0.0100545883178711
0.0100545883178711
0.0100545883178711
0.0100545883178711
0.0100545883178711
0.0100545883178711
0.0100545883178711
0.0100545883178711
0.0100545883178711
0.0100545883178711
0.0100545883178711
0.0100545883178711
