0.0
3.82122561859433e-06
3.82216239813715e-06
3.8221628528845e-06
3.82216467187391e-06
3.82216421712656e-06
3.82216467187391e-06
3.82216467187391e-06
3.82216467187391e-06
3.82216467187391e-06
3.82216467187391e-06
3.82216467187391e-06
3.82216467187391e-06
3.82216467187391e-06
3.82216467187391e-06
3.82216467187391e-06
3.82216467187391e-06
3.82216467187391e-06
3.82216467187391e-06
3.82216467187391e-06
3.82216467187391e-06
3.82216467187391e-06
3.82216467187391e-06
3.82216467187391e-06
3.82216467187391e-06
3.82216467187391e-06
3.82216467187391e-06
3.82216467187391e-06
3.82216467187391e-06
3.82216467187391e-06
3.82216467187391e-06
3.82216467187391e-06
3.82216467187391e-06
3.82216467187391e-06
3.82216467187391e-06
3.82216467187391e-06
3.82216467187391e-06
3.82216467187391e-06
3.82216467187391e-06
3.82216467187391e-06
3.82216467187391e-06
3.82216467187391e-06
3.82216467187391e-06
3.82216467187391e-06
3.82216467187391e-06
3.82216467187391e-06
3.82216467187391e-06
3.82216467187391e-06
3.82216467187391e-06
3.82216467187391e-06
3.82216467187391e-06
3.82216467187391e-06
3.82216467187391e-06
3.82216467187391e-06
3.82693360734265e-06
3.97306121158181e-06
4.20652804677957e-06
4.45334899268346e-06
5.01215072290506e-06
5.99579152549268e-06
7.43443706596736e-06
9.40501377044711e-06
1.18916468636598e-05
1.49017159856157e-05
1.8369872123003e-05
2.1925112378085e-05
2.59155021922197e-05
3.07989212160464e-05
3.69660374417435e-05
4.48148675786797e-05
5.48035459360108e-05
6.72833266435191e-05
8.30094431876205e-05
0.000102456280728802
0.000126695449580438
0.000156565292854793
0.000192178034922108
0.000236679363297299
0.000292022130452096
0.000359431316610426
0.000442119664512575
0.000545204384252429
0.000674200942739844
0.00083023268962279
0.00101908459328115
0.0013412709813565
0.00182748038787395
0.00231024762615561
0.00279772165231407
0.00330576556734741
0.00379417394287884
0.00426239054650068
0.00471427896991372
0.00515216682106256
0.00558168673887849
0.00599860539659858
0.00639276020228863
0.00677046831697226
0.00713515467941761
0.00748349446803331
0.00781865883618593
