0.0
2.38061807067425e-06
4.50240349891828e-06
7.94985680840909e-06
9.23991319723427e-06
1.08180829556659e-05
1.11345925688511e-05
1.15201455628267e-05
1.24455036711879e-05
1.36414137159591e-05
1.5106146747712e-05
1.7809790733736e-05
2.26362317334861e-05
3.1906627555145e-05
4.96287502755877e-05
7.36817310098559e-05
0.000102186793810688
0.000134913105284795
0.000173652399098501
0.000208295081392862
0.000242987385718152
0.00027919074636884
0.000337184552336112
0.000402418896555901
0.000473972409963608
0.000492803927045316
0.000512173573952168
0.000519566296134144
0.000530772900674492
0.000547828793060035
0.000565118389204144
0.000582590990234166
0.000589185510762036
0.000599106191657484
0.000609056383837014
0.000618974270764738
0.000628889712970704
0.000643745297566056
0.000665990286506712
0.000699262716807425
0.000751003797631711
0.000802895810920745
0.000853151082992554
0.00086564477533102
0.000884311040863395
0.000912138319108635
0.000939715595450252
0.000960186298470944
0.00098042911849916
0.00100043450947851
0.00102020741906017
0.00103977206163108
0.00106050085742027
0.0010972066083923
0.00114317529369146
0.00115923525299877
0.00118306966032833
0.00119193061254919
0.00120513292495161
0.00122472736984491
0.00124407547991723
0.00124887865968049
0.00125366623979062
0.00125545833725482
0.00125814299099147
0.0012621657224372
0.00126817566342652
0.00127714907284826
0.00129051844123751
0.00131036597304046
0.00134225923102349
0.00140233337879181
0.00140641070902348
0.00141250644810498
0.00141307676676661
0.00141329050529748
0.00141329050529748
