0.0
-1.37642626454155e-18
1.85252542195258e-08
1.04686009194666e-07
4.35566022360945e-07
5.39313816716458e-07
6.08853895300854e-07
3.28525914028432e-07
3.23050386441537e-07
3.14549311042356e-07
3.03777937915584e-07
3.06209528844192e-07
3.13815547769991e-07
3.24900753412294e-07
3.41325772978962e-07
3.61379790092542e-07
3.63617857601639e-07
3.67027126912944e-07
3.6832571481682e-07
3.68815108231502e-07
3.68998257727071e-07
3.69286965451465e-07
3.69365295682655e-07
3.69443768022393e-07
3.69463407423609e-07
3.69483046824826e-07
3.69512520137505e-07
3.69512861198018e-07
3.69512946463146e-07
3.69512974884856e-07
3.69513031728275e-07
3.69513116993403e-07
3.69513145415112e-07
3.69513173836822e-07
3.69513230680241e-07
3.69513344367078e-07
3.69513458053916e-07
3.69513514897335e-07
3.69513600162463e-07
3.69513628584173e-07
3.69513685427592e-07
3.6951374227101e-07
3.69513827536139e-07
3.69513884379558e-07
3.69513941222976e-07
3.69514026488105e-07
3.69514054909814e-07
3.69514083331524e-07
3.69514168596652e-07
3.69514197018361e-07
3.69514225440071e-07
3.6951428228349e-07
3.69514367548618e-07
3.69514395970327e-07
3.69514452813746e-07
3.69514538078874e-07
3.69514566500584e-07
3.69514594922293e-07
3.69514651765712e-07
3.6951476545255e-07
3.69514793874259e-07
3.69514850717678e-07
3.69514935982806e-07
3.69514964404516e-07
3.69514992826225e-07
3.69515078091354e-07
3.69515163356482e-07
3.69515220199901e-07
3.6951527704332e-07
3.69515362308448e-07
3.69515390730157e-07
3.69515419151867e-07
3.69515504416995e-07
3.69515532838705e-07
3.69515561260414e-07
3.69515646525542e-07
3.69515731790671e-07
3.69515873899218e-07
3.69516072851184e-07
3.69516129694603e-07
3.69516158116312e-07
3.69516214959731e-07
3.6951627180315e-07
3.69516385489987e-07
3.69516527598535e-07
3.69516584441953e-07
3.69516669707082e-07
3.69516698128791e-07
3.69516726550501e-07
3.69516811815629e-07
3.69516840237338e-07
3.69516868659048e-07
3.69516925502467e-07
3.69517010767595e-07
3.69517039189304e-07
3.69517096032723e-07
3.69517181297851e-07
3.69517209719561e-07
3.6951723814127e-07
3.69517294984689e-07
3.69517408671527e-07
3.69517550780074e-07
3.69517579201784e-07
3.69517664466912e-07
3.69517692888621e-07
3.6951774973204e-07
3.69517806575459e-07
3.69517834997168e-07
3.69517863418878e-07
3.69517920262297e-07
3.69518005527425e-07
3.69518033949134e-07
3.69518090792553e-07
3.69518176057682e-07
3.69518204479391e-07
3.695182329011e-07
3.69518289744519e-07
3.69518375009648e-07
3.69518403431357e-07
3.69518460274776e-07
3.69518545539904e-07
3.69518573961614e-07
3.69518602383323e-07
3.69518687648451e-07
3.6951877291358e-07
3.69518915022127e-07
3.69519142395802e-07
3.6951922766093e-07
3.6951925608264e-07
3.69519284504349e-07
3.69519369769478e-07
3.69519398191187e-07
3.69519426612896e-07
3.69519483456315e-07
3.69519568721444e-07
3.69519710829991e-07
3.69519909781957e-07
3.69520193999051e-07
3.69520222420761e-07
3.6952025084247e-07
3.69520307685889e-07
3.69520421372727e-07
3.69520563481274e-07
3.69520591902983e-07
3.69520677168111e-07
3.69520790854949e-07
3.69520847698368e-07
3.69520904541787e-07
3.69521018228625e-07
3.69521046650334e-07
3.69521103493753e-07
3.69521188758881e-07
3.69521217180591e-07
3.69521274024009e-07
3.69521330867428e-07
3.69521359289138e-07
3.69521387710847e-07
3.69521444554266e-07
3.69521558241104e-07
3.69521586662813e-07
3.69521643506232e-07
3.69521700349651e-07
3.6952172877136e-07
3.69521785614779e-07
3.69521842458198e-07
3.69521927723326e-07
3.69522069831874e-07
3.69522297205549e-07
3.69522382470677e-07
3.69522410892387e-07
3.69522439314096e-07
3.69522524579224e-07
3.69522553000934e-07
3.69522581422643e-07
3.69522638266062e-07
3.6952272353119e-07
3.69522837218028e-07
3.69522894061447e-07
3.69522979326575e-07
3.69523064591704e-07
3.69523121435122e-07
3.69523178278541e-07
3.6952326354367e-07
3.69523405652217e-07
3.69523462495636e-07
3.69523547760764e-07
3.69523576182473e-07
3.69523604604183e-07
3.69523661447602e-07
3.69523689869311e-07
3.6952374671273e-07
3.69523803556149e-07
3.69523860399568e-07
3.69524002508115e-07
3.69524030929824e-07
3.69524116194953e-07
3.6952422988179e-07
3.695242583035e-07
3.69524315146919e-07
3.69524400412047e-07
3.69524428833756e-07
3.69524485677175e-07
3.69524570942303e-07
3.69524599364013e-07
3.69524627785722e-07
3.69524684629141e-07
3.69524798315979e-07
3.69524940424526e-07
3.69525139376492e-07
3.6952522464162e-07
3.6952525306333e-07
3.69525281485039e-07
3.69525366750167e-07
3.69525452015296e-07
3.69525622545552e-07
3.69525679388971e-07
3.69525764654099e-07
3.69525793075809e-07
3.69525821497518e-07
3.69525906762647e-07
3.69525935184356e-07
3.69525963606065e-07
3.69526020449484e-07
3.69526134136322e-07
3.6952624782316e-07
3.69526304666579e-07
3.69526389931707e-07
3.69526418353416e-07
3.69526446775126e-07
3.69526532040254e-07
3.69526617305382e-07
3.69526645727092e-07
3.69526702570511e-07
3.69526787835639e-07
3.69526816257348e-07
3.69526873100767e-07
3.69526929944186e-07
3.69527043631024e-07
3.69527072052733e-07
3.69527100474443e-07
3.69527128896152e-07
3.69527185739571e-07
3.69527271004699e-07
3.69527299426409e-07
3.69527356269828e-07
3.69527441534956e-07
3.69527498378375e-07
3.69527555221794e-07
3.69527697330341e-07
3.6952772575205e-07
3.6952775417376e-07
3.69527811017178e-07
3.69527867860597e-07
3.69527981547435e-07
3.69528066812563e-07
3.69528123655982e-07
3.69528152077692e-07
3.6952820892111e-07
3.69528265764529e-07
3.69528294186239e-07
3.69528322607948e-07
3.69528379451367e-07
3.69528464716495e-07
3.69528493138205e-07
3.69528549981624e-07
3.69528635246752e-07
3.69528635246752e-07
3.69528692090171e-07
3.6952874893359e-07
3.69528834198718e-07
3.69528976307265e-07
3.69529033150684e-07
3.69529089994103e-07
3.69529203680941e-07
3.69529260524359e-07
3.69529317367778e-07
3.69529402632907e-07
3.69529544741454e-07
3.69529601584873e-07
3.69529686850001e-07
3.6952971527171e-07
3.69529772115129e-07
3.69529828958548e-07
3.69529857380257e-07
3.69529885801967e-07
3.69529942645386e-07
3.69530027910514e-07
3.69530170019061e-07
3.69530368971027e-07
3.69530425814446e-07
3.69530454236155e-07
3.69530511079574e-07
3.69530567922993e-07
3.69530653188122e-07
3.69530681609831e-07
3.6953073845325e-07
3.69530823718378e-07
3.69530937405216e-07
3.69531107935472e-07
3.69531164778891e-07
3.69531193200601e-07
3.69531278465729e-07
3.69531363730857e-07
3.69531392152567e-07
3.69531448995986e-07
3.69531534261114e-07
3.69531562682823e-07
3.69531619526242e-07
3.69531676369661e-07
3.69531790056499e-07
3.69531818478208e-07
3.69531875321627e-07
3.69531989008465e-07
3.69532045851884e-07
3.69532074273593e-07
3.69532102695302e-07
3.69532159538721e-07
3.6953224480385e-07
3.69532358490687e-07
3.69532557442653e-07
3.69532841659748e-07
3.69532870081457e-07
3.69532898503167e-07
3.69532983768295e-07
3.69533069033423e-07
3.69533182720261e-07
3.69533410093936e-07
3.69533466937355e-07
3.69533495359065e-07
3.69533552202483e-07
3.69533609045902e-07
3.69533694311031e-07
3.69533836419578e-07
3.69533893262997e-07
3.69533978528125e-07
3.69534006949834e-07
3.69534063793253e-07
3.69534120636672e-07
3.6953423432351e-07
3.69534262745219e-07
3.69534319588638e-07
3.69534404853766e-07
3.69534433275476e-07
3.69534490118895e-07
3.69534575384023e-07
3.69534660649151e-07
3.6953471749257e-07
3.69534774335989e-07
3.69534859601117e-07
3.69535001709664e-07
3.69535030131374e-07
3.69535086974793e-07
3.69535115396502e-07
3.6953520066163e-07
3.6953522908334e-07
3.69535285926759e-07
3.69535342770178e-07
3.69535428035306e-07
3.69535484878725e-07
3.69535541722144e-07
3.69535626987272e-07
3.69535655408981e-07
3.69535683830691e-07
3.69535769095819e-07
3.69535854360947e-07
3.69536024891204e-07
3.69536081734623e-07
3.69536166999751e-07
3.6953619542146e-07
3.69536252264879e-07
3.69536337530008e-07
3.69536365951717e-07
3.69536394373426e-07
3.69536451216845e-07
3.69536479638555e-07
3.69536536481974e-07
3.69536564903683e-07
3.69536650168811e-07
3.69536763855649e-07
3.69536820699068e-07
3.69536849120777e-07
3.69536877542487e-07
3.69536962807615e-07
3.69537048072743e-07
3.6953719018129e-07
3.69537247024709e-07
3.69537332289838e-07
3.69537389133257e-07
3.69537417554966e-07
3.69537502820094e-07
3.69537616506932e-07
3.69537644928641e-07
3.6953770177206e-07
3.69537787037189e-07
3.69537843880607e-07
3.69537872302317e-07
3.69537957567445e-07
3.69537985989155e-07
3.69538042832573e-07
3.69538099675992e-07
3.69538184941121e-07
3.69538241784539e-07
3.69538270206249e-07
3.69538355471377e-07
3.69538383893087e-07
3.69538440736505e-07
3.69538526001634e-07
3.69538526001634e-07
3.69538582845053e-07
3.69538639688471e-07
3.695387249536e-07
3.69538810218728e-07
3.69538895483856e-07
3.69539037592403e-07
3.69539066014113e-07
3.69539151279241e-07
3.69539264966079e-07
3.69539293387788e-07
3.69539378652917e-07
3.69539463918045e-07
3.69539606026592e-07
3.69539662870011e-07
3.6953971971343e-07
3.69539776556849e-07
3.69539804978558e-07
3.69539861821977e-07
3.69539975508815e-07
3.69540003930524e-07
3.69540032352234e-07
3.69540060773943e-07
3.69540117617362e-07
3.6954020288249e-07
3.695402313042e-07
3.69540288147618e-07
3.69540344991037e-07
3.69540458677875e-07
3.69540487099584e-07
3.69540572364713e-07
3.69540657629841e-07
3.6954068605155e-07
3.69540742894969e-07
3.69540799738388e-07
3.69540828160098e-07
3.69540885003516e-07
3.69540941846935e-07
3.69541027112064e-07
3.69541083955482e-07
3.69541140798901e-07
3.6954122606403e-07
3.69541254485739e-07
3.69541282907448e-07
3.69541368172577e-07
3.69541453437705e-07
3.69541510281124e-07
3.69541567124543e-07
3.69541652389671e-07
3.69541766076509e-07
3.69541908185056e-07
3.69541936606765e-07
3.69541965028475e-07
3.69542021871894e-07
3.69542078715313e-07
3.69542107137022e-07
3.69542163980441e-07
3.6954222082386e-07
3.69542306088988e-07
3.69542334510697e-07
3.69542391354116e-07
3.69542476619245e-07
3.69542505040954e-07
3.69542561884373e-07
3.69542618727792e-07
3.6954270399292e-07
3.69542760836339e-07
3.69542817679758e-07
3.69542902944886e-07
3.69542931366595e-07
3.69542959788305e-07
3.69543045053433e-07
3.69543073475143e-07
3.69543101896852e-07
3.69543158740271e-07
3.69543244005399e-07
3.69543386113946e-07
3.69543414535656e-07
3.69543442957365e-07
3.69543499800784e-07
3.69543585065912e-07
3.69543613487622e-07
3.69543641909331e-07
3.6954369875275e-07
3.69543812439588e-07
3.69543897704716e-07
3.69543982969844e-07
3.69544011391554e-07
3.69544039813263e-07
3.69544068234973e-07
3.69544125078392e-07
3.6954421034352e-07
3.69544238765229e-07
3.69544295608648e-07
