-0.0
0.0
0.0086416844278574
0.0202161110937595
0.0228100121021271
0.0250540785491467
0.0289034526795149
0.0358149409294128
0.0433833487331867
0.0459927134215832
0.0536058805882931
0.0642431676387787
0.0676660761237144
0.0688758566975594
0.0717405006289482
0.0798143669962883
0.0981625244021416
0.113969303667545
0.12293353676796
0.130848035216331
0.131206095218658
0.13147534430027
0.131745398044586
0.132017940282822
0.132289439439774
0.132560417056084
0.132834330201149
0.133242711424828
0.133848398923874
0.134740605950356
0.136050149798393
0.136168390512466
0.136286169290543
0.136402770876884
0.136517971754074
0.136631101369858
0.136736586689949
0.136827871203423
0.136907041072845
0.136955872178078
0.136980175971985
0.137022837996483
0.137092977762222
0.137218981981277
0.137351304292679
0.137485459446907
0.137620210647583
0.137823432683945
0.13812592625618
0.138571813702583
0.13889941573143
0.139141172170639
0.139319822192192
0.139452397823334
0.139581546187401
0.139673426747322
0.139749765396118
0.13980358839035
0.139876395463943
0.13995073735714
0.140025824308395
0.140101417899132
0.140214711427689
0.140383556485176
0.14063349366188
0.141000255942345
0.141265675425529
0.141313657164574
0.141360431909561
0.141405090689659
0.141447186470032
0.141486197710037
0.141520753502846
0.141555920243263
0.141590937972069
0.141638442873955
0.141670942306519
0.141700401902199
0.141744390130043
0.141841903328896
0.142009750008583
0.14218282699585
0.142356276512146
0.142613783478737
0.142994597554207
0.143555834889412
0.143761292099953
0.143914863467216
0.144067466259003
0.14421920478344
0.144369706511497
0.144518420100212
0.144664376974106
0.144770532846451
0.144845768809319
0.144905552268028
0.144949197769165
0.145009323954582
0.145070984959602
0.145133227109909
0.145195782184601
0.145289987325668
0.145431488752365
0.145643427968025
0.145958915352821
0.146425813436508
0.147104203701019
0.148098289966583
0.149058893322945
0.14998784661293
0.150883004069328
0.151522025465965
0.151987925171852
0.152437835931778
0.152857288718224
0.153280273079872
0.153693243861198
0.154103726148605
0.154501035809517
0.154888898134232
0.155173450708389
0.155451700091362
0.155656352639198
0.155858531594276
0.156058579683304
0.156256437301636
0.156329274177551
0.156400442123413
0.156470537185669
0.156538963317871
0.156603470444679
0.156644806265831
0.156678602099419
0.156714290380478
0.156751304864883
0.156789347529411
0.156828045845032
0.156867265701294
0.156909748911858
0.156974673271179
0.157072260975838
0.157218113541603
0.157438576221466
0.157802268862724
0.158340737223625
0.159129962325096
0.160275861620903
0.161942601203918
0.164286240935326
0.167531594634056
0.172091230750084
0.179520025849342
0.18815091252327
0.194975435733795
0.196072056889534
0.196307316422462
0.196670696139336
0.196711584925652
0.196748524904251
0.196783527731895
0.196831524372101
0.196898430585861
0.196946665644646
0.196993201971054
0.197034627199173
0.197049736976624
0.197070762515068
0.197098076343536
0.197116151452065
0.197131589055061
0.19713681936264
0.197143882513046
0.197152465581894
0.19715915620327
0.197163477540016
0.197162479162216
0.19715741276741
0.197148725390434
0.197136417031288
0.197121009230614
0.197092860937119
0.197060599923134
0.197024747729301
0.196965381503105
0.196871027350426
0.196702316403389
0.196433261036873
0.195667162537575
0.194304019212723
0.192197129130363
0.189934581518173
0.188079640269279
0.186716184020042
0.18651819229126
0.186276480555534
0.181846916675568
0.174513265490532
0.16749681532383
0.161971762776375
0.155186504125595
0.146276265382767
0.1375812292099
0.128671631217003
0.120050519704819
0.110830634832382
0.101779639720917
0.0926514863967896
0.0835546404123306
0.0744190216064453
0.0650207549333572
0.0554288886487484
0.045768279582262
0.0364501476287842
0.0276546683162451
0.0185933448374271
0.0084984116256237
7.91245111031458e-06
8.05186209618114e-06
8.08649201644585e-06
8.42004010337405e-06
8.77354796102736e-06
9.24801315704826e-06
9.41371945373248e-06
9.55436917138286e-06
9.79494143393822e-06
9.31288468564162e-06
9.17025681701489e-06
8.9432624008623e-06
8.716474440007e-06
8.59707688505296e-06
8.88374779606238e-06
9.23178504308453e-06
9.38449920795392e-06
9.59959288593382e-06
9.49573768593837e-06
9.42827136896085e-06
8.95182347449008e-06
8.08600088930689e-06
7.27625001673005e-06
5.98295673626126e-06
4.81496863358188e-06
4.31322860094951e-06
3.34719743477763e-06
2.87765396933537e-06
2.71214798885921e-06
2.97940960081178e-06
3.32759827870177e-06
3.36813013745996e-06
3.22553160003736e-06
3.13888244818372e-06
3.16303203362622e-06
3.15198849420995e-06
3.15828560815135e-06
3.16496470986749e-06
3.11806502395484e-06
3.12365136778681e-06
2.92137247015489e-06
2.34447270486271e-06
1.14762906378019e-06
8.94084166702669e-08
7.42029442335479e-08
4.78606239084911e-08
8.72464056556055e-09
-5.00113230827992e-08
-5.00113230827992e-08
