0.0
0.00120000005699694
0.00240000011399388
0.00359999993816018
0.00480000022798777
0.00600000005215406
0.00719999987632036
0.00749999983236194
0.00779999978840351
0.00810000021010637
0.00839999970048666
0.00870000012218952
0.00899999961256981
0.00930000003427267
0.00960000045597553
0.00989999994635582
0.0102000003680587
0.010499999858439
0.0108000002801418
0.0110999997705221
0.011400000192225
0.0116999996826053
0.0120000001043081
0.0122999995946884
0.0123749999329448
0.0124500002712011
0.0125249996781349
0.0125812496989965
0.0126374997198582
0.0126480469480157
0.0126585941761732
0.0126691404730082
0.0126796877011657
0.0126902339980006
0.0127007812261581
0.0127113284543157
0.0127218747511506
0.0127324219793081
0.0127429692074656
0.0127535155043006
0.0127640627324581
0.0127798831090331
0.0128036132082343
0.0128392092883587
0.0128748044371605
0.0129104005172849
0.0129637941718102
0.0130438841879368
0.0131640201434493
0.0132090710103512
0.0132541209459305
0.0132991718128324
0.0133667485788465
0.013434324413538
0.0135019011795521
0.0136032653972507
0.0137553112581372
0.0139073580503464
0.0140594048425555
0.0142114507034421
0.0143634974956512
0.0145155442878604
0.0146675910800695
0.014895660802722
0.0152377653867006
0.0154943438246846
0.0157509222626686
0.01600749976933
0.0160716455429792
0.0161357894539833
0.0161999333649874
0.0162640791386366
0.0162801146507263
0.016296150162816
0.0163121875375509
0.0163282230496407
0.0163522772490978
0.0163883585482836
0.0164424814283848
0.016523664817214
0.0166454389691353
0.0168281011283398
0.0171020925045013
0.0175130814313889
0.0181295648217201
0.0190542917698622
0.0202542915940285
0.0214542914181948
0.0226542912423611
0.0238542910665274
0.0250542908906937
0.02625429071486
0.0274542905390263
0.0286542903631926
0.0298542901873589
0.0310542918741703
0.0322542898356915
0.0334542915225029
0.034654289484024
0.0358542911708355
0.0370542928576469
0.0382542908191681
0.0394542925059795
0.0406542904675007
0.0418542921543121
0.0430542901158333
0.0442542918026447
0.0454542897641659
0.0466542914509773
0.0478542894124985
0.0490542910993099
0.0502542927861214
0.0514542907476425
0.052654292434454
0.0538542903959751
0.0550542920827866
0.0562542900443077
0.0574542917311192
0.0586542896926403
0.0598542913794518
0.0610542893409729
0.0622542910277843
0.0634542927145958
0.0646542906761169
0.0658542886376381
0.0670542940497398
0.068254292011261
0.0694542899727821
0.0706542879343033
0.071854293346405
0.0730542913079262
0.0742542892694473
0.0754542946815491
0.0766542926430702
0.0778542906045914
0.0790542885661125
0.0802542939782143
0.0814542919397354
0.0826542899012566
0.0838542878627777
0.0850542932748795
0.0862542912364006
0.0874542891979218
0.0886542946100235
0.0898542925715446
0.0910542905330658
0.0922542884945869
0.0934542939066887
0.0946542918682098
0.095854289829731
0.0970542877912521
0.0973542928695679
0.097654290497303
0.0979542881250381
0.0980292931199074
0.0981417894363403
0.0981839820742607
0.098199799656868
0.0982235297560692
0.0982324257493019
0.0982357636094093
0.0982407703995705
0.0982426479458809
0.0982433557510376
0.0982436165213585
0.0982437133789062
0.0982437506318092
0.0982437655329704
0.098243772983551
0.098243772983551
0.098243772983551
0.0982437804341316
0.0982437804341316
0.0982437804341316
0.0982437804341316
0.0982437804341316
0.0982437804341316
0.0982437804341316
0.0982437804341316
0.0982437804341316
0.0982437804341316
0.0982437878847122
0.0982437878847122
0.0982437878847122
0.0982437878847122
0.0982437878847122
0.0982437878847122
0.0982437878847122
0.0982437878847122
0.0982437878847122
0.0982437878847122
0.0982437878847122
0.0982437878847122
0.0982437878847122
0.0982437953352928
0.0982437953352928
0.0982437953352928
0.0982437953352928
0.0982437953352928
0.0982437953352928
0.0982437953352928
0.0982437953352928
0.0982437953352928
0.0982437953352928
0.0982438027858734
0.0982438027858734
0.0982438027858734
0.0982438027858734
0.0982438027858734
0.0982438027858734
0.0982438027858734
0.0982438027858734
0.0982438027858734
0.0982438027858734
0.0982438027858734
0.098243810236454
0.098243810236454
0.098243810236454
0.098243810236454
0.098243810236454
0.098243810236454
0.098243810236454
0.098243810236454
0.098243810236454
0.098243810236454
0.098243810236454
0.098243810236454
0.0982438176870346
0.0982438176870346
0.0982438176870346
0.0982438176870346
0.0982438176870346
0.0982438176870346
0.0982438176870346
0.0982438176870346
0.0982438176870346
0.0982438176870346
0.0982438176870346
0.0982438176870346
0.0982438251376152
0.0982438251376152
0.0982438251376152
0.0982438251376152
0.0982438251376152
0.0982438251376152
0.0982438251376152
0.0982438251376152
0.0982438251376152
0.0982438251376152
0.0982438325881958
0.0982438325881958
0.0982438325881958
0.0982438325881958
0.0982438325881958
0.0982438325881958
0.0982438325881958
0.0982438325881958
0.0982438325881958
0.0982438325881958
0.0982438325881958
0.0982438400387764
0.0982438400387764
0.0982438400387764
0.0982438400387764
0.0982438400387764
0.0982438400387764
0.0982438400387764
0.0982438400387764
0.0982438400387764
0.0982438400387764
0.0982438400387764
0.098243847489357
0.098243847489357
0.098243847489357
0.098243847489357
0.098243847489357
0.098243847489357
0.098243847489357
0.098243847489357
0.098243847489357
0.098243847489357
0.098243847489357
0.098243847489357
0.0982438549399376
0.0982438549399376
0.0982438549399376
0.0982438549399376
0.0982438549399376
0.0982438549399376
0.0982438549399376
0.0982438549399376
0.0982438549399376
0.0982438549399376
0.0982438549399376
0.0982438623905182
0.0982438623905182
0.0982438623905182
0.0982438623905182
0.0982438623905182
0.0982438623905182
0.0982438623905182
0.0982438623905182
0.0982438623905182
0.0982438623905182
0.0982438623905182
0.0982438623905182
0.0982438623905182
0.0982438623905182
