0.0
0.00120000005699694
0.00240000011399388
0.00359999993816018
0.00480000022798777
0.00600000005215406
0.00719999987632036
0.00839999970048666
0.00960000045597553
0.0108000002801418
0.0120000001043081
0.0131999999284744
0.0143999997526407
0.0144046870991588
0.0144082028418779
0.0144117185845971
0.0144152343273163
0.0144187500700355
0.0144240232184529
0.0144319338724017
0.0144398435950279
0.0144477542489767
0.0144596192985773
0.0144774168729782
0.0145041141659021
0.0145308105275035
0.0145508330315351
0.0145708555355668
0.0146008897572756
0.0146121522411704
0.0146205993369222
0.0146290464326739
0.0146353812888265
0.0146417170763016
0.0146480519324541
0.0146543877199292
0.0146607225760818
0.0146623067557812
0.014663890004158
0.0146654741838574
0.0146670583635569
0.0146686416119337
0.0146702257916331
0.01467180904001
0.0146741848438978
0.0146777490153909
0.0146813122555614
0.0146848754957318
0.0146884396672249
0.0146937845274806
0.0146991303190589
0.0147044761106372
0.0147124938666821
0.0147245209664106
0.0147425616160035
0.0147696221247315
0.0148102138191462
0.0148711008951068
0.014962431974709
0.0150994285941124
0.0153049230575562
0.0155104175209999
0.0155232613906264
0.0155361043289304
0.0155489481985569
0.0155682126060128
0.0155874779447913
0.0156067432835698
0.0156139675527811
0.0156211918219924
0.0156284160912037
0.0156392529606819
0.0156555082648993
0.0156798902899027
0.0157164633274078
0.0157713238149881
0.0157764684408903
0.0157816112041473
0.0157867539674044
0.0157944690436125
0.0158060416579247
0.0158103797584772
0.0158168897032738
0.015826653689146
0.0158412996679544
0.0158449616283178
0.0158486217260361
0.0158541146665812
0.0158623531460762
0.0158747099339962
0.0158932469785213
0.0159210506826639
0.0159627590328455
0.0160253178328276
0.0161191578954458
0.0162599179893732
0.0164710581302643
0.0167877674102783
0.0171044785529375
0.0174211878329515
0.0178962536156178
0.0186088513582945
0.019677747040987
0.0208777468651533
0.0220777466893196
0.0232777465134859
0.0244777463376522
0.0256777480244637
0.02687774784863
0.0280777476727962
0.0292777474969625
0.0304777473211288
0.0316777490079403
0.0328777469694614
0.0340777486562729
0.035277746617794
0.0364777483046055
0.0376777462661266
0.0388777479529381
0.0400777459144592
0.0412777476012707
0.0424777455627918
0.0436777472496033
0.0448777489364147
0.0460777468979359
0.0472777485847473
0.0484777465462685
0.0496777482330799
0.0508777461946011
0.0520777478814125
0.0532777458429337
0.0544777475297451
0.0556777454912663
0.0568777471780777
0.0580777488648891
0.0592777468264103
0.0604777485132217
0.0616777464747429
0.0617527477443218
0.0618652477860451
0.0620339959859848
0.0622871220111847
0.0626668110489845
0.063236340880394
0.0640906393527985
0.0652906373143196
0.0664906352758408
0.0676906406879425
0.0688906386494637
0.0700906366109848
0.071290634572506
0.0724906399846077
0.0736906379461288
0.07489063590765
0.0760906413197517
0.0760906413197517
