0.0
7.38583416648453e-10
7.38599237326554e-10
7.38624439389213e-10
7.38630434593546e-10
7.38630823171604e-10
7.38630823171604e-10
7.38630823171604e-10
7.38630823171604e-10
7.38630823171604e-10
7.38630823171604e-10
7.38630823171604e-10
7.38630823171604e-10
7.38630823171604e-10
7.38630823171604e-10
7.38630823171604e-10
7.38630823171604e-10
7.38630823171604e-10
7.38630823171604e-10
7.38630823171604e-10
7.38630823171604e-10
7.38630823171604e-10
7.38630823171604e-10
7.38630823171604e-10
7.38630823171604e-10
7.38630823171604e-10
7.38630823171604e-10
7.38630823171604e-10
7.38630823171604e-10
7.38630823171604e-10
7.38630823171604e-10
7.38630823171604e-10
7.38630823171604e-10
7.38630823171604e-10
7.38630823171604e-10
7.38630823171604e-10
7.38630823171604e-10
7.38630823171604e-10
7.38630823171604e-10
7.38630823171604e-10
7.38630823171604e-10
7.38630823171604e-10
7.38630823171604e-10
7.38630823171604e-10
7.38630823171604e-10
7.38630823171604e-10
7.38630823171604e-10
7.38630823171604e-10
7.38630823171604e-10
7.38630823171604e-10
7.38630823171604e-10
7.38630823171604e-10
7.38630823171604e-10
7.38630823171604e-10
7.38630823171604e-10
7.38630823171604e-10
7.38630823171604e-10
7.38630823171604e-10
7.38630823171604e-10
7.38630823171604e-10
7.38630823171604e-10
7.38630823171604e-10
7.38630823171604e-10
7.38630823171604e-10
7.38630823171604e-10
7.38630823171604e-10
7.38630823171604e-10
7.38630823171604e-10
7.38630823171604e-10
7.38630823171604e-10
7.38630823171604e-10
7.38630823171604e-10
7.38630823171604e-10
7.38630823171604e-10
7.38630823171604e-10
7.38630823171604e-10
7.38630823171604e-10
7.38630823171604e-10
7.38630823171604e-10
7.38630823171604e-10
7.38630823171604e-10
7.38630823171604e-10
7.38630823171604e-10
7.38630823171604e-10
7.38630823171604e-10
7.38630823171604e-10
7.38630823171604e-10
7.38630823171604e-10
7.38630823171604e-10
7.38630823171604e-10
7.38630823171604e-10
7.38630823171604e-10
7.38630823171604e-10
7.38630823171604e-10
7.38630823171604e-10
7.38630823171604e-10
7.38630823171604e-10
7.38630823171604e-10
7.38630823171604e-10
7.38630823171604e-10
7.38630823171604e-10
7.38630823171604e-10
7.38630823171604e-10
7.38630823171604e-10
7.38630823171604e-10
7.38630823171604e-10
7.38630823171604e-10
7.38630823171604e-10
7.38630823171604e-10
7.38630823171604e-10
7.38630823171604e-10
7.38630823171604e-10
7.38630823171604e-10
7.38630823171604e-10
7.38630823171604e-10
7.38630823171604e-10
7.38630823171604e-10
7.38630823171604e-10
7.38630823171604e-10
7.38630823171604e-10
7.38630823171604e-10
7.38630823171604e-10
7.38630823171604e-10
7.38630823171604e-10
7.38630823171604e-10
7.38630823171604e-10
7.38630823171604e-10
7.38630823171604e-10
7.38630823171604e-10
7.38630823171604e-10
7.38630823171604e-10
7.38630823171604e-10
7.38630823171604e-10
7.38630823171604e-10
7.38630823171604e-10
7.38630823171604e-10
7.38630823171604e-10
7.38630823171604e-10
7.38630823171604e-10
7.38630823171604e-10
7.38630823171604e-10
7.38630823171604e-10
7.38630823171604e-10
7.38630823171604e-10
7.38630823171604e-10
7.38630823171604e-10
7.38630823171604e-10
7.38630823171604e-10
7.38630823171604e-10
7.38630823171604e-10
7.38630823171604e-10
7.38630823171604e-10
7.38630823171604e-10
7.38630823171604e-10
7.38630823171604e-10
7.38630823171604e-10
7.38630823171604e-10
