-0.0
2.68974756535231e-16
1.37252342824468e-09
1.84497253030713e-08
1.5756597804284e-08
-2.72834768111352e-08
-3.23305471283675e-07
-2.53895223067957e-07
-1.23971233279008e-06
-1.67698362929514e-06
-2.62737330558593e-06
-3.08084167954803e-06
-3.59926639248442e-06
-5.17069247507607e-06
-8.18740591057576e-06
-1.19612759590382e-05
-1.48216677189339e-05
-1.73245280166157e-05
-2.13442654057872e-05
-2.60326451098081e-05
-3.09662318613846e-05
-3.37478886649478e-05
-3.96468458347954e-05
-3.99282362195663e-05
-4.11421751778107e-05
-4.59563088952564e-05
-4.59053626400419e-05
-4.49423314421438e-05
-4.49101971753407e-05
-4.67391437268816e-05
-4.74204061902128e-05
-4.87311845063232e-05
-5.06499418406747e-05
-5.21738184033893e-05
-5.25544564879965e-05
-5.33174134034198e-05
-5.4179567086976e-05
-5.55547594558448e-05
-5.67765382584184e-05
-5.84096342208795e-05
-5.74414771108422e-05
-6.01909669057932e-05
-6.08912341704126e-05
-6.18413905613124e-05
-6.30596478004009e-05
-6.3410319853574e-05
-6.34234529570676e-05
-6.39123900327832e-05
-6.51669834041968e-05
-6.73586109769531e-05
-7.00608361512423e-05
-7.48362435842864e-05
-7.62234849389642e-05
-7.84579606261104e-05
-8.19425767986104e-05
-8.32999357953668e-05
-8.6549662228208e-05
-8.14615705166943e-05
-8.85185290826485e-05
-8.99795923032798e-05
-8.6470965470653e-05
-8.60174986883067e-05
-8.56295591802336e-05
-8.48799172672443e-05
-8.43700981931761e-05
-8.44322639750317e-05
-8.29365890240297e-05
-7.88246688898653e-05
-7.62146592023782e-05
-7.39936731406488e-05
-7.27286387700588e-05
-6.90473170834593e-05
-6.83824328007177e-05
-6.81927122059278e-05
-6.813311483711e-05
-6.80537123116665e-05
-6.79145232425071e-05
-6.77931529935449e-05
-6.76433191983961e-05
-6.69703731546178e-05
-6.61752565065399e-05
-6.56635311315767e-05
-6.54976174701005e-05
-6.52904564049095e-05
-6.5146254200954e-05
-6.47791603114456e-05
-6.36822514934465e-05
-6.38020283076912e-05
-6.46197004243731e-05
-6.54643081361428e-05
-6.59784782328643e-05
-6.44509636913426e-05
-6.47160559310578e-05
-6.45836043986492e-05
-6.4283813117072e-05
-6.41350779915228e-05
-6.38695055386052e-05
-6.33816089248285e-05
-6.24407985014841e-05
-6.05191125941928e-05
-4.04826350859366e-05
-3.79188350052573e-05
-3.70681955246255e-05
-3.79376360797323e-05
-4.9294852942694e-05
-4.89061858388595e-05
-4.88874356960878e-05
-4.88774785480928e-05
-4.88673831569031e-05
-4.88570076413453e-05
-4.88409277750179e-05
-4.88167206640355e-05
-4.87796933157369e-05
-4.87267097923905e-05
-4.86449753225315e-05
-4.85834934806917e-05
-4.85214404761791e-05
-4.84312913613394e-05
-4.82916802866384e-05
-4.81550523545593e-05
-4.75612687296234e-05
-4.75612687296234e-05
