0
0.00120000005699694
0.00239999988116324
0.00360000017099083
0.00479999999515712
0.00599999981932342
0.00719999964348972
0.00840000039897859
0.00869999988935888
0.00900000031106176
0.00929999980144206
0.00960000022314486
0.00967499963007866
0.00969374994747336
0.00971250026486816
0.00973124965094026
0.00974999996833506
0.00977812497876586
0.00978515646420416
0.00979218701831996
0.00979482452385126
0.00979581265710296
0.00979729625396426
0.00979952118359506
0.00980285811237996
0.00980619504116476
0.00980953196994956
0.00981453782878816
0.00982204615138476
0.00982486153952776
0.00982908508740366
0.00983066926710306
0.00983304507099096
0.00983660831116136
0.00984017248265446
0.00984373572282496
0.00984908151440326
0.00985709927044806
0.00986912637017666
0.00988716701976956
0.00991422752849756
0.00995481922291216
0.0100157062988729
0.0101070373784751
0.0102440339978785
0.0102954076137394
0.0103146729525179
0.0103435700293631
0.0103544068988413
0.0103706622030586
0.0103950442280621
0.0104316181968898
0.0104453328531236
0.0104659057687968
0.0104967651423067
0.010527623584494
0.0105584829580039
0.0106047715526075
0.0106742035131902
0.0107783533167094
0.0109345761593432
0.0111689118202776
0.0114032474812121
0.0116375831421465
0.0119890857022256
0.0125163409393281
0.0133072228636593
0.0140981047879905
0.0148889867123217
0.0156798695679754
0.0164707505609841
0.0172616334166378
0.0180525144096464
0.0188433972653002
0.0196342782583088
0.0197825690265745
0.0199308597948403
0.020079150563106
0.0201162227895111
0.0201254913117737
0.0201347598340363
0.0201440264936537
0.0201579292770476
0.0201787834521383
0.0201944222208113
0.0201983319129795
0.0202022434677929
0.0202061531599611
0.0202100628521294
0.0202139725442976
0.0202178822364659
0.0202217919286341
0.0202257034834475
0.0202296131756157
0.0202325449790806
0.0202347447630018
0.0202369445469231
0.0202391443308443
0.0202424430754036
0.02024739026092
0.0202523393090815
0.020257288357243
0.0202647109981627
0.0202721336390824
0.020279556280002
0.0202869789209217
0.0202944034244866
0.0203018260654062
0.0203129590954632
0.0203296614345164
0.0203547140117735
0.0203922928776592
0.0204486602451653
0.0205332112964243
0.0206600388046354
0.0207868644502014
0.0208185722585768
0.0208245178218931
0.0208304615225643
0.0208364070858807
0.020842352649197
0.0208482963498682
0.0208542419131846
0.0208587010856718
0.0208631602581591
0.0208676175680012
0.0208720767404885
0.0208765359129757
0.0208832246717066
0.0208932568784804
0.020908305188641
0.0209308767225594
0.0209647358860821
0.0210155246313662
0.0210917068179697
0.021205980097875
0.021377390017733
0.0216345039661974
0.0220201758202166
0.0225986836012453
0.0234664471354336
0.0246664469595999
0.0258664467837662
0.0270664466079325
0.0282664464320988
0.0294664462562651
0.0306664460804314
0.0318664477672428
0.033066445728764
0.0342664474155754
0.0354664453770966
0.036666447063908
0.0378664450254292
0.0390664467122406
0.0402664483990521
0.0414664463605732
0.0426664480473847
0.0438664460089058
0.0450664476957173
0.0462664456572384
0.0474664473440499
0.048666445305571
0.0498664469923824
0.0510664449539036
0.052266446640715
0.0534664483275265
0.0546664462890476
0.0558664479758591
0.0570664459373802
0.0582664476241917
0.0594664455857128
0.0606664472725243
0.0618664452340454
0.0630664431955666
0.0642664486076683
0.0654664465691895
0.0666664445307106
0.0678664499428124
0.0690664479043335
0.0702664458658547
0.0714664438273758
0.0726664492394776
0.0738664472009987
0.0750664451625199
0.076266443124041
0.0774664485361427
0.0786664464976639
0.079866444459185
0.0810664498712868
0.0822664478328079
0.0825664454605431
0.0830164456274361
0.0836914458777756
0.0847039499785752
0.0859039479400963
0.0871039459016174
0.0883039438631386
0.0895039492752403
0.0907039472367615
0.0919039451982826
0.0931039431598038
0.0943039485719055
0.0955039465334267
0.0967039444949478
0.0979039499070496
0.0991039478685711
0.100303945830092
0.101503943791613
0.102703949203715
0.103903947165236
0.105103945126757
0.106303943088278
0.10750394850038
0.108703946461901
0.109903944423422
0.111103949835524
0.112303947797045
0.113503945758566
0.114703943720087
0.115903949132189
0.11710394709371
0.118303945055231
0.118799997260794
