0.0
0.0
5.17334228788968e-08
5.1577035264927e-07
6.13399549820315e-07
5.72746444049699e-07
4.84456450067228e-07
2.12175208957888e-07
1.69129393157164e-07
1.69860982168757e-07
3.07937796151236e-07
7.66371556437662e-07
9.59884914664144e-07
1.13409794266772e-06
1.32842740185879e-06
1.62670494319173e-06
1.92992797565239e-06
2.22518269765715e-06
2.45903220275068e-06
2.8415950055205e-06
3.2513844416826e-06
3.65718074135657e-06
4.55515873909462e-06
5.3771377679368e-06
5.40688006367418e-06
5.41789950148086e-06
5.42213865628582e-06
5.42844009032706e-06
5.43322175872163e-06
5.43322175872163e-06
