0.0
7.25408411960417e-35
4.87312036057119e-07
6.26249573087989e-07
1.04300670500379e-06
1.64794300872018e-06
2.54560791290714e-06
1.80802715021855e-06
1.43967304211401e-06
1.40720555918961e-06
1.50212747485057e-06
1.64101527388993e-06
1.79981304881949e-06
1.91468893717683e-06
2.1399391698651e-06
2.48460514740145e-06
2.6959835395246e-06
2.88811565951619e-06
3.26827625940496e-06
3.6558378724294e-06
4.273491413187e-06
5.06923242937773e-06
5.97476264374563e-06
6.92112462274963e-06
7.8513121479773e-06
8.42956433189102e-06
9.07495632418431e-06
9.80427103058901e-06
1.05724948298302e-05
1.13429705379531e-05
1.21666844279389e-05
1.35027767100837e-05
1.47390719575924e-05
1.4235069102142e-05
1.17712543215021e-05
1.11794988697511e-05
1.06164025055477e-05
1.00892175396439e-05
9.95360187516781e-06
9.82571600616211e-06
9.59370208875043e-06
9.22538947634166e-06
8.71916927280836e-06
8.12019152363064e-06
7.97327265900094e-06
7.76977867644746e-06
7.5301322794985e-06
7.18807814337197e-06
6.68888151267311e-06
6.22019433649257e-06
5.58700548936031e-06
4.97643350172439e-06
4.43713361164555e-06
3.90231753044645e-06
3.5197272154619e-06
3.13588566314138e-06
1.70503415120038e-06
1.3878346862839e-06
1.16315402465261e-06
1.04888681562443e-06
1.02557760328637e-06
9.96252083496074e-07
9.4108855819286e-07
9.22182209706079e-07
9.92128093457723e-07
1.07345624655864e-06
1.15680973067356e-06
1.21490302262828e-06
1.18189097975119e-06
1.09819541194156e-06
9.8175939911016e-07
9.34440663513669e-07
8.65809170136345e-07
8.05253023372643e-07
7.55349333303457e-07
7.98124972334335e-07
8.95933226274792e-07
9.96651237983315e-07
1.10128996766434e-06
1.17627610052295e-06
1.14180477339687e-06
1.1248260989305e-06
1.08282904420776e-06
1.02569720183965e-06
9.01692430943513e-07
8.51399931889318e-07
8.05031902473274e-07
7.27576718873024e-07
6.89641240114724e-07
6.65984089209815e-07
6.96241670539166e-07
7.48508512060653e-07
8.03052103037771e-07
9.20362992928858e-07
1.06213030903746e-06
1.08488950445462e-06
1.09491600142064e-06
1.10855955881561e-06
1.09386246549548e-06
1.10866176328273e-06
1.12873476609821e-06
1.15066973194189e-06
1.1771261370086e-06
1.18930176995491e-06
1.16055593935016e-06
1.08529343378905e-06
9.83686277322704e-07
8.91507227152033e-07
7.97293068899307e-07
7.15432690867601e-07
6.32667195077374e-07
5.98985991473455e-07
5.90385866416909e-07
5.96425593357708e-07
6.3725354948474e-07
6.68878442411369e-07
7.05249249222106e-07
7.57328848521865e-07
8.33243575470988e-07
9.19946103294933e-07
1.05885180801124e-06
1.07989228581573e-06
1.04321929939033e-06
9.99913368104899e-07
9.6653502623667e-07
8.3709858245129e-07
7.05616571394785e-07
6.21670722011913e-07
5.68520192700817e-07
5.13274869717861e-07
5.06541823597217e-07
5.15601584538672e-07
5.26659960087272e-07
5.34729281298496e-07
5.4914113434279e-07
5.73363081457501e-07
5.82372024382494e-07
6.12329927207611e-07
6.61583101191354e-07
7.08194249909866e-07
7.57657176109205e-07
8.40508732835588e-07
9.33636613353883e-07
1.01363980320457e-06
1.02883063846093e-06
