0.0
1.19421304134448e-06
2.09878203349945e-06
4.81095457871561e-06
1.19850164992386e-05
2.93297543976223e-05
6.27170084044337e-05
7.37935697543435e-05
9.26099673961289e-05
0.000124594560475089
0.000133285531774163
0.000142371136462316
0.000151813088450581
0.000161664836923592
0.000172051630215719
0.000182960167876445
0.000194310166989453
0.000206018914468586
0.00021802305127494
0.000218782224692404
0.000219542227569036
0.000220303118112497
0.000220874368096702
0.000221446098294109
0.000222018337808549
0.000222447837586515
0.000222877584747039
0.000223307608393952
0.00022373789397534
0.000224168441491202
0.000224599280045368
0.000225246039917693
0.000226217351155356
0.000227676428039558
0.000228771867114119
0.000229867771849968
0.000230963996727951
0.000231238125707023
0.000231649333727546
0.000232060512644239
0.000232471458730288
0.000232882099226117
0.000233292535995133
0.000233702885452658
0.000234113234910183
0.000234728853683919
0.000235652711126022
0.000237039814237505
0.000239123983192258
0.000242259149672464
0.000246983079705387
0.000254117127042264
0.000264920992776752
0.000281327520497143
0.000287532748188823
0.000293752615107223
0.000295308069325984
0.000296862242976204
0.000298414379358292
0.000300737796351314
0.000304209446767345
0.000307660491671413
0.000308519345708191
0.000309162103803828
0.00030964327743277
0.000310003611957654
0.000310363306198269
0.000310722301946953
0.000311080657411367
0.000311616982799023
0.000312419579131529
0.00031322066206485
0.000314020609948784
0.000314819626510143
0.000316016434226185
0.00031780797871761
0.000320487160934135
0.000324487802572548
0.000330451352056116
0.000339333870215341
0.000352576113073155
0.00037229509325698
0.000401282479288056
0.000443005788838491
0.000501660804729909
0.000570149044506252
0.00063071894692257
0.000682836282067001
0.000726070022210479
0.000759814691264182
0.000783854629844427
0.000798012712039053
0.000802617985755205
0.000802620139438659
0.000802623340860009
0.000802628230303526
0.000802635622676462
0.00080264441203326
0.000802653143182397
0.000802661699708551
0.000802670081611723
0.000802678463514894
0.000802686787210405
0.000802694936282933
0.000802702794317156
0.000802710303105414
0.000802717346232384
0.000802724040113389
0.000802730151917785
0.000802735739853233
0.000802740862127393
0.000802745518740267
0.000802749709691852
0.000802753493189812
0.000802756811026484
0.000802759663201869
0.000802761991508305
0.000802761991508305
