0.0
0.00120000005699694
0.00240000011399388
0.00359999993816018
0.00480000022798777
0.00600000005215406
0.00719999987632036
0.00839999970048666
0.00960000045597553
0.0108000002801418
0.0120000001043081
0.0131999999284744
0.0143999997526407
0.015599999576807
0.0159000009298325
0.0163499992340803
0.0170249994844198
0.0180374998599291
0.0192374996840954
0.0204374995082617
0.021637499332428
0.0228374991565943
0.0240375008434057
0.025237500667572
0.0264375004917383
0.0276375003159046
0.0288375001400709
0.0300374999642372
0.0312374997884035
0.0324374996125698
0.0336375012993813
0.0348374992609024
0.0360375009477139
0.037237498909235
0.0384375005960464
0.0396374985575676
0.040837500244379
0.0420374982059002
0.0432374998927116
0.0444375015795231
0.0456374995410442
0.0468375012278557
0.0480374991893768
0.0492375008761883
0.0504374988377094
0.0516375005245209
0.052837498486042
0.0540375001728535
0.0552375018596649
0.0564374998211861
0.0576375015079975
0.0579374991357327
0.0583874993026257
0.0590624995529652
0.0600749999284744
0.0612750016152859
0.062474999576807
0.0636750012636185
0.0648749992251396
0.0660749971866608
0.0672750025987625
0.0684750005602837
0.0696749985218048
0.070874996483326
0.0720750018954277
0.0723749995231628
0.0724875032901764
0.0726562514901161
0.072909377515316
0.0732890591025352
0.0738585963845253
0.0747128874063492
0.0759128928184509
0.0771128907799721
0.0783128887414932
0.079512894153595
0.0807128921151161
0.0819128900766373
0.0831128880381584
0.0843128934502602
0.0855128914117813
0.0867128893733025
0.0879128873348236
0.0891128927469254
0.0903128907084465
0.0915128886699677
0.0927128940820694
0.0939128920435905
0.0951128900051117
0.0963128879666328
0.0975128933787346
0.0987128913402557
0.0999128893017769
0.101112887263298
0.1023128926754
0.103512890636921
0.104712888598442
0.105912894010544
0.107112891972065
0.108312889933586
0.109512887895107
0.110712893307209
0.11191289126873
0.112212888896465
0.112662889063358
0.113337889313698
0.114350393414497
0.115550391376019
0.11675038933754
0.117950387299061
0.119150392711163
0.119999997317791
