0.0
0.00120000005699694
0.00240000011399388
0.00359999993816018
0.00480000022798777
0.00600000005215406
0.00719999987632036
0.00839999970048666
0.00870000012218952
0.00899999961256981
0.00930000003427267
0.00975000020116568
0.0102000003680587
0.0106499996036291
0.0110999997705221
0.0117750000208616
0.0124500002712011
0.0131249995902181
0.0137999998405576
0.0148125002160668
0.0158249996602535
0.0160781256854534
0.0160939451307058
0.016117675229907
0.0161265749484301
0.0161399226635695
0.016153272241354
0.0161666199564934
0.0161799676716328
0.0161933172494173
0.0162066649645567
0.0162266883999109
0.0162285640835762
0.0162313804030418
0.0162356030195951
0.0162371881306171
0.0162395630031824
0.0162404552102089
0.0162417907267809
0.0162437949329615
0.0162445474416018
0.016245674341917
0.0162473656237125
0.0162499025464058
0.0162537079304457
0.0162594169378281
0.0162679795175791
0.016280822455883
0.0163000877946615
0.0163289848715067
0.0163723304867744
0.0164373517036438
0.0165348816663027
0.0166811756789684
0.0169006176292896
0.0172297786921263
0.017723523080349
0.0184641387313604
0.0195750631392002
0.0207750629633665
0.0219750627875328
0.0231750626116991
0.0243750624358654
0.0255750622600317
0.026775062084198
0.0279750619083643
0.0291750617325306
0.0303750615566969
0.0315750613808632
0.0327750630676746
0.0339750610291958
0.0351750627160072
0.0363750606775284
0.0375750623643398
0.0387750640511513
0.0399750620126724
0.0411750636994839
0.042375061661005
0.0435750633478165
0.0447750613093376
0.0459750629961491
0.0471750609576702
0.0483750626444817
0.0495750606060028
0.0507750622928143
0.0519750639796257
0.0531750619411469
0.0543750636279583
0.0555750615894794
0.0567750632762909
0.057975061237812
0.0591750629246235
0.0603750608861446
0.0615750625729561
0.0627750605344772
0.063975065946579
0.0651750639081001
0.0663750618696213
0.0675750598311424
0.0687750652432442
0.0699750632047653
0.0711750611662865
0.0723750591278076
0.0735750645399094
0.0747750625014305
0.0759750604629517
0.0771750658750534
0.0783750638365746
0.0795750617980957
0.0807750597596169
0.0819750651717186
0.0831750631332397
0.0843750610947609
0.085575059056282
0.0867750644683838
0.0879750624299049
0.0891750603914261
0.0903750658035278
0.090675063431263
0.091125063598156
0.0918000638484955
0.0928125604987144
0.0940125659108162
0.0952125638723373
0.0964125618338585
0.0976125597953796
0.0988125652074814
0.100012563169003
0.101212561130524
0.102412559092045
0.103612564504147
0.104812562465668
0.106012560427189
0.107212565839291
0.108412563800812
0.109612561762333
0.110812559723854
0.11111256480217
0.111562564969063
0.112237565219402
0.113250061869621
0.114450059831142
0.115650065243244
0.116850063204765
0.118050061166286
0.119250059127808
0.119999997317791
