0
0.553031
1.198652
1.590683
2.824042
3.757975
5.070322
6.14244
7.337276
8.505763
9.491716
9.654387
9.819128
10.006692
10.199352
10.359731
10.438634
10.280339
10.055627
9.88268
9.764165
9.48819
9.247926
9.130638
8.936114
8.70225
8.445235
8.198375
7.947029
7.681314
7.421281
7.206853
6.974516
6.73855
6.509575
6.309425
6.117502
5.888831
5.640665
5.419923
5.179499
4.943897
4.734766
4.538019
4.325804
4.142071
3.953425
3.757541
3.608397
3.405268
3.229268
3.004934
2.790538
2.610844
2.410545
2.235757
2.050116
1.883732
1.71165
1.557579
1.395567
1.25048
1.088343
0.910515
0.734296
0.55414
0.550637
0.553166
0.551062
0.547864
0.549534
0.541168
0.540894
0.540494
0.53243
0.528572
0.530485
0.534969
0.538423
0.544255
0.563639
0.563446
0.542327
0.538031
0.539923
0.535296
0.529437
0.51986
0.505848
0.508354
0.515064
0.511182
0.508218
0.506603
0.503909
0.497791
0.495546
0.517801
0.527665
0.528522
0.539792
0.558115
0.561734
0.549461
