0.0
-2.69884521437273e-33
-8.73940962264896e-07
-1.365553089272e-06
-1.39769463203265e-06
-2.28516773859155e-06
-2.48900732913171e-06
-4.74727266919217e-06
-1.05595654531498e-05
-1.65589990501758e-05
-2.30815458053257e-05
-2.89942145172972e-05
-3.38895806635264e-05
-3.99467717215884e-05
-4.2183070036117e-05
-4.45435944129713e-05
-4.72086321678944e-05
-5.00232490594499e-05
-5.28489508724306e-05
-5.82370194024406e-05
-6.72186070005409e-05
-7.04451304045506e-05
-7.44253848097287e-05
-7.54752545617521e-05
-7.7105090895202e-05
-7.9537792771589e-05
-8.30061617307365e-05
-8.84043547557667e-05
-9.39285164349712e-05
-9.95491791400127e-05
-0.00010192774789175
-0.0001054861349985
-0.000111643195850775
-0.000122118595754728
-0.000126189159345813
-0.000127872655866668
-0.000130572472698987
-0.000134683679789305
-0.000134711866849102
-0.000134793590405025
-0.000134883623104542
-0.000134975460241549
-0.000135117166792043
-0.000135336726089008
-0.000135560068883933
-0.000135789101477712
-0.00013601100363303
-0.000136236732942052
-0.000136466871481389
-0.000136688846396282
-0.000137061651912518
-0.000137564769829623
-0.000137715978780761
-0.000137857088702731
-0.00013799947919324
-0.000138139817863703
-0.000138354938826524
-0.000138682909891941
-0.000139213312650099
-0.000139397743623704
-0.000139590702019632
-0.000139793730340898
-0.000139989671879448
-0.000140190095407888
-0.000140392148750834
-0.000140699179610237
-0.000140811709570698
-0.000140985124744475
-0.000141240088851191
-0.000141337877721526
-0.000141483033075929
-0.000141702417749912
-0.000142026590765454
-0.000142543998663314
-0.00014326193195302
-0.000144571953569539
-0.000146302161738276
-0.000146442544064485
-0.000146564008900896
-0.00014668155927211
-0.000146861100802198
-0.000147121259942651
-0.000147383150761016
-0.000147647282574326
-0.000147744198329747
-0.000147892962559126
-0.000148110673762858
-0.000148447608808056
-0.000148949911817908
-0.000149708881508559
-0.000150533451233059
-0.000151357307913713
-0.0001522912789369
-0.000153162880451418
-0.000153924731421284
-0.000154743436723948
-0.00015565643843729
-0.000155917310621589
-0.000156162059283815
-0.000156404945300892
-0.00015665045066271
-0.000157020520418882
-0.000157605099957436
-0.000158494745846838
-0.000158853217726573
-0.000159207746037282
-0.000159572155098431
-0.00015993470151443
-0.000160301948199049
-0.000160442548803985
-0.000160649346071295
-0.000160966199473478
-0.000161441013915464
-0.000161911928444169
-0.000162386830197647
-0.000162744952831417
-0.000163106480613351
-0.000163240154506639
-0.000163444085046649
-0.000163748161867261
-0.000164200377184898
-0.000164373370353132
-0.000164629193022847
-0.000165016375831328
-0.000165164368809201
-0.000165384233696386
-0.000165712830494158
-0.000166210840689018
-0.000166395984706469
-0.000166675672517158
-0.000167092803167179
-0.000167727514053695
-0.000167967387824319
-0.000168328842846677
-0.000168869868502952
-0.000169075065059587
-0.000169379549333826
-0.000169837847352028
-0.000170012761373073
-0.000170272658579051
-0.000170659302966669
-0.000170806728419848
-0.000171024046721868
-0.000171351755852811
-0.000171847306773998
-0.000172030486282893
-0.00017230722005479
-0.00017272518016398
-0.000172880099853501
-0.00017311581177637
-0.00017346756067127
-0.00017398947966285
-0.000174187938682735
-0.000174483997398056
-0.000174929082277231
-0.000175591514562257
-0.000175842404132709
-0.000176217770786025
-0.000176779954927042
-0.000177623034687713
-0.000178885908098891
-0.000180806702701375
-0.000183691605343483
-0.000183974814717658
-0.000184257762157358
-0.00018453887605574
-0.000184962467756122
-0.00018559253658168
-0.000185834069270641
-0.000186188568477519
-0.000186728531843983
-0.000187127225217409
-0.000187532728887163
-0.000187681842362508
-0.000187908037332818
-0.000188248654012568
-0.000188755220733583
-0.000188948630238883
-0.00018923610332422
-0.000189663260243833
-0.000189826416317374
-0.000190068763913587
-0.000190430306247436
-0.000190977414604276
-0.000191179278772324
-0.000191487139090896
-0.000191943458048627
-0.000192118008271791
-0.000192377119674347
-0.000192762905498967
-0.000192909632460214
-0.000193126528756693
-0.000193456478882581
-0.000193943298654631
-0.000194437976460904
-0.000194925087271258
-0.000195420041563921
-0.000195907283341512
-0.00019640261598397
-0.000196889872313477
-0.000197380461031571
-0.000197876375750639
-0.000198364301468246
-0.000198855457711034
-0.00019935195450671
-0.00019984036043752
-0.00020033199689351
-0.00020082933770027
-0.000201323433429934
-0.000201816830667667
-0.000202306444407441
-0.000202493378310464
-0.000202771421754733
-0.000203185307327658
-0.000203342904569581
-0.000203575458726846
-0.000203925956157036
-0.000204456635401584
-0.000204652140382677
-0.000204950483748689
-0.000205392527277581
-0.000205561693292111
-0.000205812728381716
-0.000206186523428187
-0.000206328651984222
-0.000206538839847781
-0.000206858589081094
-0.000207335673621856
-0.000207807301194407
-0.000208282566745766
-0.000208764686249197
-0.000209239748073742
-0.00020942535775248
-0.000209695775993168
-0.000210105077712797
-0.000210261147003621
-0.000210490994504653
-0.000210841273656115
-0.000211360340472311
-0.000211882492294535
-0.000212405822821893
-0.000212929793633521
-0.000213723920751363
-0.000214018960832618
-0.000214461470022798
-0.000215132968151011
-0.000215381136513315
-0.000215758773265406
-0.000216325905057602
-0.000216541462577879
-0.000216862725210376
-0.000217347856960259
-0.000217527966015041
-0.000217801833059639
-0.00021820752590429
-0.00021836232917849
-0.00021859047410544
-0.000218934714212082
-0.000219455323531292
-0.000219647728954442
-0.000219938534428366
-0.000220377667574212
-0.000221030742977746
-0.000222051719902083
-0.000222415692405775
-0.000222785747610033
-0.000223163166083395
-0.000223721479414962
-0.000223935392568819
-0.000224254443310201
-0.000224736329982989
-0.000224915434955619
-0.000225187570322305
-0.00022559441276826
-0.000226200456381775
-0.0002264317299705
-0.000226773423491977
-0.000227292039198801
-0.00022748316405341
-0.000227772674406879
-0.000228210279601626
-0.000228861419600435
-0.000229112833039835
-0.000229483106522821
-0.000230060017202049
-0.000230269812163897
-0.000230591846047901
-0.000231078607612289
-0.000231814818107523
-0.000232923324801959
-0.000233340353588574
-0.000233970466069877
-0.000234204198932275
-0.000234556937357411
-0.000235090046771802
-0.000235287705436349
-0.000235588580835611
-0.000236034189583734
-0.000236203981330618
-0.000236454754485749
-0.000236832915106788
-0.000237403553910553
-0.000237615502555855
-0.000237937420024537
-0.00023841462098062
-0.00023859653447289
-0.000238864871789701
-0.000239272645558231
-0.000239877248532139
-0.000240484849200584
-0.000241093206568621
-0.000241702233324759
-0.000242622933001257
-0.000243977105128579
-0.000244327879045159
-0.000244671566179022
-0.000245194009039551
-0.000245386152528226
-0.000245677161728963
-0.000246115203481168
-0.000246766401687637
-0.000247015210334212
-0.000247381947701797
-0.000247933523496613
-0.000248143274802715
-0.000248455442488194
-0.000248920667218044
-0.000249097240157425
-0.000249358854489401
-0.000249756005359814
-0.000250343437073752
-0.000250934361247346
-0.000251526216743514
-0.000252118974458426
-0.000253015954513103
-0.000253346253884956
-0.000253847800195217
-0.00025435330462642
-0.000254852115176618
-0.000255042366916314
-0.000255325227044523
-0.000255752238444984
-0.00025639240629971
-0.000257026025792584
-0.000257188308751211
-0.000257346837315708
-0.000257587002124637
-0.000257947569480166
-0.000258487154496834
-0.000259300926700234
-0.000259603431914002
-0.000260062952293083
-0.000260233093285933
-0.000260492204688489
-0.000260878965491429
-0.000261456094449386
-0.000261675275396556
-0.00026199987041764
-0.000262493384070694
-0.000262675486737862
-0.000262951303739101
-0.000263366906438023
-0.000263985799392685
-0.00026422186056152
-0.000264573318418115
-0.000265096430666745
-0.000265896291239187
-0.000267063267529011
-0.000268850359134376
-0.000270646793069318
-0.000271143071586266
-0.000271613127551973
-0.000272076111286879
-0.000272547826170921
-0.000273237703368068
-0.000273509183898568
-0.00027390822651796
-0.000274521094979718
-0.000274746416835114
-0.00027508701896295
-0.000275607104413211
-0.000276382255833596
-0.000276679318631068
-0.000277126557193696
-0.000277798739261925
-0.000278818042716011
-0.0002803364477586
-0.000282684282865375
-0.000283253320958465
-0.000283838337054476
-0.000284416484646499
-0.000285004614852369
-0.000285586604150012
-0.000286172260530293
-0.000287050730548799
-0.000288383133010939
-0.000288711074972525
-0.000289043033262715
-0.000289542833343148
-0.000290287804091349
-0.000290569791104645
-0.000290991418296471
-0.000291625619865954
-0.000292572542093694
-0.000294019293505698
-0.000294550321996212
-0.000295092875603586
-0.000295634032227099
-0.000296442827675492
-0.000296749523840845
-0.000297204474918544
-0.0002978956035804
-0.000298578961519524
-0.000299266132060438
-0.000299954466754571
-0.00030064390739426
-0.000301684660371393
-0.000303272565361112
-0.000304794899420813
-0.000305187742924318
-0.000305775058222935
-0.000305993104120716
-0.000306324247503653
-0.000306819012621418
-0.000307557784253731
-0.000307837937725708
-0.000308253307593986
-0.000308879214571789
-0.000309826224111021
-0.000311272393446416
-0.000312657182803378
-0.000314101518597454
-0.000314623379381374
-0.000315156852593645
-0.00031568601843901
-0.000316486199153587
-0.000316782738082111
-0.000317233789246529
-0.000317904545227066
-0.00031815908732824
-0.000318538892315701
-0.000319110986310989
-0.000319963146466762
-0.000321256986353546
-0.00032254250254482
-0.000323837390169501
-0.000325103756040335
-0.000327114074025303
-0.000329120375681669
-0.000331220362568274
-0.00033437620732002
-0.000339108897605911
-0.000346225220710039
-0.000356883305357769
-0.000361104437615722
-0.000367221015039831
-0.00037639687070623
-0.000390144588891417
-0.000410501437727362
-0.000439811905380338
-0.000442513759480789
-0.000445174257038161
-0.000447783182607964
-0.000450461608124897
-0.000454367545899004
-0.000460265786387026
-0.000469042832264677
-0.000481862953165546
-0.000486779725179076
-0.000493989326059818
-0.000504632771480829
-0.000508762081153691
-0.000514666724484414
-0.000520559551659971
-0.000526469375472516
-0.000528774398844689
-0.000532050558831543
-0.000536978710442781
-0.000538285239599645
-0.000538607127964497
-0.00053908460540697
-0.000539791886694729
-0.000540836656000465
-0.000541234039701521
-0.000541825604159385
-0.000542715832125396
-0.00054403900867328
-0.000546068185940385
-0.000546803174074739
-0.00054754433222115
-0.000548292126040906
-0.000549424323253334
-0.00054984085727483
-0.000550473516341299
-0.000551427248865366
-0.000552843906916678
-0.000553385820239782
-0.000554185418877751
-0.000554995553102344
-0.000555800856091082
-0.00055700185475871
