0.0
7.97639313532272e-06
7.97673237684648e-06
9.72004545474192e-06
2.14208830584539e-05
4.54723885923158e-05
8.31202996778302e-05
0.000132045752252452
0.000207430115551688
0.000280560692772269
0.000341747625498101
0.000409815955208614
0.000487081561004743
0.000582343433052301
0.000583080749493092
0.000594227982219309
0.000611876253969967
0.000640017678961158
0.000685525825247169
0.000762313837185502
0.000890738039743155
0.00109081424307078
0.00130901846569031
0.00154767266940325
0.00179774325806648
0.00204689893871546
0.00230002356693149
0.00255061034113169
0.00279381731525064
0.00303558283485472
0.00327695859596133
0.00352108525112271
0.00376337766647339
0.0039997729472816
0.00422927085310221
0.00445458525791764
0.00467927940189838
0.0049005732871592
0.00511467130854726
0.00532558327540755
0.00552486907690763
0.00571842072531581
0.0059085707180202
0.00609299074858427
0.00627128221094608
0.00644904188811779
0.00662069208920002
0.00678830314427614
0.00695072766393423
0.00710870698094368
0.00726425088942051
0.00741541758179665
0.00756105082109571
0.00770404329523444
0.00784278474748135
0.00797660369426012
0.0081050181761384
0.00823343358933926
0.00835658051073551
0.00847476255148649
0.00859089381992817
0.00869868509471416
0.00880561117082834
0.00890929251909256
0.00900919176638126
0.00910574570298195
0.00919484905898571
0.0092851584777236
0.00936660077422857
0.00944933854043484
0.00952645670622587
0.00960040092468262
0.00967045407742262
0.00973712746053934
0.00980088766664267
0.00986014679074287
0.00991734117269516
0.00993071403354406
0.00994983315467834
0.00997786223888397
0.0100190583616495
0.0100653283298016
0.0101080620661378
0.0101488642394543
0.0101839192211628
0.0102182142436504
0.0102472938597202
0.0102721154689789
0.0102965291589499
0.0103153921663761
0.0103336703032255
0.0103483786806464
0.0103596178814769
0.0103688659146428
0.0103700533509254
0.0103728016838431
0.0103716691955924
0.0103661892935634
0.0103604961186647
0.0103571182116866
0.01035485137254
0.0103499852120876
0.0103393131867051
0.0103267943486571
0.0103093245998025
0.0102830082178116
0.0102592473849654
0.0102330995723605
0.0102042965590954
0.0101756248623133
0.0101415356621146
0.0101322755217552
