0
0.00650021154433489
0.0222698133438826
0.0377724356949329
0.0497423373162746
0.0575126968324184
0.0639287531375885
0.0735904574394226
0.0922568067908287
0.112950593233109
0.133287698030472
0.149839773774147
0.162383943796158
0.172689571976662
0.181930720806122
0.190537214279175
0.190567344427109
0.190590083599091
0.190612971782684
0.19063600897789
0.190659090876579
0.190693765878677
0.190746024250984
0.190824583172798
0.190942138433456
0.191118597984314
0.191184774041176
0.191283226013184
0.191352844238281
0.191402196884155
0.191433861851692
0.191449284553528
0.19145941734314
0.191470518708229
0.191473782062531
0.191475033760071
0.19146616756916
0.191423013806343
0.191378012299538
0.191318541765213
0.191203013062477
0.19101570546627
0.190822631120682
0.190660059452057
0.19051468372345
0.190422147512436
0.190366700291634
0.190355181694031
0.190424174070358
0.190524026751518
0.190628618001938
0.190720811486244
0.190838038921356
0.190950036048889
0.19105863571167
0.191219583153725
0.191454589366913
0.191799640655518
0.19229581952095
0.192951664328575
0.193676725029945
0.19433867931366
0.195132821798325
0.196472033858299
0.19848221540451
0.202423110604286
0.209407806396484
0.219002038240433
0.231769517064095
0.246581748127937
0.25958439707756
0.259239822626114
0.253909587860107
0.250358372926712
0.241999104619026
0.233581587672234
0.225675672292709
0.219469621777534
0.213698625564575
0.205274164676666
0.196802526712418
0.189169257879257
0.181634277105331
0.174176022410393
0.166018173098564
0.157021328806877
0.148066714406013
0.139126762747765
0.130239680409431
0.121422417461872
0.112627945840359
0.103774391114712
0.0949428975582123
0.0860638916492462
0.0771271735429764
0.0682424232363701
0.0594225376844406
0.0506482347846031
0.0419382080435753
0.0332782790064812
0.0246314518153667
0.0159647986292839
0.00706711132079363
1.30080261442345e-05
1.30025091493735e-05
1.3035465599387e-05
1.30628268379951e-05
1.30172611534363e-05
1.29756754176924e-05
1.28580013551982e-05
1.26887771330075e-05
1.25560454762308e-05
1.23566151160048e-05
1.21855773613788e-05
1.19597552838968e-05
1.16892697406001e-05
1.14841768663609e-05
1.12305260699941e-05
1.1029995221179e-05
1.08102995000081e-05
1.05085564428009e-05
1.02738631539978e-05
9.97771712718531e-06
9.68422500591259e-06
9.37858567340299e-06
8.95015364221763e-06
8.43535781314131e-06
8.1236630649073e-06
7.79228321334813e-06
7.34733475837857e-06
6.97840005159378e-06
6.58616954751778e-06
6.14622331340797e-06
5.78674371354282e-06
5.37765845365357e-06
5.1074821385555e-06
4.85125383420382e-06
4.54229120805394e-06
4.29961255576927e-06
3.98081101593561e-06
3.59044770448236e-06
2.96531106869224e-06
2.16384796658531e-06
1.28991405290435e-06
6.76345962347114e-07
2.95447534881532e-07
1.02736834151074e-07
2.4085036187671e-08
-5.53906787104097e-09
-5.53906787104097e-09
