0
0.00120000005699694
0.00239999988116324
0.00360000017099083
0.00479999999515712
0.00599999981932342
0.00719999964348972
0.00840000039897859
0.00960000022314486
0.0108000000473112
0.0119999998714775
0.0131999996956438
0.0143999995198101
0.0155999993439764
0.0167999991681427
0.0180000008549542
0.0180046872701496
0.0180082039441914
0.018011718755588
0.0180152335669846
0.0180187502410263
0.0180240233894438
0.0180319340433926
0.0180437990929932
0.0180615966673941
0.018088293960318
0.01809830381535
0.0181133223231882
0.0181245838757605
0.0181330309715122
0.0181393658276648
0.0181457025464625
0.018152037402615
0.0181583722587675
0.0181607489939779
0.0181643122341484
0.0181678754743189
0.0181714387144894
0.0181741116102785
0.0181767845060677
0.0181794574018568
0.0181814616080374
0.018183465814218
0.0181854700203985
0.0181884781923145
0.0181914845015854
0.0181944908108563
0.0181990002747626
0.0182057654019446
0.0182125323917717
0.0182192975189537
0.0182260626461357
0.0182328277733177
0.0182395929004997
0.0182463580276817
0.0182565057184548
0.0182717272546143
0.0182945595588535
0.0183288098778576
0.0183801834937185
0.0184572429861874
0.0185343043413014
0.0186113638337702
0.0187269558664412
0.0189003401901573
0.0191604194696993
0.0195505393203348
0.020135717233643
0.0210134831722826
0.0222134829964489
0.0234134828206152
0.0246134826447815
0.0258134824689478
0.0270134822931141
0.0282134839799256
0.0294134838040919
0.0306134836282582
0.0318134815897793
0.0330134832765907
0.0342134812381119
0.0354134829249233
0.0366134846117348
0.0378134825732559
0.0390134842600674
0.0402134822215885
0.0414134839084
0.0426134818699211
0.0438134835567326
0.0450134815182537
0.0462134832050652
0.0474134848918766
0.0486134828533978
0.0498134845402092
0.0510134825017304
0.0522134841885418
0.053413482150063
0.0546134838368744
0.0558134817983956
0.057013483485207
0.0582134814467282
0.0594134831335396
0.060613484820351
0.0618134865071625
0.0630134844686836
0.0633134820964188
0.0637634822633118
0.0644384825136513
0.0654509866144509
0.066650984575972
0.0678509825374932
0.0690509804990143
0.070250985911116
0.0714509838726372
0.0726509818341583
0.0738509797956795
0.0750509852077812
0.0762509831693024
0.0774509811308235
0.0786509865429253
0.0798509845044464
0.0810509824659676
0.0822509804274887
0.0834509858395905
0.0846509838011116
0.0858509817626328
0.0870509797241539
0.0882509851362557
0.0894509830977768
0.090650981059298
0.0918509864713997
0.0930509844329209
0.094250982394442
0.0954509803559632
0.0966509857680649
0.097850983729586
0.0990509816911071
0.100250979652628
0.10145098506473
0.102650983026251
0.103850980987772
0.105050986399874
0.106250984361395
0.107450982322916
0.108650980284437
0.109850985696539
0.11105098365806
0.111350981285796
0.111463485052809
0.111505670240149
0.111505670240149
