0.0
9.29126784399159e-08
6.00357998337131e-06
2.4787565052975e-05
4.50654188171029e-05
2.65093040070496e-05
2.61911718553165e-05
2.80656840914162e-05
3.11056537611876e-05
3.46670967701357e-05
4.17246483266354e-05
5.1513736252673e-05
6.13589072600007e-05
7.10151871317066e-05
7.99498739070259e-05
9.94863949017599e-05
0.000132826404296793
0.000162061623996124
0.000200748210772872
0.000244022157858126
0.000255166640272364
0.000271144555881619
0.000277484505204484
0.000283711473457515
0.000289786403300241
0.000298563769320026
0.000311297422740608
0.000329694099491462
0.000367063039448112
0.000395681243389845
0.000468472833745182
0.00052041991148144
0.000571417855098844
0.000598319689743221
0.000648110115434974
0.000692961039021611
0.000730587460566312
0.000766981102060527
0.000822516507469118
0.000837271974887699
0.000853424309752882
0.000857132719829679
0.000860011670738459
0.000860744446981698
0.000861837528645992
0.000863492081407458
0.000865141861140728
0.000866367830894887
0.000867583963554353
0.000868790899403393
0.000869995506945997
0.00087178498506546
0.000873063516337425
0.000873428594786674
0.000873700948432088
0.000873838551342487
0.000873457815032452
0.000872790114954114
0.0008713414426893
0.000869380310177803
0.000866841699462384
0.000864012748934329
0.000862179731484503
0.000860897125676274
0.000860642816405743
0.000861262960825115
0.000862276705447584
0.000864049303345382
0.000866783084347844
0.000870870426297188
0.000876823673024774
0.000885310291778296
0.000897131219971925
0.000913962663616985
0.000937625125516206
0.000943403516430408
0.000949055945966393
0.000954622693825513
0.00096282281447202
0.000970759196206927
0.00097879848908633
0.000980962533503771
0.000982728786766529
0.000984338694252074
0.000986562110483646
0.000989880179986358
0.000994837027974427
0.00100241776090115
0.00101429794449359
0.00103340472560376
0.00106277770828456
0.0011158655397594
0.00118652347009629
0.00127357989549637
0.00137275143060833
0.00148522958625108
0.00155767949763685
0.0016153376782313
0.00168997247237712
0.00172071508131921
0.00173788971733302
0.00174043187871575
0.00172987941186875
0.00170586910098791
0.0016672401688993
0.00161495839711279
0.00154817651491612
0.00146692804992199
0.00136959552764893
0.00125316390767694
0.00112460996024311
0.000982549740001559
0.000817913271021098
0.000618693069554865
0.000403009064029902
0.000175012581166811
6.13976153545082e-05
6.12236253800802e-05
6.12181174801663e-05
6.12131043453701e-05
6.12193616689183e-05
6.12251969869249e-05
6.12279327469878e-05
6.12221047049388e-05
6.12221047049388e-05
