0.0
2.85476130557072e-06
1.60572290042182e-05
4.50162842753343e-05
5.46676346857566e-05
6.50448637316003e-05
7.64682408771478e-05
9.56705189310014e-05
0.000117223789857235
0.000141429743962362
0.000168038386618719
0.000196198234334588
0.000224842937313952
0.000254890735959634
0.000287395436316729
0.000323254324030131
0.000353296287357807
0.000377605727408081
0.000383910577511415
0.000390304165193811
0.000396784162148833
0.000398008618503809
0.000398928881622851
0.000399850803660229
0.000400774355512112
0.000401699537178501
0.000402626348659396
0.000403554760850966
0.000404484773753211
0.000405416445573792
0.000406116276280954
0.000406817009206861
0.000407518644351512
0.000408221210818738
0.000409276835853234
0.000409673230024055
0.00041006991523318
0.00041046692058444
0.000410864216974005
0.000411261804401875
0.000411659682868049
0.000412057852372527
0.00041245631291531
0.000412855035392568
0.00041325407801196
0.000413653382565826
0.000414052978157997
0.000414452835684642
0.000415053160395473
0.000415954884374514
0.000416632159613073
0.000417310249758884
0.000417989183915779
0.000418668903876096
0.000419349438743666
0.000420030788518488
0.000420712924096733
0.00042139581637457
0.000422079494455829
0.000422763987444341
0.000423792225774378
0.000425338046625257
0.000427664548624307
0.000431171501986682
0.000436469475971535
0.000444496225100011
0.000456701731309295
0.000475353474030271
0.000504045456182212
0.000548462208826095
0.000594277516938746
0.000641337072011083
0.000713984481990337
0.000732498418074101
0.000751140469219536
0.0007793452241458
0.000786441552918404
0.000793555343989283
0.00080068624811247
0.000803364673629403
0.00080738659016788
0.000808896089438349
0.000810028694104403
0.000810878409538418
0.000811728299595416
0.000812578480690718
0.000813854101579636
0.000815768493339419
0.00081648665945977
0.000817025429569185
0.000817564257886261
0.000818372645881027
0.000818979053292423
0.000819585577119142
0.000820495595689863
0.000820836867205799
0.000821092922706157
0.00082128489157185
0.000821476918645203
0.000821669003926218
0.000821861030999571
0.000822053058072925
0.000822245143353939
0.000822437228634953
0.000822629313915968
0.000822821399196982
0.000823109585326165
0.000823541893623769
0.000824190443381667
0.000824676943011582
0.000825163500849158
0.000825893424917012
0.00082698866026476
0.00082863203715533
0.000828634481877089
0.00082863459829241
0.00082863459829241
0.000828634656500071
0.000828634714707732
0.000828634831123054
0.000828634831123054
0.000828634889330715
0.000828634947538376
0.000828634947538376
0.000828635063953698
0.00082863518036902
0.00082863523857668
0.000828635296784341
0.000828635413199663
0.000828635413199663
0.000828635471407324
0.000828635587822646
0.000828635704237968
0.000828635762445629
0.00082863582065329
0.000828635937068611
0.000828635995276272
0.000828636053483933
0.000828636111691594
0.000828636286314577
0.000828636286314577
0.000828636344522238
0.000828636402729899
0.000828636519145221
0.000828636635560542
0.000828636635560542
0.000828636693768203
0.000828636751975864
0.000828636810183525
0.000828636926598847
0.000828636926598847
0.000828636984806508
0.00082863710122183
0.000828637217637151
0.000828637275844812
0.000828637334052473
0.000828637392260134
0.000828637450467795
0.000828637508675456
0.000828637625090778
0.0008286377415061
0.000828637799713761
0.000828637857921422
0.000828637974336743
0.000828638032544404
0.000828638090752065
0.000828638148959726
0.000828638323582709
0.00082863838179037
0.000828638439998031
0.000828638556413352
0.000828638614621013
0.000828638672828674
0.000828638672828674
0.000828638789243996
0.000828638847451657
0.000828638905659318
0.000828638963866979
0.00082863902207464
0.000828639196697623
0.000828639196697623
0.000828639313112944
0.000828639429528266
0.000828639429528266
0.000828639487735927
0.000828639545943588
0.000828639604151249
0.00082863966235891
0.000828639836981893
0.000828640011604875
0.000828640069812536
0.000828640069812536
0.000828640128020197
0.000828640244435519
0.000828640360850841
0.000828640419058502
0.000828640477266163
0.000828640593681484
0.000828640651889145
0.000828640710096806
0.000828640768304467
0.00082864094292745
0.000828641001135111
0.000828641059342772
0.000828641175758094
0.000828641233965755
0.000828641233965755
0.000828641292173415
0.000828641350381076
0.000828641466796398
0.000828641525004059
0.00082864158321172
0.000828641641419381
0.000828641757834703
0.000828641816042364
0.000828641874250025
0.000828641990665346
0.000828642048873007
0.000828642107080668
0.000828642165288329
0.000828642281703651
0.000828642514534295
0.000828642514534295
0.000828642572741956
0.000828642630949616
0.000828642689157277
0.00082864286378026
0.00082864286378026
0.000828642980195582
0.000828643038403243
0.000828643096610904
0.000828643154818565
0.000828643271233886
0.000828643387649208
0.000828643445856869
0.00082864350406453
0.000828643620479852
0.000828643678687513
0.000828643736895174
0.000828643853310496
0.000828643853310496
0.000828643911518157
0.000828644027933478
0.0008286441443488
0.0008286441443488
0.000828644260764122
0.000828644318971783
0.000828644377179444
0.000828644435387105
0.000828644435387105
0.000828644493594766
0.000828644610010087
0.000828644726425409
0.000828644901048392
0.000828644959256053
0.000828645017463714
0.000828645017463714
0.000828645133879036
0.000828645250294358
0.000828645308502018
0.000828645366709679
0.000828645483125001
0.000828645483125001
0.000828645541332662
0.000828645657747984
0.000828645774163306
0.000828645832370967
0.000828645890578628
0.000828646006993949
0.00082864606520161
0.000828646123409271
0.000828646123409271
0.000828646181616932
0.000828646298032254
0.000828646414447576
0.000828646472655237
0.000828646589070559
0.00082864670548588
0.00082864670548588
0.000828646763693541
0.000828646821901202
0.000828646880108863
0.000828646996524185
0.000828646996524185
0.000828647054731846
0.000828647171147168
0.00082864728756249
0.00082864734577015
0.000828647403977811
0.000828647520393133
0.000828647578600794
0.000828647636808455
0.000828647695016116
0.000828647811431438
0.000828647869639099
0.00082864792784676
0.00082864798605442
0.000828648044262081
0.000828648160677403
0.000828648218885064
0.000828648277092725
0.000828648277092725
0.000828648393508047
0.000828648451715708
0.000828648626338691
0.000828648684546351
0.000828648742754012
0.000828648859169334
0.000828648917376995
0.000828648975584656
0.000828649091999978
0.000828649091999978
0.000828649150207639
0.000828649266622961
0.000828649383038282
0.000828649441245943
0.000828649499453604
0.000828649615868926
0.000828649674076587
0.000828649732284248
0.000828649732284248
0.000828649790491909
0.000828649906907231
0.000828650023322552
0.000828650081530213
0.000828650139737874
0.000828650256153196
0.000828650314360857
0.000828650372568518
0.00082865048898384
0.000828650547191501
0.000828650605399162
0.000828650663606822
0.000828650780022144
0.000828650838229805
0.000828650896437466
0.000828651012852788
0.000828651071060449
0.00082865112926811
0.000828651187475771
0.000828651362098753
0.000828651362098753
0.000828651420306414
0.000828651478514075
0.000828651536721736
0.000828651594929397
0.000828651711344719
0.000828651885967702
0.000828652060590684
0.000828652177006006
0.000828652235213667
0.000828652351628989
0.000828652468044311
0.000828652526251972
0.000828652526251972
0.000828652584459633
0.000828652642667294
0.000828652759082615
0.000828652817290276
0.000828652875497937
0.000828652933705598
0.00082865305012092
0.000828653108328581
0.000828653166536242
0.000828653282951564
0.000828653341159225
0.000828653399366885
0.000828653399366885
0.000828653457574546
0.000828653573989868
0.00082865369040519
0.000828653748612851
0.000828653806820512
0.000828653923235834
0.000828653981443495
0.000828654039651155
0.000828654156066477
0.000828654214274138
0.000828654214274138
0.000828654272481799
0.00082865433068946
0.000828654388897121
0.000828654505312443
0.000828654563520104
0.000828654621727765
0.000828654679935426
0.000828654738143086
0.000828654854558408
0.000828654854558408
0.000828654912766069
0.000828655029181391
0.000828655145596713
0.000828655203804374
0.000828655262012035
0.000828655378427356
0.000828655436635017
0.000828655494842678
0.000828655494842678
0.000828655553050339
0.000828655669465661
0.000828655785880983
0.000828655844088644
0.000828655960503966
0.000828656076919287
0.000828656076919287
0.000828656135126948
0.000828656193334609
0.00082865625154227
0.000828656367957592
0.000828656367957592
0.000828656426165253
0.000828656542580575
0.000828656658995897
0.000828656717203557
0.000828656775411218
0.00082865689182654
0.000828656950034201
0.000828656950034201
0.000828657008241862
0.000828657066449523
0.000828657182864845
0.000828657299280167
0.000828657357487828
0.000828657415695488
0.00082865753211081
0.000828657590318471
0.000828657590318471
0.000828657648526132
0.000828657706733793
0.000828657823149115
0.000828657939564437
0.000828657997772098
0.000828658114187419
0.000828658230602741
0.000828658288810402
0.000828658347018063
0.000828658463433385
0.000828658463433385
0.000828658521641046
0.000828658638056368
0.000828658754471689
0.00082865881267935
0.000828658870887011
0.000828658987302333
0.000828659045509994
0.000828659045509994
0.000828659103717655
0.000828659161925316
0.000828659278340638
0.00082865939475596
0.00082865945296362
0.000828659511171281
0.000828659627586603
0.000828659685794264
0.000828659744001925
0.000828659802209586
0.000828659860417247
0.000828659918624908
0.000828659976832569
0.00082866003504023
0.00082866009324789
0.000828660267870873
0.000828660267870873
0.000828660384286195
0.000828660442493856
0.000828660500701517
0.000828660558909178
0.000828660558909178
0.0008286606753245
0.000828660733532161
0.000828660849947482
0.000828660908155143
0.000828660966362804
0.000828661082778126
0.000828661140985787
0.000828661199193448
0.000828661257401109
0.00082866131560877
0.000828661373816431
0.000828661548439413
0.000828661606647074
0.000828661664854735
0.000828661781270057
0.000828661839477718
0.000828661897685379
0.000828662014100701
0.000828662014100701
0.000828662072308362
0.000828662188723683
0.000828662305139005
0.000828662363346666
0.000828662421554327
0.000828662537969649
0.00082866259617731
0.00082866259617731
0.000828662654384971
0.000828662712592632
0.000828662829007953
0.000828662945423275
0.000828663003630936
0.000828663061838597
