-0.0
-2.8421709430404e-13
0.00351141253486276
0.0100274104624987
0.0168940257281065
0.024772809818387
0.0318437330424786
0.0377992577850819
0.043006606400013
0.0467499494552612
0.0505356565117836
0.0569717139005661
0.0646621063351631
0.0731830596923828
0.0812036022543907
0.0886087939143181
0.0956214591860771
0.101635470986366
0.107004813849926
0.111882030963898
0.11670096963644
0.120977528393269
0.124440431594849
0.127278804779053
0.129360601305962
0.13001175224781
0.130212217569351
0.129952818155289
0.129821181297302
0.129579409956932
0.126781731843948
0.126781731843948
