0.0
0.00999999977648258
0.0199999995529652
0.0299999993294477
0.0399999991059303
0.0500000007450581
0.0599999986588955
0.0700000002980232
0.0799999982118607
0.0900000035762787
0.100000001490116
0.109999999403954
0.119999997317791
0.122500002384186
0.125
0.125624999403954
0.126562505960464
0.127968743443489
0.130078122019768
0.132187500596046
0.134296879172325
0.135087892413139
0.136274412274361
0.137460932135582
0.137535095214844
0.137590706348419
0.137646332383156
0.137701943516731
0.137757569551468
0.137813180685043
0.13786880671978
0.137924417853355
0.137966141104698
0.13800784945488
0.138049557805061
0.138091281056404
0.138132989406586
0.138174712657928
0.138205990195274
0.138229459524155
0.138252913951874
0.138276383280754
0.138299852609634
0.138323307037354
0.138346776366234
0.138370245695114
0.138405427336693
0.138458222150803
0.138511016964912
0.138563811779022
0.138616606593132
0.138669401407242
0.138722196221352
0.138774991035461
0.138854175806046
0.138933375477791
0.139012560248375
0.139131352305412
0.139175891876221
0.13922044634819
0.139264985918999
0.139309525489807
0.139354079961777
0.139398619532585
0.139443159103394
0.139487713575363
0.139532253146172
0.13957679271698
0.13962134718895
0.139654755592346
0.139688163995743
0.139721572399139
0.139754980802536
0.139788389205933
0.139813438057899
0.139838501811028
0.139863550662994
0.139888614416122
0.139913663268089
0.139938727021217
0.139957517385483
0.139976307749748
0.139995098114014
0.14001390337944
0.140032693743706
0.140060871839523
0.140103161334991
0.140145435929298
0.140187725424767
0.140230014920235
0.14023794233799
0.140245869755745
0.140257760882378
0.14026965200901
0.140281543135643
0.140293434262276
0.140311270952225
0.140338033437729
0.140378162264824
0.14041830599308
0.140448406338692
0.140478506684303
0.140508607029915
0.140538707375526
0.140568807721138
0.140613958239555
0.140659108757973
0.14070425927639
0.140749424695969
0.140794575214386
0.140862300992012
0.140930026769638
0.140997752547264
0.141065493226051
0.141133219003677
0.141200944781303
0.141268670558929
0.141336396336555
0.141404137015343
0.141471862792969
0.141573458909988
0.141725838184357
0.141878232359886
0.142030626535416
0.142183020710945
0.142297312617302
0.142411604523659
0.142525896430016
0.142640188336372
0.142811626195908
0.14306877553463
0.143454521894455
0.143840253353119
0.144225999712944
0.144611731171608
0.144997462630272
0.145383208990097
0.145768940448761
0.146154671907425
0.14654041826725
0.147119015455246
0.147697627544403
0.14827623963356
0.149144142866135
0.150446012616158
0.15239879488945
0.155327990651131
0.159721776843071
0.164115577936172
0.168509364128113
0.172903150320053
0.173006132245064
0.173083364963531
0.173160597681999
0.173237830400467
0.173315063118935
0.173430919647217
0.173546776175499
0.17366261780262
0.173778474330902
0.173952251672745
0.174126029014587
0.17425636947155
0.174386695027351
0.174517035484314
0.174647361040115
0.174842864274979
0.175136119127274
0.175429359078407
0.175722613930702
0.176162496209145
0.176822304725647
0.177812024950981
0.178801745176315
0.179791465401649
0.180781185626984
0.181770890951157
0.182760611176491
0.183750331401825
0.184740051627159
0.185729771852493
0.186719492077827
0.187709212303162
0.188698932528496
0.18968865275383
0.19043093919754
0.191173225641251
0.191915512084961
0.192657798528671
0.193771243095398
0.195441395044327
0.197946608066559
0.201704457402229
0.207341209053993
0.2157963514328
0.225796341896057
0.235796347260475
0.245796352624893
0.25579634308815
0.265796333551407
0.275796353816986
0.285796344280243
0.2957963347435
0.305796355009079
0.315796345472336
0.325796335935593
0.335796356201172
0.345796346664429
0.355796337127686
0.365796357393265
0.375796347856522
0.385796338319778
0.395796358585358
0.405796349048615
0.415796339511871
0.425796359777451
0.435796350240707
0.445796340703964
0.455796360969543
0.4657963514328
0.475796341896057
0.485796362161636
0.495796352624893
0.505796372890472
0.515796363353729
0.525796353816986
0.535796344280243
0.538296341896057
0.538530707359314
0.538618624210358
0.538651585578918
0.538700997829437
0.538719534873962
0.538747370243073
0.538757801055908
0.538773417472839
0.538796901702881
0.538805723190308
0.53880900144577
0.538813948631287
0.538815796375275
0.538818597793579
0.538818836212158
0.538818955421448
0.538818955421448
0.538818955421448
0.538818955421448
0.538819015026093
0.538819074630737
0.538819134235382
0.538819253444672
0.538819372653961
0.53881961107254
0.538819968700409
0.538820505142212
0.538821280002594
0.538821578025818
0.538822054862976
0.53882223367691
0.53882247209549
0.538822531700134
0.538822710514069
0.538822710514069
0.538822710514069
0.538822710514069
0.538822710514069
0.538822710514069
0.538822710514069
0.538822710514069
0.538822710514069
0.538822710514069
0.538822710514069
0.538822710514069
