0.0
1.61786914532058e-07
2.27964775945111e-07
2.27964775945111e-07
2.27964775945111e-07
2.27964775945111e-07
3.72155625427695e-07
3.97519727357576e-07
9.23510356187762e-07
1.29549539451546e-06
1.67875543866103e-06
2.22147491513169e-06
2.69234533334384e-06
3.55775023308524e-06
3.67872598872054e-06
3.72593149222666e-06
3.74256796931149e-06
3.74453838958289e-06
3.74707087757997e-06
3.75046283807023e-06
3.75496779270179e-06
3.76055777451256e-06
3.76604793927982e-06
3.80409574063378e-06
3.80839969693625e-06
3.81774634661269e-06
3.82147982236347e-06
3.82906728191301e-06
3.83189671993023e-06
3.83622227673186e-06
3.83779297408182e-06
3.85307521355571e-06
3.8530947676918e-06
3.8531225072802e-06
3.85316207029973e-06
3.85321845897124e-06
3.85329667551559e-06
3.869559350278e-06
3.86964302379056e-06
3.86976626032265e-06
3.86994179280009e-06
3.87021464121062e-06
3.87070349461283e-06
3.87110821975511e-06
3.87156069336925e-06
3.87156069336925e-06
3.87156069336925e-06
3.87156069336925e-06
3.87156069336925e-06
3.87156069336925e-06
3.87156069336925e-06
3.87156069336925e-06
3.88323724109796e-06
3.94111020796117e-06
4.0047607399174e-06
4.03008834837237e-06
4.0884046939027e-06
4.20298965764232e-06
4.24802874476882e-06
4.31780972576234e-06
4.42619921159348e-06
4.54477230960038e-06
4.66149913336267e-06
4.77395269626868e-06
4.93305742566008e-06
5.16324826094205e-06
5.24718598171603e-06
5.2550731197698e-06
5.26652593180188e-06
5.26761868968606e-06
5.26922076460323e-06
5.26982648807461e-06
5.27005386175006e-06
5.27013889950467e-06
5.27026668351027e-06
5.27027896168875e-06
5.27029669683543e-06
5.27029851582483e-06
5.27030078956159e-06
5.27030215380364e-06
5.27030215380364e-06
5.27030260855099e-06
5.27030260855099e-06
5.27030260855099e-06
5.27030260855099e-06
5.27030260855099e-06
5.27030306329834e-06
5.27030306329834e-06
5.27030306329834e-06
5.27030306329834e-06
5.27030306329834e-06
5.27030306329834e-06
5.27030351804569e-06
5.27030351804569e-06
5.27030397279304e-06
5.2703044275404e-06
5.2703053370351e-06
5.27030670127715e-06
5.2703089750139e-06
5.27031215824536e-06
5.27031670571887e-06
5.27032352692913e-06
5.2703339861182e-06
5.27034944752813e-06
5.27037309439038e-06
5.2704081099364e-06
5.27046040588175e-06
5.2705395319208e-06
5.27065776623203e-06
5.27083511769888e-06
5.27110114489915e-06
5.27149995832588e-06
5.27209795109229e-06
5.27232214153628e-06
5.27234351466177e-06
5.27237489222898e-06
5.27237807546044e-06
5.2723821681866e-06
5.27238262293395e-06
5.27238353242865e-06
5.27238444192335e-06
5.2723858061654e-06
5.27238762515481e-06
5.27239080838626e-06
5.27239581060712e-06
5.27240263181739e-06
5.27241354575381e-06
5.27242946191109e-06
5.27245356352068e-06
5.2724894885614e-06
5.27254314874881e-06
5.27262409377727e-06
5.27274551131995e-06
5.27292786500766e-06
5.27294514540699e-06
5.27295105712255e-06
5.27296060681692e-06
5.27296424479573e-06
5.27296970176394e-06
5.27297015651129e-06
5.27297106600599e-06
5.2729719755007e-06
5.2729737944901e-06
5.2729765229742e-06
5.27298016095301e-06
5.27298607266857e-06
5.27299471286824e-06
5.27300744579406e-06
5.27302699993015e-06
5.27303427588777e-06
5.27303700437187e-06
5.27303836861392e-06
5.27303836861392e-06
5.28917053088662e-06
5.28917053088662e-06
5.28917098563397e-06
5.28917098563397e-06
5.28917098563397e-06
5.28917144038132e-06
5.28917189512867e-06
5.28917280462338e-06
5.28917462361278e-06
5.28917644260218e-06
5.28918008058099e-06
5.2891846280545e-06
5.28919235875946e-06
5.28920327269589e-06
5.28922009834787e-06
5.28924510945217e-06
5.28928330822964e-06
5.2893410611432e-06
5.28942655364517e-06
5.28955206391402e-06
5.28973532709642e-06
5.28998725712881e-06
5.29034241480986e-06
5.2908244470018e-06
5.29149656358641e-06
5.29242606717162e-06
5.2937762120564e-06
5.29605085830553e-06
5.30134229848045e-06
5.30916622665245e-06
5.30989700564533e-06
5.30995612280094e-06
5.30998113390524e-06
5.30998386238934e-06
5.30998386238934e-06
