-0.0
1.18261046029751e-16
-1.04271293821512e-08
-5.62113200430758e-09
2.37859694607323e-07
7.53945641918108e-07
2.87621787720127e-07
8.43787802295992e-07
7.45550551073393e-07
8.61470653035212e-07
8.39346739667235e-07
8.21919456939213e-08
8.51068762131035e-08
1.41295458888635e-07
1.5831392374821e-07
1.94793756236322e-07
1.99735040951055e-07
1.94898348127026e-07
1.83261363417841e-07
1.83005795406643e-07
1.75008608493954e-07
1.89091224456206e-07
1.69207851286046e-07
1.69688973983284e-07
1.72482941707131e-07
1.68400219990872e-07
2.10812686418649e-07
1.70218299899716e-07
1.17014678835403e-07
1.57015165314078e-07
1.1723341231118e-07
1.52645952766761e-07
1.72346062754514e-07
1.78375557879917e-07
1.90507307706866e-07
1.35114987642737e-07
1.47659648064291e-07
1.03980255516944e-07
3.50028130924329e-08
1.3037106327829e-07
1.36825292429421e-07
-1.76916273630923e-07
-2.8636623028433e-07
2.60653905570507e-07
2.50629909714917e-07
2.23629285756033e-07
2.0513971321634e-07
-1.25879978440935e-07
1.75817604031181e-07
1.5645923667762e-07
1.53208929987159e-07
-2.96970711133326e-07
1.62770447786897e-07
6.37651282886509e-08
1.43301804200746e-07
2.29495640269306e-07
1.36368612402293e-07
-1.83367887984787e-07
1.29059799292008e-07
6.14928694631089e-08
9.65479785008938e-09
-5.05696107211406e-09
5.64020297133538e-09
1.74546102016393e-08
1.02751149810842e-08
-6.09478356672355e-10
-6.37192798524921e-10
-6.22410845085852e-10
-1.31158950367194e-08
4.02598487880823e-09
-7.45491846032564e-09
7.9650792628172e-09
2.20459273059248e-09
-3.97878441305011e-09
2.44249065417534e-15
5.32907051820075e-15
-2.41473507855972e-14
2.88657986402541e-15
9.37174604587199e-09
-6.6158007960837e-09
-3.9747849456262e-09
-9.83130910015007e-09
-5.75966652149873e-09
8.23917556402876e-09
-5.07574782204756e-09
5.49464029830915e-09
3.39400008098067e-10
3.38536421118363e-11
-8.04911692853238e-15
1.16908767111568e-08
3.14467962780896e-09
-4.14208667365301e-09
-7.46715045352175e-09
-7.55996154566674e-09
-1.87292670261741e-09
1.02238217891681e-10
2.57938642667099e-10
6.71158961740304e-10
-7.94235077705707e-09
-8.47170156248467e-09
-4.86157958334843e-09
-1.74673076003273e-09
-7.27033722114356e-09
-1.66888491914818e-09
1.96449279066258e-09
-8.25185608732681e-09
-6.00011373919074e-09
-2.34705019863668e-08
-2.34705019863668e-08
