0
0.015691053122282
0.0336192548274994
0.0474411025643349
0.0581183433532715
0.0681352093815804
0.0768815651535988
0.0828502774238586
0.0906080305576324
0.116435490548611
0.137735679745674
0.156561031937599
0.173875421285629
0.177253633737564
0.180384144186974
0.181508675217628
0.183135390281677
0.185373663902283
0.188378393650055
0.18839955329895
0.188425555825233
0.188453242182732
0.188482195138931
0.188505709171295
0.188542202115059
0.188578590750694
0.188614517450333
0.188649103045464
0.188681155443192
0.188708111643791
0.188728153705597
0.188738033175468
0.188729479908943
0.188675090670586
0.188556164503098
0.188409462571144
0.188241824507713
0.188093185424805
0.18787744641304
0.187727645039558
0.187614589929581
0.187514334917068
0.187379941344261
0.187349304556847
0.187399879097939
0.187479078769684
0.187564745545387
0.187645673751831
0.18777397274971
0.187944561243057
0.188107162714005
0.188059821724892
0.18797567486763
0.187839284539223
0.187708243727684
0.187687113881111
0.187782123684883
0.187875300645828
0.187967643141747
0.18803596496582
0.188052386045456
0.188063472509384
0.188074871897697
0.188078865408897
0.188025087118149
0.187917813658714
0.187735795974731
0.187445133924484
0.1870057284832
0.186469972133636
0.185691937804222
0.184428304433823
0.182743817567825
0.184142753481865
0.181174576282501
0.176252365112305
0.171060055494308
0.168165966868401
0.163906663656235
0.157929942011833
0.15252323448658
0.148215144872665
0.143419191241264
0.137167066335678
0.130892798304558
0.124593004584312
0.118285782635212
0.111995607614517
0.105725951492786
0.0994848310947418
0.0932779759168625
0.0870705842971802
0.0809696018695831
0.0749024301767349
0.0688762366771698
0.0628903359174728
0.0569539703428745
0.0510772317647934
0.0452556125819683
0.0394941195845604
0.0338009111583233
0.0281673315912485
0.0225975606590509
0.0170798227190971
0.0115269767120481
0.00594688905403018
0.000174980785232037
4.11069777328521e-07
4.1662497096695e-07
4.51141204393934e-07
4.89993908558972e-07
5.32595549884718e-07
5.32595549884718e-07
