-0.0
-2.06876065960543e-15
0.00669421534985304
0.0142285600304604
0.0274810492992401
0.0467271991074085
0.0607428960502148
0.0582558177411556
0.0318013243377209
0.0315483696758747
0.0315337441861629
0.0315296053886414
0.0315293408930302
0.0315292961895466
0.0315292999148369
0.031529288738966
0.0315292850136757
0.0315292812883854
0.0315292775630951
0.0315292775630951
0.0315292738378048
0.0315292738378048
0.0315292663872242
0.0315292663872242
0.0315292626619339
0.0315292626619339
0.0315292589366436
0.0315292552113533
0.031529251486063
0.031529251486063
0.031529251486063
0.0315292403101921
0.0315292365849018
0.0315292365849018
0.0315292328596115
0.0315292328596115
0.0315292328596115
0.0315292291343212
0.0315292291343212
0.0315292216837406
0.0315292216837406
0.0315292179584503
0.0315292179584503
0.0315292179584503
0.03152921423316
0.03152921423316
0.0315292105078697
0.03152921423316
0.0315292067825794
0.0315291993319988
0.0315291993319988
0.0315291956067085
0.0315291918814182
0.0315291918814182
0.0315291881561279
0.0315291844308376
0.0315291844308376
0.0315291807055473
0.031529176980257
0.031529176980257
0.0315291732549667
0.0315291732549667
0.0315291695296764
0.0315291695296764
0.0315291695296764
0.0315291658043861
0.0315291620790958
0.0315291620790958
0.0315291620790958
0.0315291620790958
0.0315291620790958
0.0315291583538055
0.0315291509032249
0.0315291509032249
0.0315291471779346
0.0315291471779346
0.0315291434526443
0.031529139727354
0.0315291360020638
0.0315291322767735
0.0315291285514832
0.0315291285514832
0.0315291248261929
0.0315291211009026
0.0315291211009026
0.031529113650322
0.031529113650322
0.0315291099250317
0.0315291099250317
0.0315291099250317
0.0315291099250317
0.0315291061997414
0.0315290987491608
0.0315290950238705
0.0315290950238705
0.0315290950238705
0.0315290950238705
0.0315290912985802
0.0315290875732899
0.0315290875732899
0.0315290838479996
0.0315290801227093
0.031529076397419
0.031529076397419
0.0315290726721287
0.0315290726721287
0.0315290726721287
0.0315290689468384
0.0315290689468384
0.0315290652215481
0.0315290652215481
0.0315290540456772
0.0315290540456772
0.0315290540456772
0.0315290465950966
0.0315290465950966
0.0315290428698063
0.0315290428698063
0.031529039144516
0.031529039144516
0.031529039144516
0.0315290316939354
0.0315290354192257
0.0315290279686451
0.0315290279686451
0.0315290242433548
0.0315290205180645
0.0315290205180645
0.0315290167927742
0.0315290130674839
0.0315290130674839
0.0315290093421936
0.0315290093421936
0.0315290093421936
0.0315289981663227
0.0315289981663227
0.0315289944410324
0.0315289944410324
0.0315289944410324
0.0315289869904518
0.0315289795398712
0.0315289795398712
0.0315289758145809
0.0315289758145809
0.0315289758145809
0.0315289758145809
0.0315289683640003
0.0315289683640003
0.03152896463871
0.0315289609134197
0.0315289609134197
0.0315289609134197
0.0315289571881294
0.0315289534628391
0.0315289497375488
0.0315289497375488
0.0315289497375488
0.0315289460122585
0.0315289460122585
0.0315289422869682
0.0315289422869682
0.0315289385616779
0.0315289311110973
0.0315289311110973
0.0315289236605167
0.0315289199352264
0.0315289199352264
0.0315289162099361
0.0315289162099361
0.0315289162099361
0.0315289162099361
0.0315289124846458
0.0315289050340652
0.0315289050340652
0.0315289050340652
0.0315289013087749
0.0315289013087749
0.0315288975834846
0.0315288975834846
0.0315288975834846
0.0315288975834846
0.0315288864076138
0.0315288864076138
0.0315288864076138
0.0315288826823235
0.0315288715064526
0.0315288715064526
0.0315288715064526
0.0315288677811623
0.031528864055872
0.031528864055872
0.0315288603305817
0.0315288603305817
0.0315288566052914
0.0315288528800011
0.0315288491547108
0.0315288454294205
0.0315288417041302
0.0315288417041302
0.0315288417041302
0.0315288379788399
0.0315288379788399
0.0315288379788399
0.0315288342535496
0.0315288342535496
0.0315288342535496
0.0315288305282593
0.031528826802969
0.031528826802969
0.0315288230776787
0.0315288230776787
0.0315288193523884
0.0315288156270981
0.0315288081765175
0.0315288081765175
0.0315288007259369
0.0315288007259369
0.0315287932753563
0.0315287932753563
0.031528789550066
0.031528789550066
0.0315287858247757
0.0315287858247757
0.0315287858247757
0.0315287783741951
0.0315287783741951
0.0315287783741951
0.0315287746489048
0.0315287671983242
0.0315287671983242
0.0315287634730339
0.0315287634730339
0.0315287634730339
0.0315287597477436
0.0315287597477436
0.0315287560224533
0.031528752297163
0.031528752297163
0.0315287485718727
0.0315287448465824
0.0315287411212921
0.0315287373960018
0.0315287373960018
0.0315287411212921
0.0315287299454212
0.0315287262201309
0.0315287224948406
0.0315287187695503
0.0315287187695503
0.0315287187695503
0.03152871504426
0.0315287187695503
0.0315287187695503
0.0315287113189697
0.0315287113189697
0.0315287075936794
0.0315287075936794
0.0315287075936794
0.0315287075936794
0.0315287038683891
0.0315287038683891
0.0315286964178085
0.0315286964178085
0.0315286964178085
0.0315286926925182
0.0315286926925182
0.0315286926925182
0.0315286926925182
0.0315286852419376
0.031528677791357
0.0315286740660667
0.0315286740660667
0.0315286740660667
0.0315286703407764
0.0315286628901958
0.0315286591649055
0.0315286591649055
0.0315286554396152
0.031528651714325
0.031528651714325
0.0315286479890347
0.0315286479890347
0.0315286442637444
0.0315286442637444
0.0315286442637444
0.0315286442637444
0.0315286405384541
0.0315286368131638
0.0315286368131638
0.0315286368131638
0.0315286330878735
0.0315286330878735
0.0315286256372929
0.0315286256372929
0.0315286219120026
0.0315286219120026
0.0315286181867123
0.031528614461422
0.0315286107361317
0.0315286070108414
0.0315286070108414
0.0315285995602608
0.0315285995602608
0.0315285995602608
0.0315285958349705
0.0315285958349705
0.0315285921096802
0.0315285921096802
0.0315285846590996
0.0315285809338093
0.0315285809338093
0.0315285809338093
0.031528577208519
0.031528577208519
0.0315285734832287
0.031528577208519
0.0315285734832287
0.0315285660326481
0.0315285585820675
0.0315285548567772
0.0315285511314869
0.0315285474061966
0.0315285474061966
0.0315285474061966
0.0315285436809063
0.0315285436809063
0.0315285436809063
0.031528539955616
0.0315285362303257
0.0315285362303257
0.0315285287797451
0.0315285250544548
0.0315285213291645
0.0315285213291645
0.0315285176038742
0.0315285176038742
0.0315285138785839
0.0315285138785839
0.0315285101532936
0.0315285064280033
0.0315285064280033
0.031528502702713
0.031528502702713
0.0315284989774227
0.0315284989774227
0.0315284952521324
0.0315284952521324
0.0315284915268421
0.0315284915268421
0.0315284840762615
0.0315284803509712
0.0315284803509712
0.0315284766256809
0.0315284729003906
0.0315284729003906
0.0315284729003906
0.03152846544981
0.03152846544981
0.0315284617245197
0.0315284579992294
0.0315284579992294
0.0315284542739391
0.0315284468233585
0.0315284393727779
0.0315284393727779
0.0315284393727779
0.0315284393727779
0.0315284393727779
0.0315284356474876
0.0315284319221973
0.0315284356474876
0.031528428196907
0.0315284244716167
0.0315284244716167
0.0315284207463264
0.0315284170210361
0.0315284170210361
0.0315284170210361
0.0315284170210361
0.0315284132957458
0.0315284132957458
0.0315284058451653
0.0315284058451653
0.0315283983945847
0.0315283983945847
0.0315283983945847
0.0315283946692944
0.0315283946692944
0.0315283909440041
0.0315283872187138
0.0315283834934235
0.0315283834934235
0.0315283834934235
0.0315283797681332
0.0315283797681332
0.0315283760428429
0.0315283685922623
0.0315283685922623
0.0315283611416817
0.0315283574163914
0.0315283574163914
0.0315283574163914
0.0315283536911011
0.0315283499658108
0.0315283499658108
0.0315283499658108
0.0315283425152302
0.0315283350646496
0.0315283350646496
0.0315283313393593
0.0315283313393593
0.031528327614069
0.031528327614069
0.031528327614069
0.031528327614069
0.0315283238887787
0.0315283238887787
0.0315283201634884
0.0315283164381981
0.0315283164381981
0.0315283164381981
0.0315283164381981
0.0315283127129078
0.0315283127129078
0.0315283089876175
0.0315283089876175
0.0315283089876175
0.0315283052623272
0.0315283052623272
0.0315283015370369
0.0315282978117466
0.0315282940864563
0.0315282940864563
0.0315282940864563
0.031528290361166
0.031528290361166
0.031528290361166
0.0315282829105854
0.0315282791852951
0.0315282754600048
0.0315282717347145
0.0315282717347145
0.0315282680094242
0.0315282642841339
0.0315282642841339
0.0315282642841339
0.0315282605588436
0.0315282605588436
0.0315282568335533
0.0315282568335533
0.031528253108263
0.031528253108263
0.031528253108263
0.0315282493829727
0.0315282456576824
0.0315282456576824
0.0315282382071018
0.0315282382071018
0.0315282382071018
0.0315282382071018
0.0315282382071018
0.0315282307565212
0.0315282233059406
0.0315282233059406
0.0315282195806503
0.0315282195806503
0.0315282195806503
0.03152821585536
0.0315282121300697
0.0315282046794891
0.0315282046794891
0.0315282009541988
0.0315282009541988
0.0315282009541988
0.0315281972289085
0.0315281935036182
0.0315281935036182
0.0315281897783279
0.0315281897783279
0.0315281860530376
0.0315281823277473
0.0315281860530376
0.0315281823277473
0.031528178602457
0.0315281748771667
0.0315281748771667
0.0315281711518764
0.0315281711518764
0.0315281674265862
0.0315281674265862
0.0315281599760056
0.0315281599760056
0.0315281562507153
0.031528152525425
0.031528152525425
0.0315281450748444
0.0315281413495541
0.0315281488001347
0.0315281376242638
0.0315281376242638
0.0315281376242638
