0.0
1.31769928302106e-08
1.31832926797415e-08
1.31833797212266e-08
1.31834019256871e-08
1.31834010375087e-08
1.31834019256871e-08
1.01069147717681e-07
3.78498498321278e-06
1.66679310495965e-05
2.23360730160493e-05
2.89191211777506e-05
4.01642137148883e-05
5.77747923671268e-05
8.63206078065559e-05
0.000124473473988473
0.000167961945408024
0.000214857325772755
0.000275434722425416
0.000342622515745461
0.00042840899550356
0.000537065439857543
0.000667544023599476
0.000823596143163741
0.00086713518248871
0.000911852810531855
0.000957523414399475
0.0010039668995887
0.0010744365863502
0.00118055730126798
0.00128748512361199
0.00139816384762526
0.0015155014116317
0.00163953530136496
0.00182477128691971
0.00201820326037705
0.00222240248695016
0.00248275091871619
0.00275621865876019
0.00304050324484706
0.00333417020738125
0.00363563490100205
0.00394364772364497
0.00425410736352205
0.00456340052187443
0.00488148024305701
0.00519966660067439
0.0052777761593461
0.00534932594746351
0.00536643154919147
0.00538212386891246
0.00538512738421559
0.00538713065907359
0.00538868876174092
0.00539006991311908
0.00539111159741879
0.00539230462163687
0.00539332302287221
0.00539394747465849
0.00539445597678423
0.00539461569860578
0.00539476098492742
0.00539489509537816
0.00539500778540969
0.00539508042857051
0.0053951209411025
0.00539515819400549
0.0053951982408762
0.0053952420130372
0.0053952899761498
0.00539533654227853
0.00539538776502013
0.00539544550701976
0.00539546133950353
0.00539547903463244
0.00539549812674522
0.00539552187547088
0.00539555959403515
0.00539558939635754
0.00539561873301864
0.00539562851190567
0.00539560290053487
0.00539553724229336
0.00539561128243804
0.00539562199264765
0.0053956126794219
0.00539554981514812
0.00539538310840726
0.00539533933624625
0.00539530115202069
0.00539524992927909
0.00539520289748907
0.00539515586569905
0.00539511255919933
0.00539505574852228
0.00539503991603851
0.00539502454921603
0.00539500406011939
0.00539498031139374
0.0053949523717165
0.00539492582902312
0.00539489509537816
0.00539484433829784
0.005394765175879
0.00539468182250857
0.00539460778236389
0.00539455935359001
0.00539454212412238
0.00539452396333218
0.00539451884105802
0.00539451418444514
0.00539450719952583
0.0053945085965097
0.00539450300857425
0.00539450068026781
0.00539449509233236
0.00539448950439692
0.00539448205381632
0.00539446948096156
0.0053944755345583
0.0053944606333971
0.00539444666355848
0.00539443548768759
0.00539442524313927
0.00539440475404263
0.00539439124986529
0.00539437728002667
0.0053943507373333
0.00539432186633348
0.0053942920640111
0.00539426086470485
0.00539421197026968
0.00539416074752808
0.00539410812780261
0.00539405317977071
0.00539400242269039
0.00539393397048116
0.00539382640272379
0.00539367413148284
0.00539345387369394
0.00539311487227678
0.00539257284253836
0.005391675978899
0.00539023289456964
0.00538850203156471
0.00538660120218992
0.00538392411544919
0.00537866679951549
0.00537231843918562
0.00537229655310512
0.00537228770554066
0.0053722932934761
0.00537234824150801
0.00537247443571687
0.00537257920950651
0.00537263648584485
0.0053726015612483
0.0053724916651845
0.00537234544754028
0.0053723594173789
0.00537244183942676
0.00537253078073263
0.00537260575219989
0.00537264626473188
0.00537266302853823
0.00537263555452228
0.00537256477400661
0.0053724623285234
0.00537241576239467
0.00537244929000735
0.00537254614755511
0.00537263834849
0.00537273800000548
0.00537276500836015
0.00537278084084392
0.00537275243550539
0.00537266675382853
0.0053725503385067
0.00537243438884616
0.00537230679765344
0.00537220295518637
0.00537226442247629
0.00537234870716929
0.005372429266572
0.00537247443571687
0.00537248607724905
0.00537248235195875
0.00537244509905577
0.00537239946424961
0.00537234311923385
0.00537228863686323
0.00537218572571874
0.00537207024171948
0.00537204835563898
0.00537214800715446
0.00537225790321827
0.00537233194336295
0.00537239760160446
0.00537240644916892
0.00537238409742713
0.00537235522642732
0.00537227932363749
0.00537218945100904
0.00537207908928394
0.00537195289507508
0.00537188723683357
0.00537183461710811
0.00537189142778516
0.00537197664380074
0.00537203531712294
