0
0.077799
0.921123
1.546728
1.916849
2.775731
3.951535
4.951588
5.975158
7.003208
7.986027
8.753006
9.427455
10.004351
10.010657
10.011683
10.012661
10.013526
10.014111
10.01441
10.014556
10.014681
10.014848
10.015302
10.017385
10.019768
10.020045
10.020027
10.019587
10.019323
10.019263
10.019375
10.020006
10.021333
10.021933
10.020088
10.014549
10.009288
10.004312
9.996589
9.993542
9.991987
9.990831
9.989647
9.989777
9.991018
9.992788
9.994734
9.99732
10.000164
10.003081
10.007493
10.014427
10.021226
10.027498
10.036601
10.049426
10.068182
10.096777
10.125603
10.154178
10.19566
10.253769
10.346224
10.503925
10.536676
10.578666
10.581564
10.584166
10.586217
10.588985
10.591039
10.590163
10.588073
10.582211
10.576063
10.569375
10.559611
10.539608
10.510318
10.459012
10.338222
10.29769
10.272001
10.250909
10.221668
10.21007
10.249181
10.305317
10.183145
9.942955
9.706606
9.566875
9.312738
9.019822
8.76748
8.523153
8.198876
7.848911
7.49812
7.148664
6.798471
6.447946
6.0971
5.746831
5.4006
5.056318
4.715662
4.373236
4.031867
3.692144
3.357389
3.027571
2.701485
2.379513
2.062779
1.750825
1.441673
1.135273
0.831487
0.527382
0.226437
0.000465
0.000474
0.000473
0.000457
0.000439
0.000428
0.000412
0.000384
0.000361
0.000341
0.000312
0.000277
0.000255
0.000221
0.000213
0.000211
0.000205
0.000182
0.000191
0.000204
0.000223
0.00024
0.000248
0.000252
0.000258
0.000252
0.000238
0.000211
0.000211
0.000186
0.000174
0.000159
0.000136
0.000108
0.000102
8.8e-05
9e-05
9.2e-05
9.8e-05
0.0001
0.000101
9.8e-05
0.000112
0.000116
0.000111
0.000145
0.000164
0.000186
0.000215
0.000223
0.000235
0.000246
