0.0
9.05240860049616e-09
1.24312532534532e-06
2.48309243033873e-06
3.43190299645357e-06
4.61245372207486e-06
6.65248944642371e-06
9.0419107436901e-06
1.0925132301054e-05
1.11824156192597e-05
1.14051317723352e-05
1.15530438051792e-05
1.1844751497847e-05
1.23182035167702e-05
1.28671244965517e-05
1.30027647173847e-05
1.23986301332479e-05
1.30730368255172e-05
1.36015187308658e-05
1.39161529659759e-05
1.40303945954656e-05
1.41598857226199e-05
1.43114230013452e-05
1.44937539516832e-05
1.47187447510078e-05
1.51671565618017e-05
1.60589370352682e-05
1.70761704794131e-05
1.81392770173261e-05
1.90702648978913e-05
2.00666254386306e-05
2.01172642846359e-05
2.01696657313732e-05
2.02233823074494e-05
2.0228113498888e-05
2.02327555598458e-05
2.02371575142024e-05
2.02413448278094e-05
2.02450792130549e-05
2.02483061002567e-05
2.02509327209555e-05
2.02530172828119e-05
2.02536684810184e-05
2.02529081434477e-05
2.02503324544523e-05
2.02456049009925e-05
2.02382179850247e-05
2.02284645638429e-05
2.02201699721627e-05
2.02157825697213e-05
2.02163591893623e-05
2.02202227228554e-05
2.02249702851987e-05
2.0230178051861e-05
2.02384344447637e-05
2.0251129171811e-05
2.0270272216294e-05
2.02993287530262e-05
2.03428662644001e-05
2.04070383915678e-05
2.05033957172418e-05
2.06424811040051e-05
2.08398487302475e-05
2.09124245884595e-05
2.09300542337587e-05
2.09477366297506e-05
2.09634090424515e-05
2.09726167668123e-05
2.0976563973818e-05
2.09766603802564e-05
2.09715144592337e-05
2.09693189390237e-05
2.09694280783879e-05
2.09706668101717e-05
2.09727459150599e-05
2.09767094929703e-05
2.09837944566971e-05
2.09968602575827e-05
2.10211328521837e-05
2.10677135328297e-05
2.11156911973376e-05
2.11638853215845e-05
2.12122722587083e-05
2.12607446883339e-05
2.13336024899036e-05
2.14445772144245e-05
2.16129647014895e-05
2.1781439500046e-05
2.19381836359389e-05
2.19662233575946e-05
2.19940211536596e-05
2.20207548409235e-05
2.20402980630752e-05
2.20592992263846e-05
2.20774472836638e-05
2.20897618419258e-05
2.2104637537268e-05
2.21197715291055e-05
2.21348382183351e-05
2.21513073483948e-05
2.21684858843219e-05
2.21943519136403e-05
2.22330018004868e-05
2.22909311560215e-05
2.23779425141402e-05
2.25045096158283e-05
2.26243646466173e-05
2.27390228246804e-05
2.28570825129282e-05
2.29752167797415e-05
2.30874720728025e-05
2.31914109463105e-05
2.32904312724713e-05
2.33846240007551e-05
2.34511462622322e-05
2.35007828450762e-05
2.35436527873389e-05
2.35736697504763e-05
2.36044470511843e-05
2.36332161875907e-05
2.36236519413069e-05
2.36138403124642e-05
2.36072210100247e-05
2.36054438573774e-05
2.36023042816669e-05
2.35767874983139e-05
2.35441766562872e-05
2.35056868405081e-05
2.35035604418954e-05
2.35008446907159e-05
2.34977633226663e-05
2.34943418035982e-05
2.34903800446773e-05
2.34832841670141e-05
2.34748422371922e-05
2.34644976444542e-05
2.34503859246615e-05
2.34335457207635e-05
2.34149520110805e-05
2.33913669944741e-05
2.33568280236796e-05
2.33115897572134e-05
2.32580514420988e-05
2.31812609854387e-05
2.31242775043938e-05
2.30811929213814e-05
2.30292171181645e-05
2.29692686843919e-05
2.2910549887456e-05
2.28757362492615e-05
2.28551780310227e-05
2.28437638725154e-05
2.28379194595618e-05
2.28355602303054e-05
2.283533285663e-05
2.283676622028e-05
2.28388798859669e-05
2.28400040214183e-05
2.28302287723636e-05
2.28146145673236e-05
2.27921664190944e-05
2.27842501772102e-05
2.27760920097353e-05
2.27674936468247e-05
2.27526761591434e-05
2.27131913561607e-05
2.26684787776321e-05
2.26213687710697e-05
2.25746753130807e-05
2.25267704081489e-05
2.2484233340947e-05
2.24376581172692e-05
2.23873739741975e-05
2.23388360609533e-05
2.22914641199168e-05
2.22222788579529e-05
2.21885802602628e-05
2.21499103645328e-05
2.21387872443302e-05
2.21266964217648e-05
2.2113179511507e-05
2.20880647248123e-05
2.2058282411308e-05
2.20232886931626e-05
2.19740777538391e-05
2.19003322854405e-05
2.18801142182201e-05
2.18582918023458e-05
2.18185450648889e-05
2.17619799514068e-05
2.16881053347606e-05
2.1621828636853e-05
2.15605323319323e-05
2.15105665120063e-05
2.14541341847507e-05
2.13933781196829e-05
2.13346502278e-05
2.12875856959727e-05
2.12613995245192e-05
2.12452632695204e-05
2.12312152143568e-05
2.12198337976588e-05
2.12113354791654e-05
2.1198397007538e-05
2.11808001040481e-05
2.11558435694315e-05
2.11137739825062e-05
2.10621292353608e-05
2.09855752473231e-05
2.08621986530488e-05
2.0690818928415e-05
2.04755178856431e-05
2.00780687009683e-05
1.93924315681215e-05
1.83155225386145e-05
1.71768315340159e-05
1.59835308295442e-05
1.47703167385771e-05
1.34914562295307e-05
1.21616103569977e-05
1.03430857052444e-05
8.47297997097485e-06
6.92332741891732e-06
5.29593853570987e-06
3.52439997186593e-06
1.74911042449821e-06
3.65955344250324e-07
1.46125827882315e-07
4.26052295665613e-08
3.7857287082943e-08
3.76353206377189e-08
3.73401327635747e-08
3.73140984777365e-08
3.72754414001975e-08
3.72718140795314e-08
3.72663784276028e-08
3.72643391699512e-08
3.72641473234125e-08
3.72638631063182e-08
3.72637565249079e-08
3.72634723078136e-08
3.7260580398879e-08
3.72591273389844e-08
3.72559050276777e-08
3.7247286144293e-08
3.72209143506552e-08
3.71520556541327e-08
3.70379069636328e-08
3.66934926887552e-08
3.63731480490515e-08
3.66534536055951e-08
3.72207296095439e-08
3.73351802807065e-08
3.72993724795379e-08
3.88939476181349e-08
4.00690289836803e-08
4.05460731656149e-08
4.13310239366638e-08
4.13818774802621e-08
4.13864107429163e-08
4.13873877391779e-08
4.13880449912085e-08
4.13885352656962e-08
4.13887022432391e-08
4.13887271122348e-08
4.13887448758032e-08
4.13887519812306e-08
4.1388759086658e-08
4.13887626393716e-08
4.13887626393716e-08
