0
0.00120000005699694
0.00239999988116324
0.00360000017099083
0.00479999999515712
0.00599999981932342
0.00719999964348972
0.00840000039897859
0.00960000022314486
0.0108000000473112
0.0119999998714775
0.0125999997835607
0.0131999996956438
0.0132093753200025
0.0132164058741183
0.0132234373595566
0.0132304688449949
0.0132410151418299
0.0132515623699874
0.0132621095981449
0.0132726558949799
0.0132832031231374
0.0132937503512949
0.0133042966481299
0.0133148438762874
0.0133253901731223
0.0133359374012798
0.0133464846294374
0.0133543943520636
0.0133623050060124
0.0133702147286386
0.0133761472534389
0.0133820797782392
0.0133880123030395
0.0133939448278398
0.0133998782839626
0.0134058108087629
0.0134147095959634
0.0134280582424254
0.013448080746457
0.0134781140368432
0.0135231649037451
0.0135907416697592
0.0136921058874578
0.0138441517483443
0.0140722214709968
0.0144143260549754
0.014927483862266
0.0150237006600947
0.0151199174579233
0.0151259300764651
0.0151319445576519
0.0151379571761936
0.0151439716573805
0.0151499842759222
0.0151559987571091
0.0151620113756508
0.0151710321661085
0.0151845624204725
0.0152048578020186
0.0152353027369827
0.0152809673454613
0.0153494661208243
0.0154522133525461
0.015606334200129
0.0157604550477118
0.0159145758952946
0.0161457580979914
0.0164925286080689
0.0170126871671528
0.0177929250057787
0.018963280832395
0.0201632806565613
0.0213632804807276
0.0225632803048939
0.0237632801290602
0.0249632799532265
0.0261632797773928
0.0273632796015591
0.0285632794257254
0.0297632792498917
0.0309632809367031
0.0321632788982243
0.0333632805850357
0.0345632785465569
0.0357632802333683
0.0369632781948895
0.0381632798817009
0.0393632815685124
0.0405632795300335
0.041763281216845
0.0429632791783661
0.0441632808651776
0.0453632788266987
0.0465632805135101
0.0477632784750313
0.0489632801618427
0.0501632781233639
0.0513632798101753
0.0525632814969868
0.0537632794585079
0.0549632811453194
0.0561632791068405
0.057363280793652
0.0574382783379406
0.0575507783796639
0.0577195303048939
0.0579726563300938
0.0583523416426033
0.0589218751993031
0.0597761699464173
0.0609761716332287
0.0621761733200401
0.0633761712815613
0.0645761692430824
0.0657761672046036
0.0669761726167053
0.0681761705782265
0.0693761685397476
0.0705761739518494
0.0717761719133705
0.0729761698748917
0.0741761678364128
0.0753761732485146
0.0765761712100357
0.0777761691715569
0.078976167133078
0.0801761725451798
0.0813761705067009
0.0825761684682221
0.0837761738803238
0.084976171841845
0.0852761694695801
0.0857261696364731
0.0864011698868126
0.0874136739876122
0.0886136719491333
0.0898136699106545
0.0910136678721756
0.0922136732842774
0.0925136709120125
0.0929636710789055
0.0931324192788452
0.0931957045104355
0.0932906249072403
0.0932906249072403
