0.0
1.38878519351238e-07
1.56447029553419e-07
1.90205696526391e-07
2.58088533655609e-07
3.96259054014081e-07
9.4777686854286e-07
2.05170135814114e-06
3.25659425470803e-06
5.03462888445938e-06
6.33899708191166e-06
9.55248015088728e-06
1.07337191366241e-05
1.08472449937835e-05
1.09578049887205e-05
1.09838765638415e-05
1.10103264887584e-05
1.10375085569103e-05
1.10654127638554e-05
1.10941591628944e-05
1.11237259261543e-05
1.11541903606849e-05
1.12019370135386e-05
1.1252096555836e-05
1.13058194983751e-05
1.13639971459634e-05
1.14232943815296e-05
1.14893200588995e-05
1.15729762910632e-05
1.1678937880788e-05
1.18105626825127e-05
1.19667929538991e-05
1.21530965770944e-05
1.23815543702221e-05
1.27280563901877e-05
1.35395148390671e-05
1.44938030643971e-05
1.54244535224279e-05
1.60754298121901e-05
1.66305799211841e-05
1.7338750694762e-05
1.82416315510636e-05
1.93926316569559e-05
2.00317736016586e-05
2.04027855943423e-05
2.06463373615406e-05
2.08222390938317e-05
2.10566013265634e-05
2.13584189623361e-05
2.17938140849583e-05
2.24447594519006e-05
2.33664832194336e-05
2.46647377935005e-05
2.82189394056331e-05
3.12173324346077e-05
3.36954508384224e-05
3.56964847014751e-05
3.77292562916409e-05
3.96058130718302e-05
3.98582560592331e-05
4.02507830585819e-05
4.02992118324619e-05
4.03478661610279e-05
4.03973572247196e-05
4.04493657697458e-05
4.05050777771976e-05
4.05634382332209e-05
4.06238650612067e-05
4.06869839935098e-05
4.07536354032345e-05
4.08231535402592e-05
4.08964406233281e-05
4.09707317885477e-05
4.10531865782104e-05
4.11382316087838e-05
4.12446715927217e-05
4.1370509279659e-05
4.15289650845807e-05
4.172987974016e-05
4.19975294789765e-05
4.2353702156106e-05
4.31977132393513e-05
4.3993419239996e-05
4.46069971076213e-05
4.50082989118528e-05
4.53129578090739e-05
4.55478730145842e-05
4.5735556341242e-05
4.59591174148954e-05
4.62352581962477e-05
4.65811936010141e-05
4.70586892333813e-05
4.77604808111209e-05
4.88432524434756e-05
5.00337810080964e-05
5.13990707986522e-05
5.27699849044438e-05
5.40515538887121e-05
5.57960047444794e-05
5.81124877498951e-05
6.17381447227672e-05
6.54503310215659e-05
6.85403501847759e-05
7.13646222720854e-05
7.42735574021935e-05
7.94331572251394e-05
8.47087867441587e-05
9.05067645362578e-05
0.000100973935332149
0.00010584913979983
0.000114932081487495
0.000119231444841716
0.000123920573969372
0.000129629363073036
0.000131374588818289
0.00013184109411668
0.00013232757919468
0.000133094275952317
0.000134325789986178
0.000136358008603565
0.000138620016514324
0.00014104406000115
0.000143542056321166
0.000146068021422252
0.00014985678717494
0.000155481437104754
0.000163801916642115
0.000176241621375084
0.000193433879758231
0.000209550125873648
0.000225471609155647
0.000241389701841399
0.000265161943389103
0.000300500163575634
0.000351960101397708
0.000426921324105933
0.000545034592505544
0.000712423119693995
0.000883258122485131
0.00105672713834792
0.00123639963567257
0.00142127182334661
0.00159925152547657
0.00178070354741067
0.00196620100177824
0.00215594400651753
0.00234998832456768
0.00254465732723475
0.00272875116206706
0.00290650804527104
0.00307982740923762
0.00325341895222664
0.00342710176482797
0.00360396062023938
0.00378420017659664
0.00396525813266635
0.00414355751127005
0.00431884871795774
0.00449099624529481
0.00466359034180641
0.00483057834208012
0.00499488320201635
0.00516198808327317
0.00532668875530362
0.00549609493464231
0.0056688473559916
0.00583298830315471
0.00598758831620216
0.00614284351468086
0.0062613831833005
0.00624898076057434
0.00623477390035987
0.00622094422578812
0.00620605563744903
0.00619269115850329
0.0061800186522305
0.00616493402048945
0.00615381915122271
0.00613901810720563
0.00612609134986997
0.00611397298052907
0.00610236776992679
0.00609267922118306
0.00608015665784478
0.00606933096423745
0.00605694158002734
0.00604389188811183
0.00604389188811183
