0.0
2.02279577636577e-12
2.05116197464494e-12
2.05116197464494e-12
2.05116197464494e-12
2.05116197464494e-12
2.05116197464494e-12
2.05116197464494e-12
2.05116197464494e-12
2.05116197464494e-12
2.05116197464494e-12
2.05116197464494e-12
2.05116197464494e-12
2.05116197464494e-12
2.05116197464494e-12
2.05116197464494e-12
2.05116197464494e-12
2.05116197464494e-12
2.05116197464494e-12
2.05116197464494e-12
2.05116197464494e-12
2.05116197464494e-12
2.05116197464494e-12
2.05116197464494e-12
2.05116197464494e-12
2.05116197464494e-12
2.05116197464494e-12
2.05116197464494e-12
2.05116197464494e-12
2.05116197464494e-12
2.05116197464494e-12
2.05116197464494e-12
2.05116197464494e-12
2.05116197464494e-12
2.05116197464494e-12
2.05116197464494e-12
2.05116197464494e-12
2.05116197464494e-12
2.05116197464494e-12
2.05116197464494e-12
2.05116197464494e-12
2.05116197464494e-12
2.05116197464494e-12
2.05116197464494e-12
2.05116197464494e-12
2.05116197464494e-12
2.05116197464494e-12
2.05116197464494e-12
2.05116197464494e-12
2.05116197464494e-12
2.05116197464494e-12
2.05116197464494e-12
2.05340714050373e-12
2.13061035828077e-12
4.00501897271366e-12
9.92425152473997e-12
2.00906565689385e-11
2.70584336187207e-11
2.91008259156733e-11
2.96994408233164e-11
2.99300861872354e-11
3.00525541951924e-11
3.01428534910109e-11
3.02794039841459e-11
3.04963207464759e-11
3.11897417615281e-11
3.29822384681489e-11
3.62695359856779e-11
4.09213843366452e-11
6.10454325977727e-11
1.33181840555885e-10
3.94729832153828e-10
1.25985333276901e-09
3.48438189412548e-09
9.8582262353375e-09
1.94989411284041e-08
3.13204182589288e-08
5.36797024608404e-08
9.77421379388943e-08
2.27961990617587e-07
4.30623487090998e-07
6.49201410851674e-07
8.57827785694099e-07
1.02756575870444e-06
1.15484920115705e-06
1.25518317872775e-06
1.3350063454709e-06
1.40755980737595e-06
1.47223829571885e-06
1.52928419083764e-06
1.57104761910887e-06
1.61142850174656e-06
1.65175174515753e-06
1.68970393588097e-06
1.72578438650817e-06
1.76040543919953e-06
1.78483742274693e-06
1.8049239542961e-06
1.82370035872736e-06
1.84048360551969e-06
1.85563214927242e-06
1.86954889613844e-06
1.88251306099119e-06
1.89110562587302e-06
