-0.0
4.2632564145606e-14
-1.81284235623025e-06
-1.04660384749877e-05
-2.867267903639e-05
-3.7803161831107e-05
-3.51668859366328e-05
-1.24158359540161e-05
7.6462702054414e-06
2.52169884333853e-05
3.9126902265707e-05
5.00172791362274e-05
9.73025962593965e-05
8.04904775577597e-05
6.49210269330069e-05
4.82506220578216e-05
4.60817173006944e-05
4.39443720097188e-05
4.16833499912173e-05
3.91808935091831e-05
3.48114263033494e-05
2.98259419651004e-05
2.41675443248823e-05
1.71858337125741e-05
6.36766162642743e-06
-5.89860246691387e-06
-2.68143794528442e-05
-7.13687259121798e-05
-0.0001242238067789
-0.000173889653524384
-0.000216350323171355
-0.000254571437835693
-0.000312396907247603
-0.000420570489950478
-0.000463254342321306
-0.000489484111312777
-0.000505255302414298
-0.000514569866936654
-0.000515949388500303
-0.000513665610924363
-0.000509339617565274
-0.000502044626045972
-0.00049361796118319
-0.000484788237372413
-0.000476231623906642
-0.000463369098724797
-0.000445991434389725
-0.000426160870119929
-0.000405491242418066
-0.000385726481908932
-0.000361145590431988
-0.000344921572832391
-0.000332779891323298
-0.00032321218168363
-0.000313068099785596
-0.000299708539387211
-0.000283611356280744
-0.00026901118690148
-0.000255489954724908
-0.000215729232877493
-0.0001800700702006
-0.000167961668921635
-0.000163378950674087
-0.000157494883751497
-0.000150203020893969
-0.000141361640999094
-0.000130774482386187
-0.000118747804663144
-0.000106432125903666
-9.30721871554852e-05
-7.35673384042457e-05
-4.48870414402336e-05
9.70889232121408e-07
4.66874698759057e-05
6.46439293632284e-05
7.40581526770256e-05
8.24786984594539e-05
9.07124194782227e-05
9.94233414530754e-05
0.000110849199700169
0.00012779347889591
0.000154610810568556
0.000192759616766125
0.000246004230575636
0.000325560133205727
0.000483889481984079
0.000730481930077076
0.000773216830566525
0.000803895003627986
0.000831332930829376
0.000858783954754472
0.000934292969759554
0.000996615388430655
0.00103996368125081
0.00108091626316309
0.00112513464409858
0.00120720989070833
0.00126758776605129
0.00131509313359857
0.00135451671667397
0.00141797203104943
0.0015665243845433
0.00169049971736968
0.00190400378778577
0.0019971551373601
0.00196756049990654
0.00162911124061793
0.0016148422146216
0.00161446968559176
0.00161387783009559
0.00161342357750982
0.00161293428391218
0.00161576538812369
0.00161829649005085
0.00163288356270641
0.0016371866222471
0.00164256594143808
0.00165433948859572
0.00167227315250784
0.00170253019314259
0.00174096587579697
0.00182922172825783
0.00190056243445724
0.00195459742099047
0.00202193786390126
0.00208824663423002
0.00212196097709239
0.00213186931796372
0.00213481532409787
0.00213471706956625
0.00213344558142126
0.00213062344118953
0.00212556519545615
0.0021181907504797
0.00210523256100714
0.00208844128064811
0.00206965929828584
0.00204914878122509
0.00201625865884125
0.00200738199055195
0.00199371692724526
0.00198956206440926
0.001983015332371
0.00197144970297813
0.00196850253269076
0.00196544080972672
0.00196068221703172
0.00195357506163418
0.00194582319818437
0.00193822698201984
0.00193066359497607
0.0019235226791352
0.00191327324137092
0.00189935031812638
0.00187701301183552
0.00185728771612048
0.00183063710574061
0.00181434152182192
0.00179932231549174
0.00178559764754027
0.00176354392897338
0.00173190573696047
0.001687953597866
0.00163546053227037
0.00157257274258882
0.00148079765494913
0.00134434376377612
0.00119310605805367
0.001048608799465
0.000951104739215225
0.000873726152349263
0.000811129226349294
0.000792644044850022
0.000759025104343891
0.000748996855691075
0.000823480600956827
0.00095379538834095
0.0015019194688648
0.00152960512787104
0.00147526664659381
-0.000964857521466911
-0.000998922274447978
-0.000986750703305006
-0.000979865901172161
-0.000977358315140009
-0.000973178714048117
-0.000971512054093182
-0.000970875145867467
-0.000970636552665383
-0.000970280263572931
-0.000969544518738985
-0.000957210082560778
-0.000789537851233035
-0.000392974354326725
-0.000183107025804929
-9.93424182524905e-05
-7.7903619967401e-05
-7.15141286491416e-05
-6.86421699356288e-05
-6.68273787596263e-05
-6.53371098451316e-05
-6.34420066489838e-05
-6.06185967626516e-05
-5.63813664484769e-05
-5.00239511893597e-05
-4.04862912546378e-05
-2.98278810078045e-05
-2.64554764726199e-05
-2.62855828623287e-05
-2.6183524823864e-05
-2.59884509432595e-05
-2.5498080503894e-05
-2.56635539699346e-05
-2.50665198109346e-05
-2.60834403889021e-05
-2.58073578152107e-05
-2.56028142757714e-05
-2.56945149885723e-05
-2.60693122982047e-05
-2.68556541414e-05
-2.68050298473099e-05
-2.57979972957401e-05
-2.53382477239938e-05
-2.4705830583116e-05
-2.49060649366584e-05
-2.61518871411681e-05
-2.63287220150232e-05
-2.59936841757735e-05
-2.56022303801728e-05
-2.49254007940181e-05
-2.49066470132675e-05
-2.46996260102605e-05
-2.45301653194474e-05
-2.49058793997392e-05
-2.36983669310575e-05
-2.20864749280736e-05
-2.02464088943088e-05
-1.84689542948036e-05
-1.82356179720955e-05
-1.72715117514599e-05
-1.67715261341073e-05
-1.61863517860183e-05
-1.51184631249635e-05
-1.42301059895544e-05
-1.31543320094352e-05
-1.25566193673876e-05
-1.14916856546188e-05
-1.07867999759037e-05
-1.00049446700723e-05
-8.26789892016677e-06
-7.48173670217511e-06
-5.94971925238497e-06
-4.45758223577286e-06
-4.87761735712411e-06
-4.81143842989695e-06
-4.67949303128989e-06
-4.89921512780711e-06
-4.55726649306598e-06
-4.44491615780862e-06
-4.31904663855676e-06
-2.85588430415373e-06
-1.7100917375501e-06
-5.13047666572675e-07
-2.12505398167195e-07
-8.92660594331574e-08
3.65693288983948e-08
3.65693288983948e-08
