0.0
-5.0598989621629e-19
4.88733621750725e-06
2.04483549168799e-05
4.49674043920822e-05
8.36390900076367e-05
0.000141530923428945
0.000219613139051944
0.000319337414111942
0.000439764669863507
0.00058341451222077
0.000747299985960126
0.000924340507481247
0.00111923250369728
0.00134019646793604
0.00158150389324874
0.00184137304313481
0.00211895233951509
0.00219018757343292
0.00229810876771808
0.00246181734837592
0.00262699252925813
0.00279271882027388
0.00304218102246523
0.00311638903804123
0.00322721456177533
0.00339091452769935
0.00362896709702909
0.00389717891812325
0.00415050936862826
0.00438759149983525
0.00460604298859835
0.00480833370238543
0.00499454932287335
0.00516292778775096
0.00531383510679007
0.00544758792966604
0.00556500907987356
0.00566684221848845
0.00575344357639551
0.00582494353875518
0.00588115304708481
0.00592731963843107
0.0059705046005547
0.00598110677674413
0.00599687825888395
0.00602021161466837
0.00605443958193064
0.00609388155862689
0.00613223435357213
0.00616958970203996
0.00620590522885323
0.00620813714340329
0.00621147360652685
0.00621272204443812
0.00621318956837058
0.00621389038860798
0.00621415302157402
0.00621454697102308
0.0062151369638741
0.0062160212546587
0.00621734652668238
0.00621933257207274
0.00622231513261795
0.00622681435197592
0.00622723763808608
0.00622787373140454
0.00622882787138224
0.00623026071116328
0.00623241299763322
0.00623564748093486
0.00624051224440336
0.00624233949929476
0.00624508457258344
0.00624611461535096
0.00624766107648611
0.00624998193234205
0.00625346694141626
0.00625379336997867
0.00625428417697549
0.00625501992180943
0.00625529559329152
0.00625570956617594
0.00625633029267192
0.00625656358897686
0.00625691283494234
0.00625743670389056
0.00625763321295381
0.00625792797654867
0.00625837035477161
0.00625903392210603
0.006260029040277
0.0062615224160254
0.00626376178115606
0.00626712059602141
0.00627215672284365
0.00627404311671853
0.00627686968073249
0.00627792906016111
0.00627951696515083
0.00628189649432898
0.00628278823569417
0.00628287205472589
0.00628299731761217
0.00628318544477224
0.00628346763551235
0.00628389092162251
0.00628452515229583
0.00628547696396708
0.00628583412617445
0.00628636917099357
0.00628717197105289
0.00628837617114186
0.00629018200561404
0.00629085954278708
0.00629111332818866
0.00629149423912168
0.00629206513985991
0.00629292242228985
0.00629324372857809
0.00629372568801045
0.00629444839432836
0.0062955329194665
0.00629593944177032
0.00629654945805669
0.00629677856341004
0.00629712175577879
0.00629763677716255
0.0062978295609355
0.00629811966791749
0.00629855412989855
0.00629920652136207
0.0063001848757267
0.00630055228248239
0.00630110269412398
0.00630192924290895
0.00630316929891706
0.00630503101274371
0.00630782637745142
0.00630887504667044
0.00631044991314411
0.00631281407549977
0.00631636520847678
0.00632170308381319
0.00632973667234182
0.00633049150928855
0.00633162446320057
0.00633332505822182
0.00633396347984672
0.00633420282974839
0.00633456185460091
0.00633510109037161
0.0063353031873703
0.00633560633286834
0.00633606174960732
0.00633674440905452
0.00633776932954788
0.00633930834010243
0.00634162034839392
0.0063418373465538
0.00634216284379363
0.00634265085682273
0.00634338380768895
0.00634448369964957
0.00634613540023565
0.00634861690923572
0.00635234732180834
0.00635374896228313
0.00635585421696305
0.00635664444416761
0.00635783094912767
0.00635961256921291
0.00636229012161493
0.00636631716042757
0.00637238146737218
0.00638152612373233
0.00638497201725841
0.00639015855267644
0.00639210874214768
0.00639503961429
0.00639944709837437
0.00640608090907335
0.00640857592225075
0.00641232682392001
0.00641373544931412
0.00641585094854236
0.00641902862116694
0.00641932664439082
0.00641977414488792
0.00642044516280293
0.00642069708555937
0.00642107473686337
0.00642164144665003
0.00642249174416065
0.00642376765608788
0.00642568292096257
0.00642855884507298
0.00642963824793696
0.00643125828355551
0.00643368950113654
0.00643391767516732
0.00643425993621349
0.00643477309495211
0.00643554283306003
0.00643669813871384
0.00643843086436391
0.00644103018566966
0.006442004814744
0.00644346745684743
0.00644401554018259
0.00644483836367726
0.00644514663144946
0.00644560903310776
0.00644630286842585
0.00644734362140298
0.00644890358671546
0.00645124353468418
0.00645212130621076
0.0064524500630796
0.00645294412970543
0.00645368499681354
0.00645396299660206
0.00645438022911549
0.00645500607788563
0.00645594578236341
0.00645629828795791
0.0064564305357635
0.0064566289074719
0.00645692693069577
0.0064573734998703
0.00645804405212402
0.00645905081182718
0.0064605618827045
0.00646283011883497
0.00646368181332946
0.00646495958790183
0.00646543875336647
0.00646615773439407
0.00646723713725805
0.00646885624155402
0.00646946392953396
0.00647037569433451
0.00647174334153533
0.00647379597648978
0.0064745657145977
0.00647572102025151
0.00647745374590158
0.00647810380905867
0.00647907890379429
0.00647944444790483
0.00647999299690127
0.00648081582039595
0.00648204982280731
0.0064825126901269
0.00648320652544498
0.00648346683010459
0.00648385751992464
0.00648444285616279
0.0064846626482904
0.00648499187082052
0.00648548593744636
0.0064856712706387
0.00648594880476594
0.00648636557161808
0.00648699048906565
0.00648722518235445
0.00648757675662637
0.0064881038852036
0.00648889457806945
0.00648919073864818
0.00648963544517756
0.00649030227214098
0.00649130251258612
0.00649280194193125
0.00649504968896508
0.00649589207023382
0.006497154943645
0.00649904785677791
0.00650188373401761
0.00650294590741396
0.00650453846901655
0.00650692358613014
0.00651049334555864
0.00651082769036293
0.00651132874190807
0.00651208078488708
0.00651320721954107
0.00651489477604628
0.00651552714407444
0.0065164752304554
0.00651789549738169
0.00652002263814211
0.00652081891894341
0.00652111740782857
0.00652156490832567
0.00652223592624068
0.00652248784899712
0.00652258191257715
0.00652272347360849
0.00652293534949422
0.00652325386181474
0.00652373069897294
0.00652444548904896
0.00652471370995045
0.00652511557564139
0.00652571767568588
0.00652594352141023
0.0065262820571661
0.00652679009363055
0.00652755098417401
0.00652783596888185
0.00652826344594359
0.00652890466153622
0.00652986532077193
0.00653130421414971
0.00653184344992042
0.00653265137225389
0.00653386162593961
0.00653567397966981
0.0065383855253458
0.00653844885528088
0.00653847260400653
0.00653850845992565
0.00653856201097369
0.00653864210471511
0.00653876271098852
0.006538943387568
0.00653921393677592
0.00653962045907974
0.00654022907838225
0.00654114177450538
0.00654250895604491
0.0065445564687252
0.00654532294720411
0.00654647219926119
0.00654819374904037
0.00654883868992329
0.00654980540275574
0.00654989574104548
0.00655003171414137
0.00655023520812392
0.0065505406819284
0.00655099889263511
0.00655168574303389
0.00655271485447884
0.00655425619333982
0.00655656307935715
0.00655742641538382
0.00655872002243996
0.00655920431017876
0.00655938638374209
0.00655965879559517
0.00656006718054414
0.00656067952513695
0.00656159687787294
0.00656194053590298
0.00656245602294803
0.00656322855502367
0.00656351819634438
0.00656395219266415
0.00656460272148252
0.00656484672799706
0.0065652122721076
0.00656576035544276
0.00656658178195357
0.00656688958406448
0.00656735105440021
0.00656804256141186
0.0065690791234374
0.00657063070684671
0.00657295295968652
0.0065731699578464
0.00657349592074752
0.0065739843994379
0.00657471641898155
0.00657581305131316
0.00657622376456857
0.00657637789845467
0.00657660886645317
0.00657695531845093
0.00657747406512499
0.00657825218513608
0.00657854368910193
0.00657865311950445
0.00657881703227758
0.00657906290143728
0.00657943123951554
0.00657998351380229
0.00658081099390984
0.00658112112432718
0.0065815863199532
0.00658228294923902
0.00658332649618387
0.00658371718600392
0.00658430298790336
0.00658452278003097
0.00658460520207882
0.00658472860231996
0.00658491346985102
0.00658519100397825
0.00658560730516911
0.00658623082563281
0.00658716540783644
0.00658751511946321
0.006588039919734
0.00658823642879725
0.00658853119239211
0.00658897310495377
0.00658963527530432
0.00658969720825553
0.00658979034051299
0.0065899295732379
0.0065901386551559
0.00659045251086354
0.00659092282876372
0.00659162737429142
0.00659268256276846
0.00659426162019372
0.00659485254436731
0.00659573776647449
0.00659706257283688
0.00659755850210786
0.00659774430096149
0.0065980227664113
0.00659844046458602
0.00659906677901745
0.0066000041551888
0.00660140672698617
0.00660350266844034
0.00660428684204817
0.0066054598428309
0.00660721398890018
0.0066073783673346
0.0066076242364943
0.00660799304023385
0.00660854578018188
0.00660875299945474
0.00660906312987208
0.00660952879115939
0.0066102254204452
0.00661126896739006
0.00661282893270254
0.00661297515034676
0.00661319401115179
0.00661352183669806
0.00661401357501745
0.00661474978551269
0.00661476701498032
0.00661479309201241
0.00661483174189925
0.00661488994956017
0.00661497749388218
0.00661510834470391
0.00661530438810587
0.00661559868603945
0.00661603920161724
0.00661620451137424
0.00661626644432545
0.00661635911092162
0.00661649834364653
0.00661670695990324
0.00661701988428831
0.00661748927086592
0.00661819148808718
0.00661924248561263
0.00662081362679601
0.0066231582313776
0.00662403414025903
0.00662436196580529
0.0066248532384634
0.00662503717467189
0.00662531284615397
0.0066257263533771
0.00662634614855051
0.00662727328017354
0.00662865955382586
0.00662917830049992
0.00662937248125672
0.00662944559007883
0.00662955455482006
0.00662971846759319
0.0066299638710916
0.00663033220916986
0.00663088355213404
0.00663108984008431
0.00663139950484037
0.00663186376914382
0.00663255853578448
0.00663359789177775
0.0066351518034935
0.00663747079670429
0.00664092460647225
0.00664221309125423
0.00664413999766111
0.00664701825007796
0.00665130792185664
0.00665140803903341
0.00665155844762921
0.00665178382769227
0.00665212143212557
0.00665262714028358
