0.0
0.0
0.0
0.0
0.0
0.0
0.0
0.0
0.0
0.0
0.0
0.0
0.0
0.0
0.0
0.0
0.0
0.0
3.5918054012811e-13
1.18640262544711e-11
2.52675155104631e-11
1.2145999483959e-10
5.49475631661522e-10
1.16646192704906e-09
2.03619610061878e-09
2.96874991256857e-09
4.37910685491261e-09
6.48038200878887e-09
8.4892546325932e-09
1.23977308419398e-08
1.70579657066128e-08
2.20063984812668e-08
2.34620678440933e-08
2.55831391626771e-08
2.87428694178971e-08
3.80591487214588e-08
8.35677553823189e-08
1.62603242870318e-07
2.16958653709298e-07
2.6093067617694e-07
3.12486065467965e-07
3.61909712864872e-07
4.0358261799156e-07
4.3945831862402e-07
4.73828436042822e-07
4.98386611980095e-07
5.22354639542755e-07
5.43773637673439e-07
5.64123865842703e-07
5.93671927617834e-07
6.097627078816e-07
6.26881274001789e-07
6.43203918571089e-07
6.58489682336949e-07
6.73131012263184e-07
6.87316344283317e-07
7.00980649526173e-07
7.14166162651964e-07
7.26917448901077e-07
7.39097913537989e-07
7.50708295527147e-07
7.61789181069616e-07
7.72340172261465e-07
7.82395034093497e-07
7.92001344507298e-07
8.01213559498137e-07
8.10076869584009e-07
8.18600142338255e-07
8.26798043362942e-07
8.34653519632411e-07
8.42223244035267e-07
8.49554680826259e-07
8.56650842706586e-07
8.63524121541559e-07
8.70197595759237e-07
8.76686499395873e-07
8.82998222095921e-07
8.89140551407763e-07
8.95110872534133e-07
9.00880991139275e-07
9.06490527086135e-07
9.11948404791474e-07
9.17270938316506e-07
9.22468984754232e-07
9.27546466300555e-07
9.32505372475134e-07
9.37350989715924e-07
9.42089229738485e-07
9.46725549511029e-07
9.51222261846851e-07
9.55621885623259e-07
9.59952330958913e-07
9.64202627073973e-07
9.68362087405694e-07
9.72437305790663e-07
9.76454089141043e-07
9.80403797257168e-07
9.8426880867919e-07
9.88057990980451e-07
9.91787487691909e-07
9.95487084765045e-07
9.99080157271237e-07
1.00247382306407e-06
