0.0
2.29380233918164e-07
6.62472302792594e-06
2.22032140300144e-05
4.55467670690268e-05
7.77985769673251e-05
0.000125266742543317
0.000190695718629286
0.000274064223049209
0.000375324656488374
0.000494732579682022
0.000638685247395188
0.000678654003422707
0.000740855641197413
0.000838798237964511
0.000943050312343985
0.00105290580540895
0.00116017425898463
0.0011869806330651
0.00121423543896526
0.00122446147724986
0.00123972457367927
0.00124541774857789
0.00125398079399019
0.00125717150513083
0.00126036640722305
0.0012635535094887
0.00126414513215423
0.00126473989803344
0.00126562418881804
0.00126694771461189
0.00126743922010064
0.00126817496493459
0.00126927252858877
0.00127090781461447
0.00127254368271679
0.00127416860777885
0.00127577048260719
0.00127736513968557
0.00127895059995353
0.00128053617663682
0.00128212699200958
0.00128451164346188
0.00128808314912021
0.00129342346917838
0.00130140397232026
0.00131332932505757
0.00133114238269627
0.00135770044289529
0.00139675848186016
0.00145703228190541
0.00154728442430496
0.00167569797486067
0.00183702365029603
0.00200777617283165
0.00216268678195775
0.00230857403948903
0.00247148307971656
0.00261235632933676
0.00274177244864404
0.00286399526521564
0.00297725014388561
0.00308416760526597
0.00318571156822145
0.00327899330295622
0.00336739304475486
0.00344786141067743
0.00352170667611063
0.00359043758362532
0.00365172419697046
0.0037047048099339
0.00375351239927113
0.00379705289378762
0.00383288925513625
0.00385175435803831
0.00387538061477244
0.00389679288491607
0.00390834547579288
0.00391763728111982
0.00392852816730738
0.00392817379906774
0.00391650153324008
0.00390901183709502
0.00389656634069979
0.00387503416277468
0.00384451285935938
0.00382862193509936
0.00382662005722523
0.00382314599119127
0.00381091958843172
0.00380553840659559
0.00379580887965858
0.00377610535360873
0.00375827169045806
0.00372912362217903
0.00368603249080479
0.0036599705927074
0.00363789708353579
0.00361547782085836
0.00359359267167747
0.00357108213938773
0.00356627721339464
0.00356447556987405
0.0035477636847645
0.0035477636847645
