0.0
2.14374118500185e-13
1.41633135341407e-12
4.66637709375939e-12
7.70385491510872e-12
9.49623452789483e-12
1.16358866986133e-11
1.7455084252993e-11
6.2703793546337e-11
7.92538978888757e-10
6.45537134857932e-09
2.11794066728999e-08
4.1326984501211e-08
7.07100085151069e-08
3.7693010312978e-07
5.14682596985949e-07
5.88133104884037e-07
6.72701617077109e-07
7.72212104038772e-07
8.97700090263243e-07
1.02409035207529e-06
1.11847145944921e-06
1.20779952794692e-06
1.27367536606471e-06
1.32418233533826e-06
1.36903202019312e-06
1.42865940233605e-06
1.47960940921621e-06
1.51585243202135e-06
1.5484819186895e-06
1.5810994682397e-06
1.59254682330356e-06
1.59795035870047e-06
1.59775288466335e-06
1.5974769667082e-06
1.59706632985035e-06
1.5964658359735e-06
1.59569765401102e-06
1.59460978466086e-06
1.59249157150043e-06
1.58911836933839e-06
1.5857980315559e-06
1.58077841660997e-06
1.57567421865679e-06
1.57081331053632e-06
1.5655793959013e-06
1.56030819198349e-06
1.55607415308623e-06
1.54980716615682e-06
1.54535962337832e-06
1.53975565808651e-06
1.5347279713751e-06
1.52999484726024e-06
1.52505901951372e-06
1.51956089666783e-06
1.51420942984259e-06
1.50936523368728e-06
1.5034313491924e-06
1.49841230268066e-06
1.49340917232621e-06
1.48848914705013e-06
1.48236597397045e-06
1.47733919675375e-06
1.47200967148819e-06
1.46641559695126e-06
1.46086381391797e-06
1.45666319895099e-06
1.45104138482566e-06
1.44558202919143e-06
1.44008674851648e-06
1.4344611827255e-06
1.42897158639244e-06
1.42304770633928e-06
1.41907742090552e-06
1.41330724545696e-06
1.40790507430211e-06
1.40191093578323e-06
1.39581572966563e-06
1.39163410040055e-06
1.38493362555892e-06
1.37921563236887e-06
1.37624556373339e-06
1.36932499117393e-06
1.36390656280128e-06
1.35861978378671e-06
1.35199036321865e-06
1.34687286390545e-06
1.3412793578027e-06
1.3341021940505e-06
1.3310286703927e-06
1.3251477639642e-06
1.3181357871872e-06
1.31490446619864e-06
1.30712430745916e-06
1.30003309095628e-06
1.29675311200117e-06
1.28970032164943e-06
1.28304691315861e-06
1.27969553886942e-06
1.27609632727399e-06
1.26636621189391e-06
1.26271072531381e-06
1.25859514810145e-06
1.24907569443167e-06
1.24313976357371e-06
1.23981658362027e-06
1.23085635550524e-06
1.22508731692506e-06
1.2217101357237e-06
1.22088385978714e-06
1.21962420962518e-06
1.21962420962518e-06
