0.0
6.78272513709999e-08
7.48375032344484e-06
1.20216736831935e-05
1.97019271581667e-05
2.79795149253914e-05
3.10244540742133e-05
3.68032451660838e-05
5.14154853590298e-05
8.51004879223183e-05
0.000149228129885159
0.000227657612413168
0.000251099525485188
0.000276383623713627
0.000303468434140086
0.000332848983816803
0.000362969556590542
0.00039288357947953
0.00042331891017966
0.000455686385976151
0.000489668222144246
0.000524953240528703
0.000561322609428316
0.000598740007262677
0.000637098564766347
0.000676282041240484
0.000696311064530164
0.000703899189829826
0.000706756545696408
0.000708903011400253
0.000711051863618195
0.000712665379978716
0.000714280526153743
0.000716706155799329
0.000720351643394679
0.000723090895917267
0.000725834514014423
0.000727894133888185
0.000729439605493098
0.000730985484551638
0.000731372041627765
0.000731758598703891
0.000732145097572356
0.000732724904082716
0.000733304594177753
0.000733883818611503
0.000734462286345661
0.000735039822757244
0.000735617242753506
0.000736195070203394
0.000737062422558665
0.000737930298782885
0.000738798757083714
0.00074010225944221
0.000742060132324696
0.000745002762414515
0.000749427010305226
0.000756090390495956
0.000766135577578098
0.000781303155235946
0.000804263632744551
0.000839122280012816
0.000852337339892983
0.000857315200846642
0.000864800589624792
0.000876065460033715
0.000892949348781258
0.000918038538657129
0.000955139228608459
0.00101126660592854
0.00109604955650866
0.001216996810399
0.00137530325446278
0.00153733917977661
0.00168186530936509
0.00183017901144922
0.00196351017802954
0.0020836079493165
0.00219315942376852
0.00229334435425699
0.00238542235456407
0.00246457965113223
0.00253723561763763
0.00260184518992901
0.00265611195936799
0.00270022521726787
0.00273074675351381
0.00275716022588313
0.00277500483207405
0.00278376787900925
0.00278297415934503
0.00277189793996513
0.00276443245820701
0.00275409244932234
0.00274354359135032
0.00274164392612875
0.00274164392612875
