0.0
2.4393009834256e-10
1.51070366882777e-06
3.82908456231235e-06
1.02344956758316e-05
2.13564762816532e-05
2.34556246141437e-05
2.6143223294639e-05
3.10112045553979e-05
4.6909579396015e-05
8.68776623974554e-05
0.000136061033117585
0.000148052102304064
0.000159632749273442
0.000173729233210906
0.000193633284652606
0.000215809850487858
0.000236699532251805
0.000251999183092266
0.00026438370696269
0.00027696494362317
0.000289513351162896
0.000303653388982639
0.000321090541547164
0.000341380276950076
0.000358556833816692
0.000365641462849453
0.000368323613656685
0.000369182031136006
0.000369809742551297
0.000370470632333308
0.000370966765331104
0.000371468020603061
0.000372217560652643
0.000373323942767456
0.000374156777979806
0.000374953786376864
0.000375527190044522
0.000375956733478233
0.000376368698198348
0.00037646884447895
0.000376567535568029
0.000376663316274062
0.000376800628146157
0.000376930023776367
0.000377053569536656
0.000377178599592298
0.000377321994164959
0.000377458258299157
0.000377571646822616
0.000377729185856879
0.000377898657461628
0.000378081167582422
0.000378373806597665
0.000378848635591567
0.000379609846277162
0.000380893441615626
0.000383131409762427
0.000386770640034229
0.000392228597775102
0.000400997902033851
0.000414596492191777
0.000419570773374289
0.000421473087044433
0.000424042984377593
0.00042410587775521
0.000424140860559419
0.00042419444071129
0.000424247933551669
0.000424284662585706
0.000424330995883793
0.00042436012881808
0.000424371159169823
0.000424367986852303
0.000424356752773747
0.000424341298639774
0.000424322613980621
0.000424308876972646
0.00042429703171365
0.000424284575274214
0.000424268859205768
0.000424242316512391
0.000424213765654713
0.000424189027398825
0.000424165918957442
0.000424151687184349
0.000424118537921458
0.000424079829826951
0.000424020225182176
0.000423940160544589
0.000423888006480411
0.000423885212512687
0.000423886725911871
0.000423888239311054
0.000423888413934037
0.00042388797737658
0.00042388797737658
