-0.0
-1.13686837721616e-13
5.6843418860808e-14
0.0139101482927799
0.0279401037842035
0.0461287535727024
0.0646346509456635
0.0765011012554169
0.091364897787571
0.116558231413364
0.139376476407051
0.161188691854477
0.165944382548332
0.170604735612869
0.175422355532646
0.179392427206039
0.183743596076965
0.187978327274323
0.192053928971291
0.195988044142723
0.201909020543098
0.203393563628197
0.204842865467072
0.207141652703285
0.208865568041801
0.210565134882927
0.212244734168053
0.215235501527786
0.219879001379013
0.225946590304375
0.227937772870064
0.230236992239952
0.229473397135735
0.226241752505302
0.221297696232796
0.21417136490345
0.205189481377602
0.195223659276962
0.169903934001923
0.139549762010574
0.111849032342434
0.0800120607018471
0.0460538938641548
0.00514137884601951
2.89972899736313e-06
2.88650471702567e-06
2.96227949547756e-06
3.0306316602946e-06
3.14062572215335e-06
3.23602671414847e-06
3.34617357111711e-06
3.42365251526644e-06
3.46854608324065e-06
3.51423591382627e-06
3.53074869963166e-06
3.52380902768346e-06
3.49950209965755e-06
3.47437458003697e-06
3.59565069629753e-06
3.71662599718547e-06
3.82261714548804e-06
3.92881065636175e-06
4.03225021727849e-06
4.1447547118878e-06
4.25134066972532e-06
4.339640327089e-06
4.40943949797656e-06
4.45883051725104e-06
4.47615639131982e-06
4.47297043137951e-06
4.50473908131244e-06
4.49665958512924e-06
4.47910042566946e-06
4.44864508608589e-06
4.4201528908161e-06
4.36239224654855e-06
4.2669498725445e-06
4.18240642829915e-06
4.09568019676954e-06
3.95980532630347e-06
3.82167900170316e-06
3.59861769538838e-06
3.33031880472845e-06
3.15638681058772e-06
2.92959271064319e-06
2.69848669631756e-06
2.51185974775581e-06
2.31720696319826e-06
2.1709229258704e-06
2.02693854589597e-06
1.89644708825654e-06
1.75463162577216e-06
1.62745516263385e-06
1.47819037010777e-06
1.28666181353765e-06
1.06120842247037e-06
8.29253792744566e-07
6.24851168140594e-07
5.83472228754545e-07
4.77648995911295e-07
3.0312443755065e-07
2.32450489079383e-07
1.82708419060873e-07
7.22555526522228e-08
3.1329729921481e-08
-3.04791747396393e-08
-3.04791747396393e-08
