0.0
-5.10595550607441e-33
-3.71726486037005e-07
-1.83118936547544e-06
-2.04354159905051e-06
-2.77917501989577e-06
-3.23038921123953e-06
-4.11195833294187e-06
-5.14935891260393e-06
-6.09692870057188e-06
-7.21385276847286e-06
-8.29209602670744e-06
-1.00244824352558e-05
-1.13559526653262e-05
-1.2574565516843e-05
-1.36137368826894e-05
-1.47108366945758e-05
-1.71369119925657e-05
-1.75105669768527e-05
-2.04649659281131e-05
-2.52383906627074e-05
-2.79504856735002e-05
-2.8830338123953e-05
-3.2982999982778e-05
-3.95054303226061e-05
-5.32355770701542e-05
-7.80233822297305e-05
-0.000107562023913488
-0.000115161623398308
-0.000128779502119869
-0.000137724418891594
-0.000153292960021645
-0.000168189362739213
-0.000171461884747259
-0.00017633632523939
-0.000178188900463283
-0.000180878530954942
-0.000181946932571009
-0.000182322517503053
-0.000182898569619283
-0.000183800570084713
-0.000184739648830146
-0.000185689437785186
-0.000186655597644858
-0.000188162652193569
-0.000189260899787769
-0.000190375198144466
-0.00019207781588193
-0.0001926946133608
-0.00019365361367818
-0.000195099142729305
-0.00019795642583631
-0.000198985260794871
-0.000200628928723745
-0.000201230781385675
-0.000202219831408001
-0.000203303003218025
-0.000204451309400611
-0.000205635587917641
-0.000206847907975316
-0.000208711542654783
-0.00021061317238491
-0.000212531798752025
-0.000215467633097433
-0.000217734908801503
-0.000220042580622248
-0.000222394606680609
-0.000225995114305988
-0.000229784302064218
-0.000233696817304008
-0.000237698142882437
-0.000243838294409215
-0.000253539736149833
-0.000263781752437353
-0.000274651421932504
-0.00029167570755817
-0.000319062528433278
-0.000356703472789377
-0.000404945487389341
-0.0004320309672039
-0.00047569305752404
-0.000539079948794097
-0.000618048303294927
-0.000657178636174649
-0.000665345520246774
-0.000670454755891114
-0.000673085858579725
-0.000674545532092452
-0.000674917362630367
-0.000675082847010344
-0.000675277842674404
-0.000675223942380399
-0.000675143790431321
-0.0006752023473382
-0.00067536102142185
-0.000675570860039443
-0.000675800780300051
-0.000675861432682723
-0.000675951654557139
-0.000675963645335287
-0.000676313822623342
-0.000676206720527261
-0.000676109339110553
-0.000676075404044241
-0.000676174298860133
-0.000676330528222024
-0.000677024072501808
-0.000677029485814273
-0.00067708408460021
-0.000677162955980748
-0.000677203410305083
-0.000677344854921103
-0.000677349104080349
-0.000677279254887253
-0.000677245610859245
-0.000677217321936041
-0.000677332514896989
-0.000677432864904404
-0.000678205396980047
-0.000678282638546079
-0.0006783616845496
-0.000678481650538743
-0.000678564247209579
-0.000678568030707538
-0.00067853881046176
-0.000678733689710498
-0.000678638694807887
-0.000678552954923362
-0.000678465177770704
-0.000678378855809569
-0.000678440032061189
-0.000678582582622766
-0.000678774958942086
-0.000679332471918315
-0.000679435499478132
-0.000679489632602781
-0.000679635326378047
-0.000679680146276951
-0.000679741322528571
-0.000679858785588294
-0.000679889169987291
-0.000680054479744285
-0.000680035329423845
-0.000679899530950934
-0.000679753022268414
-0.000679628225043416
-0.000679530843626708
-0.000679556862451136
-0.000679740565828979
-0.000679921766277403
-0.000680372177157551
-0.000680521945469081
-0.000680683238897473
-0.000680855591781437
-0.000680899480357766
-0.000680958852171898
-0.00068096857285127
-0.000681027071550488
-0.00068104371894151
-0.000681083649396896
-0.000681117817293853
-0.000681137316860259
-0.000681142148096114
-0.000681136327330023
-0.000681073754094541
-0.00068104756064713
-0.000681011995766312
-0.000680979050230235
-0.000680982717312872
-0.00068096217000857
-0.000680899946019053
-0.000680779572576284
-0.00068062380887568
-0.000680546974763274
