0.0
3.21470904366891e-13
4.65361744365206e-13
1.78979801899321e-12
6.67390144884483e-12
1.2236876442695e-11
1.40897475978119e-11
1.46075027074311e-11
1.55587695505055e-11
1.74993457224826e-11
1.99502758063685e-11
2.32903835106768e-11
9.74215222382391e-11
2.00283067908202e-10
2.65809874111511e-10
3.39677452831921e-10
8.12899358937358e-10
2.81295275961213e-09
3.55299034637824e-09
3.63911256684446e-09
3.73027253530722e-09
3.81792020220928e-09
3.94279808801912e-09
4.12550438255721e-09
4.51736203999076e-09
5.11557374238691e-09
5.87860427003761e-09
7.06377845105521e-09
8.99157370781722e-09
1.30334960601886e-08
1.80276149563952e-08
2.26490524113387e-08
2.81717866812414e-08
3.39354251366331e-08
3.86040781563679e-08
4.29536761714644e-08
1.0291453378386e-07
1.43623509529789e-07
1.55777200916418e-07
1.60042091579271e-07
1.62165434858252e-07
1.63852632795169e-07
1.65250455097521e-07
1.67089950764421e-07
1.69778573422263e-07
1.7382623695994e-07
1.79642839270855e-07
1.87385126082518e-07
1.9803974282695e-07
2.02845754415648e-07
2.17330111240699e-07
2.41028686787104e-07
2.83477504581242e-07
3.25111273014045e-07
3.62447650559261e-07
4.11730923133291e-07
4.7696715910206e-07
5.77396917833539e-07
6.4384357756353e-07
6.87740794091951e-07
7.22213769677182e-07
7.67224037190317e-07
8.29763962428842e-07
9.15658461053681e-07
1.02316585071094e-06
1.15413604362402e-06
1.25759220281907e-06
1.33300250126922e-06
1.4008270454724e-06
1.46456693528307e-06
1.5132079624891e-06
1.52576342316024e-06
1.51591871144774e-06
1.50414018662559e-06
1.4936333627702e-06
1.48208482642076e-06
1.46965896874462e-06
1.45766819059645e-06
1.44635384913272e-06
1.43402303365292e-06
1.4232771263778e-06
1.41164287015272e-06
1.40157510486461e-06
1.39132635013084e-06
1.38159418838768e-06
1.37144081691076e-06
1.36169694542332e-06
1.35107848109328e-06
1.34081062697078e-06
1.33069352159509e-06
1.31995977881161e-06
1.31001684167131e-06
1.29935483528243e-06
1.28836632029561e-06
1.27821738260536e-06
1.26756071949785e-06
1.25713052057108e-06
1.24686425806431e-06
1.23616314340325e-06
1.22571179872466e-06
1.21559310173325e-06
1.20483423415862e-06
1.19504545637028e-06
1.18480875244131e-06
1.17404874799831e-06
1.163993033515e-06
1.15348939289106e-06
1.14314605070831e-06
1.13362239062553e-06
1.12325142254122e-06
1.11298663796333e-06
1.10209464310174e-06
1.09277539195318e-06
1.08186145553191e-06
1.07249331904313e-06
1.06273364508525e-06
1.05238780179207e-06
1.04219066088262e-06
1.03102865978144e-06
1.02177034477791e-06
1.01130569873931e-06
1.00130500868545e-06
9.91638671621331e-07
9.81187326942745e-07
9.71466420196521e-07
9.59522594712325e-07
9.49305217545771e-07
9.41114535635279e-07
9.29401039684308e-07
9.19171498026117e-07
9.11224958599632e-07
8.99502424545062e-07
8.89135435500066e-07
8.7910672164071e-07
8.66822063017025e-07
8.58022985994467e-07
8.48145077725349e-07
8.35335299598228e-07
8.2652519495241e-07
8.16854083041108e-07
8.03642763003154e-07
7.93927142694884e-07
7.82035669999459e-07
7.70254814597138e-07
7.62812987886718e-07
