0.0
0.0
0.0
0.0
0.0
2.67259082420424e-07
4.43650804982099e-07
7.03195325968409e-07
1.61977106927225e-06
4.11007113143569e-06
8.85520512383664e-06
1.29159343487117e-05
1.66343470482389e-05
1.81702362169744e-05
1.94359417946544e-05
2.0530274923658e-05
2.08654037123779e-05
2.17972010432277e-05
2.22235266846837e-05
2.29940706049092e-05
2.41013385675615e-05
2.45544742938364e-05
2.52391764661297e-05
2.63816364167724e-05
2.68260955635924e-05
2.76345763268182e-05
2.8813958124374e-05
3.0492525183945e-05
3.10539289785083e-05
3.16323566948995e-05
3.2469688449055e-05
3.39039725076873e-05
3.66052699973807e-05
3.86588035325985e-05
4.46302910859231e-05
5.20243556820787e-05
6.07861948083155e-05
6.7978398874402e-05
7.45895449654199e-05
8.24377639219165e-05
9.34345516725443e-05
9.68859239947051e-05
0.000101215402537491
0.000107841267890763
0.000118394920718856
0.000135809546918608
0.000153517976286821
0.000172619402292185
0.000194989712326787
0.000220581190660596
0.000252552621532232
0.000289635907392949
0.000326574750943109
0.000364173843991011
0.000403589889174327
0.000442610558820888
0.000481745868455619
0.000517745094839483
0.000550362630747259
0.000581106753088534
0.000610281946137547
0.000639469304587692
0.000668917724397033
0.000698582560289651
0.000730794796254486
0.000764155003707856
0.000800051027908921
0.000802334339823574
0.000804639130365103
0.000808109994977713
0.000813356076832861
0.00082129001384601
0.000833354075439274
0.000837916857562959
0.000844849739223719
0.000855416583362967
0.000871718279086053
0.000895676086656749
0.000935902236960828
0.000988299492746592
0.00105536752380431
0.00112933712080121
0.00120187876746058
0.00120632688049227
0.00121313112322241
0.00122335273772478
0.00123837543651462
0.00124421971850097
0.00125395634677261
0.00125787768047303
0.00125934125389904
0.00126152997836471
0.00126234430354089
0.00126357236877084
0.0012654165038839
0.00126819999422878
0.00126922607887536
0.00126961315982044
0.00127019349019974
0.00127106043510139
0.00127235415857285
0.00127427990082651
0.00127719261217862
0.00128152954857796
0.00128821434918791
0.0012980941683054
0.00130158953834325
0.00130655453540385
0.00130835059098899
0.00131096935365349
0.00131193932611495
0.00131230312399566
0.00131284724920988
0.00131366145797074
0.00131487939506769
0.00131670478731394
0.00131944299209863
0.0013204887509346
0.0013208850286901
0.00132147036492825
0.00132235162891448
0.00132368854247034
0.00132570066489279
0.00132870813831687
0.00133327522780746
0.00134019996039569
0.00135026406496763
0.00136468990240246
0.00138650392182171
0.00139419559855014
0.001406260416843
0.00142427848186344
0.0014308278914541
0.0014332770369947
0.00143702409695834
0.0014384122332558
0.00144052028190345
0.00144367141183466
0.00144838483538479
0.00145536370109767
0.00145601585973054
0.00145698653068393
0.00145843485370278
0.00146061019040644
0.00146142835728824
0.00146173138637096
0.00146218913141638
0.00146287609823048
0.00146390625741333
0.00146545469760895
0.00146775506436825
0.00146862620022148
0.00146993272937834
0.0014718899037689
0.00147482100874186
0.00147591892164201
0.00147633103188127
0.00147695094347
0.00147788389585912
0.00147929659578949
0.00148136727511883
0.00148454995360225
0.00148940226063132
0.00149700057227165
0.00149773573502898
0.00149883818812668
0.00150048558134586
0.00150109932292253
0.00150132749695331
0.00150167115498334
0.00150218373164535
0.00150294660124928
0.00150323717389256
0.00150366360321641
0.00150382751598954
0.00150406663306057
0.00150442135054618
0.00150494766421616
0.001505735097453
0.00150692975148559
0.00150866806507111
0.00151121569797397
0.00151491980068386
0.00151628314051777
0.00151678815018386
0.00151755660772324
0.0015186951495707
0.00152040249668062
0.00152297702152282
0.00152677670121193
0.00152822025120258
0.00152874400373548
0.00152954563964158
0.00152984529267997
0.00153029523789883
0.00153096939902753
0.00153197895269841
0.00153348839376122
0.00153574254363775
0.00153910194057971
0.00154409173410386
0.00155146513134241
0.00156214088201523
0.00157760211732239
0.00159934989642352
0.00163189880549908
0.00167768320534378
0.00168779795058072
0.0017025627894327
0.00170803943183273
0.00171602028422058
0.00172773119993508
0.00173200620338321
0.00173849938437343
0.00174816895741969
0.00175192393362522
0.00175330624915659
0.00175538612529635
0.00175616855267435
0.00175646552816033
0.0017569069750607
0.00175757391843945
0.00175858091097325
0.00176010583527386
0.0017624266911298
0.00176317768637091
0.00176446884870529
0.00176494428887963
0.00176511856261641
0.00176539341919124
0.00176581053528935
0.00176644278690219
0.00176740612369031
0.00176882918458432
0.00177095248363912
0.00177408254239708
0.00177872518543154
0.00178560614585876
0.00178625469561666
0.00178649136796594
0.00178684829734266
0.00178737717214972
0.00178815599065274
0.00178846495691687
0.00178890337701887
0.00178955483715981
0.00179051770828664
0.00179193099029362
0.00179245509207249
0.00179323030170053
0.00179351912811399
0.00179394357837737
0.00179457850754261
0.00179551937617362
0.00179589842446148
0.0017964297439903
0.00179722113534808
0.00179840752389282
0.00180017587263137
0.00180284958332777
0.00180291233118623
0.00180300592910498
0.00180314644239843
0.00180335727054626
0.00180367392022163
0.00180414970964193
0.00180486659519374
0.00180513015948236
0.00180553027894348
0.00180613226257265
0.00180703494697809
0.00180838769301772
0.00181041413452476
0.00181344756856561
0.00181797402910888
0.00181964179500937
0.00182215764652938
0.00182309269439429
0.00182450201828033
0.00182661332655698
0.00182977272197604
0.0018344932468608
0.00183624366763979
0.00183887197636068
0.00183910503983498
0.00183947302866727
0.00184002378955483
0.00184023228939623
0.0018405425362289
0.00184100668411702
0.00184170121792704
0.0018419639673084
0.0018423548899591
0.00184293952770531
0.00184381450526416
0.00184512394480407
0.0018470895010978
0.00184727774467319
0.00184755376540124
0.00184796703979373
0.00184858590364456
0.00184881954919547
0.00184916809666902
0.00184969033580273
0.00185047346167266
0.00185164657887071
0.00185341225005686
0.00185406696982682
0.00185505661647767
0.00185655476525426
0.0018587518716231
0.00186209240928292
0.0018624059157446
0.00186288252007216
0.00186360196676105
0.00186468567699194
0.00186631607357413
0.00186686054803431
0.00186777161434293
0.00186914333608001
0.0018711359007284
0.00187415617983788
0.00187863630708307
0.00188029685523361
0.00188280560541898
0.00188371853437275
0.0018851044587791
0.00188718317076564
0.0018903223099187
0.00189153058454394
0.00189203768968582
0.00189340114593506
0.00189648568630219
0.00190126476809382
0.00190927146468312
0.00192013208288699
0.001921656425111
0.00192208006046712
0.00192270358093083
0.00192363059613854
0.00192502769641578
0.00192713527940214
0.00192791130393744
0.0019282060675323
0.00192864681594074
0.00192931457422674
0.00193031248636544
0.00193180912174284
0.00193403824232519
0.00193486618809402
0.00193611718714237
0.00193800532724708
0.00194079091306776
0.00194497033953667
0.00195084314327687
0.00195904378779233
0.00196215091273189
0.00196310481987894
0.00196484103798866
0.0019655036740005
0.00196649599820375
0.00196798122487962
0.00197026482783258
0.00197116029448807
0.00197249418124557
0.00197300710715353
0.00197379221208394
0.00197497312910855
0.00197672238573432
0.00197948957793415
0.00198382022790611
0.00199088919907808
0.00199385033920407
0.00199460727162659
0.00199538073502481
0.0019965439569205
0.0019982613157481
0.00200089812278748
0.00200482667423785
0.00201063090935349
0.00201906939037144
0.00203148298896849
0.00203640712425113
0.00203823018819094
0.00203892821446061
0.00203998852521181
0.00204036710783839
0.00204095640219748
0.00204183487221599
0.00204316130839288
0.00204512849450111
0.00204813503660262
0.00205265288241208
0.00205900776199996
0.00206811353564262
0.00208020093850791
0.00209142547100782
0.00210323836654425
0.00211485265754163
0.00212653237394989
0.00212897034361959
0.00213258154690266
0.00213383743539453
0.00213429890573025
0.00213500973768532
0.00213528075255454
0.00213568098843098
0.00213627819903195
0.00213716551661491
0.00213848939165473
0.00214046612381935
0.00214126263745129
0.00214238255284727
0.00214405171573162
0.0021446761675179
0.00214562495239079
0.00214706012047827
0.00214758375659585
0.0021483947057277
0.00214962800964713
0.00215151370503008
0.00215427670627832
0.00215867953374982
0.00216041598469019
0.00216110027395189
0.00216211634688079
0.00216250610537827
0.00216254405677319
0.00216259877197444
0.0021626811940223
0.00216280505992472
0.00216299179010093
0.00216327421367168
0.00216370262205601
0.00216433219611645
0.00216530938632786
0.00216681906022131
0.0021692703012377
0.00217330805025995
0.00217792647890747
0.00218280195258558
0.00218776171095669
0.00219271774403751
0.0022001382894814
0.00220285751856863
0.00220695440657437
0.00221309694461524
0.00222234334796667
0.0022362673189491
0.00225725723430514
0.00228902883827686
0.00233686692081392
0.00235496275126934
0.00238228682428598
0.00239270715974271
0.0023966517765075
0.00240246881730855
0.00240464694797993
0.00240545952692628
0.00240667467005551
0.00240849796682596
0.00240919203497469
0.00241022277623415
0.0024106043856591
0.00241118250414729
0.00241204746998847
0.00241334899328649
0.00241531315259635
0.002418298041448
0.00242270086891949
0.00242954818531871
0.00243214517831802
0.00243610423058271
0.00244215480051935
0.0024444367736578
0.00244790618307889
0.00245314789935946
0.00246101641096175
0.00246174843050539
0.00246284087188542
0.00246447348035872
0.00246693822555244
0.00246787862852216
0.0024692639708519
0.0024713440798223
0.0024744663387537
0.002479188144207
0.00248646573163569
0.00248922524042428
0.00249332468956709
0.00249926117248833
0.00250143348239362
0.00250459765084088
0.00250576646067202
0.00250619766302407
0.00250684376806021
0.00250780628994107
0.00250923307612538
0.00251133809797466
0.00251441239379346
0.00251554930582643
