0.0
3.75860835788444e-08
9.17139118428167e-07
1.13142391455767e-06
1.31980300466239e-06
1.33581636418967e-06
1.14252691219008e-06
1.0761013982119e-06
1.5087595102159e-06
2.2884339614393e-06
3.44606132784975e-06
4.44780789621291e-06
4.27983832196333e-06
4.50100014859345e-06
5.44414069736376e-06
5.51876655663364e-06
5.59204409000813e-06
5.60994294573902e-06
5.6142930588976e-06
5.61845399715821e-06
5.62444893148495e-06
5.6330918596359e-06
5.64092079002876e-06
5.64443189432495e-06
5.64889660381596e-06
5.65263462704024e-06
5.65613117942121e-06
5.65871869184775e-06
5.6614098866703e-06
5.66460812478908e-06
5.66350354347378e-06
5.66255266676308e-06
5.66175822314108e-06
5.65959317100351e-06
5.65762366022682e-06
5.65550362807699e-06
5.6516887525504e-06
5.6474332268408e-06
5.64254378332407e-06
5.63755020266399e-06
5.63537741982145e-06
5.63174671697197e-06
5.62595187147963e-06
5.61700471735094e-06
5.61283150091185e-06
5.60510079594678e-06
5.59626596441376e-06
5.58616693524527e-06
5.57508383280947e-06
5.56278155272594e-06
5.54995449419948e-06
5.53567906536045e-06
5.52127721675788e-06
5.50662662135437e-06
5.48463094673934e-06
5.45267675988725e-06
5.4040669965616e-06
5.38991798748611e-06
5.37573032488581e-06
5.36146353624645e-06
5.34185392098152e-06
5.32546664544498e-06
5.31002979187178e-06
5.29653516423423e-06
5.28292139279074e-06
5.26968506164849e-06
5.25025461683981e-06
5.22084428666858e-06
5.1772772167169e-06
5.11314465256874e-06
5.02373313793214e-06
4.91427226734231e-06
4.7797598199395e-06
4.68257485408685e-06
4.60534192825435e-06
4.49150638814899e-06
4.41991187472013e-06
4.31406624556985e-06
4.24017025579815e-06
4.17185856349533e-06
4.06467415814404e-06
3.88649823435117e-06
3.62958121513657e-06
3.24873690260574e-06
2.64424102169869e-06
1.98663747141836e-06
1.41293958222377e-06
7.581514296362e-07
3.50689077777133e-07
1.15779998921539e-08
5.87904036564169e-09
6.79258038704944e-10
6.77546796445938e-10
6.73952171847958e-10
6.68600119713147e-10
6.59216292664411e-10
6.44045594633269e-10
6.17755013809784e-10
6.01614202899725e-10
6.04539918125369e-10
5.80036685349228e-10
5.7404003772632e-10
5.67663860362444e-10
5.51502232770673e-10
5.26478860507495e-10
5.06452213500097e-10
5.05733066535896e-10
4.68869942871208e-10
4.32490071533564e-10
4.12599787669166e-10
3.92936322368698e-10
3.72678360394119e-10
3.73498398875682e-10
3.54586887629793e-10
3.55682178154737e-10
3.35829641873175e-10
2.56065890713586e-10
1.94278260146064e-10
1.43317524514686e-10
1.06900516216868e-10
7.05340577611402e-11
3.69216254791915e-11
1.48996440185734e-11
1.48996440185734e-11
