0.0
2.68461075838599e-34
4.7129010027902e-08
1.17255233078595e-07
3.07966928403403e-07
3.55634028892382e-07
3.28537936411522e-07
5.8621185416996e-07
6.94492143793468e-07
8.23097479951684e-07
8.76917738423799e-07
8.52056473377161e-07
8.55909718211478e-07
1.07260643744667e-06
1.52506959238963e-06
2.17083515963168e-06
1.68327437677362e-06
1.51895847011474e-06
1.49453455833282e-06
1.4571849078493e-06
1.42344413234241e-06
1.38582720410341e-06
1.33868581997376e-06
1.32132208818803e-06
1.28116892028629e-06
1.23929441997461e-06
1.20048412100004e-06
1.1631398137979e-06
1.12569989596523e-06
1.09666939351882e-06
1.06584877812566e-06
1.03078650681709e-06
9.98152472675429e-07
9.70003497968719e-07
9.43379404816369e-07
9.20563024919829e-07
8.99526753528335e-07
8.72871055435098e-07
8.47536625769862e-07
8.24004018795677e-07
8.03315742814448e-07
7.79932008754258e-07
7.51680545363342e-07
7.23434993687988e-07
6.89707690071373e-07
6.53954600693396e-07
6.21965511982125e-07
5.92854348724359e-07
5.67923677863291e-07
5.39447569281037e-07
5.13914017119532e-07
4.83290932606906e-07
4.51103119303298e-07
4.1963482999563e-07
3.90854722809308e-07
3.68614706758308e-07
3.4712653018687e-07
3.27710893088806e-07
3.09605411530356e-07
2.92318333094954e-07
2.60986411149133e-07
2.28317929895638e-07
2.02875170884909e-07
1.76447073840791e-07
1.55554857883544e-07
1.31351640675348e-07
1.24453379157785e-07
1.26266073152692e-07
1.28045499536711e-07
1.27634123714415e-07
1.29909594193123e-07
1.28305302382614e-07
1.20977887263507e-07
1.20533243830323e-07
1.17033714275294e-07
1.1841149216707e-07
1.19695812372811e-07
1.2276757388463e-07
1.26984971871025e-07
1.30051219571214e-07
1.27748791101112e-07
1.26354635199277e-07
1.22311860195623e-07
1.18785258962362e-07
1.16818881679137e-07
1.16822000961747e-07
1.16103542779911e-07
1.18717359498532e-07
1.21012547538157e-07
1.24530529888034e-07
1.2562945528316e-07
1.27386684312114e-07
1.23703358667626e-07
1.18299318785375e-07
1.08103016316363e-07
1.06256862864029e-07
1.03150973984611e-07
1.02772439447563e-07
1.04606606043944e-07
1.07282573935663e-07
1.12791958883918e-07
1.1795406607007e-07
1.24044021276859e-07
1.2597776333223e-07
1.24618111385644e-07
1.23020726050527e-07
1.19413343213637e-07
1.08281319910475e-07
1.04285348356825e-07
