0.0
6.81107714777209e-35
2.60984811539799e-09
1.38876046662517e-07
2.570755555098e-07
4.65925637627151e-07
5.65246864425717e-07
6.53459380828281e-07
1.17259742182796e-06
2.10746702578035e-06
2.71666340267984e-06
3.55024303644313e-06
3.84102077077841e-06
4.1801531551755e-06
4.30079217039747e-06
3.92636138712987e-06
3.79849734599702e-06
3.74695241589507e-06
3.65951382264029e-06
3.6253643429518e-06
3.6696737879538e-06
3.60849753633374e-06
3.48967137142608e-06
3.56878035745467e-06
3.8416801544372e-06
4.19772413806641e-06
4.30675254392554e-06
4.37797871200019e-06
4.39053292211611e-06
4.39525820183917e-06
4.40271287516225e-06
4.40340772911441e-06
4.40369649368222e-06
4.40369649368222e-06
