0.0
8.22945673998955e-21
5.21547121934418e-07
1.99597775463189e-06
4.12968620366883e-06
6.94291793479351e-06
1.0103797649208e-05
1.36115095301648e-05
1.71985575434519e-05
2.00515351025388e-05
2.21142690861598e-05
2.31090270972345e-05
2.58870040852344e-05
2.99459989037132e-05
3.01244563161163e-05
3.02980788546847e-05
3.04674667859217e-05
3.05490393657237e-05
3.05773573927581e-05
3.06057736452203e-05
3.0634331778856e-05
3.06628753605764e-05
3.07054651784711e-05
3.0769850127399e-05
3.08347480313387e-05
3.09003626171034e-05
3.09062525047921e-05
3.09107272187248e-05
3.09151764668059e-05
3.09218776237685e-05
3.09319293592125e-05
3.09469251078553e-05
3.09617025777698e-05
3.09760980599094e-05
3.09902206936385e-05
3.10030372929759e-05
3.10149807773996e-05
3.10250034090132e-05
3.10344876197632e-05
3.10393661493436e-05
3.10335744870827e-05
3.1031268008519e-05
3.10282630380243e-05
3.10238210659008e-05
3.10170362354256e-05
3.1007184588816e-05
3.09928036585916e-05
3.09694514726289e-05
3.09366259898525e-05
3.08967719320208e-05
3.08415728795808e-05
3.07762202282902e-05
3.07009431708138e-05
3.06657238979824e-05
3.06616348098032e-05
3.06707079289481e-05
3.06850124616176e-05
3.07006848743185e-05
3.07245900330599e-05
3.07612790493295e-05
3.081037721131e-05
3.08829366986174e-05
3.09888382616919e-05
3.11551884806249e-05
3.14084718411323e-05
3.17918857035693e-05
3.16087243845686e-05
3.02626485790825e-05
2.82883975160075e-05
2.63099100266118e-05
2.16653097595554e-05
1.59716946654953e-05
1.13096966742887e-05
7.00515647622524e-06
3.08158132611425e-06
1.88417379831662e-06
1.44626108067314e-06
8.07446440376225e-07
5.61114859465306e-07
5.31909677192743e-07
4.59296302324219e-07
4.1059979594138e-07
3.8846303596074e-07
3.42782698226074e-07
3.24157554132398e-07
2.94582292781342e-07
1.67309096354984e-07
1.78981931497901e-08
1.41074769643978e-08
1.38682008099522e-08
1.38499958168836e-08
1.38753524225876e-08
1.39685250033494e-08
1.4138412218756e-08
1.42095526456387e-08
1.42516443091267e-08
1.42553346904606e-08
1.42609311026831e-08
1.42630396382515e-08
1.42638318934019e-08
1.42641294331725e-08
1.42645752987391e-08
1.4264742276282e-08
1.45645104865366e-08
1.48399985633318e-08
1.48399985633318e-08
