0.0
1.61788224579945e-31
1.80985546194279e-06
5.59277668799041e-06
6.90763590682764e-06
9.28734425542643e-06
1.57667818712071e-05
2.28096359933261e-05
3.47748100466561e-05
4.58456015621778e-05
5.9779551520478e-05
8.57773338793777e-05
0.000115565599116962
0.000148229475598782
0.000182873933226801
0.000212058541364968
0.000236221894738264
0.000255912309512496
0.000278262188658118
0.000291373755317181
0.000300744024571031
0.000306117843138054
0.000313967117108405
0.00031182830571197
0.000305593654047698
0.000293868157314137
0.000280797074083239
0.000264392467215657
0.000244277791352943
0.00022113835439086
0.000193998086615466
0.000163687189342454
0.000130167187307961
9.28145673242398e-05
5.00432834087405e-05
9.92068726191064e-06
9.64042919804342e-06
9.69774555414915e-06
9.75311650108779e-06
9.80044296738924e-06
9.82851997832768e-06
9.86518989520846e-06
9.83278368948959e-06
9.73197620623978e-06
9.607948413759e-06
9.53496055444703e-06
9.51033507590182e-06
9.53462495090207e-06
9.59042154136114e-06
9.66915195022011e-06
9.71888130152365e-06
9.7823613032233e-06
9.82880192168523e-06
9.86176928563509e-06
9.82982692221412e-06
9.69768007053062e-06
9.60994384513469e-06
9.48676915868418e-06
9.44175462791463e-06
9.46592263062485e-06
9.49228524405044e-06
9.55531959334621e-06
9.60411398409633e-06
9.67030337051256e-06
9.72580346569885e-06
9.79418837232515e-06
9.84799771686085e-06
9.88127430900931e-06
9.90674197964836e-06
9.75572129391367e-06
9.58492273639422e-06
9.4448687377735e-06
9.31899558054283e-06
9.294353731093e-06
9.32465445657726e-06
9.34541822061874e-06
9.39456913329195e-06
9.44816110859392e-06
9.50404501054436e-06
9.5772693384788e-06
9.66099287325051e-06
9.74565682554385e-06
9.8165273811901e-06
9.87837393040536e-06
9.9325643532211e-06
9.97466122498736e-06
9.83909103524638e-06
9.64799255598336e-06
9.49743207456777e-06
9.34629770199535e-06
9.25878885027487e-06
9.25207677937578e-06
9.23868083191337e-06
9.21798982744804e-06
9.25962194742169e-06
9.29268298932584e-06
9.29759789869422e-06
9.36163178266725e-06
9.42221686273115e-06
9.49165678321151e-06
9.57978772930801e-06
9.67457253864268e-06
9.76076898950851e-06
9.84602957032621e-06
9.90283660939895e-06
