0
0.00120000005699694
0.00240000011399388
0.00359999993816018
0.00480000022798777
0.00600000005215406
0.00719999987632036
0.00839999970048666
0.00960000045597553
0.00989999994635582
0.00997500028461218
0.00997968763113022
0.00998320337384939
0.00998671911656857
0.00999199226498604
0.00999990198761225
0.0100117679685354
0.010023633018136
0.0100354980677366
0.0100473631173372
0.0100592281669378
0.0100770266726613
0.0100948242470622
0.0101126218214631
0.0101259704679251
0.010139319114387
0.0101493299007416
0.0101568382233381
0.0101643474772573
0.0101718557998538
0.0101793641224504
0.0101849958300591
0.0101906266063452
0.0101948501542211
0.0101980175822973
0.0102003933861852
0.010202769190073
0.0102063333615661
0.0102116782218218
0.0102170240134001
0.0102223688736558
0.0102277146652341
0.0102330595254898
0.0102410782128572
0.0102531053125858
0.0102711459621787
0.0102982064709067
0.0103387981653214
0.010399685241282
0.0104910163208842
0.0106280129402876
0.0108335074037313
0.011141749098897
0.0114499907940626
0.0117582324892282
0.0120664741843939
0.0125288367271423
0.0129912002012134
0.0133379716426134
0.013684744015336
0.0142049016430974
0.0149851394817233
0.016155494377017
0.0173554942011833
0.0185554940253496
0.0197554938495159
0.0209554955363274
0.0221554953604937
0.02335549518466
0.0245554950088263
0.0257554948329926
0.0269554946571589
0.0281554944813251
0.0293554943054914
0.0305554941296577
0.0317554958164692
0.0329554937779903
0.0341554954648018
0.0353554934263229
0.0365554951131344
0.0377554930746555
0.038955494761467
0.0401554964482784
0.0413554944097996
0.042555496096611
0.0437554940581322
0.0449554957449436
0.0461554937064648
0.0473554953932762
0.0485554933547974
0.0497554950416088
0.05095549300313
0.0521554946899414
0.0533554963767529
0.054555494338274
0.0557554960250854
0.0569554939866066
0.058155495673418
0.0593554936349392
0.0605554953217506
0.0617554932832718
0.0629554912447929
0.0641554966568947
0.0653554946184158
0.066555492579937
0.0677554979920387
0.0689554959535599
0.070155493915081
0.0713554918766022
0.0725554972887039
0.0737554952502251
0.0749554932117462
0.0761554911732674
0.0773554965853691
0.0785554945468903
0.0786304920911789
0.0787429958581924
0.0787429958581924
