0.0
2.51930464337247e-12
1.09067451251055e-11
1.22819072620461e-11
1.3477377200366e-11
1.43195654986328e-11
1.59857665299468e-11
2.05027175792516e-11
2.7456871845577e-11
4.47063393249625e-11
1.08446675251006e-10
2.075461469353e-10
2.70104466570942e-10
3.33692073972713e-10
4.25140145310365e-10
5.66882873975771e-10
9.01266727915129e-10
1.42390288448979e-09
2.0674093548223e-09
3.29799698661759e-09
4.67745220333882e-09
5.03900210446773e-09
5.48930367827438e-09
5.69240921066694e-09
6.22999030142068e-09
6.34248875641674e-09
6.4809788646869e-09
6.66591137843398e-09
6.89978385537415e-09
7.18768999874442e-09
7.55491136317232e-09
8.12154787865893e-09
8.8020399857669e-09
9.91996174093401e-09
1.19097967044013e-08
1.46626168984199e-08
2.00018241969246e-08
2.52249101606594e-08
2.86886763234406e-08
3.13019761222222e-08
3.33510250527524e-08
3.51443176782595e-08
3.61898777612168e-08
3.69114445675223e-08
3.75614739311914e-08
3.80026250468291e-08
3.83422822380908e-08
3.8744250474565e-08
3.92223249434664e-08
3.98038544346946e-08
4.05360474076133e-08
4.1506964976179e-08
4.30487006042313e-08
4.64707810010623e-08
4.66820928579637e-08
4.69511292067182e-08
4.72479477764409e-08
4.75632795371439e-08
4.80814712489064e-08
4.89718665619421e-08
5.0583288668804e-08
5.26488896923638e-08
5.62004416337913e-08
6.12260819821131e-08
6.68454163132992e-08
7.27466513694708e-08
7.41321457553568e-08
7.63826406569024e-08
8.25868866627388e-08
9.5509093966939e-08
1.17299173041374e-07
1.42526602076032e-07
1.85138318897771e-07
2.73287213303774e-07
3.65224593679159e-07
4.86318128878338e-07
6.2329655747817e-07
7.84279166055057e-07
9.81510083875037e-07
1.14622923774732e-06
1.29564909912006e-06
1.43461102197762e-06
1.53177313677588e-06
1.72077102433832e-06
1.87132786777511e-06
1.92837228496501e-06
1.94183371604595e-06
1.94552626453515e-06
1.94751510207425e-06
1.94885569726466e-06
1.9499534573697e-06
1.95158190763323e-06
1.95363440980145e-06
1.95628558685712e-06
1.95952884496364e-06
1.96056475942896e-06
1.96180167222337e-06
1.96326368495647e-06
1.96497398974316e-06
1.96695918930345e-06
1.96925543605175e-06
1.97191548068076e-06
1.97500435206166e-06
1.97860777007008e-06
1.98295629161294e-06
1.98837301468302e-06
1.99502642317384e-06
2.00291606233804e-06
2.01313150682836e-06
2.02566047846631e-06
2.03962395062263e-06
2.05752257897984e-06
2.08086680686392e-06
2.11229098567856e-06
2.15439422390773e-06
2.1873754576518e-06
2.20908009396226e-06
2.22526659854339e-06
2.231828375443e-06
2.23488950723549e-06
2.23649362851575e-06
2.23745087168936e-06
2.23811207433755e-06
2.23881875172083e-06
2.23965980694629e-06
2.24075256483047e-06
2.24225163947267e-06
2.24439918383723e-06
2.24760560740833e-06
2.25269627662783e-06
2.26088513954892e-06
2.27427653953782e-06
2.27972032007528e-06
2.28935164159338e-06
2.30817886404111e-06
2.31650892601465e-06
2.32550860346237e-06
2.33548348660406e-06
2.34780759456044e-06
2.34870230997331e-06
2.34966319112573e-06
2.35067909670761e-06
2.35231004808156e-06
2.35496554523706e-06
2.3591642275278e-06
2.36642449635838e-06
2.38007669395301e-06
2.40910753745993e-06
2.4255464268208e-06
2.44129569182405e-06
2.45937735599e-06
2.47879484049918e-06
2.4988396489789e-06
2.51894630309835e-06
2.53874168265611e-06
2.56743351201294e-06
2.60826936937519e-06
2.66504025603354e-06
2.68530584435211e-06
2.70422469839104e-06
2.72198940365342e-06
2.73888144874945e-06
2.75547404271492e-06
2.75968204732635e-06
2.76392233899969e-06
2.76825767286937e-06
2.77288495453831e-06
2.77410663329647e-06
2.77538356385776e-06
2.77752633337514e-06
2.78047991741914e-06
2.78606057690922e-06
2.79945788861369e-06
2.83034296444384e-06
2.85227770291385e-06
2.86804333882174e-06
2.88629667011264e-06
2.90666366709047e-06
2.92242998511938e-06
2.93484731628268e-06
2.94476626550022e-06
2.95278687190148e-06
2.96221855933254e-06
2.97278961625125e-06
2.98114446195541e-06
2.98822737931914e-06
2.99743101095373e-06
3.00578017231601e-06
3.01356408272113e-06
3.02481998915027e-06
3.04107584270241e-06
3.06442666442308e-06
3.0975259051047e-06
3.10939753944695e-06
3.12584575112851e-06
3.1417687296198e-06
3.15740112455387e-06
3.17230478685815e-06
3.19374294122099e-06
3.20941762765869e-06
3.2242469387711e-06
3.23855897477188e-06
3.25241308019031e-06
3.26579106513236e-06
3.28502551383281e-06
3.31239380102488e-06
3.35080471813853e-06
3.40433689416386e-06
3.47775903719594e-06
3.56797045242274e-06
3.68723431165563e-06
3.84627946914406e-06
4.05748369303183e-06
4.24483278038679e-06
4.3919412746618e-06
4.52419681096217e-06
4.6230929910962e-06
4.71380690214573e-06
4.79862410429632e-06
4.87994839204475e-06
4.89673084302922e-06
4.91539594804635e-06
4.92164372190018e-06
4.92666003992781e-06
4.92939852847485e-06
4.93050538352691e-06
4.93399193146615e-06
4.93787592859007e-06
4.9587142711971e-06
4.96139955430408e-06
4.96575739816763e-06
4.96819939144189e-06
4.98022473038873e-06
4.98757754030521e-06
5.00397118230467e-06
5.04506442666752e-06
5.12166661792435e-06
5.17542639499879e-06
5.19532522957888e-06
5.22495565746794e-06
5.23791186424205e-06
5.23802236784832e-06
5.23786866324372e-06
5.23774997418514e-06
5.23766584592522e-06
5.23760763826431e-06
5.23754215464578e-06
5.23744392921799e-06
5.2372956815816e-06
5.23707376487437e-06
5.23674179930822e-06
5.2362420319696e-06
5.23549442732474e-06
5.23436074217898e-06
5.23267090102308e-06
5.23012704434223e-06
5.2263153520471e-06
5.22067966812756e-06
5.21193169333856e-06
5.19879131388734e-06
5.18025080964435e-06
5.15197007189272e-06
5.12317865286605e-06
5.09374558532727e-06
5.06385049447999e-06
5.03173396282364e-06
4.99746010973467e-06
4.96032225782983e-06
4.92030267196242e-06
4.87959778183722e-06
4.84017073176801e-06
4.80065818919684e-06
4.76219474876416e-06
4.72429883302539e-06
4.68637881567702e-06
4.65102357338765e-06
4.6154987103364e-06
4.58253452961799e-06
4.54511427960824e-06
4.51253936262219e-06
4.47460070063244e-06
4.43888529844116e-06
4.40167059423402e-06
4.36589334640303e-06
4.33131526733632e-06
4.29383544542361e-06
4.2612814468157e-06
4.22430457547307e-06
4.18940271629253e-06
4.15476824855432e-06
4.12115105064004e-06
4.09093445341568e-06
4.05604123443482e-06
4.02704790758435e-06
3.99565942643676e-06
3.96328823626391e-06
3.93608252124977e-06
3.90628201785148e-06
3.88046510124695e-06
3.85351586373872e-06
3.82558573619463e-06
3.80018718715291e-06
3.77260403183755e-06
3.74633623323462e-06
3.72106501345115e-06
3.69425015378511e-06
3.66931931239378e-06
3.64447441825178e-06
3.6199135138304e-06
3.59527325599629e-06
3.56987402483355e-06
3.54720873474434e-06
3.52310257767385e-06
3.51680250787467e-06
3.50763912138063e-06
3.50763912138063e-06
