-0.0
2.7954739531308e-16
0.0164503008127213
0.0392539501190186
0.0551903136074543
0.0642284527420998
0.0701672360301018
0.0748031884431839
0.078873410820961
0.0899419337511063
0.106405973434448
0.121466234326363
0.134913042187691
0.139710605144501
0.136850163340569
0.133661612868309
0.131715148687363
0.123541414737701
0.11358367651701
0.104905009269714
0.0965622663497925
0.0862879902124405
0.0766270533204079
0.0681405290961266
0.0578805431723595
0.0476062744855881
0.0374636128544807
0.0272595956921577
0.0171220507472754
0.0069768326357007
-5.92127889831318e-07
-6.01356532570207e-07
-6.20595528744161e-07
-6.30409886070993e-07
-6.37221546639921e-07
-6.32215233054012e-07
-6.24071162746986e-07
-6.03431544732302e-07
-5.78417257202091e-07
-5.47648141946411e-07
-5.1058941608062e-07
-4.69560745841591e-07
-4.25951157012605e-07
-3.94211156162783e-07
-4.02334080717992e-07
-4.16320517615532e-07
-4.49591425422113e-07
-4.71864950668532e-07
-4.89716512674931e-07
-4.98911504109856e-07
-5.04799572809134e-07
-4.98588178743375e-07
-4.89396597913583e-07
-4.73622321806033e-07
-4.60132241641986e-07
-4.38344613939989e-07
-4.01613760914188e-07
-3.73764123651199e-07
-3.35227014147677e-07
-3.09056531477836e-07
-2.9354055186559e-07
-2.8768749871233e-07
-3.13150621877867e-07
-3.19604168907972e-07
-3.27979705616599e-07
-3.34773631038843e-07
-3.32721810991643e-07
-3.37022129315301e-07
-3.1744616535434e-07
-2.97064616461284e-07
-2.75834963758825e-07
-2.5546933102305e-07
-2.3999496079341e-07
-2.25677013077075e-07
-2.12671011468046e-07
-1.98096586245811e-07
-2.07367293114658e-07
-2.02287083084229e-07
-1.78950813278789e-07
-1.88077137863729e-07
-1.6120702639455e-07
-1.56423993757926e-07
-1.78106802195543e-07
-1.69959093909711e-07
-1.4707188711327e-07
-1.47527998706209e-07
-1.51025005834526e-07
-1.52591155710979e-07
-1.55960378833697e-07
-1.60997842613142e-07
-1.59367345986539e-07
-1.56724809130537e-07
-1.54410372488201e-07
-1.74221440829569e-07
-1.79402377398219e-07
-1.74910610439838e-07
-2.04476691578748e-07
-2.01524699150468e-07
-1.86678107638727e-07
-2.11503447644645e-07
-1.86147417480242e-07
-1.63993945534457e-07
-1.30612761495286e-07
