0.0
1.32436572625788e-26
1.07977086827304e-06
1.1344324775564e-05
3.0628278182121e-05
5.84066438023001e-05
0.000101916200947016
0.000114945280074608
0.000128333733300678
0.000141736003570259
0.000144209901918657
0.000146659062011167
0.000149077619425952
0.000150275533087552
0.000151734158862382
0.000151925662066787
0.00015211732534226
0.00015230909048114
0.000152596971020103
0.000153029221110046
0.000153678774950095
0.000154656154336408
0.00015612797869835
0.000156497248099186
0.000156866619363427
0.000157421556650661
0.000157456262968481
0.000157456262968481
