0.0
5.5423470257665e-07
2.15718401364029e-07
-1.63503727890202e-07
4.8350131010011e-08
1.02109275701423e-07
3.00615035087048e-08
-4.11985041637308e-07
-4.05649961976451e-06
-7.85359679866815e-06
-1.11651634142618e-05
-1.42327426146949e-05
-1.57025424414314e-05
-1.96852015506011e-05
-2.27621185331373e-05
-2.61029272223823e-05
-3.11094518110622e-05
-3.8571422919631e-05
-4.33956411143299e-05
-4.73681029689033e-05
-4.8267982492689e-05
-4.9190224672202e-05
-4.94253654323984e-05
-4.96734464832116e-05
-4.99158413731493e-05
-5.01581853313837e-05
-5.03430201206356e-05
-5.05293282913044e-05
-5.07202821609098e-05
-5.08681587234605e-05
-5.10140562255401e-05
-5.11599573655985e-05
-5.13037484779488e-05
-5.14466919412371e-05
-5.15890424139798e-05
-5.17299085913692e-05
-5.18688866577577e-05
-5.20079338457435e-05
-5.21477013535332e-05
-5.2288560254965e-05
-5.24304086866323e-05
-5.25721952726599e-05
-5.27119227626827e-05
-5.28516029589809e-05
-5.29935678059701e-05
-5.30484321643598e-05
-5.3139196097618e-05
-5.32125013705809e-05
-5.32904450665228e-05
-5.33732236362994e-05
-5.34544051333796e-05
-5.35317958565429e-05
-5.36050101800356e-05
-5.36753723281436e-05
-5.37767591595184e-05
-5.39239299541805e-05
-5.41363297088537e-05
-5.44336180610117e-05
-5.44611539226025e-05
-5.44889844604768e-05
-5.45177354069892e-05
-5.45473303645849e-05
-5.45779439562466e-05
-5.46095907338895e-05
-5.46423434570897e-05
-5.46762530575506e-05
-5.47113158972934e-05
-5.47474774066359e-05
-5.47846939298324e-05
-5.48231037100777e-05
-5.48627867829055e-05
-5.49040996702388e-05
-5.4947318858467e-05
-5.49932519788854e-05
-5.5043819884304e-05
-5.51033008377999e-05
-5.51573393750004e-05
-5.52138517377898e-05
-5.52824858459644e-05
-5.53664976905566e-05
-5.54417565581389e-05
-5.55105470994022e-05
-5.55753831577022e-05
-5.56691302335821e-05
-5.58075480512343e-05
-5.60104635951575e-05
-5.63447720196564e-05
-5.65750524401665e-05
-5.67826973565388e-05
-5.68561408726964e-05
-5.68850919080433e-05
-5.6915137975011e-05
-5.6946519180201e-05
-5.69796793570276e-05
-5.70154370507225e-05
-5.70610500290059e-05
-5.71034288441297e-05
-5.71353957639076e-05
-5.71648342884146e-05
-5.71930177102331e-05
-5.72333192394581e-05
-5.72912140341941e-05
-5.73816942051053e-05
-5.74863443034701e-05
-5.75842095713597e-05
-5.76807651668787e-05
-5.7743993238546e-05
-5.7807224948192e-05
-5.78781655349303e-05
-5.79433544771746e-05
-5.80021151108667e-05
-5.80564774281811e-05
-5.81229105591774e-05
-5.81836902711075e-05
-5.82402171858121e-05
-5.83206019655336e-05
-5.84375593462028e-05
-5.86067289987113e-05
-5.88524162594695e-05
-5.92357791902032e-05
-5.96470599703025e-05
-6.01120445935521e-05
-6.05204440944362e-05
-6.09883718425408e-05
-6.14388263784349e-05
-6.17286641499959e-05
-6.19965139776468e-05
-6.22565275989473e-05
-6.27298722974956e-05
-6.32282317383215e-05
-6.35884061921388e-05
-6.36567347100936e-05
-6.37125049252063e-05
-6.37746634311043e-05
-6.38439087197185e-05
-6.392350042006e-05
-6.39955178485252e-05
-6.40820580883883e-05
-6.41337974229828e-05
-6.4177620515693e-05
-6.42360173515044e-05
-6.43191742710769e-05
-6.444426253438e-05
-6.46446424070746e-05
-6.48477362119593e-05
-6.50534930173308e-05
-6.53624883852899e-05
-6.58816861687228e-05
-6.65820698486641e-05
-6.71508532832377e-05
-6.76779382047243e-05
-6.81772726238705e-05
-6.86621715431102e-05
-6.93494075676426e-05
-7.03409968991764e-05
-7.12460023351014e-05
-7.21202522981912e-05
-7.29771199985407e-05
-7.41959229344502e-05
-7.59127215133049e-05
-7.83491996116936e-05
-8.10785713838413e-05
-8.46045222715475e-05
-8.85143599589355e-05
-9.21267856028862e-05
-9.68381064012647e-05
-0.000101692996395286
-0.000106828680145554
-0.000112479836388957
-0.000117891962872818
-0.00012314559717197
-0.000128257262986153
-0.000134306596009992
-0.000143096229294315
-0.000149968254845589
-0.000156884809257463
-0.000163613542099483
-0.000169958962942474
-0.000176452333107591
-0.000183248426765203
-0.000190908554941416
-0.000198606881895103
-0.000205797608941793
-0.000212770828511566
-0.000220283502130769
-0.000234522492974065
-0.000239006461924873
-0.000243280446738936
-0.000247151067014784
-0.000248072145041078
-0.000249008910031989
-0.000249978271313012
-0.000251471996307373
-0.000253818929195404
-0.000257306935964152
-0.000262758694589138
-0.000272781791863963
-0.000275155063718557
-0.000275806232821196
-0.000276451755780727
-0.000277075741905719
-0.000277998595265672
-0.000278675346635282
-0.000279683241387829
-0.000281200627796352
-0.00028357480186969
-0.000287074624793604
-0.000293326302198693
-0.000295952922897413
-0.000298623053822666
-0.000301307911286131
-0.000304023589706048
-0.000306806585285813
-0.000309782160911709
-0.000313078257022426
-0.00031825018231757
-0.000325545523082837
-0.000332706520566717
-0.000340852595400065
-0.00034342217259109
-0.000346341985277832
-0.000349525624187663
-0.000352885544998571
-0.000356565200490877
-0.000360614125384018
-0.000364962499588728
-0.000369530695024878
-0.000374181399820372
-0.000378888682462275
-0.000385942403227091
-0.000396521470975131
-0.000400466204155236
-0.000406274892156944
-0.000414763169828802
-0.000421099859522656
-0.000427434250013903
-0.000436838803580031
-0.000446216406999156
-0.000455587491160259
-0.000465093267848715
-0.00047235595411621
-0.000479402602650225
-0.000486022472614422
-0.000492593157105148
-0.000499104615300894
-0.000505732314195484
-0.000512360013090074
-0.000519038061611354
-0.000529010547325015
-0.000543437839951366
-0.000563158129807562
-0.000591545423958451
-0.000632758601568639
-0.000693106732796878
-0.000779358961153775
-0.000896243844181299
-0.00106717413291335
-0.0013416048604995
-0.00169376342091709
-0.00197801738977432
-0.00220620702020824
-0.00237717083655298
-0.00247676530852914
-0.00248407130129635
-0.00248416839167476
-0.00248427735641599
-0.00248442334122956
-0.00248441635631025
-0.00248430483043194
-0.00248418981209397
-0.00248405104503036
-0.00248383684083819
-0.00248367991298437
-0.0024835413787514
-0.00248348782770336
-0.00248357676900923
-0.00248372741043568
-0.00248400447890162
-0.00248429737985134
-0.00248454278334975
-0.00248461891897023
-0.0024845136795193
-0.00248434627428651
-0.00248420285061002
-0.00248400494456291
-0.00248379865661263
-0.00248359795659781
-0.00248343660496175
-0.00248345569707453
-0.00248356978408992
-0.00248380401171744
-0.00248411973007023
-0.00248443195596337
-0.00248469435609877
-0.00248479493893683
-0.00248477631248534
-0.00248475652188063
-0.00248465919867158
-0.00248447596095502
-0.00248423335142434
-0.00248398911207914
-0.00248373672366142
-0.00248359562829137
-0.00248363078571856
-0.00248373718932271
-0.00248397514224052
-0.00248429831117392
-0.0024846454616636
-0.00248503149487078
-0.00248531647957861
-0.00248542451299727
-0.00248540262691677
-0.00248522777110338
-0.00248504197224975
-0.00248483824543655
-0.0024846235755831
-0.00248440867289901
-0.00248418399132788
-0.00248394114896655
-0.00248379353433847
-0.00248379539698362
-0.00248388387262821
-0.00248404196463525
-0.00248436676338315
-0.00248480332084
-0.00248526525683701
-0.00248580612242222
-0.00248626945540309
-0.00248640892095864
-0.00248622614890337
-0.00248599913902581
-0.00248577585443854
-0.00248555815778673
-0.00248534721322358
-0.00248512998223305
-0.0024849227629602
-0.00248471251688898
-0.00248448271304369
-0.00248427456244826
