0.0
-4.00452310335729e-32
-1.16732826427324e-06
-1.35722723371146e-06
-2.76309106084227e-06
-4.60875844510156e-06
-6.19666525381035e-06
-6.74132388667203e-06
-7.4782155934372e-06
-8.49703246785793e-06
-9.76332194113638e-06
-1.02719050119049e-05
-1.11363988253288e-05
-1.1373711458873e-05
-1.16196770250099e-05
-1.19912601803662e-05
-1.24279977171682e-05
-1.28074107124121e-05
-1.31636043079197e-05
-1.35257660076604e-05
-1.38939331009169e-05
-1.42597109515918e-05
-1.46256206789985e-05
-1.46264101203997e-05
-1.46264137583785e-05
-1.46264164868626e-05
-1.46264173963573e-05
-1.46264192153467e-05
-1.46264210343361e-05
-1.46264246723149e-05
-1.4626427400799e-05
-1.46264292197884e-05
-1.46264337672619e-05
-1.46264355862513e-05
-1.46264383147354e-05
-1.46264428622089e-05
-1.4626445590693e-05
-1.46264492286718e-05
-1.46264537761454e-05
-1.46264574141242e-05
-1.46264601426083e-05
-1.46264637805871e-05
-1.46264674185659e-05
-1.46264710565447e-05
-1.46264737850288e-05
-1.4626479241997e-05
-1.46264874274493e-05
-1.46264983413857e-05
-1.46265165312798e-05
-1.46265419971314e-05
-1.46265683724778e-05
-1.46265947478241e-05
-1.46266211231705e-05
-1.46266465890221e-05
-1.46266729643685e-05
-1.46267129821354e-05
-1.46267520904075e-05
-1.46267620948493e-05
-1.46267693708069e-05
-1.46267775562592e-05
-1.46267848322168e-05
-1.46267921081744e-05
-1.46268039316055e-05
-1.46268066600896e-05
-1.46268093885737e-05
-1.46268102980684e-05
-1.46268121170579e-05
-1.46268139360473e-05
-1.4626814845542e-05
-1.46268157550367e-05
-1.46268175740261e-05
-1.46268184835208e-05
-1.46268203025102e-05
-1.46268212120049e-05
-1.4626823940489e-05
-1.46268257594784e-05
-1.46268266689731e-05
-1.46268284879625e-05
-1.46268293974572e-05
-1.46268312164466e-05
-1.4626833035436e-05
-1.46268357639201e-05
-1.46268366734148e-05
-1.46268375829095e-05
-1.46268412208883e-05
-1.46268412208883e-05
-1.46268412208883e-05
-1.46268448588671e-05
-1.46268448588671e-05
-1.46268457683618e-05
-1.46268484968459e-05
-1.46268484968459e-05
-1.46268484968459e-05
-1.462685122533e-05
-1.46268521348247e-05
-1.46268530443194e-05
-1.46268530443194e-05
-1.46268530443194e-05
-1.46268539538141e-05
-1.46268557728035e-05
-1.46268575917929e-05
-1.46268594107823e-05
-1.46268621392664e-05
-1.46268639582559e-05
-1.46268657772453e-05
-1.462686668674e-05
-1.46268685057294e-05
-1.46268712342135e-05
-1.46268730532029e-05
-1.46268739626976e-05
-1.46268766911817e-05
-1.46268776006764e-05
-1.46268785101711e-05
-1.46268803291605e-05
-1.46268830576446e-05
-1.4626884876634e-05
-1.46268866956234e-05
-1.46268876051181e-05
-1.46268885146128e-05
-1.46268903336022e-05
-1.46268921525916e-05
-1.46268930620863e-05
-1.4626893971581e-05
-1.46268957905704e-05
-1.46268967000651e-05
-1.46268976095598e-05
-1.46268994285492e-05
-1.46269012475386e-05
-1.4626903066528e-05
-1.46269039760227e-05
-1.46269039760227e-05
-1.46269048855174e-05
-1.46269057950121e-05
-1.46269076140015e-05
-1.46269076140015e-05
-1.46269085234962e-05
-1.46269103424856e-05
-1.4626912161475e-05
-1.46269139804645e-05
-1.46269148899592e-05
-1.46269148899592e-05
-1.46269167089486e-05
-1.46269176184433e-05
-1.4626918527938e-05
-1.46269194374327e-05
-1.46269203469274e-05
-1.46269221659168e-05
-1.46269230754115e-05
-1.46269239849062e-05
-1.46269248944009e-05
-1.46269248944009e-05
-1.46269258038956e-05
-1.46269285323797e-05
-1.46269303513691e-05
-1.46269312608638e-05
-1.46269312608638e-05
-1.46269330798532e-05
-1.46269348988426e-05
-1.46269358083373e-05
-1.46269376273267e-05
-1.46269385368214e-05
-1.46269394463161e-05
-1.46269412653055e-05
-1.46269412653055e-05
-1.46269430842949e-05
-1.46269430842949e-05
-1.4626945812779e-05
-1.46269485412631e-05
-1.46269485412631e-05
-1.46269494507578e-05
-1.46269503602525e-05
-1.46269530887366e-05
-1.46269539982313e-05
-1.46269567267154e-05
-1.46269558172207e-05
-1.46269603646942e-05
-1.46269603646942e-05
-1.46269621836836e-05
-1.46269658216625e-05
-1.46269667311572e-05
-1.46269676406519e-05
-1.46269694596413e-05
-1.46269712786307e-05
-1.46269721881254e-05
-1.46269740071148e-05
-1.46269767355989e-05
-1.46269785545883e-05
-1.46269803735777e-05
-1.46269812830724e-05
-1.46269821925671e-05
-1.46269831020618e-05
-1.46269849210512e-05
-1.46269858305459e-05
-1.46269867400406e-05
-1.46269876495353e-05
-1.46269876495353e-05
-1.46269894685247e-05
-1.46269903780194e-05
-1.46269921970088e-05
-1.46269931065035e-05
-1.46269940159982e-05
-1.46269940159982e-05
-1.46269931065035e-05
-1.46269949254929e-05
-1.46269949254929e-05
-1.46269949254929e-05
-1.46269940159982e-05
-1.46269958349876e-05
-1.46269958349876e-05
-1.4626997653977e-05
-1.46269985634717e-05
-1.46270012919558e-05
-1.46270040204399e-05
-1.46270049299346e-05
-1.46270058394293e-05
-1.46270076584187e-05
-1.46270094774081e-05
-1.46270094774081e-05
-1.46270103869028e-05
-1.46270112963975e-05
-1.46270122058922e-05
-1.46270149343763e-05
-1.46270167533658e-05
-1.46270176628605e-05
-1.46270194818499e-05
-1.46270213008393e-05
-1.4627022210334e-05
-1.4627022210334e-05
-1.46270231198287e-05
-1.46270240293234e-05
-1.46270249388181e-05
-1.46270258483128e-05
-1.46270276673022e-05
-1.46270285767969e-05
-1.46270294862916e-05
-1.46270303957863e-05
-1.46270303957863e-05
-1.4627031305281e-05
-1.46270340337651e-05
-1.46270358527545e-05
-1.46270376717439e-05
-1.46270385812386e-05
-1.4627040400228e-05
-1.46270413097227e-05
-1.46270422192174e-05
-1.46270431287121e-05
-1.46270440382068e-05
-1.46270449477015e-05
-1.46270476761856e-05
-1.4627049495175e-05
-1.46270504046697e-05
-1.46270513141644e-05
-1.46270531331538e-05
-1.46270549521432e-05
-1.46270558616379e-05
-1.46270576806273e-05
-1.46270576806273e-05
-1.4627058590122e-05
-1.46270604091114e-05
-1.46270622281008e-05
-1.46270631375955e-05
-1.46270640470902e-05
-1.46270667755743e-05
-1.46270685945638e-05
-1.46270685945638e-05
-1.46270695040585e-05
-1.46270704135532e-05
-1.46270713230479e-05
-1.46270722325426e-05
-1.4627074051532e-05
-1.46270749610267e-05
-1.46270758705214e-05
-1.46270785990055e-05
-1.46270804179949e-05
-1.46270813274896e-05
-1.46270822369843e-05
-1.46270849654684e-05
-1.46270858749631e-05
-1.46270858749631e-05
-1.46270886034472e-05
-1.46270895129419e-05
-1.46270904224366e-05
-1.46270904224366e-05
-1.46270913319313e-05
-1.46270913319313e-05
-1.4627092241426e-05
-1.4627092241426e-05
-1.46270931509207e-05
-1.46270940604154e-05
-1.46270958794048e-05
-1.46270986078889e-05
-1.46270995173836e-05
-1.46271004268783e-05
-1.46271022458677e-05
-1.46271040648571e-05
-1.46271049743518e-05
-1.46271058838465e-05
-1.46271067933412e-05
-1.46271077028359e-05
-1.46271086123306e-05
-1.46271122503094e-05
-1.46271140692988e-05
-1.46271167977829e-05
-1.46271186167723e-05
-1.46271177072776e-05
-1.46271204357618e-05
-1.46271213452565e-05
-1.46271231642459e-05
-1.462712589273e-05
-1.46271277117194e-05
-1.46271304402035e-05
-1.46271331686876e-05
-1.46271340781823e-05
-1.46271358971717e-05
-1.46271358971717e-05
-1.46271368066664e-05
-1.46271377161611e-05
-1.46271395351505e-05
-1.46271404446452e-05
-1.46271404446452e-05
-1.46271422636346e-05
-1.4627144082624e-05
-1.46271449921187e-05
-1.46271449921187e-05
-1.46271459016134e-05
-1.46271477206028e-05
-1.46271477206028e-05
-1.46271495395922e-05
-1.46271522680763e-05
-1.4627153177571e-05
-1.4627153177571e-05
-1.46271549965604e-05
-1.46271549965604e-05
-1.46271559060551e-05
-1.46271577250445e-05
-1.46271595440339e-05
-1.4627162272518e-05
-1.46271631820127e-05
-1.46271640915074e-05
-1.46271650010021e-05
-1.46271659104968e-05
-1.46271686389809e-05
-1.46271713674651e-05
-1.46271731864545e-05
-1.46271740959492e-05
-1.46271768244333e-05
-1.46271786434227e-05
-1.46271795529174e-05
-1.46271822814015e-05
-1.46271841003909e-05
-1.46271850098856e-05
-1.46271850098856e-05
-1.46271859193803e-05
-1.4627186828875e-05
-1.4627186828875e-05
-1.46271886478644e-05
-1.46271895573591e-05
-1.46271904668538e-05
-1.46271922858432e-05
-1.46271931953379e-05
-1.46271941048326e-05
-1.46271950143273e-05
-1.4627195923822e-05
-1.46271977428114e-05
-1.46271986523061e-05
-1.46272022902849e-05
-1.46272031997796e-05
-1.46272041092743e-05
-1.4627205018769e-05
-1.46272077472531e-05
-1.46272086567478e-05
-1.46272095662425e-05
-1.46272104757372e-05
-1.46272113852319e-05
-1.4627214113716e-05
-1.46272168422001e-05
-1.46272186611895e-05
-1.46272204801789e-05
-1.46272213896737e-05
-1.46272241181578e-05
-1.46272259371472e-05
-1.46272277561366e-05
-1.46272286656313e-05
-1.4627229575126e-05
-1.46272313941154e-05
-1.46272341225995e-05
-1.46272359415889e-05
-1.46272368510836e-05
-1.46272377605783e-05
-1.4627238670073e-05
-1.46272395795677e-05
-1.46272404890624e-05
-1.46272423080518e-05
-1.46272441270412e-05
-1.46272468555253e-05
-1.46272468555253e-05
-1.46272486745147e-05
-1.46272514029988e-05
-1.46272514029988e-05
-1.46272532219882e-05
-1.46272541314829e-05
-1.46272559504723e-05
-1.46272577694617e-05
-1.46272586789564e-05
-1.46272604979458e-05
-1.46272623169352e-05
-1.46272632264299e-05
-1.46272641359246e-05
-1.4627265954914e-05
-1.46272668644087e-05
-1.46272677739034e-05
-1.46272705023875e-05
-1.46272723213769e-05
-1.46272732308717e-05
-1.46272750498611e-05
-1.46272777783452e-05
-1.46272786878399e-05
-1.46272795973346e-05
-1.46272805068293e-05
-1.4627281416324e-05
-1.46272832353134e-05
-1.46272850543028e-05
-1.46272859637975e-05
-1.46272868732922e-05
-1.46272877827869e-05
-1.46272896017763e-05
-1.4627290511271e-05
-1.46272941492498e-05
-1.46272950587445e-05
-1.46272968777339e-05
-1.4627299606218e-05
-1.46273005157127e-05
-1.46273014252074e-05
-1.46273041536915e-05
-1.46273068821756e-05
-1.46273077916703e-05
-1.46273096106597e-05
-1.46273114296491e-05
-1.46273123391438e-05
-1.46273123391438e-05
-1.46273132486385e-05
-1.46273132486385e-05
-1.46273159771226e-05
-1.46273159771226e-05
-1.46273187056067e-05
-1.46273187056067e-05
-1.46273205245961e-05
-1.46273214340908e-05
-1.4627324162575e-05
-1.46273259815644e-05
-1.46273259815644e-05
-1.46273287100485e-05
-1.46273296195432e-05
-1.46273296195432e-05
-1.46273314385326e-05
-1.46273323480273e-05
-1.46273341670167e-05
-1.46273350765114e-05
-1.46273368955008e-05
-1.46273387144902e-05
-1.46273387144902e-05
-1.46273414429743e-05
-1.46273414429743e-05
-1.46273441714584e-05
-1.46273450809531e-05
-1.46273450809531e-05
-1.46273450809531e-05
-1.46273468999425e-05
-1.46273468999425e-05
-1.46273487189319e-05
-1.46273496284266e-05
-1.46273505379213e-05
-1.4627351447416e-05
-1.4627351447416e-05
-1.46273541759001e-05
-1.46273541759001e-05
-1.46273541759001e-05
-1.46273578138789e-05
-1.46273569043842e-05
-1.46273578138789e-05
-1.46273578138789e-05
-1.46273578138789e-05
-1.46273587233736e-05
-1.46273587233736e-05
-1.46273587233736e-05
-1.46273596328683e-05
-1.46273614518577e-05
-1.46273632708471e-05
-1.46273650898365e-05
-1.46273669088259e-05
-1.46273678183206e-05
-1.46273687278153e-05
-1.462736963731e-05
-1.46273705468047e-05
-1.46273723657941e-05
-1.46273741847835e-05
-1.46273750942782e-05
-1.46273750942782e-05
-1.4627376003773e-05
-1.46273769132677e-05
-1.46273787322571e-05
