0.0
1.04171331653868e-18
2.11349485513882e-18
2.19882866828617e-18
2.79729084340374e-09
5.25524477268391e-08
2.74243944886621e-07
9.91452566267981e-07
2.50903963205928e-06
4.88454452352016e-06
7.84745952842059e-06
1.09948223325773e-05
1.40042338898638e-05
1.68552578543313e-05
2.00074919121107e-05
2.3839900677558e-05
2.84645266219741e-05
3.54398762283381e-05
4.43594981334172e-05
5.52001401956659e-05
6.74421098665334e-05
8.16060492070392e-05
9.86265513347462e-05
0.00012008027988486
0.000149697691085748
0.000187877856660634
0.000234168634051457
0.000287810893496498
0.00036032497882843
0.000451710191555321
0.000572480668779463
0.000737346708774567
0.000784150208346546
0.000890438968781382
0.000928030756767839
0.000985087594017386
0.00100718543399125
0.0010155844502151
0.00102798012085259
0.0010329483775422
0.00103480543475598
0.00103768741246313
0.00103877566289157
0.00104044750332832
0.00104303716216236
0.00104573380667716
0.00104845059104264
0.00105118774808943
0.00105537672061473
0.0010595495114103
0.00106376130133867
0.00106804922688752
0.00107230513822287
0.00107660819776356
0.00108094397000968
0.00108534644823521
0.00109191937372088
0.00109441333916038
0.0010981970699504
0.00110384554136544
0.00110598816536367
0.00110922381281853
0.00111407937947661
0.00112139922566712
0.0011288842651993
0.00113635940942913
0.00114391348324716
0.00115157209802419
0.00115938310045749
0.00116717489436269
0.00117910769768059
0.00119713379535824
0.001224429695867
0.00126667367294431
0.00133237242698669
0.00143549870699644
0.00159367092419416
0.00183547125197947
0.00213498086668551
0.00264587835408747
0.00315332808531821
0.00364326662383974
0.00376257486641407
0.00393828982487321
0.00420017074793577
0.00458670221269131
0.00502785993739963
0.00544903241097927
0.0058505549095571
0.00626458832994103
0.0066812033765018
0.00703961495310068
0.0073809209279716
0.0077069322578609
0.00800428446382284
0.00828045979142189
0.00853497721254826
0.00876585952937603
0.00888328440487385
0.00892953295260668
0.00909502524882555
0.00910555385053158
0.00922106485813856
0.00932938512414694
0.00941525399684906
0.00948388502001762
0.00948482565581799
0.00948517583310604
0.0094857020303607
0.0094864871352911
0.00948765873908997
0.0094894040375948
0.0094919940456748
0.00949581805616617
0.00950141903012991
0.00950347818434238
0.0095065264031291
0.00950766075402498
0.00950808543711901
0.00950872246176004
0.00950967520475388
0.00951109826564789
0.00951320864260197
0.00951633602380753
0.00951749738305807
0.00951923150569201
0.00952179543673992
0.00952552910894156
0.00952587369829416
0.00952638871967793
0.00952715706080198
0.00952829886227846
0.00952997710555792
0.00953060574829578
0.00953153520822525
0.00953290984034538
0.00953490566462278
0.00953783094882965
0.0095420628786087
0.00954360328614712
0.00954586360603571
0.00954669620841742
0.00954700727015734
0.00954712275415659
0.00954729598015547
0.00954755302518606
0.00954793766140938
0.00954851135611534
0.00954936444759369
0.00955062638968229
0.00955248065292835
0.00955517683178186
0.00955902691930532
0.00956436526030302
0.00957139674574137
0.00952858850359917
0.00949929654598236
0.00938894227147102
0.0093891778960824
0.00935781840234995
0.00932396482676268
0.00926033686846495
0.00922970380634069
0.00922977551817894
0.00919743813574314
0.0091975899413228
0.00916588865220547
0.0091661736369133
0.00910279154777527
0.00907155871391296
0.00907266326248646
0.00907276943325996
0.00907293055206537
0.00907317362725735
0.00907353684306145
0.00907408352941275
0.00907490309327841
0.00907613430172205
0.00907798483967781
0.00908077973872423
0.00908183865249157
0.00908342190086842
0.00908580794930458
0.00908941123634577
0.00909077655524015
0.0090928366407752
0.00909595377743244
0.00909713935106993
0.00909892842173576
0.00910163205116987
0.00910574849694967
0.00910731963813305
0.00910970009863377
0.00911333039402962
0.00911471992731094
0.00911681167781353
0.00911999400705099
0.00912121217697859
0.00912167131900787
0.00912235863506794
0.00912339612841606
0.00912496261298656
0.00912733655422926
0.00913096033036709
0.00913235172629356
0.0091344378888607
0.00913522951304913
0.00913641788065434
0.00913821160793304
0.00914092734456062
0.00914507824927568
0.00914666336029768
0.00914906430989504
0.00914929341524839
0.0091496342793107
0.00915014650672674
0.00915091671049595
0.00915207806974649
0.0091521879658103
0.00915235187858343
0.0091525986790657
0.00915296841412783
0.00915352441370487
0.00915436074137688
0.00915562082082033
0.00915752351284027
0.00916040316224098
0.00916149374097586
0.00916314031928778
0.00916562508791685
0.0091693876311183
0.00917081255465746
0.00917296204715967
0.00917377695441246
0.00917385146021843
0.00917396601289511
0.00917413737624884
0.00917439535260201
0.00917478278279305
0.00917536299675703
0.00917623750865459
0.00917755253612995
0.00917953159660101
0.0091825108975172
0.009187001734972
0.00918871816247702
0.00918936915695667
0.00919034238904715
0.00919179432094097
0.00919395498931408
0.00919477082788944
0.00919599551707506
0.00919645372778177
0.00919714476913214
0.00917726010084152
0.00913805142045021
0.00907985493540764
0.00900247413665056
0.0089654978364706
0.00892707053571939
0.00888857059180737
0.0088888481259346
0.00888895150274038
0.00888899061828852
0.00888904929161072
0.00884850323200226
0.00884863454848528
0.00884883012622595
0.00881021749228239
0.00877132266759872
0.00877198483794928
0.00873405300080776
0.00865729432553053
0.00858244299888611
0.00858579389750957
0.00859079975634813
0.00859268289059401
0.00859549269080162
0.00859965663403273
0.00860121659934521
0.00860354024916887
0.0086069917306304
0.00860731769353151
0.00860780291259289
0.00860853120684624
0.00860961806029081
0.00861123949289322
0.0086136506870389
0.00861455406993628
0.00861589796841145
0.00861789658665657
0.00861864537000656
0.00861976202577353
0.00862142164260149
0.00862204376608133
0.00862297043204308
0.00862435065209866
0.00862639769911766
0.00862941425293684
0.0086305383592844
0.00863220449537039
0.00863282661885023
0.00863375049084425
0.00863511580973864
0.00863712932914495
0.00864006206393242
0.00864114426076412
0.00864274427294731
0.00864509120583534
0.00864849518984556
0.00864976365119219
0.00865162443369627
0.00865433271974325
0.00865818373858929
0.00865959655493498
0.00866012368351221
0.00866090133786201
0.00866204965859652
0.0086637269705534
0.00866434630006552
0.00866525061428547
0.008666574023664
0.00866706669330597
0.00866779312491417
0.00866884831339121
0.00867037195712328
0.0086709363386035
0.00867176428437233
0.00867296941578388
0.00867470912635326
0.00867535080760717
0.00867558922618628
0.00867594219744205
0.00867646560072899
0.00867723673582077
0.00867836643010378
0.00867878738790751
0.00867940485477448
0.00868030451238155
0.00868063792586327
0.00868112780153751
0.00868184305727482
0.00868286937475204
0.00868325121700764
0.00868380162864923
0.00868459977209568
0.00868571270257235
0.0086861252784729
0.00868627708405256
0.00868649501353502
0.00868682283908129
0.00868729315698147
0.00868798885494471
0.00868896022439003
0.0086902929469943
0.00869076978415251
0.00869149249047041
0.00869172904640436
0.00869213510304689
0.008692666888237
0.00869343709200621
0.00869446620345116
0.00869482010602951
0.00869532581418753
0.00869602337479591
0.00869627110660076
0.00862485636025667
0.00860165804624557
0.00860167015343904
0.00860168784856796
0.00857848115265369
0.0085785211995244
0.00850837863981724
0.00850840285420418
0.00850843917578459
0.00850845314562321
0.00850847456604242
0.00850850529968739
0.00850855279713869
0.00850862264633179
0.00841642264276743
0.00832357816398144
0.0082780197262764
0.00827810913324356
0.00809425115585327
0.00800227466970682
0.00795732904225588
0.00795742124319077
0.00795745756477118
0.00795751065015793
0.007957530207932
0.00795756001025438
0.00795757118612528
0.00795757584273815
0.0079575814306736
0.00795759074389935
0.00795760564506054
0.00795762613415718
0.00795765873044729
0.00795771274715662
0.00795780494809151
0.00795794371515512
0.00795815046876669
0.00795822497457266
0.00795833952724934
0.00795850530266762
0.00795874837785959
0.00795909110456705
0.00795957259833813
0.00795974675565958
0.0079599991440773
0.00796035770326853
0.00796049553900957
0.00796068925410509
0.0079609639942646
0.00796106550842524
0.0079612098634243
0.00796141661703587
0.00796161219477654
