0.0
7.62080674121535e-07
7.62385582220304e-07
1.08382687358244e-06
1.60045340180659e-06
2.12992767956166e-06
3.51441963175603e-06
6.49514367978554e-06
1.07693422251032e-05
1.60787385539152e-05
2.03202816919656e-05
2.45638311753282e-05
2.9113414711901e-05
3.44047257385682e-05
4.11226537835319e-05
5.11967336933594e-05
5.43435853614938e-05
5.5178847105708e-05
5.60273292649072e-05
5.62523055123165e-05
5.64222536922898e-05
5.65955378988292e-05
5.67739662074018e-05
5.69142939639278e-05
5.70304327993654e-05
5.71614727959968e-05
5.72765093238559e-05
5.73754477954935e-05
5.74586738366634e-05
5.75311460124794e-05
5.75958110857755e-05
5.76548263779841e-05
5.77093378524296e-05
5.7760851632338e-05
5.78106264583766e-05
5.78829567530192e-05
5.79899424337782e-05
5.81499443796929e-05
5.83898654440418e-05
5.87497052038088e-05
5.92868454987183e-05
6.00936145929154e-05
6.1313112382777e-05
6.14513701293617e-05
6.15545577602461e-05
6.16555116721429e-05
6.18043195572682e-05
6.20249702478759e-05
6.22532752458937e-05
6.22975348960608e-05
6.23422893113457e-05
6.23877494945191e-05
6.24579333816655e-05
6.2534811149817e-05
6.26412875135429e-05
6.27467161393724e-05
6.28428679192439e-05
6.29277928965166e-05
6.30071372142993e-05
6.30812792223878e-05
6.31793664069846e-05
6.32650699117221e-05
6.33423696854152e-05
6.34138123132288e-05
6.34816096862778e-05
6.35470496490598e-05
6.3642903114669e-05
6.37840203125961e-05
6.39932623016648e-05
6.43021558062173e-05
6.47658307570964e-05
6.54668765491806e-05
6.65417464915663e-05
6.81816527503543e-05
7.06948994775303e-05
7.47404192225076e-05
8.02291833679192e-05
8.1972248153761e-05
8.39052809169516e-05
8.59409046825022e-05
8.60942600411363e-05
8.62127562868409e-05
8.63339373609051e-05
8.65203764988109e-05
8.68076022015885e-05
8.71066949912347e-05
8.74245670274831e-05
8.7755084678065e-05
8.80925945239142e-05
8.84430774021894e-05
8.88005961314775e-05
8.9171931904275e-05
8.9555440354161e-05
8.99568185559474e-05
9.03850159374997e-05
9.08839720068499e-05
9.15628188522533e-05
9.22728359000757e-05
9.33777919271961e-05
9.45742067415267e-05
9.565911750542e-05
9.70578330452554e-05
9.96344679151662e-05
0.00010262679279549
0.00010543355892878
0.000108278742118273
0.000110868400952313
0.000113370821054559
0.00011672039545374
0.00012015627726214
0.0001229056797456
0.000124370446428657
0.000125209378893487
0.000125876584206708
0.000126481550978497
0.000127333027194254
0.000128566549392417
0.000130430169519968
0.000133417983306572
0.000136489106807858
0.000139556650537997
0.000144401928992011
0.000149556406540796
0.000155076355440542
0.000164088647579774
0.000177255060407333
0.000194833119167015
0.00021699741773773
0.000249668606556952
0.000250344950472936
0.000251022720476612
0.000251712393946946
0.00025277875829488
0.000254500046139583
0.000257243809755892
0.000259575055679306
0.000261987210251391
0.000264524365775287
0.000268610543571413
0.000272902136202902
0.000277855375315994
0.000283173256320879
0.000288784445729107
0.000290246360236779
0.00029172413633205
0.000293226854410022
0.000294766941806301
0.000296388694550842
0.000297719408990815
0.000298873113933951
0.000300015090033412
0.000301216583466157
0.00030246886308305
0.000304460525512695
0.000307935901219025
0.0003115517902188
0.000314820208586752
0.000317790923872963
0.000320471241138875
0.00032289550290443
0.000325090863043442
0.000327997404383495
0.000331764720613137
0.000335168588208035
0.000338338140863925
0.000341370905516669
0.00034433271503076
0.000348619534634054
0.000354980875272304
0.000364545732736588
0.000371725298464298
0.00038255556137301
0.000398849515477195
0.000405302416766062
0.000411739718401805
0.000418120122049004
0.000427602411946282
0.000441722746472806
0.000463140982901677
0.000484571675769985
0.000506137672346085
0.000533856567926705
0.000559780863113701
0.000585394736845046
0.000610649352893233
0.000647904875222594
0.000702450925018638
0.000782253628131002
0.000898405036423355
0.00107789598405361
0.00135664467234164
0.00171507906634361
0.0020661496091634
0.00241662282496691
0.00276793073862791
0.0031043563503772
0.00343143101781607
0.00375490263104439
0.00407201191410422
0.00438564224168658
0.00467224465683103
0.00493007758632302
0.00517346197739244
0.00540115730836987
0.00561488699167967
0.0058150771073997
0.0060039758682251
0.00617993669584394
0.00634275935590267
0.00649168575182557
0.00662123085930943
0.00673717027530074
0.00683432724326849
0.00691387895494699
0.00697832275182009
0.00702497828751802
0.00706268288195133
0.00708181969821453
0.00708850473165512
0.00707350578159094
0.00706797325983644
0.00705611659213901
0.0070309629663825
0.00702473474666476
0.00701615074649453
0.00700449384748936
0.00698524061590433
0.00695518357679248
0.00692724343389273
0.00689368788152933
0.00686699151992798
0.00683490838855505
0.00680494727566838
0.00677717290818691
0.00674530118703842
0.00671571912243962
0.00668142782524228
0.00665368884801865
0.0066217971034348
0.00659182947129011
0.00656420923769474
0.00653198407962918
0.00650404766201973
0.0064677563495934
0.00643733004108071
0.00641166232526302
0.00637655425816774
0.00634747883304954
0.00632194289937615
0.006287747528404
0.0062581324018538
0.00622460525482893
0.00622460525482893
