-0.0
-2.89426083099897e-09
-1.45794842865143e-08
-3.10099039779743e-08
-7.55858309275936e-09
1.02088506537257e-08
2.06865024665603e-07
4.66217443317873e-07
-5.48897787666647e-07
-1.63893673743587e-07
-1.16937826533103e-07
-8.18508851807564e-08
-5.78093022340909e-08
-5.29244061908685e-08
-4.90754246129654e-08
-4.6449713408947e-08
-4.47425918537192e-08
-4.33901732321829e-08
-4.2127794586122e-08
-4.07976585847791e-08
-3.95739334635437e-08
-3.82565303880256e-08
-3.70282577932812e-08
-3.57781573256943e-08
-3.3880951377796e-08
-3.19978425977752e-08
-3.01301952276845e-08
-2.87063812720589e-08
-2.76691025646869e-08
-2.68814801529516e-08
-2.60583874478471e-08
-2.48987817030866e-08
-2.39847395278048e-08
-2.31671037909109e-08
-2.27055352297612e-08
-2.24968061957043e-08
-2.20957190322224e-08
-2.06100594368763e-08
-2.11502992897294e-08
-2.16082298720721e-08
-2.08251549338456e-08
-1.98633642867208e-08
-1.8877017282648e-08
-1.81289578904398e-08
-1.67669895745348e-08
-1.74618435266893e-08
-1.77983565663453e-08
-1.64386619871948e-08
-1.59193405124824e-08
-1.5852947399253e-08
-1.47761056723539e-08
-1.34391484607477e-08
-1.39475559990387e-08
-1.47374521475285e-08
-1.28911779029295e-08
-1.25323822430801e-08
-1.13400346890558e-08
-1.27934072224889e-08
-1.23932295537088e-08
-1.07988853415009e-08
-1.05933395389002e-08
-9.90712578641251e-09
-8.83801476447843e-09
-1.01540535979439e-08
-1.07752384792548e-08
-8.11769496067427e-09
-7.49287210055627e-09
-8.0863173934631e-09
-7.31415639165789e-09
-6.74390321364626e-09
-8.03993316367269e-09
-7.7975528256502e-09
-7.03767000231892e-09
-5.85623638471588e-09
-5.66797098144889e-09
-5.58156898478046e-09
-4.95492713525891e-09
-6.0740603657905e-09
-6.23413143330254e-09
-4.78257788927294e-09
-4.6798049879726e-09
-5.2846189646516e-09
-4.59067450719886e-09
-4.68071448267438e-09
-3.89763954444788e-09
-2.69119482254609e-09
-3.21051629725844e-09
-4.65934135718271e-09
-2.89219315163791e-09
-2.19142748392187e-09
-3.11501935357228e-09
-3.45289663528092e-09
-2.58705767919309e-09
-1.88310878002085e-09
-2.81488610198721e-09
-2.78896550298668e-09
-1.84718373930082e-09
-1.12595444079489e-09
-2.36195774050429e-09
-2.29192664846778e-09
-1.10048858914524e-09
-4.23369783675298e-10
-1.80853021447547e-09
-1.49975676322356e-09
-3.02316038869321e-09
-2.05136529984884e-09
-1.81034920387901e-09
-1.0381882020738e-09
-4.27462509833276e-10
2.27373675443232e-12
-1.52931534103118e-09
-1.58979673869908e-09
2.82852852251381e-10
7.35781213734299e-10
9.88165993476287e-10
5.92081050854176e-10
1.7939782992471e-09
3.19687387673184e-10
-1.16870069177821e-10
6.38010533293709e-10
5.42968336958438e-10
9.38598532229662e-10
1.19916876428761e-09
2.00088834390044e-10
6.73026079311967e-11
7.72161001805216e-10
1.06865627458319e-10
-3.26508597936481e-10
9.41781763685867e-10
2.07592165679671e-09
1.45655576488934e-09
9.15406417334452e-10
8.73114913702011e-10
1.42017597681843e-09
2.36877895076759e-09
2.21234586206265e-09
1.6998455976136e-09
4.37921698903665e-10
1.35105437948368e-09
2.06000549951568e-09
3.11274561681785e-09
2.83853296423331e-09
2.25918483920395e-09
1.36151356855407e-09
1.96905602933839e-09
2.35559127759188e-09
1.64482116815634e-09
1.12459019874223e-09
2.75122147286311e-10
1.68802216649055e-09
2.05000105779618e-09
1.5957084542606e-09
3.50610207533464e-10
7.83074938226491e-10
1.7266756913159e-09
1.01590558188036e-09
1.08593667391688e-09
-4.16093826061115e-10
-2.3919710656628e-10
1.0818439477589e-09
1.64027369464748e-09
1.56660462380387e-09
8.40827851789072e-10
1.97860572370701e-09
2.18506102100946e-09
2.34695107792504e-09
1.47565515362658e-09
1.33286448544823e-09
2.25236362894066e-09
2.38605935010128e-09
2.99223756883293e-09
2.48337528319098e-09
2.70892996923067e-09
2.52157406066544e-09
1.77351466845721e-09
1.41517375595868e-09
1.71576175489463e-09
2.37469066632912e-09
1.7435013432987e-09
8.7584339780733e-10
3.01952240988612e-10
6.14363671047613e-10
1.23236532090232e-09
2.59888111031614e-09
1.37515598908067e-09
1.16733644972555e-09
5.77529135625809e-10
1.97587723960169e-09
2.05000105779618e-09
1.07684172689915e-09
9.50876710703596e-10
3.53793438989669e-10
1.35923983179964e-09
1.75077730091289e-09
9.74978320300579e-10
1.730313670123e-09
2.00725480681285e-09
8.5265128291212e-10
1.01999830803834e-09
2.01134753297083e-09
2.99223756883293e-09
3.56203599949367e-09
3.08000380755402e-09
2.02680894290097e-09
2.0559127733577e-09
2.07000994123518e-09
2.08501660381444e-09
2.00270733330399e-09
2.03135641640984e-09
1.96223481907509e-09
1.72940417542122e-09
2.12548911804333e-09
1.9517756300047e-09
2.49656295636669e-09
3.38241079589352e-09
1.67938196682371e-09
1.21826815302484e-09
2.0995685190428e-09
1.73440639628097e-09
1.46337697515264e-09
2.28965291171335e-09
2.62843968812376e-09
2.32512320508249e-09
1.3974386092741e-09
2.10275175049901e-09
2.38333086599596e-09
2.48883225140162e-09
1.57933754962869e-09
8.25366441858932e-10
1.54250301420689e-09
2.29920260608196e-09
9.60426405072212e-10
1.3101271179039e-09
1.9854269339703e-09
2.52657628152519e-09
1.45928424899466e-09
9.42236511036754e-10
1.35469235829078e-09
3.11456460622139e-09
2.55249688052572e-09
2.19006324186921e-09
2.39106157096103e-09
1.98315319721587e-09
2.02817318495363e-09
1.95677785086446e-09
2.87354851025157e-09
3.18550519295968e-09
2.51475285040215e-09
3.75530362362042e-09
3.5879565984942e-09
3.07227310258895e-09
2.31239027925767e-09
3.5979610402137e-09
3.26372173731215e-09
2.27873897529207e-09
2.0795596356038e-09
2.66254573944025e-09
3.31419869326055e-09
2.30693331104703e-09
1.34832589537837e-09
1.37197275762446e-09
6.06178218731657e-10
1.39107214636169e-09
1.61662683240138e-09
2.3887878342066e-09
1.78215486812405e-09
2.54249243880622e-09
2.19824869418517e-09
3.45289663528092e-09
3.94356902688742e-09
3.57204044121318e-09
3.87399268220179e-09
3.17913873004727e-09
2.23053575609811e-09
3.31692717736587e-09
3.76076059183106e-09
3.71073838323355e-09
4.2768988350872e-09
4.07953848480247e-09
3.72074282495305e-09
2.84035195363685e-09
3.26690496876836e-09
2.72348188445903e-09
4.27371560363099e-09
4.73664840683341e-09
3.28600435750559e-09
2.78214429272339e-09
2.8658178052865e-09
4.03315425501205e-09
3.32784111378714e-09
2.45881892624311e-09
3.26735971611924e-09
2.56250132224523e-09
2.15368345379829e-09
3.11047188006341e-09
3.17095327773131e-09
3.50974005414173e-09
2.94812707579695e-09
3.53384166373871e-09
2.25600160774775e-09
1.31376509671099e-09
2.78578227153048e-09
2.47700882027857e-09
3.39878170052543e-09
3.5543052945286e-09
3.08091330225579e-09
3.97858457290567e-09
4.31418811785989e-09
2.84080670098774e-09
1.70484781847335e-09
2.02044247998856e-09
2.73848854703829e-09
4.04997990699485e-09
2.79806045000441e-09
2.03090166905895e-09
1.63117874762975e-09
1.65891833603382e-09
6.27096596872434e-10
2.5061126507353e-09
3.28736859955825e-09
3.29464455717243e-09
3.55748852598481e-09
2.92357071884908e-09
2.70711097982712e-09
2.61661625700071e-09
3.0941009754315e-09
4.19549905927852e-09
3.76758180209436e-09
3.06272340822034e-09
3.31829141941853e-09
3.53293216903694e-09
2.563410816947e-09
3.09046299662441e-09
4.08408595831133e-09
3.34739524987526e-09
3.15094439429231e-09
3.42060957336798e-09
3.71392161468975e-09
2.84353518509306e-09
3.09773895423859e-09
3.97949406760745e-09
2.7785063139163e-09
2.98723534797318e-09
4.25370672019199e-09
4.67525751446374e-09
4.63342075818218e-09
4.23506207880564e-09
3.55885276803747e-09
4.88171281176619e-09
4.52610038337298e-09
3.78759068553336e-09
3.91901266993955e-09
4.36148184235208e-09
3.45471562468447e-09
4.12728695664555e-09
4.28372004535049e-09
3.98495103581809e-09
2.65481503447518e-09
3.93538357457146e-09
3.87717591365799e-09
3.6752680898644e-09
3.85625753551722e-09
3.29600879922509e-09
4.8275978770107e-09
4.40331859863363e-09
4.78030415251851e-09
4.50290826847777e-09
3.84579834644683e-09
3.93720256397501e-09
4.93810148327611e-09
4.96129359817132e-09
4.13092493545264e-09
4.54929249826819e-09
3.80941855837591e-09
4.22051016357727e-09
3.64752850146033e-09
2.94221536023542e-09
2.90538082481362e-09
2.38105712924153e-09
3.47517925547436e-09
4.626144800568e-09
4.05634636990726e-09
5.4660631576553e-09
4.89899321109988e-09
4.18776835431345e-09
4.63023752672598e-09
4.87398210680112e-09
4.13183443015441e-09
3.688910510391e-09
4.94128471473232e-09
5.24369170307182e-09
4.45561454398558e-09
3.84306986234151e-09
2.97541191685013e-09
3.06090441881679e-09
2.6775524020195e-09
2.52111931331456e-09
4.09772837883793e-09
4.05543687520549e-09
4.48790160589851e-09
3.08546077576466e-09
2.2846506908536e-09
3.12275005853735e-09
3.96630639443174e-09
4.06043909606524e-09
3.85307430406101e-09
5.12909537064843e-09
5.52017809241079e-09
4.62750904262066e-09
4.00268618250266e-09
3.36649463861249e-09
4.68480720883235e-09
5.51335688214749e-09
5.12545739184134e-09
4.26643964601681e-09
5.54109647055157e-09
4.49108483735472e-09
3.93310983781703e-09
3.0236151360441e-09
3.3933247323148e-09
4.39740688307211e-09
4.17776391259395e-09
4.88125806441531e-09
5.29735189047642e-09
5.14091880177148e-09
3.94902599509805e-09
3.77485775970854e-09
4.44197212345898e-09
3.54293661075644e-09
5.0795279094018e-09
4.72709871246479e-09
3.58932084054686e-09
3.69254848919809e-09
4.25461621489376e-09
4.92991603096016e-09
5.4860720410943e-09
4.83623807667755e-09
4.20322976424359e-09
3.04953573504463e-09
3.53111317963339e-09
4.09227141062729e-09
3.49291440215893e-09
2.63753463514149e-09
2.98905433737673e-09
3.8230609789025e-09
3.28691385220736e-09
3.96039467887022e-09
4.6024979383219e-09
3.9003680285532e-09
4.59522198070772e-09
3.63070284947753e-09
2.95858626486734e-09
3.81805875804275e-09
4.35511537943967e-09
3.51337803294882e-09
5.27870724909008e-09
5.49243850400671e-09
4.42378222942352e-09
3.31056071445346e-09
4.43924363935366e-09
4.84260453958996e-09
4.17185219703242e-09
3.59023033524863e-09
3.72347130905837e-09
3.77576725441031e-09
2.68710209638812e-09
3.68254404747859e-09
4.37876224168576e-09
3.39377947966568e-09
4.97493601869792e-09
4.60340743302368e-09
3.4669938031584e-09
4.5724846131634e-09
3.59068508259952e-09
3.66435415344313e-09
3.78486220142804e-09
4.35375113738701e-09
4.24597601522692e-09
5.45378497918136e-09
4.62569005321711e-09
3.95812094211578e-09
3.52929419022985e-09
4.21505319536664e-09
5.01404429087415e-09
4.2732608562801e-09
3.27190718962811e-09
2.71256794803776e-09
3.19960236083716e-09
4.06816980103031e-09
4.69935912406072e-09
4.1559360397514e-09
4.82305040350184e-09
5.63522917218506e-09
5.60976332053542e-09
4.87898432766087e-09
4.0718077798374e-09
3.49564288626425e-09
3.71073838323355e-09
4.58976501249708e-09
3.51201379089616e-09
3.28009264194407e-09
