0
0.148544
0.725945
1.411318
1.916957
2.283398
2.771963
3.170312
3.51414
3.996073
4.562299
5.190082
5.743045
6.171918
6.537698
6.923848
7.275733
7.811788
8.922262
9.747491
10.2903
10.684628
11.041814
11.342543
11.605743
11.830769
11.829544
11.806062
11.751664
11.632797
11.528421
11.277859
10.915553
10.566266
10.266301
9.973594
9.697896
9.436668
9.119522
8.794698
8.476477
8.166517
7.852874
7.548448
7.227363
6.885936
6.544434
6.209524
5.875609
5.54495
5.21028
4.877458
4.549193
4.223144
3.894439
3.568721
3.245278
2.92747
2.611643
2.30031
1.991318
1.683697
1.380114
1.077149
0.775572
0.470336
0.140751
-3e-06
-8e-06
