0.0
1.2187488795945e-09
1.31997957009133e-09
1.33234179244823e-09
1.33467625840211e-09
1.3349686911468e-09
1.33500510646201e-09
1.33500843713108e-09
1.33500877019799e-09
1.33500877019799e-09
1.33500877019799e-09
1.33500877019799e-09
1.33500877019799e-09
1.33500877019799e-09
1.33500877019799e-09
1.33500877019799e-09
1.33500877019799e-09
1.33500877019799e-09
1.33500877019799e-09
1.33500877019799e-09
1.33500877019799e-09
1.33500877019799e-09
1.33500877019799e-09
1.33500877019799e-09
1.33500877019799e-09
1.33500877019799e-09
1.33500877019799e-09
1.33500877019799e-09
1.33500877019799e-09
1.33500877019799e-09
1.33500877019799e-09
1.33500877019799e-09
1.33500877019799e-09
1.33500877019799e-09
1.33500877019799e-09
1.33500877019799e-09
1.33500877019799e-09
1.33500877019799e-09
1.33500877019799e-09
1.33500877019799e-09
1.33500877019799e-09
1.33500877019799e-09
1.33500877019799e-09
1.33500877019799e-09
1.33500877019799e-09
1.33500877019799e-09
1.33500877019799e-09
1.33500877019799e-09
1.33500877019799e-09
1.33500877019799e-09
1.33500877019799e-09
1.33500877019799e-09
1.33500877019799e-09
1.33500877019799e-09
1.33500877019799e-09
1.33500877019799e-09
1.33500877019799e-09
1.33500877019799e-09
1.33500877019799e-09
1.33500877019799e-09
1.33500877019799e-09
1.33500877019799e-09
1.33500877019799e-09
1.33500877019799e-09
1.33500877019799e-09
1.33500877019799e-09
1.33500877019799e-09
1.33500877019799e-09
1.33500877019799e-09
1.33500877019799e-09
1.33500877019799e-09
1.33500877019799e-09
1.33500877019799e-09
1.33500877019799e-09
1.33500877019799e-09
