0.0
2.28239898092397e-07
2.28234767973845e-07
2.28226681997512e-07
2.36004424891689e-07
2.72477024054751e-07
3.22619854387085e-07
4.22550670009514e-07
1.53820508330682e-06
4.93206289320369e-06
1.02560125014861e-05
1.26499135149061e-05
1.55402976815822e-05
1.85420885827625e-05
2.20522706513293e-05
2.64406116912141e-05
2.76652990578441e-05
2.89973395410925e-05
2.95184981951024e-05
3.03054930554936e-05
3.15159486490302e-05
3.1986190151656e-05
3.26782756019384e-05
3.37356323143467e-05
3.54919757228345e-05
3.82589132641442e-05
3.85844941774849e-05
3.89249253203161e-05
3.92720176023431e-05
3.96399773308076e-05
4.00157987314742e-05
4.03973135689739e-05
4.07853403885383e-05
4.11949004046619e-05
4.16104558098596e-05
4.20252690673806e-05
4.2461932025617e-05
4.28826351708267e-05
4.33126479038037e-05
4.37604285252746e-05
4.42016316810623e-05
4.46273443230893e-05
4.52910535386764e-05
4.59864386357367e-05
4.66534220322501e-05
4.67207319161389e-05
4.6787281462457e-05
4.68536309199408e-05
4.69520018668845e-05
4.70995546493214e-05
4.73180734843481e-05
4.74834487249609e-05
4.7648270992795e-05
4.78939473396167e-05
4.82720824948046e-05
4.88188343297224e-05
4.88745426991954e-05
4.89571721118409e-05
4.90794191136956e-05
4.92614781251177e-05
4.93295228807256e-05
4.94313280796632e-05
4.95833446620964e-05
4.98120280099101e-05
4.98976005474105e-05
5.00266723975074e-05
5.02200455230195e-05
5.02922375744674e-05
5.04005729453638e-05
5.05638818140142e-05
5.0807142542908e-05
5.08992161485367e-05
5.10372701683082e-05
5.1244529458927e-05
5.15579376951791e-05
5.20467110618483e-05
5.25382929481566e-05
5.30075667484198e-05
5.34885220986325e-05
5.39771936018951e-05
5.44972353964113e-05
5.4620821174467e-05
5.47451600141358e-05
5.48705866094679e-05
5.50590302736964e-05
5.5340144172078e-05
5.54463840671815e-05
5.56059276277665e-05
5.58451683900785e-05
5.62046152481344e-05
5.6743279856164e-05
5.75735502934549e-05
5.77702849113848e-05
5.79204279347323e-05
5.80719352001324e-05
5.82248940190766e-05
5.84533154324163e-05
5.85397101531271e-05
5.86693422519602e-05
5.8864286984317e-05
5.91556672588922e-05
5.92656469962094e-05
5.94307275605388e-05
5.96782701904885e-05
6.00501371081918e-05
6.06076901021879e-05
6.08179288974497e-05
6.08975133218337e-05
6.101667531766e-05
6.11942887189798e-05
6.12613221164793e-05
6.13612937740982e-05
6.15113240201026e-05
6.17375844740309e-05
6.18221165495925e-05
6.19496859144419e-05
6.2140759837348e-05
6.24260355834849e-05
6.25337488600053e-05
6.2695711676497e-05
6.29385613137856e-05
6.33053132332861e-05
6.34427124168724e-05
6.36486001894809e-05
6.39583304291591e-05
6.4422441937495e-05
6.45976397208869e-05
6.46638873149641e-05
6.47626657155342e-05
6.49108114885166e-05
6.51341761113144e-05
6.52175876894034e-05
6.53427268844098e-05
6.55313124298118e-05
6.56018601148389e-05
6.5708089096006e-05
6.58664575894363e-05
6.61061712889932e-05
6.62847378407605e-05
6.64638864691369e-05
6.67343410896137e-05
6.68352440698072e-05
6.69875225867145e-05
6.72160895192064e-05
6.74437251291238e-05
6.76752533763647e-05
6.77614516462199e-05
6.78911310387775e-05
6.80847006151453e-05
6.83813123032451e-05
6.88353829900734e-05
6.92872199579142e-05
6.97186405886896e-05
7.01822573319077e-05
7.06173668731935e-05
7.10689200786874e-05
7.15460919309407e-05
7.19930976629257e-05
7.24683413864113e-05
7.29143794160336e-05
7.33950728317723e-05
7.38736853236333e-05
7.43496202630922e-05
7.48241582186893e-05
7.52963096601889e-05
7.57476736907847e-05
7.62161653256044e-05
7.67092351452447e-05
7.71743143559434e-05
7.72944622440264e-05
7.74143700255081e-05
7.75939479353838e-05
7.78622052166611e-05
7.82705465098843e-05
7.84224030212499e-05
7.86526361480355e-05
7.88817706052214e-05
7.91117709013633e-05
7.93434301158413e-05
7.95755113358609e-05
7.9663674114272e-05
7.97961693024263e-05
7.9994868428912e-05
8.02945723989978e-05
8.07442556833848e-05
8.14136437838897e-05
8.21198991616257e-05
8.22866932139732e-05
8.2455859228503e-05
8.26247269287705e-05
8.27952389954589e-05
8.30498902359977e-05
8.31461220514029e-05
8.32907826406881e-05
8.35100072436035e-05
8.38392006698996e-05
8.43512098072097e-05
8.4864572272636e-05
8.53782839840278e-05
8.58902203617617e-05
8.63848981680349e-05
8.68907736730762e-05
8.7400920165237e-05
8.79260551300831e-05
8.84281471371651e-05
8.89371003722772e-05
8.94632757990621e-05
8.9590364950709e-05
8.97175777936354e-05
8.99083679541945e-05
9.01960083865561e-05
9.03035324881785e-05
9.04649059521034e-05
9.07083012862131e-05
9.07991707208566e-05
9.09361260710284e-05
9.11401875782758e-05
9.145157673629e-05
9.15675627766177e-05
9.17411816772074e-05
9.20025340747088e-05
9.22648250707425e-05
9.25276035559364e-05
9.29237867239863e-05
9.30713504203595e-05
9.32929324335419e-05
9.36273572733626e-05
9.37519580475055e-05
9.39398014452308e-05
9.4221300969366e-05
9.45009087445214e-05
9.47811422520317e-05
9.50633766478859e-05
9.53430571826175e-05
9.55543946474791e-05
9.57641896093264e-05
9.58433884079568e-05
9.59614480962045e-05
9.61401310632937e-05
9.64059072430246e-05
9.65068829827942e-05
9.66582883847877e-05
9.68862877925858e-05
9.69714528764598e-05
9.70995533862151e-05
9.7291442216374e-05
9.75780858425424e-05
9.80131808319129e-05
9.81739285634831e-05
9.84155485639349e-05
9.86578161246143e-05
9.89016043604352e-05
9.89925465546548e-05
9.91295164567418e-05
9.93335488601588e-05
9.96394010144286e-05
9.98707546386868e-05
0.000100101278803777
0.000100445628049783
0.000100575874967035
0.000100769946584478
0.000101064120826777
0.000101499601441901
0.000101666613772977
0.000101914956758264
0.000102009034890216
0.00010215013026027
0.000102359786978923
0.000102674450317863
0.000102912068541627
0.000103148886410054
0.000103501515695825
0.00010363452747697
0.000103833859611768
0.000104132705018856
0.000104583705251571
0.000105258412077092
0.000105513565358706
0.000105767911009025
0.000106021645478904
0.000106116356619168
0.000106259140011389
0.000106473235064186
0.000106792533188127
0.000106913030322175
0.000107093743281439
0.000107364932773635
0.000107770487375092
0.000108385567727964
0.000109300104668364
0.00010939066123683
0.000109525739389937
0.000109726082882844
0.000110025961475912
0.000110137611045502
0.000110305270936806
0.000110555069113616
0.000110649365524296
0.000110789980681147
0.000111002555058803
0.000111322478915099
0.000111441760964226
0.000111621360701974
0.000111889552499633
0.000111991023004521
0.000112143039586954
0.000112370260467287
0.000112712441477925
0.000112840076326393
0.000113031659566332
0.000113319845695514
0.000113756752398331
0.000113920075818896
0.000114165028207935
0.000114532216684893
0.000115085029392503
0.000115911141620018
0.000117164221592247
0.000117278694233391
0.000117393930850085
0.000117509582196362
0.000117683739517815
0.000117945077363402
0.000118338008178398
0.000118484946142416
0.000118706004286651
0.000119035532406997
0.00011915985669475
0.000119346084829886
0.000119625590741634
0.000120042634080164
0.000120673699711915
0.000121623234008439
0.000123104808153585
0.000125266116810963
0.000126087426906452
0.000126874379930086
0.000127708743093535
0.000128527855849825
0.000128822313854471
0.000129045001813211
0.000129271415062249
0.0001296098344028
0.000129737891256809
0.000129929961985908
0.000130218584672548
0.000130649306811392
0.000130811706185341
0.000131055057863705
0.000131419947138056
0.000131965774926357
0.000132782384753227
0.000133096240460873
0.000133407447719947
0.000133716312120669
0.000134029149194248
0.000134145389893092
0.000134319983772002
0.00013458076864481
0.000134974849061109
0.000135268157464452
0.000135561800561845
0.00013600783131551
0.000136665796162561
0.000137332666781731
0.00013800423766952
0.000138668736326508
0.000139686540933326
0.000140720512717962
0.000140953692607582
0.000141198121127672
0.000141446405905299
0.000141697077197023
0.000142073608003557
0.000142215489177033
0.000142427685204893
0.000142748060170561
0.000142867313115858
0.000143046476296149
0.000143316778121516
0.000143719735206105
0.000143821278470568
0.000143922719871625
0.000144074889249168
0.000144302568514831
0.000144644975080155
0.000145159443491139
0.000145938814966939
0.000146226870128885
0.000146667705848813
0.000147326136357151
0.0001474863383919
0.00014764851948712
0.000147891900269315
0.000148260660353117
0.000148627295857295
0.00014899525558576
0.000149367566336878
0.000149736413732171
0.000150108913658187
0.000150478503201157
0.000150849256897345
0.000151220578118227
0.000151594314957038
0.000151733227539808
0.000151942687807605
0.000152256980072707
0.000152728782268241
0.000153430461068638
0.000154514476889744
0.00015477038687095
0.000155028406879865
0.000155288973473944
0.00015555064601358
0.00015594539581798
0.000156535999849439
0.00015676069597248
0.000157095171744004
0.000157432848936878
0.000157768532517366
0.000158107781317085
0.000158446506247856
0.000158783426741138
0.000158910901518539
0.000159101851750165
0.000159387229359709
0.000159817805979401
0.000160456431331113
0.000161446296260692
0.000161683390615508
0.000161924224812537
0.00016216681979131
0.000162410855409689
0.000162777927471325
0.000163331293151714
0.000164159500855021
0.000165426346939057
0.000165735851624049
0.000166047233506106
0.000166362980962731
0.000166677607921883
0.000166993835591711
0.000167472360772081
0.000167651058291085
0.000167919395607896
0.000168322279932909
0.000168931175721809
0.000169843347975984
0.000171257881447673
0.00017332803690806
0.000175515000591986
0.000177646041265689
0.000181002236786298
0.000184323784196749
0.000187719182576984
0.000191148850717582
0.000194578839000314
0.000199834990780801
0.00020781863713637
0.000219866138650104
0.000238147826166824
0.000265459006186575
0.000307127425912768
0.000370170862879604
0.000466747209429741
0.000578123610466719
0.000687126128468663
0.000800110399723053
0.000916552846319973
0.00103524175938219
0.00114793330430984
0.00125912355724722
0.00137020391412079
0.00148132792674005
0.00159190257545561
0.00170166871976107
0.00181026023346931
0.0019173314794898
0.00202118675224483
0.00212068320252001
0.00221885438077152
0.00231837597675622
0.00241619581356645
0.00251079304143786
0.00260639027692378
0.00269905687309802
0.00278968038037419
0.00287795322947204
0.0029623017180711
0.00304322969168425
0.00312639749608934
0.00320419482886791
0.00327837630175054
0.00335288280621171
0.00342620979063213
0.0034437132999301
0.0034636112395674
0.0034621199592948
0.00345689128153026
0.00344860251061618
0.00343320262618363
