0.0
5.70194238491695e-08
3.64169659405889e-06
1.64621542353416e-05
4.03716476284899e-05
4.67627396574244e-05
5.31665282323956e-05
5.97991020185873e-05
6.15861645201221e-05
6.34412353974767e-05
6.5365486079827e-05
6.73786635161377e-05
6.78949290886521e-05
6.84169717715122e-05
6.89463995513506e-05
6.97511932230555e-05
7.05703205312602e-05
7.14005727786571e-05
7.22431286703795e-05
7.3530369263608e-05
7.48467791709118e-05
7.61892224545591e-05
7.75542139308527e-05
7.7898490417283e-05
7.82441056799144e-05
7.87654935265891e-05
7.95528030721471e-05
8.03453076514415e-05
8.11430436442606e-05
8.19474735180847e-05
8.31686265883036e-05
8.44085661810823e-05
8.56610422488302e-05
8.69276627781801e-05
8.88498107087798e-05
8.93339019967243e-05
8.93369578989223e-05
8.93389951670542e-05
8.93389951670542e-05
