0.0
0.00999999977648258
0.0125000001862645
0.0162499994039536
0.021874999627471
0.0239843744784594
0.0271484367549419
0.0318945311009884
0.0390136726200581
0.0415136702358723
0.0452636703848839
0.0508886724710464
0.059326171875
0.0693261697888374
0.0793261751532555
0.0893261730670929
0.0993261709809303
0.109326168894768
0.119326174259186
0.129326164722443
0.139326170086861
0.149326175451279
0.149951174855232
0.150576174259186
0.151513665914536
0.151865229010582
0.152392581105232
0.153183594346046
0.153480231761932
0.153925165534019
0.153966888785362
0.154008597135544
0.154050305485725
0.154112875461578
0.154206737875938
0.154347524046898
0.154400318861008
0.154479503631592
0.154598295688629
0.154776468873024
0.155043736100197
0.155444651842117
0.155845552682877
0.156246453523636
0.156346678733826
0.156446903944016
0.156547129154205
0.15669746696949
0.156922981142998
0.157261237502098
0.157514944672585
0.15776863694191
0.158022329211235
0.158276036381721
0.158656567335129
0.159037113189697
0.159417659044266
0.159798204898834
0.160178750753403
0.160559296607971
0.161130115389824
0.161986351013184
0.163270682096481
0.165197193622589
0.16591964662075
0.167003303766251
0.167409673333168
0.167562067508698
0.167714461684227
0.167866840958595
0.168019235134125
0.168133527040482
0.168247818946838
0.168419256806374
0.168547838926315
0.168676421046257
0.168805003166199
0.168933570384979
0.169062152504921
0.169190734624863
0.169319316744804
0.169512182474136
0.169705048203468
0.1698979139328
0.170090794563293
0.170283660292625
0.170476526021957
0.170669391751289
0.170958697795868
0.171392649412155
0.171826601028442
0.172260567545891
0.172694519162178
0.173128470778465
0.173779398202896
0.174755796790123
0.176220402121544
0.178417295217514
0.181712627410889
0.182948380708694
0.184802010655403
0.185497120022774
0.185757800936699
0.185763910412788
0.185773059725761
0.185776501893997
0.18578165769577
0.185782134532928
0.185782194137573
0.185782253742218
0.18578228354454
0.18578228354454
0.185782298445702
0.185782298445702
0.185782313346863
0.185782313346863
0.185782313346863
0.185782313346863
0.185782313346863
0.185782313346863
