0.0
2.54212210393234e-07
1.5916282736228e-09
1.59162460988682e-09
2.02756247347224e-08
2.12413524991462e-07
6.06807532221865e-07
1.21883681458712e-06
2.00348426915298e-06
2.75748448075319e-06
3.68700375474873e-06
4.63808919448638e-06
5.43620762982755e-06
5.91371781410999e-06
6.03161834078492e-06
5.86046917305794e-06
5.51371795154409e-06
5.07505501445848e-06
4.62640355181065e-06
4.14844544138759e-06
4.39535460827756e-06
4.55513281849562e-06
4.57392661701306e-06
4.41145266449894e-06
4.05431956096436e-06
3.52957272298227e-06
2.90294292426552e-06
2.25866097025573e-06
1.69324243870506e-06
1.18638160984119e-06
7.25146094282536e-07
3.96121549783857e-07
2.29647696414759e-07
1.57063795303003e-09
1.57106394560458e-09
1.57063739791852e-09
1.57063728689621e-09
1.57063728689621e-09
1.57063728689621e-09
1.57063728689621e-09
1.57063728689621e-09
1.57063728689621e-09
1.57063728689621e-09
1.57063728689621e-09
1.57063728689621e-09
1.57063728689621e-09
1.57063728689621e-09
1.57063728689621e-09
1.57063728689621e-09
1.57063728689621e-09
1.57063728689621e-09
1.57063728689621e-09
1.57063728689621e-09
1.57063728689621e-09
1.57063728689621e-09
1.57063728689621e-09
1.57063728689621e-09
1.57063728689621e-09
1.57063728689621e-09
1.57063728689621e-09
1.57063728689621e-09
1.57063728689621e-09
1.57063728689621e-09
1.57063728689621e-09
1.57063728689621e-09
1.57063728689621e-09
1.57063728689621e-09
1.57063728689621e-09
1.57063728689621e-09
1.57063728689621e-09
1.57063728689621e-09
1.57063728689621e-09
1.57063728689621e-09
1.57063728689621e-09
1.57063728689621e-09
1.57063728689621e-09
1.57063728689621e-09
1.57063728689621e-09
1.57063728689621e-09
1.57063728689621e-09
1.57063728689621e-09
1.57063728689621e-09
1.57063728689621e-09
1.57063728689621e-09
1.57063728689621e-09
1.57063728689621e-09
1.57063728689621e-09
1.57063728689621e-09
1.57063728689621e-09
1.57063728689621e-09
1.57063728689621e-09
1.57063728689621e-09
1.57063728689621e-09
1.57063728689621e-09
1.57063728689621e-09
1.57063728689621e-09
1.57063728689621e-09
1.57063728689621e-09
1.57063728689621e-09
1.57063728689621e-09
1.57063728689621e-09
