0.0
-5.10595550607441e-33
-4.28993246259779e-07
-1.77482081653579e-06
-1.89412367035402e-06
-2.38693814935687e-06
-5.2958262131142e-06
-8.18215357867302e-06
-1.03043184935814e-05
-1.36441376525909e-05
-1.73361167981056e-05
-2.13072744372766e-05
-2.53914240602171e-05
-3.71919559256639e-05
-4.81899223814253e-05
-5.72234239371028e-05
-7.14912384864874e-05
-0.000141673372127116
-0.000298441620543599
-0.00045293546281755
-0.000638191879261285
-0.000823875772766769
-0.00100536737591028
-0.00117050728294998
-0.00134721712674946
-0.00151962216477841
-0.00168265751563013
-0.0018467566696927
-0.00201867893338203
-0.00217880285345018
-0.00232670223340392
-0.00246744160540402
-0.00260251993313432
-0.00273327971808612
-0.00285688624717295
-0.0029742019250989
-0.00308712781406939
-0.00319528812542558
-0.00329786981455982
-0.00339489500038326
-0.00348751968704164
-0.00357545143924654
-0.00365808699280024
-0.00373428571037948
-0.00380683876574039
-0.00387408351525664
-0.0039362721145153
-0.0039941594004631
-0.00404730578884482
-0.00409564981237054
-0.00413977447897196
-0.00417998200282454
-0.00421568611636758
-0.00424777856096625
-0.00427587423473597
-0.00430031446740031
-0.0043214363977313
-0.00433807354420424
-0.0043507874943316
-0.00435921782627702
-0.00436353124678135
-0.00436459900811315
-0.00436458503827453
-0.00436457665637136
-0.00436456827446818
-0.00436461018398404
-0.00436459667980671
-0.00436462415382266
-0.00436464929953218
-0.00436465535312891
-0.00436467910185456
-0.00436466699466109
-0.00436466652899981
-0.00436463812366128
-0.00436465814709663
-0.00436461064964533
-0.00436460413038731
-0.00436460925266147
-0.00436458270996809
-0.00436459109187126
-0.0043645822443068
-0.0043645198456943
-0.0043646008707583
-0.0043646115809679
-0.00436462881043553
-0.00436469353735447
-0.00436470191925764
-0.00436473730951548
-0.00436478853225708
-0.00436474150046706
-0.00436473591253161
-0.0043647512793541
-0.00436472054570913
-0.00436468748375773
-0.00436469260603189
-0.00436469633132219
-0.00436469912528992
-0.00436474336311221
-0.00436462508514524
-0.00436460459604859
-0.00436462368816137
-0.00436453055590391
-0.00436451425775886
-0.00436459248885512
-0.00436461856588721
