0.0
0.0
7.21147630500241e-09
5.62161588391064e-08
1.47388391269487e-07
1.41138656317708e-07
1.5971255606928e-07
1.60580043484515e-07
1.41668692776875e-07
1.16826434748418e-07
1.02368034049505e-07
1.16357909973885e-07
2.22364917590312e-07
4.4004659116581e-07
5.06550065892952e-07
5.73738304865401e-07
6.3321380139314e-07
8.12219241197454e-07
9.71526105786324e-07
1.14039539766964e-06
1.32553884668596e-06
1.4067329630052e-06
1.54439578636811e-06
1.74460069501947e-06
2.04125626623863e-06
2.45032720158633e-06
2.78269476439164e-06
3.12447468786559e-06
4.09787298849551e-06
4.63421974927769e-06
5.02904367749579e-06
4.99783618579386e-06
4.88143541588215e-06
4.826034000871e-06
4.78381707580411e-06
4.76623699796619e-06
4.74914122605696e-06
4.73042655357858e-06
4.70138456876157e-06
4.66137134935707e-06
4.59582543044235e-06
4.59426746601821e-06
4.59368175143027e-06
4.59280590803246e-06
4.5924944060971e-06
4.5924666665087e-06
4.59242164652096e-06
4.59240482086898e-06
4.59239799965871e-06
4.59239572592196e-06
4.59239572592196e-06
4.59239572592196e-06
4.59239572592196e-06
4.59239572592196e-06
