-0.0
4.3646620449235e-16
-2.8696547360596e-09
-8.08961431175703e-09
-1.50427013068111e-08
-2.75709908237332e-08
-2.6136831365875e-08
-1.13939222501358e-08
2.80524545814842e-08
1.0527082849876e-07
1.30234639073024e-07
1.72948602994438e-07
2.48935975832865e-07
2.07921402761713e-07
2.41443558479659e-07
2.36617779592052e-07
2.27159944188315e-07
1.75020431925077e-07
-4.73801264888607e-08
-2.12712620850652e-08
3.50049958797172e-07
3.37739038513973e-07
4.8748916015029e-07
4.83240000903606e-07
4.83156327391043e-07
4.82901668874547e-07
4.75190972792916e-07
4.68864527647384e-07
4.59076545666903e-07
4.56839188700542e-07
4.63885953649879e-07
4.81033566757105e-07
4.54369001090527e-07
4.34249159297906e-07
-3.91322828363627e-07
-7.92279024608433e-08
3.60512785846367e-07
1.91548679140396e-07
6.34792741038837e-07
1.27278508443851e-06
-8.17683030618355e-07
-2.44928742176853e-07
-5.08527591591701e-07
1.41781129059382e-07
8.87078385858331e-07
1.60510535351932e-06
-5.4436441132566e-07
-4.52925632998813e-07
-1.76045614352915e-06
-1.06334573501954e-06
1.10468499769922e-06
2.20009405893506e-06
1.86491797649069e-06
-1.68150290846825e-06
-1.28841520563583e-06
-1.48089247886674e-06
-1.24772668641526e-07
7.25602603779407e-07
1.88292096936493e-06
-1.19738842840889e-06
-1.53856103679573e-06
-2.29015540753608e-07
1.89917273019091e-07
6.78443996093847e-07
-5.53795757696207e-07
4.1124945937554e-07
-1.65336473401112e-07
-1.23342601909826e-06
-6.16710337908444e-07
1.95430686744658e-07
6.77498576351354e-07
-2.98295731226972e-07
3.58783836418297e-07
1.02389435596706e-07
4.78989932162222e-08
-2.69743964054214e-07
-4.61382228422735e-07
2.46604372478032e-07
7.29449766367907e-07
-2.16595617530402e-06
-2.12613485928159e-07
-2.03106594653946e-07
-1.14278577711957e-07
-1.43263946483785e-07
3.18926254294638e-07
4.47077070475643e-07
3.64924176210479e-07
6.55315830044856e-07
3.67730081052287e-07
-1.33221465148381e-06
2.49743834501714e-08
-2.86874580979202e-07
1.65283495334734e-07
7.1865315476316e-08
3.32145816628326e-07
7.12775261035858e-07
2.76551077149634e-07
4.68546033971506e-07
4.09669382861466e-08
2.14211866023106e-07
-1.08595327219518e-06
-7.31899945094483e-08
-1.83893803296087e-07
1.1033051805498e-07
2.27449788781087e-07
3.27596126226126e-07
3.90827608498512e-07
3.49692413692537e-07
3.35337745127617e-07
1.93944799775636e-07
6.6493896611064e-08
1.60853403485817e-07
-4.35077993188315e-07
-8.54657855597907e-08
-6.24948484073684e-08
-3.33261596097145e-09
1.71233295986895e-07
5.93458366893174e-08
1.1539862043719e-07
1.94107087736484e-07
-1.67748794410727e-07
