0.0
1.02977674998339e-10
1.02977695815021e-10
1.02977695815021e-10
1.02977695815021e-10
1.02977695815021e-10
1.02977695815021e-10
1.02977695815021e-10
1.02977695815021e-10
1.02977695815021e-10
1.02977695815021e-10
1.02977695815021e-10
1.02977695815021e-10
1.02977695815021e-10
1.02977695815021e-10
1.02977695815021e-10
1.02977695815021e-10
1.02977695815021e-10
1.02977695815021e-10
1.02977695815021e-10
1.02977695815021e-10
1.02977695815021e-10
1.02977695815021e-10
1.02977695815021e-10
1.02977695815021e-10
1.02977695815021e-10
1.02977695815021e-10
1.02977695815021e-10
1.02977695815021e-10
1.02977695815021e-10
1.02977695815021e-10
1.02977695815021e-10
1.02977695815021e-10
1.02977695815021e-10
1.02977695815021e-10
1.02977695815021e-10
1.02977695815021e-10
1.02977695815021e-10
1.02977695815021e-10
1.02977695815021e-10
1.02977695815021e-10
1.02977695815021e-10
1.02977695815021e-10
1.02977695815021e-10
1.02977695815021e-10
1.02977695815021e-10
1.02977695815021e-10
1.02977695815021e-10
1.02977695815021e-10
1.02977695815021e-10
1.02977695815021e-10
1.02977695815021e-10
1.02977695815021e-10
1.02977695815021e-10
1.02977695815021e-10
1.02977695815021e-10
1.02977695815021e-10
1.02977695815021e-10
1.02977695815021e-10
1.02977695815021e-10
1.02977695815021e-10
1.02977695815021e-10
1.02977695815021e-10
1.02977695815021e-10
1.02977695815021e-10
1.02977695815021e-10
1.02977695815021e-10
1.02977695815021e-10
1.02977695815021e-10
1.02977695815021e-10
1.02977695815021e-10
1.02977695815021e-10
1.02977695815021e-10
1.02977695815021e-10
1.02977695815021e-10
1.02977695815021e-10
1.02977695815021e-10
1.02977695815021e-10
1.02977695815021e-10
1.02977695815021e-10
1.02977695815021e-10
1.02977695815021e-10
1.02977695815021e-10
1.02977695815021e-10
1.02977695815021e-10
1.02977695815021e-10
1.02977695815021e-10
1.02977695815021e-10
1.02977695815021e-10
1.02977695815021e-10
1.02977695815021e-10
1.02977695815021e-10
1.02977695815021e-10
1.02977695815021e-10
1.02977695815021e-10
1.02977695815021e-10
1.02977695815021e-10
1.02977695815021e-10
1.02977695815021e-10
1.02977695815021e-10
1.02977695815021e-10
