0.0
8.88859901237993e-08
8.88831053202921e-08
8.888308400401e-08
8.88830911094374e-08
8.88830911094374e-08
8.88830911094374e-08
8.88830911094374e-08
8.88830911094374e-08
8.88830911094374e-08
8.88830911094374e-08
8.88830911094374e-08
8.88830911094374e-08
8.88830911094374e-08
8.88830911094374e-08
8.88830911094374e-08
8.88830911094374e-08
8.88830911094374e-08
8.88830911094374e-08
8.88830911094374e-08
8.88830911094374e-08
8.88830911094374e-08
8.88830911094374e-08
8.88830911094374e-08
8.88830911094374e-08
8.88830911094374e-08
8.88830911094374e-08
8.88830911094374e-08
8.88830911094374e-08
8.88830911094374e-08
8.88830911094374e-08
8.88830911094374e-08
8.88830911094374e-08
8.88830911094374e-08
8.88830911094374e-08
8.88830911094374e-08
8.88830911094374e-08
8.88830911094374e-08
8.88830911094374e-08
8.88830911094374e-08
8.88830911094374e-08
8.88830911094374e-08
8.88830911094374e-08
8.88830911094374e-08
8.88830911094374e-08
8.88830911094374e-08
8.88830911094374e-08
8.88830911094374e-08
8.88830911094374e-08
8.88830911094374e-08
8.88830911094374e-08
8.88830911094374e-08
8.88830911094374e-08
8.88830911094374e-08
8.88830911094374e-08
8.88830911094374e-08
8.88830911094374e-08
8.88830911094374e-08
8.88830911094374e-08
8.88830911094374e-08
8.88830911094374e-08
8.88830911094374e-08
8.88830911094374e-08
8.88830911094374e-08
8.88830911094374e-08
8.88830911094374e-08
8.88830911094374e-08
8.88830911094374e-08
8.88830911094374e-08
8.88830911094374e-08
8.88830911094374e-08
8.88830911094374e-08
8.88830911094374e-08
8.88830911094374e-08
8.88830911094374e-08
8.88830911094374e-08
8.88830911094374e-08
8.88830911094374e-08
8.88830911094374e-08
8.88830911094374e-08
8.88830911094374e-08
8.88830911094374e-08
8.88830911094374e-08
1.62140707971048e-07
5.14484042923868e-07
1.14315946575516e-06
2.02068304133718e-06
3.09903316519922e-06
4.33078457717784e-06
5.65966001886409e-06
7.0374831011577e-06
8.46117472974584e-06
6.0543866311491e-06
5.03180763189448e-06
4.19229945691768e-06
3.4757797493512e-06
2.86440376839892e-06
2.40115969063481e-06
2.15221280086553e-06
2.1192497570155e-06
2.11924952964182e-06
