0.0
0.00120000005699694
0.00240000011399388
0.00359999993816018
0.00480000022798777
0.00600000005215406
0.00719999987632036
0.00839999970048666
0.00960000045597553
0.0108000002801418
0.0110999997705221
0.0111750001087785
0.0112500004470348
0.0113249998539686
0.011400000192225
0.0114187495782971
0.0114188231527805
0.0114188967272639
0.0114189693704247
0.0114189879968762
0.0114189926534891
0.0114189935848117
0.0114189945161343
0.0114189954474568
0.0114189954474568
0.0114189954474568
0.0114189954474568
0.0114189954474568
0.0114189954474568
0.0114189954474568
0.0114189963787794
0.0114189963787794
0.0114189963787794
0.0114189963787794
0.0114189963787794
0.0114189963787794
0.0114189963787794
0.011418997310102
0.011418997310102
0.011418997310102
0.011418997310102
0.011418997310102
0.011418997310102
0.011418997310102
0.0114189982414246
0.0114189982414246
0.0114189982414246
0.0114189982414246
0.0114189982414246
0.0114189982414246
0.0114189982414246
0.0114189982414246
0.0114189991727471
0.0114189991727471
0.0114189991727471
0.0114189991727471
0.0114189991727471
0.0114189991727471
0.0114190001040697
0.0114190001040697
0.0114190001040697
0.0114190001040697
0.0114190001040697
0.0114190001040697
0.0114190001040697
0.0114190001040697
0.0114190010353923
0.0114190010353923
0.0114190010353923
0.0114190010353923
0.0114190010353923
0.0114190019667149
0.0114190019667149
0.0114190019667149
0.0114190019667149
0.0114190019667149
0.0114190019667149
0.0114190019667149
0.0114190028980374
0.0114190028980374
0.0114190028980374
0.0114190028980374
0.0114190028980374
0.0114190028980374
0.0114190028980374
0.0114190028980374
0.0114190028980374
0.01141900382936
0.01141900382936
0.01141900382936
0.01141900382936
0.01141900382936
0.0114190047606826
0.0114190047606826
0.0114190047606826
0.0114190047606826
0.0114190047606826
0.0114190047606826
0.0114190047606826
0.0114190056920052
0.0114190056920052
0.0114190056920052
0.0114190056920052
0.0114190056920052
0.0114190056920052
0.0114190056920052
0.0114190066233277
0.0114190066233277
0.0114190066233277
0.0114190066233277
0.0114190066233277
0.0114190066233277
0.0114190066233277
0.0114190066233277
0.0114190066233277
0.0114190075546503
0.0114190075546503
0.0114190075546503
0.0114190075546503
0.0114190075546503
0.0114190075546503
0.0114190084859729
0.0114190084859729
0.0114190084859729
0.0114190084859729
0.0114190084859729
0.0114190084859729
0.0114190094172955
0.0114190094172955
0.0114190094172955
0.0114190094172955
0.0114190094172955
0.0114190094172955
0.0114190094172955
0.011419010348618
0.011419010348618
0.011419010348618
0.011419010348618
0.011419010348618
0.011419010348618
0.011419010348618
0.011419010348618
0.0114190112799406
0.0114190112799406
0.0114190112799406
0.0114190112799406
0.0114190112799406
0.0114190112799406
0.0114190122112632
0.0114190122112632
0.0114190122112632
0.0114190122112632
0.0114190122112632
0.0114190122112632
0.0114190122112632
0.0114190131425858
0.0114190131425858
0.0114190131425858
0.0114190131425858
0.0114190131425858
0.0114190131425858
0.0114190131425858
0.0114190140739083
0.0114190140739083
0.0114190150052309
0.0114190150052309
0.0114190150052309
0.0114190150052309
0.0114190150052309
0.0114190150052309
0.0114190150052309
0.0114190159365535
0.0114190159365535
0.0114190159365535
0.0114190159365535
0.0114190159365535
0.0114190159365535
0.0114190159365535
0.0114190159365535
0.0114190168678761
0.0114190168678761
0.0114190168678761
0.0114190168678761
0.0114190168678761
0.0114190168678761
0.0114190177991986
0.0114190177991986
0.0114190177991986
0.0114190177991986
0.0114190177991986
0.0114190177991986
0.0114190177991986
0.0114190177991986
0.0114190177991986
0.0114190177991986
0.0114190187305212
0.0114190187305212
0.0114190187305212
0.0114190187305212
0.0114190187305212
0.0114190187305212
0.0114190187305212
0.0114190196618438
0.0114190196618438
0.0114190196618438
0.0114190196618438
0.0114190196618438
0.0114190196618438
0.0114190196618438
0.0114190196618438
0.0114190205931664
0.0114190205931664
0.0114190205931664
0.0114190205931664
0.0114190205931664
0.0114190205931664
0.0114190205931664
0.0114190205931664
0.0114190215244889
0.0114190215244889
0.0114190215244889
0.0114190215244889
0.0114190215244889
0.0114190215244889
0.0114190215244889
0.0114190215244889
0.0114190215244889
0.0114190215244889
0.0114190224558115
0.0114190224558115
0.0114190224558115
0.0114190224558115
0.0114190224558115
0.0114190224558115
0.0114190224558115
0.0114190233871341
0.0114190233871341
0.0114190233871341
0.0114190233871341
0.0114190233871341
0.0114190233871341
0.0114190233871341
0.0114190243184566
0.0114190243184566
0.0114190243184566
0.0114190243184566
0.0114190243184566
0.0114190243184566
0.0114190243184566
0.0114190243184566
0.0114190243184566
0.0114190252497792
0.0114190252497792
0.0114190252497792
0.0114190252497792
0.0114190252497792
0.0114190252497792
0.0114190252497792
0.0114190252497792
0.0114190252497792
0.0114190261811018
0.0114190261811018
0.0114190261811018
0.0114190261811018
0.0114190261811018
0.0114190261811018
0.0114190261811018
0.0114190271124244
0.0114190271124244
0.0114190271124244
0.0114190271124244
0.0114190271124244
0.0114190271124244
0.0114190271124244
0.0114190271124244
0.0114190271124244
0.0114190271124244
0.0114190271124244
0.0114190271124244
0.0114190280437469
0.0114190280437469
0.0114190280437469
0.0114190280437469
0.0114190280437469
0.0114190280437469
0.0114190280437469
0.0114190289750695
0.0114190289750695
0.0114190289750695
0.0114190289750695
0.0114190289750695
0.0114190289750695
0.0114190299063921
0.0114190299063921
0.0114190299063921
0.0114190299063921
0.0114190299063921
0.0114190299063921
0.0114190299063921
0.0114190308377147
0.0114190308377147
0.0114190308377147
0.0114190308377147
0.0114190308377147
0.0114190308377147
0.0114190308377147
0.0114190317690372
0.0114190317690372
0.0114190317690372
0.0114190317690372
0.0114190317690372
0.0114190317690372
0.0114190327003598
0.0114190327003598
0.0114190327003598
0.0114190327003598
0.0114190327003598
0.0114190327003598
0.0114190327003598
0.0114190336316824
0.0114190336316824
0.0114190336316824
0.0114190336316824
0.0114190336316824
0.0114190336316824
0.0114190336316824
0.0114190336316824
0.011419034563005
0.011419034563005
0.011419034563005
0.011419034563005
0.011419034563005
0.011419034563005
0.011419034563005
0.011419034563005
0.0114190354943275
0.0114190354943275
0.0114190354943275
0.0114190354943275
0.0114190354943275
0.0114190354943275
0.0114190364256501
0.0114190364256501
0.0114190364256501
0.0114190364256501
0.0114190364256501
0.0114190364256501
0.0114190364256501
0.0114190364256501
0.0114190373569727
0.0114190373569727
0.0114190373569727
0.0114190373569727
0.0114190373569727
0.0114190373569727
0.0114190373569727
0.0114190373569727
0.0114190373569727
0.0114190382882953
0.0114190382882953
0.0114190382882953
0.0114190382882953
0.0114190382882953
0.0114190382882953
0.0114190382882953
0.0114190382882953
0.0114190392196178
0.0114190392196178
0.0114190392196178
0.0114190392196178
0.0114190392196178
0.0114190392196178
0.0114190401509404
0.0114190401509404
0.0114190401509404
0.0114190401509404
0.0114190401509404
0.0114190401509404
0.0114190401509404
0.011419041082263
0.011419041082263
0.011419041082263
0.011419041082263
0.011419041082263
0.011419041082263
0.011419041082263
0.0114190420135856
0.0114190420135856
0.0114190420135856
0.0114190420135856
0.0114190420135856
0.0114190420135856
0.0114190420135856
0.0114190420135856
0.0114190420135856
0.0114190429449081
0.0114190429449081
0.0114190429449081
0.0114190429449081
0.0114190429449081
0.0114190429449081
0.0114190429449081
0.0114190429449081
0.0114190438762307
0.0114190438762307
0.0114190438762307
0.0114190438762307
0.0114190438762307
0.0114190438762307
0.0114190438762307
0.0114190438762307
0.0114190438762307
0.0114190448075533
0.0114190448075533
0.0114190448075533
0.0114190448075533
0.0114190448075533
0.0114190448075533
0.0114190448075533
0.0114190448075533
0.0114190448075533
0.0114190448075533
0.0114190457388759
0.0114190457388759
0.0114190457388759
0.0114190457388759
0.0114190457388759
0.0114190457388759
0.0114190457388759
0.0114190457388759
0.0114190457388759
0.0114190457388759
0.0114190457388759
0.0114190457388759
0.0114190466701984
0.0114190466701984
0.0114190466701984
0.0114190466701984
0.0114190466701984
0.0114190466701984
0.011419047601521
0.011419047601521
0.011419047601521
0.011419047601521
0.011419047601521
0.011419047601521
0.011419047601521
0.011419047601521
0.011419047601521
0.0114190485328436
0.0114190485328436
0.0114190485328436
0.0114190485328436
0.0114190485328436
0.0114190494641662
0.0114190494641662
0.0114190494641662
0.0114190494641662
0.0114190494641662
0.0114190494641662
0.0114190494641662
0.0114190494641662
0.0114190494641662
0.0114190494641662
0.0114190494641662
0.0114190503954887
0.0114190503954887
0.0114190503954887
0.0114190503954887
0.0114190503954887
0.0114190503954887
0.0114190503954887
0.0114190503954887
0.0114190503954887
0.0114190503954887
0.0114190513268113
0.0114190513268113
0.0114190513268113
0.0114190513268113
0.0114190513268113
0.0114190513268113
0.0114190522581339
0.0114190522581339
0.0114190522581339
0.0114190522581339
0.0114190522581339
0.0114190522581339
0.0114190522581339
0.0114190522581339
0.0114190522581339
0.0114190522581339
0.0114190531894565
0.0114190531894565
0.0114190531894565
0.0114190531894565
0.0114190531894565
0.0114190531894565
0.0114190531894565
0.011419054120779
0.011419054120779
0.011419054120779
