0.0
0.00999999977648258
0.0199999995529652
0.0299999993294477
0.0399999991059303
0.0500000007450581
0.0599999986588955
0.0700000002980232
0.0799999982118607
0.0900000035762787
0.100000001490116
0.109999999403954
0.119999997317791
0.129999995231628
0.140000000596046
0.150000005960464
0.159999996423721
0.170000001788139
0.172499999403954
0.174999997019768
0.177499994635582
0.178124994039536
0.178164064884186
0.178193360567093
0.17822265625
0.178251951932907
0.178281247615814
0.178310543298721
0.178339838981628
0.178369134664536
0.178398430347443
0.178420409560204
0.178442388772964
0.178464353084564
0.178486332297325
0.178508296608925
0.178530275821686
0.178546756505966
0.178563237190247
0.178579717874527
0.178604423999786
0.178641512989998
0.178697124123573
0.17875275015831
0.178808361291885
0.178863987326622
0.178947404026985
0.17903083562851
0.179114267230034
0.17923940718174
0.179427117109299
0.179708689451218
0.180131033062935
0.180764570832253
0.181714847683907
0.182665139436722
0.183615431189537
0.184565722942352
0.185516014695168
0.186941459774971
0.189079612493515
0.19228683412075
0.197097688913345
0.201908528804779
0.206719368696213
0.207020059227943
0.207320734858513
0.207395896315575
0.207452282309532
0.207508653402328
0.207593217492104
0.207677781581879
0.207762345671654
0.20784692466259
0.207931488752365
0.20801605284214
0.208142891526222
0.208174616098404
0.208206325769424
0.208238035440445
0.208269745111465
0.208301454782486
0.208333164453506
0.208364889025688
0.208396598696709
0.208428308367729
0.20846001803875
0.20849172770977
0.208523437380791
0.208547219634056
0.208565071225166
0.208578437566757
0.208591818809509
0.208605200052261
0.208625271916389
0.208655372262001
0.208685472607613
0.208715572953224
0.208760723471642
0.208805873990059
0.208851024508476
0.208896189928055
0.208941340446472
0.20898649096489
0.209031641483307
0.209099367260933
0.209200963377953
0.209353357553482
0.209581941366196
0.209924817085266
0.210267692804337
0.210610568523407
0.211124882102013
0.211639210581779
0.212153524160385
0.212925001978874
0.213696464896202
0.214467942714691
0.215625151991844
0.217360973358154
0.219964697957039
0.223870292305946
0.229728683829308
0.231193274259567
0.232657864689827
0.23320709168911
0.233413055539131
0.233451664447784
0.233490288257599
0.233548209071159
0.233635097742081
0.233721986413002
0.233808875083923
0.233895763754845
0.233982652425766
0.234112992882729
0.234308496117592
0.234601736068726
0.235041618347168
0.23570142686367
0.236691147089005
0.237680867314339
0.238670587539673
0.240155160427094
0.242382034659386
0.245722338557243
0.250732779502869
0.258248448371887
0.268248468637466
0.278248459100723
0.28824844956398
0.298248469829559
0.308248460292816
0.318248450756073
0.328248471021652
0.338248461484909
0.348248451948166
0.358248472213745
0.368248462677002
0.378248453140259
0.388248473405838
0.398248463869095
0.408248454332352
0.418248474597931
0.428248465061188
0.438248455524445
0.448248445987701
0.458248466253281
0.468248456716537
0.478248447179794
0.488248467445374
0.49824845790863
0.508248448371887
0.518248438835144
0.528248488903046
0.538248479366302
0.548248469829559
0.558248460292816
0.568248450756073
0.57824844121933
0.588248431682587
0.598248481750488
0.608248472213745
0.618248462677002
0.628248453140259
0.638248443603516
0.648248434066772
0.658248484134674
0.668248474597931
0.678248465061188
0.688248455524445
0.698248445987701
0.708248436450958
0.71824848651886
0.728248476982117
0.738248467445374
0.74824845790863
0.758248448371887
0.768248438835144
0.778248488903046
0.788248479366302
0.798248469829559
0.808248460292816
0.818248450756073
0.82824844121933
0.838248431682587
0.848248481750488
0.858248472213745
0.868248462677002
0.878248453140259
0.888248443603516
0.898248434066772
0.908248484134674
0.918248474597931
0.928248465061188
0.938248455524445
0.948248445987701
0.958248436450958
0.96824848651886
0.978248476982117
0.988248467445374
0.99824845790863
1.0
