0.0
5.31342347898089e-09
3.1269127731548e-08
1.19112911534103e-07
1.19112911534103e-07
1.19112911534103e-07
1.19112911534103e-07
1.19112911534103e-07
1.19112911534103e-07
1.19112911534103e-07
1.19112911534103e-07
1.19112911534103e-07
1.19112911534103e-07
1.19112911534103e-07
1.19112911534103e-07
1.19112911534103e-07
1.19112911534103e-07
1.19112911534103e-07
1.19112911534103e-07
1.19112911534103e-07
1.19112911534103e-07
1.19112911534103e-07
1.19112911534103e-07
1.19112911534103e-07
1.19112911534103e-07
1.19112911534103e-07
1.19112911534103e-07
1.19112911534103e-07
1.19112911534103e-07
1.19112911534103e-07
1.19112911534103e-07
1.19112911534103e-07
1.19112911534103e-07
1.19112911534103e-07
1.19112911534103e-07
1.19112911534103e-07
1.19112911534103e-07
1.19112911534103e-07
1.19112911534103e-07
1.19112911534103e-07
1.19112911534103e-07
1.19112911534103e-07
1.19112911534103e-07
1.19112911534103e-07
1.19112911534103e-07
1.19112911534103e-07
1.19112911534103e-07
1.19112911534103e-07
1.19112911534103e-07
1.19112911534103e-07
1.19112911534103e-07
1.19112911534103e-07
1.19112911534103e-07
1.19112911534103e-07
1.19112911534103e-07
1.19112911534103e-07
1.19112911534103e-07
1.19112911534103e-07
1.19112911534103e-07
1.19112911534103e-07
1.19112911534103e-07
1.19112911534103e-07
1.19112911534103e-07
1.19112911534103e-07
1.19112911534103e-07
1.19112911534103e-07
1.19112911534103e-07
1.19112911534103e-07
1.19112911534103e-07
1.19112911534103e-07
1.19112911534103e-07
1.19112911534103e-07
1.19112911534103e-07
1.19112911534103e-07
1.19112911534103e-07
1.19112911534103e-07
1.19112911534103e-07
1.19112911534103e-07
1.19112911534103e-07
1.19112911534103e-07
1.19112911534103e-07
1.19112911534103e-07
1.19112911534103e-07
1.19112911534103e-07
1.19112911534103e-07
1.19112911534103e-07
1.19112911534103e-07
