0.0
7.25408411960417e-35
4.27143419301501e-07
4.36691493632679e-07
1.33210869535105e-06
1.20669676562102e-06
2.13089015232981e-06
3.47013838108978e-06
6.14596774539677e-06
7.51046354707796e-06
7.46855084798881e-06
7.37063510314329e-06
7.20570324119763e-06
7.0642863647663e-06
7.01238104738877e-06
6.91068862579414e-06
6.78610376780853e-06
6.65073639538605e-06
6.58021190247382e-06
6.44480769551592e-06
6.30426529824035e-06
6.16036550127319e-06
6.0584893617488e-06
5.95275332671008e-06
5.84165400141501e-06
5.72203089177492e-06
5.59897443963564e-06
5.48208299733233e-06
5.35298067916301e-06
5.22055916007957e-06
5.07551840200904e-06
4.95182393933646e-06
4.84902602693182e-06
4.73838508696645e-06
4.62777097709477e-06
4.53272741651745e-06
4.39618452219293e-06
4.20490823671571e-06
4.01096167479409e-06
3.78432036995946e-06
3.53270365849312e-06
3.32925469592737e-06
3.13434270537982e-06
2.97847350338998e-06
2.80038875644095e-06
2.53315010922961e-06
2.30602518058731e-06
2.08465507967048e-06
1.90129549082485e-06
1.69353859291732e-06
1.37701874791674e-06
1.05340620848438e-06
7.65677214076277e-07
5.06482479067927e-07
3.36960681579512e-07
3.49623718420844e-07
3.532450136845e-07
3.61513855295925e-07
3.66166631238229e-07
3.66852162869691e-07
3.62084392691031e-07
3.62031443046362e-07
3.50885272837331e-07
3.29856646885673e-07
3.09091149119922e-07
2.92578789640174e-07
2.82943830143267e-07
2.72847245241792e-07
2.64769766999962e-07
2.71098372195411e-07
2.88644372403724e-07
3.0982025123194e-07
3.3105536090261e-07
3.5983504176329e-07
3.80344488348783e-07
3.89927834021364e-07
4.02244012320807e-07
4.09421573976942e-07
4.06118118689847e-07
3.9630600667806e-07
3.79925353399813e-07
3.4827718309316e-07
3.03581373373163e-07
2.60836600318726e-07
2.11702143815273e-07
1.75196063878502e-07
1.69609876365939e-07
1.82721976216271e-07
1.88807689482928e-07
2.01966571466983e-07
2.38526325802013e-07
2.63730072447288e-07
2.85847079339874e-07
3.13313051947262e-07
3.5082595672975e-07
3.69138376754563e-07
3.88396500738963e-07
4.08293459486231e-07
4.16834154748358e-07
4.23312457087377e-07
4.17231433402776e-07
