0.0
7.28667251938769e-35
1.03767592918302e-06
1.24065206819068e-06
1.49013567352085e-06
1.75021546056087e-06
2.14778879126243e-06
2.73223099611641e-06
3.34027481585508e-06
3.08599419440725e-06
2.44264970206132e-06
2.47968364419648e-06
2.62321373156738e-06
2.88593219011091e-06
3.33897423843155e-06
3.78639765585831e-06
5.16525824423297e-06
8.00494854047429e-06
9.64045921136858e-06
9.46734871831723e-06
9.21138962439727e-06
8.90380852069939e-06
8.6034096966614e-06
8.45731938170502e-06
8.1540829341975e-06
7.86439159128349e-06
7.58110900278552e-06
7.415222171403e-06
7.1336417022394e-06
6.85818122292403e-06
6.57307282381225e-06
6.30412387181423e-06
6.03921989750233e-06
5.75669491809094e-06
5.5031041483744e-06
5.25262430528528e-06
4.99361158290412e-06
4.74623675472685e-06
4.52252879767912e-06
4.29787269240478e-06
4.07282141168253e-06
3.76832940673921e-06
3.17128797178157e-06
2.61779837273934e-06
1.93347591448401e-06
1.26384099985444e-06
7.45408385682822e-07
3.58631154995237e-07
1.06040971559196e-07
8.74158523345159e-09
9.00362273625888e-09
9.8435961604082e-09
9.86639481226348e-09
9.89771109516369e-09
1.011750683233e-08
1.03500870096696e-08
1.04044772797351e-08
1.04510045062511e-08
1.04295505565233e-08
1.03347836954981e-08
1.03365858095117e-08
1.05985753506843e-08
1.14907763304473e-08
9.74523128860483e-09
8.22954859813763e-09
1.49044616648553e-08
1.57188075888826e-08
1.55919703814789e-08
1.4513544144279e-08
1.48078918016381e-08
1.34512720961766e-08
1.33052937556499e-08
1.22550547487776e-08
1.22550547487776e-08
