0.0
-4.73268094839064e-33
-2.62378961224385e-07
-1.54444319377944e-06
-3.90539162253845e-06
-6.89603530190652e-06
-7.32973512640456e-06
-7.28587883713772e-06
-7.08440666130628e-06
-6.75190676702186e-06
-6.37593575447681e-06
-6.05698733124882e-06
-5.97777443545056e-06
-6.3424818108615e-06
-6.69229120831005e-06
-7.89176101534395e-06
-9.13473013497423e-06
-1.02171979960985e-05
-1.16068704301142e-05
-1.21545808724477e-05
-1.29876316350419e-05
-1.39587327794288e-05
-1.41897698995308e-05
-1.42438602779293e-05
-1.43226407089969e-05
-1.43526594911236e-05
-1.43650740938028e-05
-1.43650740938028e-05
