-0.0
1.4210854715202e-14
5.09892743139062e-07
6.17942873759603e-07
7.66024641052354e-07
6.84228666614217e-07
7.02813849784434e-07
1.09914253698662e-07
-1.67673351825215e-06
-1.68631959240884e-06
3.24460779665969e-06
5.73530996916816e-06
1.58955244842218e-05
2.53488724411e-05
2.89319614239503e-05
3.22938722092658e-05
3.72911963495426e-05
3.71645110135432e-05
4.11852961406112e-05
4.42321543232538e-05
4.84468982904218e-05
5.13595514348708e-05
5.26134972460568e-05
5.60735643375665e-05
6.6173481172882e-05
6.91306559019722e-05
7.63696953072213e-05
7.87825920269825e-05
7.73551510064863e-05
7.26286962162703e-05
6.75067421980202e-05
6.24798703938723e-05
5.7182420277968e-05
5.1744282245636e-05
4.77627363579813e-05
4.30418731411919e-05
4.56937632407062e-05
3.48641915479675e-05
3.23335807479452e-05
3.00336178042926e-05
2.87151433440158e-05
3.34126889356412e-05
1.06600818980951e-05
1.85590142791625e-05
1.56239766511135e-05
9.84247890301049e-06
1.52037646330427e-05
1.49709703691769e-05
1.48676699609496e-05
1.48238141264301e-05
1.48324506881181e-05
1.4760884369025e-05
1.47412938531488e-05
1.47357859532349e-05
1.47339233080857e-05
1.47338469105307e-05
1.47338323586155e-05
1.47339342220221e-05
1.47337268572301e-05
1.47337195812725e-05
1.4733690477442e-05
1.47337450471241e-05
1.47338323586155e-05
1.47338323586155e-05
1.47338323586155e-05
1.47338287206367e-05
1.47338287206367e-05
