-0.0
1.0285252410246e-16
-6.51125228056528e-18
-3.16287014356931e-07
-1.1807098871941e-06
-1.73153603100218e-06
-1.34229776449502e-06
-1.38883024192182e-06
-6.54316863801796e-07
3.86944520869292e-08
6.66429059492657e-07
1.17894751383574e-06
5.32185595147894e-06
8.89916736923624e-06
1.30424696180853e-05
1.33362445922103e-05
1.07632331491914e-05
1.03831525848364e-05
1.03193651739275e-05
1.04282589745708e-05
1.06976067399955e-05
1.0349756848882e-05
1.02812737168279e-05
1.02046469692141e-05
9.98076211544685e-06
1.03425427369075e-05
9.649036655901e-06
9.28848021430895e-06
6.08423943049274e-06
4.65808261651546e-06
4.88625119032804e-06
3.75741728930734e-06
3.27781890518963e-06
3.19061291520484e-06
3.05801950162277e-06
1.47237005876377e-06
2.34409890254028e-06
1.20233744382858e-06
9.3516064225696e-07
1.64990342454985e-06
8.54919562698342e-07
1.90762511920184e-06
4.00759745389223e-07
8.77529600984417e-07
-1.45754711411428e-06
-1.22778328659479e-06
-2.59087755694054e-07
3.54544681613334e-07
4.51614141638856e-07
4.74770786240697e-07
-2.43079739448149e-07
-3.97747399460968e-08
-3.56176741433956e-08
-3.44003154850725e-08
-3.18377146868443e-08
-3.05627523289331e-08
-2.9196527862041e-08
-2.55871519527773e-08
-1.78483734458723e-08
-8.25665580350687e-09
-3.61274565818803e-09
7.52997664221766e-11
-3.12473140695602e-08
-3.12473140695602e-08
