0.0
1.59733963300823e-06
1.63262143360043e-06
1.8715797978075e-06
2.01810303224192e-06
2.28847898142703e-06
2.94011124424287e-06
3.51200401382812e-06
4.16102329836576e-06
4.4155872274132e-06
4.73390582556021e-06
4.83155281472136e-06
4.93480547447689e-06
5.04147192259552e-06
5.15240753884427e-06
5.27040538145229e-06
5.39425263923476e-06
5.52342726223287e-06
5.65606296731858e-06
5.78994058741955e-06
5.92464266446768e-06
5.95858227825374e-06
6.00974726694403e-06
6.06113871981506e-06
6.07396486884682e-06
6.0931961343158e-06
6.12213625572622e-06
6.16569559497293e-06
6.23106507191551e-06
6.32880437478889e-06
6.47491242489195e-06
6.51154732622672e-06
6.55725943943253e-06
6.60864998280886e-06
6.62153888697503e-06
6.63442096993094e-06
6.65372726871283e-06
6.68293887429172e-06
6.72682108415756e-06
6.77074058330618e-06
6.81503843225073e-06
6.88151885697152e-06
6.98075928085018e-06
7.12874998498592e-06
7.35461435397156e-06
7.58737633077544e-06
7.64874312153552e-06
7.71055420045741e-06
7.77239984017797e-06
7.83436007623095e-06
7.89741352491546e-06
7.96104632172501e-06
8.02502290753182e-06
8.04120645625517e-06
8.05741456133546e-06
8.07361993793165e-06
8.09792800282594e-06
8.13449605630012e-06
8.18954686110374e-06
8.21034154796507e-06
8.23114805825753e-06
8.2520609794301e-06
8.28371776151471e-06
8.31573288451182e-06
8.34792081150226e-06
8.35604896565201e-06
8.36420895211631e-06
8.37237439554883e-06
8.38053983898135e-06
8.39279800857184e-06
8.41120890981983e-06
8.43901761982124e-06
8.43901761982124e-06
