0.0
1.04977523000184e-31
1.72938939613232e-06
1.69861923495773e-05
5.00120731885545e-05
9.08730362425558e-05
0.00012496423732955
0.000133810593979433
0.000145152589539066
0.000160688723553903
0.000178764545125887
0.00019900785991922
0.000204384326934814
0.000209878489840776
0.000218332090298645
0.000231522295507602
0.000252221419941634
0.000285597401671112
0.000299159000860527
0.000320408405968919
0.000342598068527877
0.00036556733539328
0.000389261054806411
0.000426088663516566
0.000483628595247865
0.000543785106856376
0.000609728216659278
0.000681476725731045
0.000757763162255287
0.000817580032162368
0.000879467348568141
0.00094342662487179
0.00100934272632003
0.00107711658347398
0.00114633049815893
0.00121682276949286
0.00128855789080262
0.00136144831776619
0.00147563219070435
0.0015656934119761
0.0016586520941928
0.00168224971275777
0.00171790295280516
0.00173135008662939
0.00173639762215316
0.00174398324452341
0.00175538926851004
0.00176681624725461
0.00177826196886599
0.00179546640720218
0.00182131759356707
0.0018597727175802
0.00189831224270165
0.00193801010027528
0.00197891611605883
0.0020424306858331
0.00214110570959747
0.0022427758667618
0.00234703114256263
0.00238655414432287
0.00244563678279519
0.00250441394746304
0.00256297225132585
0.0026217142585665
0.00268075172789395
0.00273982854560018
0.0027425626758486
0.00274461298249662
0.00274666305631399
0.00274973432533443
0.00275433668866754
0.0027589276432991
0.00276350742205977
0.00276807090267539
0.0027726236730814
0.00277944374829531
0.0027862535789609
0.00278752925805748
0.00278880470432341
0.00279008038341999
0.00279135606251657
0.00279263127595186
0.00279390462674201
0.00279581337235868
0.00279652886092663
0.00279724411666393
0.00279795960523188
0.00279867649078369
0.00279939221218228
0.0028001053724438
0.00280082016251981
0.00280153471976519
0.00280224531888962
0.00280295312404633
0.00280365929938853
0.0028043647762388
0.00280507002025843
0.00280612683854997
0.00280770775862038
0.00280810240656137
0.00280849682167172
0.00280889077112079
0.00280948122963309
0.00281007215380669
0.00281066284514964
0.00281125516630709
0.00281185214407742
0.00281245145015419
0.00281304982490838
0.00281364982947707
0.00281424541026354
0.00281483517028391
0.00281571457162499
0.00281659094616771
0.00281746522523463
0.00281833903864026
0.00281921285204589
0.00282052299007773
0.00282248831354082
0.00282543571665883
0.00282985577359796
0.00283648446202278
0.00284642330370843
0.00286132260225713
0.00288364011794329
0.00291701545938849
0.00296676647849381
0.00304075866006315
0.00315102189779282
0.0033279771450907
0.00357975554652512
0.00388231733813882
0.00417433539405465
0.00445484276860952
0.00478074094280601
0.00505449809134007
0.00531117990612984
0.00555872172117233
0.00579880503937602
0.00611887965351343
0.00633993791416287
0.00655349483713508
0.00675314757972956
0.00694017671048641
0.00710037909448147
0.00725387595593929
0.00740113854408264
0.00752894673496485
0.00763799855485559
0.00774754537269473
0.0078472662717104
0.00791889429092407
0.00798716954886913
0.00805727206170559
0.00809051468968391
0.00813833717256784
0.00816246028989553
0.00815483927726746
0.00818010605871677
0.00815313123166561
0.0081221628934145
0.00811013765633106
0.0080662164837122
0.00806600879877806
0.00802657380700111
0.00802196003496647
0.00799398869276047
0.00797928310930729
0.00797796435654163
0.00797797087579966
0.0079779801890254
0.00797799322754145
0.0079623069614172
0.00792614091187716
0.0079262088984251
0.00789427477866411
0.00787434540688992
0.007874371483922
0.0078224278986454
0.00782241858541965
0.00777399400249124
0.00777366477996111
0.00776012614369392
0.00772489188238978
0.00772486580535769
0.00767806963995099
0.00767612503841519
0.00764486193656921
0.00761855160817504
0.00761857349425554
0.00758837070316076
0.00756581593304873
0.00756106479093432
0.00756106479093432
