0
0.00120000005699694
0.00240000011399388
0.00359999993816018
0.00480000022798777
0.00600000005215406
0.00719999987632036
0.00810000021010637
0.00899999961256981
0.00944999977946281
0.00945703126490116
0.00946230441331863
0.00946757849305868
0.00947285164147615
0.00947812478989363
0.00948603544384241
0.00949790049344301
0.00951569806784391
0.00952237285673618
0.00952904671430588
0.00953572057187557
0.00954239536076784
0.00954906921833754
0.00955574307590723
0.0095624178647995
0.00956909172236919
0.00957576557993889
0.009585777297616
0.0096007939428091
0.00962331984192133
0.0096571072936058
0.00970778986811638
0.00978381279855967
0.00980281922966242
0.00981707312166691
0.00983132794499397
0.00984558183699846
0.00985983666032553
0.00987409055233002
0.00988834537565708
0.0099097266793251
0.00994179863482714
0.00997387152165174
0.00999792572110891
0.0100159663707018
0.0100340070202947
0.0100520476698875
0.0100791081786156
0.0100841820240021
0.0100892568007112
0.0100943306460977
0.0100994044914842
0.0101044783368707
0.0101095521822572
0.0101146260276437
0.0101196998730302
0.0101247737184167
0.0101298475638032
0.0101349214091897
0.0101399961858988
0.0101476069539785
0.0101590231060982
0.0101761473342776
0.0102018341422081
0.0102403648197651
0.010298159904778
0.0103559549897909
0.0104137510061264
0.0105004440993071
0.0106304828077555
0.0108255427330732
0.0110206017270684
0.0112156607210636
0.0115082496777177
0.0118008386343718
0.0120934275910258
0.0123860165476799
0.012678605504334
0.012971194460988
0.0132637834176421
0.0135563723742962
0.0138489613309503
0.0141415502876043
0.0145804332569242
0.0152387581765652
0.0154856303706765
0.0158559381961823
0.0164113994687796
0.0172445923089981
0.0184445921331644
0.0196445919573307
0.020844591781497
0.0220445916056633
0.0232445914298296
0.024444593116641
0.0256445929408073
0.0268445927649736
0.0280445925891399
0.0292445924133062
0.0304445922374725
0.031644593924284
0.0328445918858051
0.0340445935726166
0.0352445915341377
0.0364445932209492
0.0376445911824703
0.0388445928692818
0.0400445908308029
0.0412445925176144
0.0424445904791355
0.043644592165947
0.0448445938527584
0.0460445918142796
0.047244593501091
0.0484445914626122
0.0496445931494236
0.0508445911109447
0.0520445927977562
0.0532445907592773
0.0544445924460888
0.0556445941329002
0.0568445920944214
0.0571445934474468
0.0575945936143398
0.0582695938646793
0.0592820905148983
0.0604820922017097
0.0616820938885212
0.0628820955753326
0.0640820935368538
0.0652820914983749
0.0664820894598961
0.0676820948719978
0.068882092833519
0.0700820907950401
0.0712820887565613
0.072482094168663
0.0736820921301842
0.0748820900917053
0.0760820955038071
0.0772820934653282
0.0784820914268494
0.0796820893883705
0.0808820948004723
0.0820820927619934
0.0832820907235146
0.0844820886850357
0.0856820940971375
0.0868820920586586
0.0880820900201797
0.0892820954322815
0.0904820933938026
0.0916820913553238
0.0928820893168449
0.0940820947289467
0.0952820926904678
0.096482090651989
0.0976820886135101
0.0988820940256119
0.100082091987133
0.101282089948654
0.102482095360756
0.103682093322277
0.103757090866566
0.103785216808319
0.103827401995659
0.103831358253956
0.103832840919495
0.103833399713039
0.103834234178066
0.103834547102451
0.103834666311741
0.103834837675095
0.103834852576256
0.103834860026836
0.103834860026836
0.103834860026836
0.103834860026836
0.103834860026836
0.103834860026836
0.103834860026836
0.103834860026836
0.103834860026836
0.103834867477417
0.103834867477417
0.103834867477417
0.103834867477417
0.103834867477417
0.103834867477417
0.103834867477417
0.103834867477417
0.103834867477417
0.103834867477417
0.103834867477417
0.103834867477417
0.103834874927998
0.103834874927998
0.103834874927998
0.103834874927998
0.103834874927998
0.103834874927998
0.103834874927998
0.103834874927998
0.103834874927998
0.103834874927998
0.103834874927998
0.103834882378578
0.103834882378578
0.103834882378578
0.103834882378578
0.103834882378578
0.103834882378578
0.103834882378578
0.103834882378578
0.103834882378578
0.103834882378578
0.103834882378578
0.103834889829159
0.103834889829159
0.103834889829159
0.103834889829159
0.103834889829159
0.103834889829159
0.103834889829159
0.103834889829159
0.103834889829159
0.103834889829159
0.103834889829159
0.103834897279739
0.103834897279739
0.103834897279739
0.103834897279739
0.103834897279739
0.103834897279739
0.103834897279739
0.103834897279739
0.103834897279739
0.103834897279739
0.103834897279739
0.103834897279739
0.10383490473032
0.10383490473032
0.10383490473032
0.10383490473032
0.10383490473032
0.10383490473032
0.10383490473032
0.10383490473032
0.10383490473032
0.10383490473032
0.10383490473032
0.10383490473032
0.103834912180901
0.103834912180901
0.103834912180901
0.103834912180901
0.103834912180901
0.103834912180901
0.103834912180901
0.103834912180901
0.103834912180901
0.103834912180901
0.103834919631481
0.103834919631481
0.103834919631481
0.103834919631481
0.103834919631481
0.103834919631481
0.103834919631481
0.103834919631481
0.103834919631481
0.103834919631481
0.103834919631481
0.103834919631481
0.103834927082062
0.103834927082062
0.103834927082062
0.103834927082062
0.103834927082062
0.103834927082062
0.103834927082062
0.103834927082062
0.103834927082062
0.103834927082062
0.103834927082062
0.103834934532642
0.103834934532642
0.103834934532642
0.103834934532642
0.103834934532642
0.103834934532642
0.103834934532642
0.103834934532642
0.103834934532642
0.103834934532642
0.103834941983223
0.103834941983223
0.103834941983223
0.103834941983223
0.103834941983223
0.103834941983223
0.103834941983223
0.103834941983223
0.103834941983223
0.103834941983223
0.103834941983223
0.103834941983223
0.103834949433804
0.103834949433804
0.103834949433804
0.103834949433804
0.103834949433804
0.103834949433804
0.103834949433804
0.103834949433804
0.103834949433804
0.103834949433804
0.103834956884384
0.103834956884384
0.103834956884384
0.103834956884384
0.103834956884384
0.103834956884384
0.103834956884384
0.103834956884384
0.103834956884384
0.103834956884384
0.103834956884384
0.103834956884384
0.103834964334965
0.103834964334965
0.103834964334965
0.103834964334965
0.103834964334965
0.103834964334965
0.103834964334965
0.103834964334965
0.103834964334965
0.103834964334965
0.103834964334965
0.103834971785545
0.103834971785545
0.103834971785545
0.103834971785545
0.103834971785545
0.103834971785545
0.103834971785545
0.103834971785545
0.103834971785545
0.103834971785545
0.103834971785545
0.103834979236126
0.103834979236126
0.103834979236126
0.103834979236126
0.103834979236126
0.103834979236126
0.103834979236126
0.103834979236126
0.103834979236126
0.103834979236126
0.103834979236126
0.103834986686707
0.103834986686707
0.103834986686707
0.103834986686707
0.103834986686707
0.103834986686707
0.103834986686707
0.103834986686707
0.103834986686707
0.103834986686707
0.103834986686707
0.103834986686707
0.103834994137287
0.103834994137287
0.103834994137287
0.103834994137287
0.103834994137287
0.103834994137287
0.103834994137287
0.103834994137287
0.103834994137287
0.103834994137287
0.103835001587868
0.103835001587868
0.103835001587868
0.103835001587868
0.103835001587868
0.103835001587868
0.103835001587868
0.103835001587868
0.103835001587868
0.103835001587868
0.103835001587868
0.103835009038448
0.103835009038448
0.103835009038448
0.103835009038448
0.103835009038448
0.103835009038448
0.103835009038448
0.103835009038448
0.103835009038448
0.103835009038448
0.103835009038448
0.103835009038448
0.103835016489029
0.103835016489029
0.103835016489029
0.103835016489029
0.103835016489029
0.103835016489029
0.103835016489029
0.103835016489029
0.103835016489029
0.103835016489029
0.103835016489029
0.10383502393961
0.10383502393961
0.10383502393961
0.10383502393961
0.10383502393961
0.10383502393961
0.10383502393961
0.10383502393961
0.10383502393961
0.10383502393961
0.10383502393961
0.10383503139019
0.10383503139019
0.10383503139019
0.10383503139019
0.10383503139019
0.10383503139019
0.10383503139019
0.10383503139019
0.10383503139019
0.10383503139019
0.10383503139019
0.103835038840771
0.103835038840771
0.103835038840771
0.103835038840771
0.103835038840771
0.103835038840771
0.103835038840771
0.103835038840771
0.103835038840771
0.103835038840771
0.103835038840771
0.103835046291351
0.103835046291351
0.103835046291351
0.103835046291351
0.103835046291351
0.103835046291351
0.103835046291351
0.103835046291351
0.103835046291351
0.103835046291351
0.103835046291351
0.103835046291351
0.103835053741932
0.103835053741932
0.103835053741932
0.103835053741932
0.103835053741932
0.103835053741932
0.103835053741932
0.103835053741932
0.103835053741932
0.103835053741932
0.103835053741932
0.103835061192513
0.103835061192513
0.103835061192513
0.103835061192513
0.103835061192513
0.103835061192513
0.103835061192513
0.103835061192513
0.103835061192513
0.103835061192513
0.103835068643093
0.103835068643093
0.103835068643093
0.103835068643093
0.103835068643093
0.103835068643093
0.103835068643093
0.103835068643093
0.103835068643093
0.103835068643093
0.103835068643093
0.103835068643093
0.103835068643093
0.103835076093674
0.103835076093674
0.103835076093674
0.103835076093674
