-0.000000
0.000000
0.442679
0.961221
1.096199
1.213308
1.406378
1.711093
1.986533
2.208135
2.387427
2.942637
3.480593
4.057872
4.772277
5.420364
5.894832
6.668601
7.123196
7.983824
8.745377
9.079217
9.512942
9.949948
10.360453
10.728434
11.243260
11.329932
11.392535
11.220924
10.978203
10.744098
10.748479
10.521276
10.292613
10.078504
10.037990
9.812968
9.587411
9.343928
9.114140
8.889688
8.669397
8.434303
8.207188
8.030834
7.810786
7.585827
7.366249
7.174588
6.978491
6.748754
6.524946
6.363748
6.150524
5.938513
5.783166
5.572602
5.375164
5.220641
5.017778
4.870932
4.669999
4.506457
4.314755
4.119223
3.971339
3.777036
3.630561
3.446589
3.298793
3.119581
2.982255
2.808061
2.673315
2.498520
2.359258
2.187502
2.050407
1.888617
1.758142
1.607717
1.473979
1.324253
1.188733
1.059883
0.914832
0.780418
0.648487
0.512636
0.379339
0.245025
0.212012
0.211398
0.209082
0.206424
0.205794
0.204229
0.201448
0.203428
0.206549
0.207469
0.207353
0.208459
0.208618
0.207822
0.206403
0.206247
0.209847
0.213422
0.213221
0.212952
0.212892
0.213619
0.214744
0.214914
0.222721
0.222510
0.218478
