0.0
2.63310107051495e-09
7.91836896496534e-07
2.6691525363276e-06
5.33574075234355e-06
6.79560707794735e-06
8.21863432065584e-06
1.18584357551299e-05
1.69907470990438e-05
2.02960291062482e-05
2.2806290871813e-05
2.48415926762391e-05
2.56419789366191e-05
2.73459991149139e-05
2.7962569220108e-05
2.86667673208285e-05
2.98844752251171e-05
3.017427661689e-05
3.05115736409789e-05
3.09198476315942e-05
3.0911836802261e-05
3.08921225951053e-05
3.08654962282162e-05
3.08345515804831e-05
3.07884656649549e-05
3.07200207316782e-05
3.06218935293145e-05
3.04897785099456e-05
3.03111301036552e-05
3.00523970508948e-05
2.96778816846199e-05
2.93084885925055e-05
2.88376777461963e-05
2.81494758382905e-05
2.74482808890752e-05
2.69293232122436e-05
2.64814825641224e-05
2.58584386756411e-05
2.52343288593693e-05
2.46416821028106e-05
2.40638510149438e-05
2.34461567742983e-05
2.27609343710355e-05
2.20914116653148e-05
2.13126913877204e-05
2.04824882530374e-05
1.96471646631835e-05
1.8833407011698e-05
1.80398601514753e-05
1.71430565387709e-05
1.59727460413706e-05
1.44756158988457e-05
1.30228554553469e-05
1.16866249300074e-05
1.03032425613492e-05
8.97711652214639e-06
7.7890390457469e-06
6.729967026331e-06
5.79856396143441e-06
4.9939098971663e-06
4.28162547905231e-06
3.44265959029144e-06
2.62738717538014e-06
1.9705105387402e-06
1.39114342800895e-06
1.92135985344066e-07
6.63009558365957e-08
6.65615544903631e-08
6.58789929275372e-08
6.67998563130823e-08
6.7027954742116e-08
6.7685483884361e-08
6.86290775320231e-08
6.94809330070711e-08
7.06940639361164e-08
7.2281864049728e-08
7.3195273841975e-08
7.42607610959567e-08
7.4994296994646e-08
7.50732382925889e-08
7.48289465946073e-08
7.41901260425948e-08
7.4137098238225e-08
7.4074925748846e-08
7.4074925748846e-08
