0.0
1.07782085478902e-07
1.14066345702213e-07
1.28336068883073e-07
1.51903634559858e-07
1.75566043481012e-07
2.60131542972886e-07
4.62216604546484e-07
9.07876824385312e-07
1.18119953640416e-06
1.57824069901835e-06
2.14970509659906e-06
2.31585909205023e-06
2.49367326432548e-06
2.82557334685407e-06
3.30692682837253e-06
3.54185362994031e-06
3.92269839721848e-06
4.35516403740621e-06
4.82706036564196e-06
5.31020123162307e-06
6.21543085799203e-06
7.66348603065126e-06
9.26225311559392e-06
1.1066179467889e-05
1.31374035845511e-05
1.53978944581468e-05
1.93233099707868e-05
2.55112372542499e-05
3.52183742506895e-05
3.84540435334202e-05
3.94365088141058e-05
4.04021520807873e-05
4.06288272642996e-05
4.08497944590636e-05
4.10737411584705e-05
4.13024754379876e-05
4.16512484662235e-05
4.19092357333284e-05
4.23051824327558e-05
4.26945443905424e-05
4.31032676715404e-05
4.32026499765925e-05
4.3354961235309e-05
4.35868896602187e-05
4.39419636677485e-05
4.44887227786239e-05
4.53566390206106e-05
4.67022691736929e-05
4.70638842671178e-05
4.73395921289921e-05
4.76165951113217e-05
4.80446433357429e-05
4.82079958601389e-05
4.84667471027933e-05
4.87422475998756e-05
4.9030681111617e-05
4.91413302370347e-05
4.93111947434954e-05
4.95737658638973e-05
4.99893467349466e-05
5.04243325849529e-05
5.08912053192034e-05
5.1252111006761e-05
5.16214422532357e-05
5.17626176588237e-05
5.19767272635363e-05
5.23017370142043e-05
5.27965676155873e-05
5.35507024324033e-05
5.47161798749585e-05
5.59095460630488e-05
5.71355776628479e-05
5.74426485400181e-05
5.77490354771726e-05
5.82141256018076e-05
5.86821988690645e-05
5.91590942349285e-05
5.93398690398317e-05
5.96156605752185e-05
6.00354760535993e-05
6.06764588155784e-05
6.17036348558031e-05
6.27537156105973e-05
6.38538986095227e-05
6.49691646685824e-05
6.61019148537889e-05
6.77963325870223e-05
6.84474798617885e-05
6.94123300490901e-05
7.08741354173981e-05
7.19829768058844e-05
7.30877363821492e-05
7.47477533877827e-05
7.64225624152459e-05
7.81328926677816e-05
8.06760872364976e-05
8.26198665890843e-05
8.45576796564274e-05
8.64890753291547e-05
8.93807955435477e-05
9.38111625146121e-05
0.000100346791441552
0.000105273633380421
0.000110343338747043
0.000115358874609228
0.000120355922263116
0.000127784340293147
0.000138835137477145
0.00015510710363742
0.000179207374458201
0.000215139531064779
0.000270037649897859
0.000353356095729396
0.000467785575892776
0.000589063973166049
0.000713807996362448
0.000838140142150223
0.000965529587119818
0.00109530356712639
0.00122312107123435
0.00134671083651483
0.00146902783308178
0.00158912467304617
0.00170599424745888
0.00182154483627528
0.00193572288844734
0.00204789661802351
0.00215881573967636
0.00226715370081365
0.00237196474336088
0.0024740023072809
0.00257516512647271
0.0026740301400423
0.00277237175032496
0.00286860624328256
0.00296285399235785
0.00305333011783659
0.00314342114143074
0.00322855659760535
0.00331312720663846
0.00339574017561972
0.00347490306012332
0.0035497487988323
0.00362634286284447
0.00369497085921466
0.00375110935419798
0.00373176019638777
0.00372460181824863
0.00371032510884106
0.00368921831250191
0.00366377038881183
0.00362670142203569
0.00361849972978234
0.00360696157440543
0.00360696157440543
