0.0
1.25604560086146e-09
1.25653987215202e-09
1.25666488326459e-09
1.2566651053092e-09
1.2566652163315e-09
1.2566652163315e-09
1.2566652163315e-09
1.2566652163315e-09
1.2566652163315e-09
1.2566652163315e-09
1.2566652163315e-09
1.2566652163315e-09
1.2566652163315e-09
1.2566652163315e-09
1.2566652163315e-09
1.2566652163315e-09
1.2566652163315e-09
1.2566652163315e-09
1.2566652163315e-09
1.2566652163315e-09
1.2566652163315e-09
1.2566652163315e-09
1.2566652163315e-09
1.2566652163315e-09
1.2566652163315e-09
1.2566652163315e-09
1.2566652163315e-09
1.2566652163315e-09
1.2566652163315e-09
1.2566652163315e-09
1.2566652163315e-09
1.2566652163315e-09
1.2566652163315e-09
1.2566652163315e-09
1.2566652163315e-09
1.2566652163315e-09
1.2566652163315e-09
1.2566652163315e-09
1.2566652163315e-09
1.2566652163315e-09
1.2566652163315e-09
1.2566652163315e-09
1.2566652163315e-09
1.2566652163315e-09
1.2566652163315e-09
1.2566652163315e-09
1.2566652163315e-09
1.2566652163315e-09
1.2566652163315e-09
1.2566652163315e-09
1.2566652163315e-09
1.2566652163315e-09
1.2566652163315e-09
1.2566652163315e-09
1.2566652163315e-09
1.2566652163315e-09
1.2566652163315e-09
1.2566652163315e-09
1.2566652163315e-09
1.2566652163315e-09
1.2566652163315e-09
1.2566652163315e-09
1.2566652163315e-09
1.2566652163315e-09
1.2566652163315e-09
1.2566652163315e-09
1.2566652163315e-09
1.2566652163315e-09
1.2566652163315e-09
1.2566652163315e-09
1.2566652163315e-09
1.2566652163315e-09
1.2566652163315e-09
1.2566652163315e-09
1.2566652163315e-09
1.2566652163315e-09
1.2566652163315e-09
1.2566652163315e-09
1.2566652163315e-09
1.2566652163315e-09
1.2566652163315e-09
1.2566652163315e-09
1.2566652163315e-09
1.2566652163315e-09
1.2566652163315e-09
1.2566652163315e-09
1.2566652163315e-09
1.2566652163315e-09
1.2566652163315e-09
1.2566652163315e-09
1.2566652163315e-09
1.2566652163315e-09
