0.0
0.0
0.0
1.93307170270884e-09
6.63380728127549e-09
6.69229205385591e-09
6.72786626410016e-09
6.74196520833448e-09
6.65291821633218e-09
6.50939702140363e-09
6.50136522395428e-09
6.691295517669e-09
6.946061059665e-09
7.23649407063931e-09
7.62192176040344e-09
8.86488926710172e-09
1.02356052522623e-08
1.14774927340022e-08
1.2519502767816e-08
1.27981980568848e-08
1.37620013163087e-08
1.5853478529948e-08
1.81261832210566e-08
1.87884037217145e-08
1.97843519345042e-08
2.06132515501167e-08
2.22644711556086e-08
2.50594833772766e-08
2.59345593889293e-08
2.69941224928516e-08
2.9378941945879e-08
3.18050830117045e-08
3.23084066167212e-08
3.29731228987384e-08
3.49037492242132e-08
5.04132060541451e-08
6.98725983738768e-08
8.3905582926036e-08
8.95948062407115e-08
1.07759227319093e-07
1.45075361501767e-07
2.0233819952864e-07
2.21501139208158e-07
2.4634601913931e-07
2.80250958439865e-07
3.26458433619337e-07
3.71553852573925e-07
4.15097474615322e-07
4.51251537469943e-07
4.9768431154007e-07
5.61703132007096e-07
5.83444091262209e-07
6.36304093859508e-07
6.64024355501169e-07
6.64553112983413e-07
6.62850936805626e-07
6.79294771543937e-07
6.76935485444119e-07
6.74318926030537e-07
6.71699410759174e-07
6.69395660679584e-07
6.6664944142758e-07
6.64400090499839e-07
6.62501179249375e-07
6.60277635233797e-07
6.58036753975466e-07
6.55511314562318e-07
6.53707843412121e-07
6.51790458050527e-07
6.49592266199761e-07
6.4737434968265e-07
6.45735042326123e-07
6.44112787995255e-07
6.41586211713729e-07
6.3945054762371e-07
6.38265930774651e-07
6.35814785709954e-07
6.33654053672217e-07
6.32043338555377e-07
6.29338956059655e-07
6.28082204912062e-07
6.25657321506878e-07
6.2254957811092e-07
6.21305730419408e-07
6.18434285115654e-07
6.17318619333673e-07
6.14454734204628e-07
6.13066106325277e-07
6.09377138971468e-07
6.07725098689116e-07
6.044725182619e-07
6.02632496793376e-07
5.9954112430205e-07
5.95881260778697e-07
5.9363918580857e-07
5.91976800023986e-07
5.88333421092102e-07
5.86880958053371e-07
5.83070914217387e-07
5.81578206038103e-07
5.76677791741531e-07
5.75030185245851e-07
5.70849294945219e-07
5.69036785691424e-07
5.66769983834092e-07
5.63065725600609e-07
5.60744013000658e-07
5.55816768610384e-07
5.53876077447057e-07
5.50155334622104e-07
5.47460388133914e-07
5.45963530385052e-07
5.4122631354403e-07
5.39244808805961e-07
5.34461264578567e-07
5.31481077814533e-07
5.29795386228216e-07
5.24708468674362e-07
5.22530058333359e-07
5.21319122981367e-07
5.15761030328576e-07
5.13611780661449e-07
5.08383777741983e-07
5.04912748056086e-07
5.02902025800722e-07
5.00757096233428e-07
4.95377605602698e-07
4.93001550694316e-07
4.92586821110308e-07
4.85961834328918e-07
4.83414396512671e-07
4.79120501495345e-07
4.74404600936396e-07
4.71980001748307e-07
4.71340399599285e-07
4.64149508161427e-07
4.61387116956757e-07
4.60955646985894e-07
