0.0
1.94930620978084e-07
5.02396596857579e-06
2.21058107854333e-05
5.47383606317453e-05
6.48260756861418e-05
8.01101850811392e-05
8.56596670928411e-05
9.35084244702011e-05
0.000100284742075019
0.000102613237686455
0.000105771810922306
0.000105955012259074
0.000105955368780997
0.00010595572530292
0.00010595572530292
0.000105955732578877
0.000105955732578877
0.000105955732578877
0.000105955732578877
0.000105955739854835
0.000105955739854835
0.000105955739854835
0.000105955747130793
0.000105955747130793
0.00010595575440675
0.00010595575440675
0.00010595575440675
0.00010595575440675
0.000105955761682708
0.000105955761682708
0.000105955761682708
0.000105955761682708
0.000105955768958665
0.000105955768958665
0.000105955768958665
0.000105955776234623
0.000105955776234623
0.000105955783510581
0.000105955790786538
0.000105955798062496
0.000105955798062496
0.000105955798062496
0.000105955805338454
0.000105955805338454
0.000105955805338454
0.000105955805338454
0.000105955812614411
0.000105955812614411
0.000105955812614411
0.000105955812614411
0.000105955819890369
0.000105955819890369
0.000105955827166326
0.000105955827166326
0.000105955827166326
0.000105955827166326
0.000105955834442284
0.000105955834442284
0.000105955841718242
0.000105955841718242
0.000105955841718242
0.000105955841718242
0.000105955848994199
0.000105955848994199
0.000105955856270157
0.000105955856270157
0.000105955863546114
0.000105955863546114
0.000105955863546114
0.000105955870822072
0.000105955870822072
0.000105955870822072
0.000105955870822072
0.00010595587809803
0.00010595587809803
0.00010595587809803
0.00010595587809803
0.000105955885373987
0.000105955885373987
0.000105955885373987
0.000105955885373987
0.000105955892649945
0.000105955892649945
0.000105955899925902
0.00010595590720186
0.00010595590720186
0.00010595590720186
0.00010595590720186
0.00010595590720186
0.000105955914477818
0.000105955914477818
0.000105955914477818
0.000105955921753775
0.000105955921753775
0.000105955929029733
0.000105955929029733
0.000105955929029733
0.000105955929029733
0.000105955936305691
0.000105955936305691
0.000105955943581648
0.000105955943581648
0.000105955943581648
0.000105955950857606
0.000105955950857606
0.000105955958133563
0.000105955958133563
0.000105955965409521
0.000105955965409521
0.000105955965409521
0.000105955965409521
0.000105955972685479
0.000105955972685479
0.000105955979961436
0.000105955979961436
0.000105955979961436
0.000105955979961436
0.000105955987237394
0.000105955987237394
0.000105955994513351
0.000105955994513351
0.000105956001789309
0.000105956001789309
0.000105956001789309
0.000105956001789309
0.000105956009065267
0.000105956009065267
0.000105956016341224
0.000105956016341224
0.000105956023617182
0.000105956023617182
0.00010595603089314
0.00010595603089314
0.000105956038169097
0.000105956038169097
0.000105956045445055
0.000105956045445055
0.000105956052721012
0.000105956052721012
0.000105956052721012
0.000105956052721012
0.00010595605999697
0.000105956067272928
0.000105956067272928
0.000105956067272928
0.000105956074548885
0.000105956074548885
0.000105956074548885
0.000105956081824843
0.000105956081824843
0.000105956081824843
0.000105956081824843
0.0001059560891008
0.000105956096376758
0.000105956096376758
0.000105956096376758
0.000105956096376758
0.000105956103652716
0.000105956103652716
0.000105956103652716
0.000105956110928673
0.000105956110928673
0.000105956110928673
0.000105956118204631
0.000105956118204631
0.000105956125480589
0.000105956125480589
0.000105956132756546
0.000105956132756546
0.000105956132756546
0.000105956132756546
0.000105956140032504
0.000105956140032504
0.000105956140032504
0.000105956147308461
0.000105956147308461
0.000105956147308461
0.000105956154584419
0.000105956154584419
0.000105956154584419
0.000105956154584419
0.000105956161860377
0.000105956161860377
0.000105956161860377
0.000105956169136334
0.000105956169136334
0.000105956176412292
0.000105956176412292
0.000105956176412292
0.000105956176412292
0.000105956183688249
0.000105956190964207
0.000105956190964207
0.000105956190964207
0.000105956190964207
0.000105956198240165
0.000105956198240165
0.000105956198240165
0.000105956205516122
0.000105956205516122
0.000105956205516122
0.000105956205516122
0.00010595621279208
0.00010595621279208
0.000105956220068038
0.000105956220068038
0.000105956220068038
0.000105956220068038
0.000105956227343995
0.000105956227343995
0.000105956234619953
0.00010595624189591
0.00010595624189591
0.00010595624189591
0.000105956249171868
0.000105956249171868
0.000105956249171868
0.000105956249171868
0.000105956256447826
0.000105956256447826
0.000105956263723783
0.000105956263723783
0.000105956263723783
0.000105956263723783
0.000105956270999741
0.000105956270999741
0.000105956270999741
0.000105956278275698
0.000105956278275698
0.000105956278275698
0.000105956285551656
0.000105956285551656
0.000105956285551656
0.000105956292827614
0.000105956292827614
0.000105956292827614
0.000105956300103571
0.000105956300103571
0.000105956300103571
0.000105956300103571
0.000105956307379529
0.000105956307379529
0.000105956314655486
0.000105956314655486
0.000105956314655486
0.000105956321931444
0.000105956321931444
0.000105956329207402
0.000105956336483359
0.000105956336483359
0.000105956336483359
0.000105956336483359
0.000105956343759317
0.000105956351035275
0.000105956351035275
0.000105956351035275
0.000105956358311232
0.000105956358311232
0.000105956358311232
0.00010595636558719
0.00010595636558719
0.00010595636558719
0.00010595636558719
0.000105956372863147
0.000105956372863147
0.000105956380139105
0.000105956380139105
0.000105956380139105
0.000105956380139105
0.000105956380139105
0.000105956387415063
0.000105956387415063
0.00010595639469102
0.00010595639469102
0.000105956401966978
0.000105956401966978
0.000105956401966978
0.000105956409242935
0.000105956409242935
0.000105956409242935
0.000105956416518893
0.000105956416518893
0.000105956416518893
0.000105956423794851
0.000105956423794851
0.000105956431070808
0.000105956431070808
0.000105956431070808
0.000105956438346766
0.000105956438346766
0.000105956438346766
0.000105956438346766
0.000105956445622724
0.000105956445622724
0.000105956452898681
0.000105956460174639
0.000105956460174639
0.000105956460174639
0.000105956467450596
0.000105956467450596
0.000105956467450596
0.000105956474726554
0.000105956474726554
0.000105956474726554
0.000105956482002512
0.000105956482002512
0.000105956482002512
0.000105956489278469
0.000105956489278469
0.000105956489278469
0.000105956496554427
0.000105956496554427
0.000105956496554427
0.000105956496554427
0.000105956503830384
0.000105956511106342
0.000105956511106342
0.0001059565183823
0.0001059565183823
0.0001059565183823
0.000105956525658257
0.000105956525658257
0.000105956525658257
0.000105956532934215
0.000105956532934215
0.000105956540210173
0.000105956540210173
0.000105956540210173
0.000105956540210173
0.00010595654748613
0.000105956554762088
0.000105956554762088
0.000105956554762088
0.000105956554762088
0.000105956562038045
0.000105956562038045
0.000105956562038045
0.000105956562038045
0.000105956569314003
0.000105956569314003
0.000105956569314003
0.000105956576589961
0.000105956576589961
0.000105956576589961
0.000105956583865918
0.000105956583865918
0.000105956591141876
0.000105956591141876
0.000105956591141876
0.000105956591141876
0.000105956598417833
0.000105956598417833
0.000105956598417833
0.000105956605693791
0.000105956605693791
0.000105956605693791
0.000105956612969749
0.000105956612969749
0.000105956620245706
0.000105956620245706
0.000105956627521664
0.000105956627521664
0.000105956627521664
0.000105956627521664
0.000105956634797622
0.000105956634797622
0.000105956634797622
0.000105956642073579
0.000105956642073579
0.000105956649349537
0.000105956649349537
0.000105956649349537
0.000105956649349537
0.000105956656625494
0.000105956656625494
0.000105956656625494
0.000105956663901452
0.000105956663901452
0.00010595667117741
0.00010595667117741
0.00010595667117741
0.000105956678453367
0.000105956678453367
0.000105956678453367
0.000105956678453367
0.000105956678453367
0.000105956685729325
0.000105956685729325
0.000105956685729325
0.000105956693005282
0.000105956693005282
0.000105956693005282
0.00010595670028124
0.00010595670028124
0.00010595670028124
0.00010595670028124
0.000105956707557198
0.000105956707557198
0.000105956714833155
0.000105956714833155
0.000105956714833155
0.000105956722109113
0.000105956722109113
0.000105956722109113
0.000105956722109113
0.000105956729385071
0.000105956729385071
0.000105956736661028
0.000105956736661028
0.000105956736661028
0.000105956743936986
0.000105956743936986
0.000105956743936986
0.000105956751212943
0.000105956751212943
0.000105956751212943
0.000105956758488901
0.000105956765764859
0.000105956765764859
0.000105956765764859
0.000105956765764859
0.000105956773040816
0.000105956773040816
0.000105956773040816
0.000105956780316774
0.000105956780316774
0.000105956787592731
0.000105956787592731
0.000105956787592731
0.000105956794868689
0.000105956794868689
0.000105956794868689
0.000105956794868689
0.000105956802144647
0.000105956802144647
0.000105956809420604
0.000105956809420604
0.000105956816696562
0.000105956816696562
0.000105956816696562
0.000105956823972519
0.000105956823972519
0.000105956831248477
0.000105956831248477
0.000105956831248477
0.000105956838524435
0.000105956838524435
0.000105956838524435
0.000105956845800392
0.000105956845800392
0.000105956845800392
0.000105956845800392
0.00010595685307635
0.00010595685307635
0.00010595685307635
0.00010595685307635
0.000105956860352308
0.000105956860352308
0.000105956860352308
0.000105956867628265
0.000105956867628265
0.000105956874904223
0.00010595688218018
0.00010595688218018
0.00010595688218018
0.00010595688218018
0.000105956889456138
0.000105956889456138
0.000105956896732096
0.000105956896732096
0.000105956904008053
0.000105956904008053
0.000105956904008053
0.000105956911284011
0.000105956911284011
0.000105956918559968
0.000105956918559968
0.000105956918559968
0.000105956918559968
0.000105956925835926
0.000105956925835926
0.000105956925835926
0.000105956925835926
0.000105956933111884
0.000105956933111884
0.000105956940387841
0.000105956940387841
0.000105956947663799
0.000105956947663799
0.000105956947663799
0.000105956947663799
0.000105956954939757
0.000105956954939757
0.000105956954939757
0.000105956962215714
0.000105956962215714
0.000105956962215714
0.000105956969491672
0.000105956969491672
0.000105956976767629
