0.0
0.0
1.17182719350239e-06
1.9825761228276e-06
3.03407023238833e-06
4.29077590524685e-06
5.29539465787821e-06
5.25235918757971e-06
4.06409753850312e-06
3.24639768223278e-06
2.7939106530539e-06
2.76417608802149e-06
3.16103160002967e-06
4.30103045800934e-06
5.79619199925219e-06
7.66005632613087e-06
9.54437018663157e-06
1.09980937850196e-05
1.13508394861128e-05
1.15970897240913e-05
1.16091014206177e-05
1.16112996693118e-05
1.16132896437193e-05
1.16163473649067e-05
1.16205565063865e-05
1.16246064862935e-05
1.16288629214978e-05
1.16350629468798e-05
1.16407463792711e-05
1.16459705168381e-05
1.16539104055846e-05
1.16654091470991e-05
1.16832752610208e-05
1.17012968985364e-05
1.17189701995812e-05
1.17378413051483e-05
1.17631907414761e-05
1.18003345050965e-05
1.18307452794397e-05
1.18548578029731e-05
1.18580301204929e-05
1.18618518172298e-05
1.18605494208168e-05
1.1855587217724e-05
1.18433499665116e-05
1.18342768473667e-05
1.18252446554834e-05
1.18155776362983e-05
1.18062780529726e-05
1.17987510748208e-05
1.17955751193222e-05
1.17901190606062e-05
1.17810977826593e-05
1.17648796731373e-05
1.17465497169178e-05
1.1727754099411e-05
1.17078188850428e-05
1.16871988211642e-05
1.16669516501133e-05
1.16461314974003e-05
1.16259707283461e-05
1.16053870442556e-05
1.15851935333922e-05
1.15652464955929e-05
1.15363000077195e-05
1.14921840577153e-05
1.14324820970069e-05
1.14179720185348e-05
1.1403183634684e-05
1.13885462269536e-05
1.13741480163299e-05
1.13534406409599e-05
1.13323776531615e-05
1.13123178380192e-05
1.1296810953354e-05
1.12820644062595e-05
1.12667985376902e-05
1.12523130155751e-05
1.12380948849022e-05
1.12235702545149e-05
1.12183843157254e-05
1.1210575394216e-05
1.11990457298816e-05
1.118183536164e-05
1.11567260319134e-05
1.11200588435167e-05
1.1106923011539e-05
1.10879764179117e-05
1.10648670670344e-05
1.10470991785405e-05
1.10310347736231e-05
1.10110613604775e-05
1.09948068711674e-05
1.09816310214228e-05
1.09679012894048e-05
1.09524044091813e-05
1.09310649349936e-05
1.09096254163887e-05
1.08872673081351e-05
1.08558087958954e-05
1.0803654731717e-05
1.07321684481576e-05
1.06156248875777e-05
1.05174422060372e-05
1.04633518276387e-05
1.0421451406728e-05
1.03939810287557e-05
1.03476231743116e-05
1.02576132121612e-05
9.98446193989366e-06
9.49274362938013e-06
8.75500245456351e-06
7.74598447605968e-06
7.00188365954091e-06
5.92421110923169e-06
4.86964518131572e-06
4.15198246628279e-06
3.56259783984569e-06
2.53943176176108e-06
1.54214274061815e-06
9.473357636125e-07
8.91110403244966e-07
9.79280684987316e-07
3.63402918868161e-10
3.55723450695677e-10
3.29175880997568e-10
2.97209368227414e-10
3.10557413119028e-10
3.15895254399123e-10
3.30793448188871e-10
3.14051340488675e-10
2.93086166447409e-10
2.73307654286015e-10
2.83961243408015e-10
3.14781478660819e-10
3.46695921971119e-10
3.56202400908501e-10
3.38413769229717e-10
3.45760142739238e-10
3.28894300682947e-10
3.09865050285296e-10
2.59789079137818e-10
2.18583165456643e-10
1.56215304580876e-10
1.15070786232963e-10
7.95935331532327e-11
6.09783057381463e-11
5.60830860918404e-11
7.82540560129164e-11
2.76509284219406e-11
5.45230492698945e-11
5.4629668844175e-11
5.4525321757648e-11
6.6214089766703e-11
3.78450951132869e-11
5.04139299750683e-11
1.51064490777619e-11
2.6773437633576e-11
1.83385650415202e-11
4.81552601613866e-12
6.91753945791795e-13
0.0
9.42130183275488e-16
5.23207116381739e-16
4.17743494105359e-16
2.93574049161374e-16
2.42346237665263e-16
2.3501627923752e-16
2.32805179138052e-16
2.32047614045851e-16
2.30983820073439e-16
2.30607075700368e-16
2.30468850511288e-16
2.3026468910122e-16
2.30259951010671e-16
2.30252830639958e-16
2.30250183661998e-16
2.30246186725278e-16
2.30245789678584e-16
2.30245789678584e-16
2.30252857109738e-16
2.30252857109738e-16
