0.0
0.00999999977648258
0.0199999995529652
0.0225000008940697
0.0262499991804361
0.0276562497019768
0.0290625002235174
0.0304687507450581
0.0318749994039536
0.0332812517881393
0.0346875004470348
0.0360937491059303
0.0367968752980232
0.0375000014901161
0.0378515608608723
0.0382031239569187
0.0385546870529652
0.0386425778269768
0.0387304686009884
0.038818359375
0.0389062501490116
0.0389941409230232
0.0390820316970348
0.0392138659954071
0.0394116193056107
0.0397082529962063
0.0400048829615116
0.0403015129268169
0.0405981428921223
0.0406004637479782
0.0406027808785439
0.0406050980091095
0.0406074151396751
0.0406097322702408
0.0406120494008064
0.0406143665313721
0.0406149476766586
0.0406149476766586
0.0406149551272392
0.0406149625778198
0.0406149663031101
0.0406149700284004
0.040614977478981
0.0406149812042713
0.0406149849295616
0.0406149849295616
0.0406149886548519
0.0406149961054325
0.0406149998307228
0.0406150072813034
0.040615014731884
0.0406150184571743
0.0406150221824646
0.0406150259077549
0.0406150296330452
0.0406150333583355
0.0406150370836258
0.0406150408089161
0.0406150445342064
0.0406150482594967
0.040615051984787
0.0406150594353676
0.0406150594353676
0.0406150594353676
0.0406150594353676
0.0406150631606579
0.0406150631606579
0.0406150668859482
0.0406150743365288
0.0406150817871094
0.0406150855123997
0.04061508923769
0.0406150929629803
0.0406150966882706
0.0406150966882706
0.0406151004135609
0.0406151041388512
0.0406151078641415
0.0406151078641415
0.0406151115894318
0.0406151190400124
0.040615126490593
0.0406151302158833
0.0406151339411736
0.0406151413917542
0.0406151488423347
0.040615152567625
0.0406151562929153
0.0406151600182056
0.0406151674687862
0.0406151749193668
0.0406151786446571
0.0406151860952377
0.040615189820528
0.040615189820528
0.0406151935458183
0.0406152009963989
0.0406152084469795
0.0406152084469795
0.0406152121722698
0.0406152196228504
0.040615227073431
0.0406152307987213
0.0406152382493019
0.0406152382493019
0.0406152382493019
0.0406152382493019
0.0406152419745922
0.0406152419745922
0.0406152456998825
0.0406152531504631
0.0406152531504631
0.0406152568757534
0.0406152606010437
0.0406152680516243
0.0406152717769146
0.0406152755022049
0.0406152829527855
0.0406152829527855
