0.0
1.13503617615862e-09
2.3268070492577e-07
2.2989929675532e-06
4.88163732370595e-06
6.61977355775889e-06
8.31317811389454e-06
1.22022629511775e-05
1.4209930668585e-05
1.51625508806319e-05
2.17067208723165e-05
3.30143957398832e-05
4.24181707785465e-05
5.07280601595994e-05
5.49279866390862e-05
5.45214679732453e-05
5.39876127731986e-05
5.38025306013878e-05
5.30534962308593e-05
5.1779661589535e-05
5.05460157000925e-05
4.97567780257668e-05
4.8950645577861e-05
4.78065012430307e-05
4.67535319330636e-05
4.59194125141948e-05
4.50882034783717e-05
4.40017465734854e-05
4.29076790169347e-05
4.12989393225871e-05
3.94774433516432e-05
3.76357529603411e-05
3.5467430279823e-05
3.2351028494304e-05
2.94585152005311e-05
2.67577179329237e-05
2.42527676164173e-05
2.19281628233148e-05
1.97802819457138e-05
1.78281061380403e-05
1.57251342898235e-05
1.37163706313004e-05
1.19563155749347e-05
1.04179662230308e-05
9.08685524336761e-06
7.94733114162227e-06
6.45768159301952e-06
4.80409380543279e-06
2.61031050285965e-06
7.18348474038066e-07
1.70967844326242e-08
1.71866805231957e-08
1.72760667993543e-08
1.73497287647706e-08
1.74461316504448e-08
1.74925212093058e-08
1.7545776387351e-08
1.77052683625334e-08
1.76940986307272e-08
1.7876239155612e-08
1.80071477728916e-08
1.80222201606739e-08
1.83755819449516e-08
1.85601312097106e-08
1.90176709935486e-08
1.96181950684604e-08
2.01475423011743e-08
2.06082191311907e-08
2.11188737608836e-08
2.16743138992115e-08
2.19775451171245e-08
2.20774456494155e-08
2.21134701661185e-08
2.21372147279908e-08
2.2085680839723e-08
2.17146851611005e-08
2.15002327053071e-08
2.16743547554188e-08
2.13415773941961e-08
2.11488782042579e-08
2.11488782042579e-08
