0.0
0.0
4.78878181553455e-09
7.41424486250253e-08
3.82190705749963e-07
1.48142714806454e-06
4.29208057539654e-06
5.55693804926705e-06
6.94668051437475e-06
7.85855172580341e-06
8.01072565081995e-06
8.03046441433253e-06
8.23176924313884e-06
8.90529645403149e-06
9.58433611231158e-06
1.08087970147608e-05
1.28615029098e-05
1.42430435516872e-05
1.74689339473844e-05
3.30513867083937e-05
6.25016400590539e-05
8.9554836449679e-05
0.000127872277516872
0.000176826841197908
0.00020279418095015
0.000243984730332159
0.00030230195261538
0.000312704796670005
0.000328133144648746
0.000362604099791497
0.000376730051357299
0.000398557051084936
0.000431855471106246
0.000478912814287469
0.000533128331881016
0.000579999294131994
0.000626118620857596
0.000672326365020126
0.000718806928489357
0.000761053466703743
0.000799288798589259
0.000834460719488561
0.000869344628881663
0.000903338543139398
0.000937296485062689
0.000971768167801201
0.00100450683385134
0.00103737565223128
0.00107099814340472
0.00110176810994744
0.00113127392251045
0.0011606877669692
0.00119067414198071
0.00121973932255059
0.00124842301011086
0.00127794768195599
0.00127979111857712
0.00127996352966875
0.00128002814017236
0.00128012523055077
0.00128027086611837
0.00128048926126212
0.0012808166211471
0.00128130766097456
0.00128204422071576
0.00128314865287393
0.00128480303101242
0.00128728011623025
0.00129102380014956
0.00129668950103223
0.00129873736295849
0.0013018409954384
0.0013064251979813
0.00131328974384815
0.0013158469228074
0.00131680525373667
0.00131716637406498
0.00131730118300766
0.00131750328000635
0.00131780654191971
0.00131826114375144
0.00131894275546074
0.00131996464915574
0.00132151134312153
0.00132384791504592
0.00132734642829746
0.00133268989156932
0.00134070857893676
0.00135272822808474
0.0013538368511945
0.00135552021674812
0.00135804736055434
0.00136182713322341
0.0013632430927828
0.00136536546051502
0.00136854581069201
0.00137331441510469
0.00138040445744991
0.00139116961508989
0.00139145704451948
0.00139184365980327
0.00139242329169065
0.00139329268131405
0.00139459630008787
0.0013965506805107
0.00139948097057641
0.001403872622177
0.00141051679383963
0.00141308677848428
0.0014170513022691
0.00142297917045653
0.00142519571818411
0.00142851239070296
0.00142975430935621
0.00143162964377552
0.0014345416566357
0.00143898907117546
0.00144567294046283
0.00144818099215627
0.00144911278039217
0.00145049998536706
0.00145257660187781
0.00145564298145473
0.00146039912942797
0.00146762374788523
0.00147028977517039
0.00147428899072111
0.00147578248288482
0.00147802627179772
0.00148138916119933
0.00148642447311431
0.00149420043453574
0.00150585058145225
0.00151022942736745
0.00151675660163164
0.00151919573545456
0.00152285338845104
0.00152422313112766
0.00152627716306597
0.00152935681398958
0.00153397035319358
0.00154087971895933
0.00155121902935207
0.00156666664406657
0.00158967555034906
0.0015978590818122
0.00160092150326818
0.00160206342115998
0.00160377740394324
0.00160634540952742
0.00160730769857764
0.00160874892026186
0.00161090807523578
0.00161414453759789
0.00161898473743349
0.00162623776122928
0.00163704517763108
0.00164106453303248
0.00164144230075181
0.00164200598374009
0.00164221727754921
0.0016425340436399
0.00164300936739892
0.00164372194558382
0.00164398911874741
0.0016443895874545
0.0016449901740998
0.00164521532133222
0.00164555292576551
0.00164605921600014
0.00164681824389845
0.00164710264652967
0.00164752930868417
0.00164816901087761
0.00164840871002525
0.00164876831695437
0.00164930743630975
0.00165011582430452
0.0016513274749741
0.00165314297191799
0.00165586185175925
0.00165992835536599
0.00166600849479437
0.00166827708017081
0.00167167384643108
0.00167199084535241
0.00167246686760336
0.00167264509946108
0.00167291273828596
0.00167331413831562
0.00167391612194479
0.00167481740936637
0.00167616445105523
0.00167817110195756
0.00168117403518409
0.00168579234741628
0.00168752192985266
0.00169011554680765
0.00169400707818568
0.00169545598328114
0.00169763574376702
0.00170090224128217
0.00170578504912555
0.00171309988945723
0.00171583029441535
0.00171992089599371
0.00172604830004275
0.00173494115006179
0.00173815281596035
0.00174296845216304
0.00175015511922538
0.00175282487180084
0.00175682513508946
0.00176279887091368
0.00176502042450011
0.0017683474579826
0.00176958972588181
0.00177145248744637
0.00177424389403313
0.00177528418134898
0.00177684787195176
0.00177919352427125
0.00178268912713975
0.00178400182630867
0.00178596016485244
0.00178888789378107
0.00179325323551893
0.00179487536661327
0.001797302858904
0.00180092756636441
0.00180624763015658
0.00180816347710788
0.00181103125214577
0.0018152390839532
0.00181679974775761
0.00181913597043604
0.00182000629138201
0.00182131072506309
0.00182179780676961
0.0018225284293294
0.00182362215127796
0.00182525999844074
0.00182770541869104
0.00183134421240538
0.00183266005478799
0.00183315086178482
0.00183388579171151
0.00183498417027295
0.00183662609197199
0.00183904136065394
0.00183994218241423
0.00184126908425242
0.0018432519864291
0.00184620649088174
0.00184648239519447
0.00184688670560718
0.00184703792911023
0.00184726470615715
0.0018476047553122
0.00184811453800648
0.00184887845534831
0.00184916460420936
0.0018495935946703
0.00185023655649275
0.00185118615627289
0.00185260700527579
0.00185473309829831
0.00185791042167693
0.00186264980584383
0.00186969933565706
0.00186986639164388
0.00187011191155761
0.00187048024963588
0.00187103205826133
0.00187185918912292
0.00187309784814715
0.00187495176214725
0.00187772302888334
0.00187875342089683
0.00187913805712014
0.00187928241211921
0.00187949812971056
0.00187982118222862
0.001879942137748
0.00188012653961778
0.00188019580673426
0.00188029964920133
0.00188045541290194
0.00188068894203752
0.00188103888649493
0.00188156333751976
0.00188234855886549
0.00188354158308357
0.00188534671906382
0.00188805523794144
0.00188907247502357
0.00189059728290886
0.00189288624096662
0.00189631909597665
0.00189760478679091
0.00189808767754585
0.00189881131518632
0.00189989607315511
0.00190152495633811
0.00190384523011744
0.00190732872579247
0.00190864037722349
0.00191058090422302
0.00191348965745419
0.0019178579095751
0.00192442361731082
0.00192689022514969
0.0019305880414322
0.00193614582531154
0.00193823245353997
0.00194136309437454
0.00194253760855645
0.00194264750462025
0.00194281281437725
0.00194306042976677
0.00194343191105872
0.00194398942403495
0.00194419850595295
0.00194427696987987
0.00194439454935491
0.0019445710349828
0.00194483576342463
0.00194523297250271
0.00194582890253514
0.00194605241995305
0.00194638792891055
0.00194689119234681
0.00194764649495482
0.00194792973343283
0.00194803590420634
0.0019480757182464
0.00194809061940759
0.00194811308756471
0.00194814661517739
0.00194819702301174
0.00194827269297093
0.00194838608149439
0.0019485562806949
0.00194881146308035
0.00194919435307384
0.00194976886268705
0.00195063080172986
0.00195095397066325
0.00195107515901327
0.00195125699974597
0.00195132510270923
0.00195135071408004
0.00195138901472092
0.0019514465238899
0.00195153278764337
0.00195166224148124
0.00195185642223805
0.00195214780978858
0.00195225700736046
0.00195242092013359
0.00195266667287797
0.00195303559303284
0.00195317389443517
0.00195338134653866
0.00195369264110923
0.0019541596993804
0.00195433502085507
0.00195459765382111
0.00195499206893146
0.00195558369159698
0.00195647194050252
0.00195780419744551
0.00195980630815029
0.00196282938122749
0.00196392578072846
0.00196558097377419
0.0019662007689476
0.00196713488548994
0.00196853745728731
0.00196866854093969
0.00196886598132551
0.00196916190907359
0.00196927296929061
0.00196943944320083
0.00196968903765082
0.00196978286840022
0.00196992326527834
0.00196997611783445
0.00196999590843916
0.00197000312618911
0.00197001430206001
0.00197003106586635
0.00197005597874522
0.00197009346447885
0.00197014980949461
0.00197023432701826
0.00197036098688841
0.00197055097669363
0.00197083619423211
0.00197094306349754
0.00197110348381102
0.00197134423069656
0.00197170535102487
0.00197224738076329
0.00197306089103222
0.00197428255341947
0.00197611819021404
0.00197887839749455
0.00198303465731442
0.00198459415696561
0.00198473990894854
0.00198495946824551
0.00198528892360628
0.00198541255667806
0.00198559788987041
0.00198587588965893
0.001986293355003
0.00198644981719553
0.00198668474331498
0.00198677275329828
0.00198680581524968
0.0019868181552738
0.00198682281188667
0.00198682979680598
0.00198683235794306
0.00198683352209628
0.00198683491908014
0.00198683538474143
0.001986836316064
0.00198683748021722
0.00198683934286237
0.00198684213683009
0.00198684632778168
0.00198685261420906
0.0019868619274348
0.00198687613010406
0.00198689731769264
0.00198692921549082
0.00198697671294212
0.00198704842478037
0.00198715552687645
0.00198731664568186
0.00198755809105933
0.00198792037554085
0.00198846426792443
0.00198928057216108
0.00199050642549992
0.00199096626602113
0.00199113856069744
0.00199120328761637
0.00199122750200331
0.00199126405641437
0.0019912775605917
0.00199128268286586
0.0019912903662771
0.00199130200780928
0.00199131923727691
0.00199134508147836
0.00199138396419585
0.00199144217185676
0.00199152971617877
0.00199166079983115
0.00199185777455568
0.00199215300381184
0.00199259608052671
0.00199276232160628
0.00199301168322563
0.00199338584206998
0.00199352623894811
0.00199373671784997
0.00199405266903341
0.00199417094700038
0.00199434882961214
0.00199461542069912
0.00199501565657556
0.00199561612680554
0.00199651764705777
0.00199787062592804
0.00199990137480199
0.0020000939257443
0.00200038007460535
0.00200048740953207
0.00200064852833748
0.00200089020654559
0.00200125318951905
0.00200179871171713
0.00200261897407472
0.0020038487855345
0.0020039645023644
0.00200413796119392
0.00200439849868417
0.00200478942133486
0.00200493587180972
0.00200515566393733
0.00200523808598518
0.00200526905246079
0.00200531538575888
0.00200538500212133
0.00200548954308033
0.00200564600527287
0.00200588116422296
