0.0
0.0
1.54291541321072e-07
8.59470389968919e-07
1.94935364561388e-06
2.63720062321227e-06
8.21374578663381e-06
2.29361830861308e-05
3.46841188729741e-05
3.99264281440992e-05
4.39803188783117e-05
4.73869222332723e-05
5.19755194545723e-05
5.64967704121955e-05
5.87780632486101e-05
6.12035510130227e-05
6.12741496297531e-05
6.13364682067186e-05
6.13583761150949e-05
6.1387792811729e-05
6.13981028436683e-05
6.14077143836766e-05
6.14167729509063e-05
6.14199161645956e-05
6.1424623709172e-05
6.14313248661347e-05
6.14335513091646e-05
6.14368691458367e-05
6.14415039308369e-05
6.14479213254526e-05
6.1453043599613e-05
6.14571908954531e-05
6.14634627709165e-05
6.14728778600693e-05
6.14872260484844e-05
6.15059834672138e-05
6.15265962551348e-05
6.15433309576474e-05
6.15509925410151e-05
6.15509925410151e-05
6.15509925410151e-05
6.15509925410151e-05
6.15509925410151e-05
6.15509925410151e-05
6.15509925410151e-05
6.15509925410151e-05
6.15509925410151e-05
6.15509925410151e-05
6.15509925410151e-05
6.15509925410151e-05
6.15702665527351e-05
6.15899407421239e-05
6.16056786384434e-05
6.16211618762463e-05
6.16374454693869e-05
6.1650323914364e-05
6.166265666252e-05
6.16727993474342e-05
6.16824108874425e-05
6.16915349382907e-05
6.17034820606932e-05
6.17060650256462e-05
6.17070400039665e-05
6.17074038018472e-05
6.17079640505835e-05
6.17092300672084e-05
6.17095283814706e-05
6.17096447967924e-05
6.17096811765805e-05
6.17096811765805e-05
6.17096811765805e-05
6.17096811765805e-05
6.17096811765805e-05
6.17096811765805e-05
6.17096811765805e-05
6.17096811765805e-05
6.17096811765805e-05
6.17096811765805e-05
6.17096811765805e-05
6.17096811765805e-05
6.17096811765805e-05
6.17096811765805e-05
6.17096811765805e-05
6.17096811765805e-05
6.17096811765805e-05
6.17096811765805e-05
6.17096811765805e-05
6.17096811765805e-05
6.17096811765805e-05
6.17096811765805e-05
6.17096811765805e-05
6.17096811765805e-05
6.17096811765805e-05
6.17096811765805e-05
6.17096811765805e-05
6.17096811765805e-05
6.17096811765805e-05
6.17096811765805e-05
6.17096811765805e-05
6.17096811765805e-05
6.17096811765805e-05
6.17096811765805e-05
6.17096811765805e-05
6.17096811765805e-05
6.17096811765805e-05
6.17096811765805e-05
6.17096811765805e-05
6.17096811765805e-05
6.17096811765805e-05
6.17096811765805e-05
6.17096811765805e-05
6.17096811765805e-05
6.17096811765805e-05
6.17096811765805e-05
6.17096811765805e-05
6.17096811765805e-05
6.17096811765805e-05
6.17096811765805e-05
6.17096811765805e-05
6.17096811765805e-05
6.17096811765805e-05
6.17096811765805e-05
6.17096811765805e-05
6.17096811765805e-05
6.17096811765805e-05
6.17096811765805e-05
6.17096811765805e-05
6.17096811765805e-05
6.17096811765805e-05
6.17096811765805e-05
6.17096811765805e-05
6.17096811765805e-05
6.17096811765805e-05
6.17096811765805e-05
6.17096811765805e-05
6.17096811765805e-05
6.17096811765805e-05
6.17096811765805e-05
6.17096811765805e-05
6.17096811765805e-05
6.17096811765805e-05
6.17096811765805e-05
6.17096811765805e-05
6.17096811765805e-05
6.17096811765805e-05
6.17096811765805e-05
6.17096811765805e-05
6.17096811765805e-05
6.17096811765805e-05
6.17096811765805e-05
6.17096811765805e-05
6.17096811765805e-05
6.17096811765805e-05
6.17096811765805e-05
6.17096811765805e-05
6.17096811765805e-05
6.17096811765805e-05
6.17096811765805e-05
6.17096811765805e-05
6.17096811765805e-05
6.17096811765805e-05
6.17096811765805e-05
6.17096811765805e-05
6.17096811765805e-05
6.17096811765805e-05
6.17096811765805e-05
6.17096811765805e-05
6.17096811765805e-05
6.17096811765805e-05
6.17096811765805e-05
6.17096811765805e-05
6.17096811765805e-05
6.17096811765805e-05
6.17096811765805e-05
6.17096811765805e-05
6.17096811765805e-05
6.17096811765805e-05
6.17096811765805e-05
6.17096811765805e-05
6.17096811765805e-05
6.17096811765805e-05
6.17096811765805e-05
6.17096811765805e-05
6.17096811765805e-05
6.17096811765805e-05
6.17096811765805e-05
6.17096811765805e-05
6.17096811765805e-05
6.17096811765805e-05
6.17096811765805e-05
6.17096811765805e-05
6.17096811765805e-05
6.17096811765805e-05
6.17096811765805e-05
6.17096811765805e-05
6.17096811765805e-05
6.17096811765805e-05
6.17096811765805e-05
6.17096811765805e-05
6.17096811765805e-05
6.17096811765805e-05
6.17096811765805e-05
6.17096811765805e-05
6.17096811765805e-05
6.17096811765805e-05
6.17096811765805e-05
6.17096811765805e-05
6.17096811765805e-05
6.17096811765805e-05
6.17096811765805e-05
6.17096811765805e-05
6.17096811765805e-05
6.17096811765805e-05
6.17096811765805e-05
6.17096811765805e-05
6.17096811765805e-05
6.17096811765805e-05
6.17096811765805e-05
6.17096811765805e-05
6.17096811765805e-05
6.17096811765805e-05
6.17096811765805e-05
6.17096811765805e-05
6.17096811765805e-05
6.17096811765805e-05
6.17096811765805e-05
6.17096811765805e-05
6.17096811765805e-05
6.17096811765805e-05
6.17096811765805e-05
6.17096811765805e-05
6.17096811765805e-05
6.17096811765805e-05
6.17096811765805e-05
6.17096811765805e-05
6.17096811765805e-05
6.17096811765805e-05
6.17096811765805e-05
6.17096811765805e-05
6.17096811765805e-05
6.17096811765805e-05
6.17096811765805e-05
6.17096811765805e-05
6.17096811765805e-05
6.17096811765805e-05
6.17096811765805e-05
6.17096811765805e-05
6.17096811765805e-05
6.17096811765805e-05
6.17096811765805e-05
6.17096811765805e-05
6.17096811765805e-05
6.17096811765805e-05
6.17096811765805e-05
6.17096811765805e-05
6.17096811765805e-05
6.17096811765805e-05
6.17096811765805e-05
6.17096811765805e-05
6.17096811765805e-05
6.17096811765805e-05
6.17096811765805e-05
6.17096811765805e-05
6.17096811765805e-05
6.17096811765805e-05
6.17096811765805e-05
6.17096811765805e-05
6.17096811765805e-05
6.17096811765805e-05
6.17096811765805e-05
6.17096811765805e-05
6.17096811765805e-05
6.17096811765805e-05
6.17096811765805e-05
6.17096811765805e-05
6.17096811765805e-05
6.17096811765805e-05
6.17096811765805e-05
6.17096811765805e-05
6.17096811765805e-05
6.17096811765805e-05
6.17096811765805e-05
6.17096811765805e-05
6.17096811765805e-05
6.17096811765805e-05
6.17096811765805e-05
6.17096811765805e-05
6.17096811765805e-05
6.17096811765805e-05
6.17096811765805e-05
6.17096811765805e-05
6.17096811765805e-05
6.17096811765805e-05
6.17096811765805e-05
6.17096811765805e-05
6.17096811765805e-05
6.17096811765805e-05
6.17096811765805e-05
6.17096811765805e-05
6.17096811765805e-05
6.17096811765805e-05
6.17096811765805e-05
6.17096811765805e-05
6.17096811765805e-05
6.17096811765805e-05
6.17096811765805e-05
6.17096811765805e-05
6.17096811765805e-05
6.17096811765805e-05
6.17096811765805e-05
6.17096811765805e-05
6.17096811765805e-05
6.17096811765805e-05
6.17096811765805e-05
6.17096811765805e-05
6.17096811765805e-05
6.17096811765805e-05
6.17096811765805e-05
6.17096811765805e-05
6.17096811765805e-05
6.17096811765805e-05
6.17096811765805e-05
6.17096811765805e-05
6.17096811765805e-05
6.17096811765805e-05
6.17096811765805e-05
6.17096811765805e-05
6.17096811765805e-05
6.17096811765805e-05
6.17096811765805e-05
6.17096811765805e-05
6.17096811765805e-05
6.17096811765805e-05
6.17096811765805e-05
6.17096811765805e-05
6.17096811765805e-05
6.17096811765805e-05
6.17096811765805e-05
6.17096811765805e-05
6.17096811765805e-05
6.17096811765805e-05
6.17096811765805e-05
6.17096811765805e-05
6.17096811765805e-05
6.17096811765805e-05
6.17096811765805e-05
6.17096811765805e-05
6.17096811765805e-05
6.17096811765805e-05
6.17096811765805e-05
6.17096811765805e-05
6.17096811765805e-05
6.17096811765805e-05
6.17096811765805e-05
6.17096811765805e-05
6.17096811765805e-05
6.17096811765805e-05
6.17096811765805e-05
6.17096811765805e-05
6.17096811765805e-05
6.17096811765805e-05
6.17096811765805e-05
6.17096811765805e-05
6.17096811765805e-05
6.17096811765805e-05
6.17096811765805e-05
6.17096811765805e-05
6.17096811765805e-05
6.17096811765805e-05
6.17096811765805e-05
6.17096811765805e-05
6.17096811765805e-05
6.17096811765805e-05
6.17096811765805e-05
6.17096811765805e-05
6.17096811765805e-05
6.17096811765805e-05
6.17096811765805e-05
6.17096811765805e-05
6.17096811765805e-05
6.17096811765805e-05
6.17096811765805e-05
6.17096811765805e-05
6.17096811765805e-05
6.17096811765805e-05
6.17096811765805e-05
6.17096811765805e-05
6.17096811765805e-05
6.17096811765805e-05
6.17096811765805e-05
6.17096811765805e-05
6.17096811765805e-05
6.17096811765805e-05
6.17096811765805e-05
6.17096811765805e-05
6.17096811765805e-05
6.17096811765805e-05
6.17096811765805e-05
6.17096811765805e-05
6.17096811765805e-05
6.17096811765805e-05
6.17096811765805e-05
6.17096811765805e-05
6.17096811765805e-05
6.17096811765805e-05
6.17096811765805e-05
6.17096811765805e-05
6.17096811765805e-05
6.17096811765805e-05
6.17096811765805e-05
6.17096811765805e-05
6.17096811765805e-05
6.17096811765805e-05
6.17096811765805e-05
6.17096811765805e-05
6.17096811765805e-05
6.17096811765805e-05
6.17096811765805e-05
6.17096811765805e-05
6.17096811765805e-05
6.17096811765805e-05
6.17096811765805e-05
6.17096811765805e-05
6.17096811765805e-05
6.17096811765805e-05
6.17096811765805e-05
6.17096811765805e-05
6.17096811765805e-05
6.17096811765805e-05
6.17096811765805e-05
6.17096811765805e-05
6.17096811765805e-05
6.17096811765805e-05
6.17096811765805e-05
6.17096811765805e-05
6.17096811765805e-05
6.17096811765805e-05
6.17096811765805e-05
6.17096811765805e-05
6.17096811765805e-05
6.17096811765805e-05
6.17096811765805e-05
6.17096811765805e-05
6.17096811765805e-05
6.17096811765805e-05
6.17096811765805e-05
6.17096811765805e-05
6.17096811765805e-05
6.17096811765805e-05
6.17096811765805e-05
6.17096811765805e-05
6.17096811765805e-05
6.17096811765805e-05
6.17096811765805e-05
6.17096811765805e-05
6.17096811765805e-05
6.17096811765805e-05
6.17096811765805e-05
6.17096811765805e-05
6.17096811765805e-05
6.17096811765805e-05
6.17096811765805e-05
6.17096811765805e-05
6.17096811765805e-05
6.17096811765805e-05
6.17096811765805e-05
6.17096811765805e-05
6.17096811765805e-05
6.17096811765805e-05
6.17096811765805e-05
6.17096811765805e-05
6.17096811765805e-05
6.17096811765805e-05
6.17096811765805e-05
6.17096811765805e-05
6.17096811765805e-05
6.17096811765805e-05
6.17096811765805e-05
6.17096811765805e-05
6.17096811765805e-05
6.17096811765805e-05
6.17096811765805e-05
6.17096811765805e-05
6.17096811765805e-05
6.17096811765805e-05
6.17096811765805e-05
6.17096811765805e-05
6.17096811765805e-05
6.17096811765805e-05
6.17096811765805e-05
6.17096811765805e-05
6.17096811765805e-05
6.17096811765805e-05
6.17096811765805e-05
6.17096811765805e-05
6.17096811765805e-05
6.17096811765805e-05
6.17096811765805e-05
6.17096811765805e-05
6.17096811765805e-05
6.17096811765805e-05
