0.0
1.29963888539919e-08
6.74049886129069e-07
1.50760195083421e-06
1.97844337890274e-06
2.75510728897643e-06
3.81671270588413e-06
5.05624802826787e-06
6.90911747369682e-06
9.59809403866529e-06
1.46637230500346e-05
2.47624593612272e-05
2.93865814455785e-05
2.61009208770702e-05
2.64144109678455e-05
2.72975994448643e-05
3.126734009129e-05
3.93168957089074e-05
4.63519136246759e-05
4.63952783320565e-05
4.64281838503666e-05
4.64612967334688e-05
4.64946606371086e-05
4.6544930228265e-05
4.65638295281678e-05
4.65827070001978e-05
4.66015517304186e-05
4.66203309770208e-05
4.66390301880892e-05
4.66576348117087e-05
4.66761193820275e-05
4.66944256913848e-05
4.67124955321196e-05
4.67303179902956e-05
4.67482059320901e-05
4.67661848233547e-05
4.67932804895099e-05
4.68204416392837e-05
4.6847497287672e-05
4.68744910904206e-05
4.68948928755708e-05
4.69103688374162e-05
4.69222322863061e-05
4.693490700447e-05
4.69564984086901e-05
4.69827900815289e-05
4.70148188469466e-05
4.70662016596179e-05
4.71080566057935e-05
4.71393977932166e-05
4.71777966595255e-05
4.72136489406694e-05
4.72477768198587e-05
4.72948777314741e-05
4.73594482173212e-05
4.74216176371556e-05
4.74820044473745e-05
4.75414490210824e-05
4.7600540710846e-05
4.76890600111801e-05
4.78212969028391e-05
4.80181115563028e-05
4.83139592688531e-05
4.86127792100888e-05
4.89163394377101e-05
4.92289618705399e-05
4.96998509333935e-05
5.04161762364674e-05
5.1528331823647e-05
5.27041447639931e-05
5.39475222467445e-05
5.58841566089541e-05
5.88995681027882e-05
6.36825352557935e-05
7.08902080077678e-05
7.47289886930957e-05
7.56459412514232e-05
7.66587254474871e-05
7.74564177845605e-05
7.85685115261003e-05
7.94515799498186e-05
8.03544753580354e-05
8.12414073152468e-05
8.18912158138119e-05
8.26712712296285e-05
8.37067782413214e-05
8.4529077867046e-05
8.52314115036279e-05
8.53412784636021e-05
8.53459641803056e-05
8.53432866279036e-05
8.53381934575737e-05
8.53164019645192e-05
8.52685479912907e-05
8.51868826430291e-05
8.506650920026e-05
8.48823401611298e-05
8.46509719849564e-05
8.43810121295974e-05
8.38406340335496e-05
8.30119097372517e-05
8.19679189589806e-05
8.13942169770598e-05
8.05589370429516e-05
7.76578817749396e-05
7.47213853173889e-05
7.19975141691975e-05
6.96645001880825e-05
6.74241309752688e-05
6.52038070256822e-05
6.25144166406244e-05
5.98769474891014e-05
5.7192151871277e-05
5.45848415640648e-05
5.20727699040435e-05
4.96583816129714e-05
4.71757957711816e-05
4.47536367573775e-05
4.25020043621771e-05
4.04127458750736e-05
3.84943887183908e-05
3.67458087566774e-05
3.34341893903911e-05
3.03038159472635e-05
2.75722777587362e-05
2.49011936830357e-05
2.12885006476426e-05
1.71065221366007e-05
1.27060120576061e-05
8.33609738037921e-06
3.12468387164699e-06
2.78521365970619e-08
2.78521365970619e-08
