0.0
0.0
5.55310109007223e-08
1.96218039150153e-07
2.8457387202252e-07
3.66654489880602e-07
5.13273221258714e-07
5.50205925264891e-07
5.56530551421019e-07
5.56530551421019e-07
5.56530551421019e-07
5.56530551421019e-07
5.56530551421019e-07
5.56530551421019e-07
5.66649646316364e-07
6.40924838535284e-07
8.10914457360923e-07
9.92135255728499e-07
1.16922922188678e-06
1.44247189837188e-06
1.68282622325933e-06
2.54405131272506e-06
3.70351540368574e-06
5.30557144884369e-06
7.74562522565247e-06
9.6739668151713e-06
1.02645990409655e-05
1.11231411210611e-05
1.30209573399043e-05
1.9367105778656e-05
2.28305689233821e-05
2.62639987340663e-05
3.16082732751966e-05
4.00920434913132e-05
5.2739789680345e-05
7.32221160433255e-05
9.43785562412813e-05
0.000115438022476155
0.000122539000585675
0.000133347319206223
0.00014963885769248
0.000172150917933322
0.000195838991203345
0.000219620240386575
0.000243234666413628
0.000266909046331421
0.000290082476567477
0.000313476921292022
0.000337226403644308
0.000360194768290967
0.000382635305868462
0.000404770398745313
0.000427297025453299
0.00044853167491965
0.00046963058412075
0.000491198326926678
0.000513160892296582
0.000533860351424664
0.000553767546080053
0.000573669327422976
0.000593412725720555
0.000612536096014082
0.000630996422842145
0.000648949586320668
0.000667107931803912
0.000685702485498041
0.00070476159453392
0.00072402146179229
0.000742153206374496
0.000759807939175516
0.000776937871705741
0.000793281244114041
0.000809248595032841
0.00082397653022781
0.000838688691146672
0.00085363897960633
0.000868942181114107
0.000885070010554045
0.000901520717889071
0.000917931611184031
0.000933468341827393
0.000949881912674755
0.000967266503721476
0.000984723097644746
0.00100131856743246
0.00101734837517142
0.00103222101461142
0.00104711425956339
0.00106216408312321
0.00107750773895532
0.00109337153844535
0.00110963464248925
0.00112612918019295
0.00114155129995197
0.0011568705085665
0.0011715607251972
0.00118561228737235
0.00119903974700719
0.00121172668877989
0.00122383225243539
0.00123449508100748
0.00124531809706241
0.00125657592434436
0.00126779929269105
0.00127925351262093
0.00129095593001693
0.001302694901824
0.00131456356029958
0.0013266809983179
0.00133865815587342
0.00135048537049443
0.00136198149994016
0.00137303990777582
0.00138275942299515
0.00139143818523735
0.00139916280750185
0.00140581524465233
0.0014116414822638
0.00141706585418433
0.0014227838255465
0.00142839830368757
0.00143392628524452
0.00143979769200087
0.0014457869110629
0.00145174295175821
0.00145520293153822
