0.0
2.06741532338128e-07
7.31215038740629e-07
1.05146523310395e-06
1.23387349049153e-06
1.28438944102527e-06
1.70187092862761e-06
2.56865087067126e-06
3.065244982281e-06
3.4142335607612e-06
3.51473704540695e-06
3.70373072655639e-06
3.8581974877161e-06
3.84118357033003e-06
3.80557685275562e-06
3.75392437490518e-06
3.72886302102415e-06
3.56101327270153e-06
3.20563003697316e-06
2.70944178737409e-06
2.26961446969653e-06
1.72185889368848e-06
1.1479160093586e-06
5.77397315737471e-07
1.54511127448131e-07
1.40590799446727e-07
1.40742088206025e-07
3.54826426018917e-08
2.97188718079155e-09
2.29304308874134e-09
1.52402501729654e-09
1.06442610281476e-09
8.17773626593521e-10
8.0745499175805e-10
7.98153043657379e-10
7.53713924606103e-10
7.5457173842608e-10
7.45059569595696e-10
7.07467973093401e-10
7.20100201689888e-10
6.80896061755476e-10
6.17056572504993e-10
6.20916984495068e-10
6.11363071278959e-10
7.12435554994784e-10
7.09330039150302e-10
7.23795245960446e-10
6.67431498957427e-10
6.74485856055895e-10
6.36069252824001e-10
6.03290417622304e-10
5.65634539206883e-10
5.40038513907604e-10
5.60403223826e-10
5.69017222229462e-10
5.79994219318536e-10
5.95271110181983e-10
5.85508252992639e-10
5.79736647576823e-10
5.71715119690452e-10
5.34286170861265e-10
5.0398396567175e-10
4.54280696393639e-10
4.67359873024265e-10
4.61597010614767e-10
4.72656969119356e-10
4.61938570728293e-10
4.41861325306547e-10
4.30982083354792e-10
4.06840255928742e-10
3.81572495822269e-10
3.57263885142345e-10
3.16441706171844e-10
2.4921270602718e-10
1.71739372722968e-10
1.99404964762451e-10
1.44319098338563e-10
1.37070660377603e-10
1.1656905996027e-10
1.02266840829035e-10
9.74384808949402e-11
8.281416524758e-11
4.65560749673966e-11
1.55383171607237e-11
1.33056352394356e-11
1.01447843181557e-11
4.05325035687798e-12
0.0
0.0
