0.0
0.0
1.98905656390025e-08
1.3521038511044e-07
5.21215326898528e-07
5.5308504443019e-07
6.2415779211733e-07
6.37900541278213e-07
8.932602781897e-07
9.53047560869891e-07
9.38271170980443e-07
6.77947753047192e-07
6.06585047080443e-07
6.79242418755166e-07
7.72819646499556e-07
9.81491666607326e-07
1.61930734066118e-06
1.95160487237445e-06
2.37675203607068e-06
2.81609709418262e-06
3.18105207952613e-06
3.50791265191219e-06
3.91647927244776e-06
4.2289088924008e-06
4.69323867946514e-06
4.83289704789058e-06
5.02848570249625e-06
5.61063507120707e-06
6.17957130089053e-06
6.33863828625181e-06
6.38684377918253e-06
6.45098134555155e-06
6.5371859818697e-06
6.63316450300044e-06
6.71549014441553e-06
6.71342422720045e-06
6.56120710118557e-06
6.5109734350699e-06
6.50592755846446e-06
6.49879302727641e-06
6.49408138997387e-06
6.49124240226229e-06
6.48733339403407e-06
6.48176592221716e-06
6.4732407736301e-06
6.47020897304174e-06
6.46911530566285e-06
6.46869420961593e-06
6.46805983706145e-06
6.46782200419693e-06
6.46781745672342e-06
6.46781018076581e-06
6.46780927127111e-06
6.46780927127111e-06
6.46780790702906e-06
6.46780790702906e-06
6.46780790702906e-06
6.46780790702906e-06
6.46780790702906e-06
6.46780790702906e-06
6.46780790702906e-06
6.46780790702906e-06
6.46780790702906e-06
