0.0
0.00999999977648258
0.0199999995529652
0.0299999993294477
0.0399999991059303
0.0500000007450581
0.0599999986588955
0.0700000002980232
0.0724999979138374
0.0762500017881393
0.0776562467217445
0.078007809817791
0.0783593729138374
0.0784472674131393
0.0785351544618607
0.0786669924855232
0.0788647457957268
0.0791613757610321
0.0796063244342804
0.0800512731075287
0.0801625028252602
0.0802737399935722
0.0804405957460403
0.0806908831000328
0.0810663029551506
0.081441730260849
0.0815355852246284
0.0816294401884079
0.0817702189087868
0.081981398165226
0.0822981595993042
0.0827733054757118
0.0834860280156136
0.0836642012000084
0.0838423818349838
0.0838869288563728
0.0839314758777618
0.0839982926845551
0.0840985178947449
0.0841987431049347
0.0842989683151245
0.0844493061304092
0.084599643945694
0.0847499817609787
0.084900327026844
0.0850506648421288
0.0852010026574135
0.0854265093803406
0.0856520161032677
0.0857083946466446
0.0857647731900215
0.0858493372797966
0.0858810544013977
0.0859286189079285
0.0859999731183052
0.08610700070858
0.0862675458192825
0.0865083560347557
0.0867491737008095
0.0869899839162827
0.0872308015823364
0.0874716117978096
0.0877124294638634
0.0879532396793365
0.0881940498948097
0.0884348675608635
0.0886756777763367
0.0889164954423904
0.0891573056578636
0.0893981233239174
0.0896389335393906
0.0898797512054443
0.0899399518966675
0.0900001600384712
0.0900904610753059
0.0902259200811386
0.0903613790869713
0.090496838092804
0.0906322970986366
0.0907677486538887
0.0909032076597214
0.090937077999115
0.090970940887928
0.0910217389464378
0.091097928583622
0.0912122204899788
0.0913265123963356
0.091440811753273
0.0915551036596298
0.0915765315294266
0.0915979593992233
0.0916193872690201
0.0916515365242958
0.0916997492313385
0.0917479693889618
0.0917600244283676
0.0917720794677734
0.0917841345071793
0.0917961895465851
0.0918142646551132
0.0918142646551132
