-0.000000
-0.000000
0.072472
0.561244
1.118563
1.469995
1.639284
1.899548
2.251959
2.594215
2.881428
3.114727
3.186224
3.213189
3.264480
3.264960
3.277197
3.317335
3.374087
3.451445
3.532795
3.616887
3.735600
3.918121
4.195877
4.636513
5.192871
5.688691
6.172754
6.643168
7.202335
7.653647
8.000766
8.296390
8.554073
8.785262
8.841642
8.897079
8.978913
9.099577
9.219196
9.338599
9.516587
9.726018
9.933975
9.947207
9.950445
9.952870
9.953473
9.954074
9.954676
9.955267
9.955854
9.956430
9.956975
9.957414
9.957216
9.956224
9.955794
9.955706
9.955879
9.956210
9.956681
9.957279
9.958322
9.959921
9.961383
9.962677
9.964449
9.966970
9.969418
9.971818
9.975392
9.980722
9.988672
10.000543
10.018258
10.041957
10.061145
10.080862
10.100510
10.124448
10.151140
10.177437
10.216067
10.272449
10.353531
10.467556
10.508668
10.567135
10.621429
10.621890
10.622234
10.622569
10.622825
10.622149
10.620042
10.616732
10.613160
10.609339
10.605460
10.601342
10.597417
10.593786
10.589894
10.588723
10.587379
10.585488
10.583345
10.580875
10.577902
10.572655
10.566202
10.555174
10.543819
10.532145
10.512436
10.482865
10.444371
10.410795
10.382476
10.348944
10.316700
10.296977
10.282811
10.269423
10.255353
10.231448
10.181116
10.165290
10.146219
10.119691
10.095023
10.064789
10.030617
10.011043
9.989255
9.983443
9.977357
9.967405
9.955715
9.943494
9.929534
9.906788
9.868256
9.805584
9.708504
9.561057
9.362090
9.184855
9.079254
9.018785
8.960269
8.956908
8.952815
8.948813
8.942971
8.934596
8.922279
8.904051
8.897505
8.887280
8.877342
8.867186
8.852834
8.842051
8.831098
8.827097
8.821116
8.812328
8.799434
8.780610
8.773920
8.763925
8.749290
8.728935
8.721736
8.711255
8.700625
8.690376
8.674816
8.663236
8.651896
8.647465
8.640941
8.631500
8.617356
8.603286
8.588995
8.583707
8.575803
8.563950
8.546586
8.522266
8.488629
8.441121
8.423756
8.411129
8.397907
8.379380
8.360836
8.341778
8.324180
8.306197
8.288291
8.269454
8.243612
8.216913
8.195806
8.176079
8.155881
8.135886
8.106229
8.074985
8.044524
8.013250
7.982619
7.950889
7.919337
7.887902
7.837598
7.788246
7.737221
7.661689
7.548844
7.425908
7.296978
7.112731
6.831051
6.426403
5.790899
4.791963
3.389567
1.962453
0.318214
0.000724
0.000736
0.000729
0.000759
0.000772
0.000783
0.000797
0.000810
0.000815
0.000844
0.000876
0.000877
0.000887
0.000900
0.000900
0.000897
0.000889
0.000901
0.000897
0.000866
0.000821
0.000760
0.000701
0.000584
0.000468
0.000360
0.000259
0.000153
0.000053
-0.000012
-0.000014
-0.000014
