0.0
0.0
1.0580174603092e-06
9.96205244518933e-07
9.84976963991357e-07
1.08319886749086e-06
1.96056680579204e-06
2.29465968004661e-06
2.11970018426655e-06
2.35238235291035e-06
2.45155183620227e-06
2.80444942291069e-06
3.1823319659452e-06
3.2903967621678e-06
3.56694181391504e-06
4.06298977395636e-06
4.50240531790769e-06
4.7250237003027e-06
5.11384905621526e-06
5.71000055060722e-06
6.08645314059686e-06
6.53820052320953e-06
7.00756982041639e-06
7.47299691283843e-06
7.60265265853377e-06
7.73859937908128e-06
7.93613253335934e-06
8.00163161329692e-06
8.02595150162233e-06
8.0278323366656e-06
8.03094826551387e-06
8.03577222541207e-06
8.04268620413495e-06
8.04969204182271e-06
8.0564568634145e-06
8.0616418927093e-06
8.06653952167835e-06
8.0713862189441e-06
8.07609194453107e-06
8.08075765235117e-06
8.08523418527329e-06
8.08966615295503e-06
8.09397715784144e-06
8.09829180070665e-06
8.1022662925534e-06
8.10594519862207e-06
8.10936307971133e-06
8.1123735071742e-06
8.11543850431917e-06
8.11675818113144e-06
8.11784320831066e-06
8.11879817774752e-06
8.11983409221284e-06
8.11989502835786e-06
8.11072641226929e-06
8.09967968962155e-06
8.08871118351817e-06
8.06956813903525e-06
8.04123465059092e-06
7.9905894381227e-06
7.88412580732256e-06
7.49500850361073e-06
7.33015076548327e-06
7.21660217095632e-06
7.10452968633035e-06
6.96963297741604e-06
6.84125507177669e-06
6.61078092889511e-06
6.36400727671571e-06
6.09032076681615e-06
5.80213463763357e-06
5.44799695489928e-06
5.11124699187349e-06
4.81636789118056e-06
4.53031452707364e-06
4.247428933013e-06
3.95636425309931e-06
3.63972071681928e-06
3.23431936521956e-06
2.83854615190648e-06
2.48143282988167e-06
2.1656665012415e-06
1.87868067769159e-06
1.6188215568036e-06
1.37750794237945e-06
1.14850388399645e-06
9.45720330491895e-07
7.61865067033796e-07
6.04519186708785e-07
4.67697191197658e-07
3.4349446309534e-07
2.46257400249306e-07
1.66436251447521e-07
9.81226122576118e-08
5.21846850176644e-08
2.78081095927973e-08
1.02658027856251e-07
1.67652193634683e-15
1.67652193634683e-15
