-0.0
4.51911770876193e-16
2.6045518097817e-07
2.07439370569773e-07
-3.91390130971558e-07
-3.67226675734855e-07
-2.08491110242903e-06
-7.45008946978487e-07
8.14379745861515e-08
4.42924283561297e-06
6.12248913967051e-06
6.36639015283436e-06
1.26175946206786e-05
1.00339457276277e-05
8.94120603334159e-06
8.75356636242941e-06
8.64959656610154e-06
8.63390596350655e-06
8.36101025925018e-06
7.15898931957781e-06
5.88556576985866e-06
5.8459336287342e-06
5.70564588997513e-06
5.45222792425193e-06
5.31858677277341e-06
5.05584102938883e-06
4.67574864160269e-06
4.11015935242176e-06
3.29820977640338e-06
3.17548983730376e-06
3.07802474708296e-06
2.90972457150929e-06
2.51807068707421e-06
2.35045081353746e-06
2.19955836655572e-06
2.01079456019215e-06
1.65162782650441e-06
1.60204945132136e-06
1.52959182742052e-06
1.45644298754632e-06
1.38294490170665e-06
1.25551378005184e-06
1.13043279270642e-06
1.00691613624804e-06
8.68327333591878e-07
8.16315150586888e-07
7.36614310881123e-07
6.06607500230893e-07
4.71434759674594e-07
3.33078787662089e-07
1.87574187293649e-07
4.04470483772457e-08
-1.09903339762241e-07
-2.64535628957674e-07
-4.93051629746333e-07
-5.82163920626044e-07
-7.14750058250502e-07
-9.16450517252088e-07
-1.11780900624581e-06
-1.3177668733988e-06
-1.52550273924135e-06
-1.73172884387895e-06
-1.93671075976454e-06
-2.14962346944958e-06
-2.38891516346484e-06
-2.66020651906729e-06
-2.94090932584368e-06
-3.22809864883311e-06
-3.64544393960387e-06
-3.78457843908109e-06
-3.98627526010387e-06
-4.28147541242652e-06
-4.38793358625844e-06
-4.54764813184738e-06
-4.77077628602274e-06
-5.09572419105098e-06
-5.6104727264028e-06
-6.48734931019135e-06
-7.55731161916628e-06
-8.95975972525775e-06
-9.83636709861457e-06
-1.01668520073872e-05
-1.09794782474637e-05
-1.36029193527065e-05
-1.58377515617758e-05
-1.90160681086127e-05
-2.13309758692048e-05
-1.75736822711769e-05
-1.73201333382167e-05
3.20267645292915e-06
3.27188899973407e-05
2.3653343305341e-05
1.61341376951896e-05
1.63311487995088e-05
5.27719203091692e-06
3.50035406881943e-07
6.82669178786455e-06
6.62466572975973e-06
5.18284650752321e-06
3.28811756844516e-06
9.97539814306947e-07
1.48434867242031e-06
2.09988411370432e-06
3.45101898346911e-06
2.32957063417416e-06
2.07882658287417e-06
9.82599999588274e-07
1.43290537835128e-06
6.69573751110875e-07
3.30950456373102e-07
-4.31551796964413e-07
-7.38360995455878e-07
-9.86332452157512e-07
-1.04682874280115e-06
-7.59045974518813e-07
1.81496204731957e-07
-2.14513590890419e-07
7.20217371963372e-07
2.69289273546747e-07
7.06362982327846e-07
2.88773094325734e-07
4.17118201312405e-07
2.90143674419596e-07
2.19252740407683e-07
1.81919148189991e-07
-1.62811900850102e-07
4.45492638334599e-08
-9.56505630256288e-08
-4.26223294880401e-07
-1.2230051993356e-07
-2.37011263948261e-07
-1.33448864403363e-07
-2.04482361709779e-07
-7.79005375761699e-08
-1.09565206685147e-07
-1.03003628737497e-07
-6.35251851122121e-08
-1.59942672439684e-08
6.90661821067806e-08
6.90661821067806e-08
