0.0
7.56038998811166e-32
3.03644811334014e-28
2.4165186124471e-27
2.49824872371807e-27
8.49925114113234e-28
5.16088124968294e-28
2.73420364566869e-27
5.65531657762072e-28
1.96501418889965e-27
2.33095705614475e-27
1.63037854068089e-28
4.83712201397268e-29
3.40477403000193e-28
5.50932386559888e-28
3.51812218468694e-07
8.25617007649271e-07
1.64990433404455e-06
2.89581703327713e-06
3.9655419641349e-06
3.91182084058528e-06
4.0954314499686e-06
5.137106654729e-06
6.41186716165976e-06
7.84345320425928e-06
9.05733122635866e-06
9.16253156901803e-06
8.96507845027372e-06
8.92057960300008e-06
8.70929670782061e-06
8.47592400532449e-06
8.2642727647908e-06
8.05239960754989e-06
7.96357471699594e-06
7.76551860326435e-06
7.5679909059545e-06
7.37931668481906e-06
7.18074579708627e-06
7.03505338606192e-06
6.90093429511762e-06
6.71555699227611e-06
6.52918470223085e-06
6.35902324575e-06
6.18722833678476e-06
6.01272040512413e-06
5.84993085794849e-06
5.69262556382455e-06
5.53683639736846e-06
5.3954254326527e-06
5.20416597282747e-06
4.96335815114435e-06
4.71639850729844e-06
4.42251257481985e-06
4.10328811994987e-06
3.79432526642631e-06
3.49415654454788e-06
3.14781345878146e-06
2.82370638160501e-06
2.50428274739534e-06
2.19888647734479e-06
1.92931474884972e-06
1.68662450050761e-06
1.32186664814071e-06
9.31476563437172e-07
6.19618958808132e-07
2.38532834373473e-07
1.77173831161781e-08
5.86260595625276e-09
5.86260595625276e-09
