0.0
1.69395999449762e-08
4.16398989955269e-07
1.2751027043123e-06
2.79957339444081e-06
4.98769622936379e-06
7.34232753529795e-06
1.00086163001833e-05
1.44609448398114e-05
2.59095559158595e-05
4.06963845307473e-05
5.76088750676718e-05
7.75850712670945e-05
0.000110798770037945
0.000120108728879131
0.000126141967484728
0.000128509025671519
0.00012938208237756
0.000131128952489235
0.000132093584397808
0.000133240158902481
0.000134623740450479
0.000136908260174096
0.000140556192491204
0.000146189951919951
0.00015452186926268
0.000166874451679178
0.000185320226592012
0.00021254995954223
0.000253312784479931
0.000313493306748569
0.000398464966565371
0.000521534006111324
0.000715518894139677
0.000909014488570392
0.00109546224121004
0.00128461292479187
0.00146030762698501
0.00162791344337165
0.00179772672709078
0.00196651346050203
0.00211436511017382
0.002250931924209
0.00238240044564009
0.00250497716479003
0.00261828606016934
0.00272169662639499
0.00281652831472456
0.00290508917532861
0.00298513611778617
0.00306834769435227
0.00313711049966514
0.00319337286055088
0.00323684397153556
0.00329554942436516
0.00333217578008771
0.00335630145855248
0.00338577385991812
0.00341019220650196
0.00341215915977955
0.00343002006411552
0.00343027827329934
0.00340851489454508
0.00341233634389937
0.00339737720787525
0.00338455126620829
0.00338509259745479
0.00338525557890534
0.00338551052846014
0.00338558433577418
0.00338561949320138
0.00338563718833029
0.00338564324192703
0.00338564557023346
0.0033856462687254
0.00338565139099956
0.00338565954007208
0.00338568235747516
0.00338571891188622
0.00338575057685375
0.00338566792197526
0.00338556338101625
0.003385404124856
0.00338534638285637
0.00338527862913907
0.00338519085198641
0.00338514987379313
0.0033850974868983
0.00338245485909283
0.00338123785331845
0.00337965460494161
0.00337801943533123
0.00337633327580988
0.00337462453171611
0.003374217543751
0.00337399775162339
0.0033739001955837
0.00337377283722162
0.00337358261458576
0.00337329739704728
0.00337287178263068
0.00337224593386054
0.00337132671847939
0.00336972065269947
0.00336714345030487
0.00336370384320617
0.00335780717432499
0.00335096917115152
0.00334691652096808
0.00334682315587997
0.0033454482909292
0.0033112873788923
0.00330773554742336
0.00327327870763838
0.00326864956878126
0.00323574454523623
0.00322955497540534
0.0031838440336287
0.00318330456502736
0.00315185426734388
0.00313705252483487
0.00312805827707052
0.00309080560691655
0.00307706743478775
0.0030446092132479
0.00304448371753097
0.00299845193512738
0.00299841817468405
0.0029653322417289
0.00295223481953144
0.00292631727643311
0.00289762113243341
0.00289762858301401
0.00285826670005918
0.00284301955252886
0.00284302793443203
0.00279366946779191
0.00278842123225331
0.00276596611365676
0.00273376447148621
0.00273376423865557
0.00273376796394587
0.00273376447148621
0.00273376796394587
0.00273376470431685
0.00273376796394587
0.00273376470431685
0.00273376796394587
0.00273376470431685
0.00273376819677651
0.00273376470431685
0.00273376819677651
0.00273376470431685
0.00273376819677651
0.00273376470431685
0.00273376819677651
0.0027337649371475
0.00273376819677651
0.00273376470431685
0.00273376819677651
0.00273376819677651
