-0.000000
0.316653
1.582986
2.825605
4.181171
5.567065
6.745411
7.780985
8.731473
9.611140
10.364920
10.974661
11.478532
11.920698
12.024397
12.055713
12.067113
12.071438
12.076755
12.077873
12.078518
12.078388
12.075338
12.067596
12.053961
12.036144
12.011749
11.975711
11.927392
11.845469
11.714727
11.626238
11.594774
11.216798
10.808923
10.423128
10.274673
9.877021
9.476535
9.177316
8.888586
8.486405
8.071392
7.676111
7.280396
6.884212
6.486760
6.092383
5.706566
5.324846
4.967040
4.598809
4.227022
3.852521
3.511091
3.154410
2.796748
2.454941
2.116592
1.771274
1.442577
1.110822
0.777372
0.450943
0.363942
0.224816
0.168802
0.146623
0.099976
0.079606
0.067403
0.060439
0.057580
0.056478
0.056061
0.055099
0.054464
0.052325
0.046188
0.032790
0.016272
0.011476
0.006222
0.004678
0.003057
0.001368
0.000832
0.000485
0.000229
0.000172
0.000111
0.000077
0.000048
0.000027
0.000018
0.000016
0.000015
0.000015
0.000015
0.000015
0.000015
0.000015
0.000015
0.000015
0.000016
0.000016
0.000016
0.000015
0.000015
0.000015
0.000015
0.000014
0.000013
0.000013
0.000012
0.000012
0.000010
0.000010
0.000009
0.000008
0.000007
0.000006
0.000006
0.000006
0.000005
0.000005
0.000004
0.000004
0.000004
0.000004
0.000004
0.000003
0.000003
0.000003
0.000003
0.000003
0.000002
0.000002
0.000001
0.000000
-0.000000
-0.000000
-0.000000
-0.000000
-0.000000
-0.000000
-0.000000
-0.000000
-0.000000
-0.000000
-0.000000
-0.000000
-0.000000
-0.000000
-0.000000
-0.000000
-0.000000
-0.000000
-0.000000
-0.000000
-0.000000
