0.0
-1.09850929515537e-19
4.03217518396559e-06
2.00251724891132e-05
5.27889569639228e-05
0.000100905839644838
0.000160916169988923
0.000231215279200114
0.000311709329253063
0.00040213656029664
0.000504908442962915
0.000623452826403081
0.0007590422173962
0.000913443160243332
0.00108479300979525
0.00112979963887483
0.00117555889301002
0.00122201989870518
0.00123961514327675
0.00126616738270968
0.00127617060206831
0.00129121425561607
0.00129686610307544
0.00129898672457784
0.00130057742353529
0.00130216835532337
0.00130375940352678
0.0013053499860689
0.00130693975370377
0.00130852835718542
0.00131090823560953
0.00131447077728808
0.00131802354007959
0.00132156570907682
0.00132509716786444
0.00133037462364882
0.00133824883960187
0.00134996697306633
0.0013673531357199
0.00139307358767837
0.0014310977421701
0.00148732028901577
0.00156964221969247
0.00168769422452897
0.00184149306733161
0.00198545213788748
0.00211892602965236
0.00224112207069993
0.00235198228619993
0.00245057372376323
0.00253630126826465
0.00260924571193755
0.00266951788216829
0.00271719438023865
0.00275235972367227
0.00277508050203323
0.00278542819432914
0.00278754159808159
0.00278754997998476
0.00278756255283952
0.00278758094646037
0.00278760795481503
0.00278763892129064
0.00278766872361302
0.00278769736178219
0.00278772437013686
0.0027877502143383
0.00278777442872524
0.00278779747895896
0.00278781913220882
0.00278783915564418
0.0027878568507731
0.00278787291608751
0.00278788735158741
0.0027879006229341
0.00278791319578886
0.00278792437165976
0.00278793438337743
0.00278794299811125
0.00278794998303056
0.00278795533813536
0.00278795999474823
0.00278796395286918
0.00278796395286918
