0.0
0.0
6.22019456386624e-07
1.36103460590675e-06
1.68607436989987e-06
1.13490750663914e-06
1.03000184026314e-06
1.83860424840532e-06
3.89924070987036e-06
5.22467234986834e-06
6.07031824984006e-06
6.74637522024568e-06
6.90874094289029e-06
7.22292497812305e-06
7.83071573096095e-06
8.36401613923954e-06
9.2023256001994e-06
9.6203584689647e-06
9.73735495790606e-06
9.94719994196203e-06
1.0542065865593e-05
1.09326565507217e-05
1.16084129331284e-05
1.26242612168426e-05
1.26422673929483e-05
1.26623108371859e-05
1.26826298583183e-05
1.27030252770055e-05
1.27336988953175e-05
1.27795619846438e-05
1.28484152810415e-05
1.29499785543885e-05
1.30907601487706e-05
1.31463102661655e-05
1.31863471324323e-05
1.32268469315022e-05
1.32641398522537e-05
1.33210078274715e-05
1.34037672978593e-05
1.35220852826023e-05
1.35989948830684e-05
1.36717726491042e-05
1.37822898977902e-05
1.39481508085737e-05
1.41908503792365e-05
1.4520692275255e-05
1.47412920341594e-05
1.51602562254993e-05
1.56762343976879e-05
1.65717483469052e-05
1.73610387719236e-05
1.8010870917351e-05
1.862062526925e-05
1.90588161785854e-05
1.9306258764118e-05
1.95032062038081e-05
1.97472018044209e-05
2.00084687094204e-05
1.99331971089123e-05
1.9825614799629e-05
1.96585406229133e-05
1.93950363609474e-05
1.89860165846767e-05
1.82605763257015e-05
1.73022763192421e-05
1.71024075825699e-05
1.68001188285416e-05
1.59983028424904e-05
1.47302671393845e-05
1.29894842757494e-05
1.30450225697132e-05
1.33034882310312e-05
1.37149363581557e-05
1.43861134347389e-05
1.52280981637887e-05
1.61288789968239e-05
1.66616082424298e-05
1.70427065313561e-05
1.72921081684763e-05
1.73695807461627e-05
1.70593229995575e-05
1.67095258802874e-05
1.63412405527197e-05
1.57518988999072e-05
1.5706615158706e-05
1.56374262587633e-05
1.55322795762913e-05
1.54934859892819e-05
1.54788649524562e-05
1.54563422256615e-05
1.54222125274828e-05
1.53705659613479e-05
1.52919365064008e-05
1.51712210936239e-05
1.51340400407207e-05
1.50790574480197e-05
1.50731420944794e-05
1.50645510075265e-05
1.50517262227368e-05
1.50326941366075e-05
1.50256819324568e-05
1.50151954585453e-05
1.4999667655502e-05
1.49769284689683e-05
1.49421002788586e-05
1.48864146467531e-05
1.48011540659354e-05
1.46690044857678e-05
1.44615796671133e-05
1.43856605063775e-05
1.42646222229814e-05
1.42209364639712e-05
1.41576811074628e-05
1.40513657242991e-05
1.38323885039426e-05
1.37401921165292e-05
1.37060651468346e-05
1.36548460432095e-05
1.35749651235528e-05
1.34550127768307e-05
1.34446972879232e-05
1.34278270707e-05
1.34023675855133e-05
1.33644143716083e-05
1.33066732814768e-05
1.32206314447103e-05
1.30900352814933e-05
1.28914134620572e-05
1.25919095808058e-05
1.21259581646882e-05
1.19403885037173e-05
1.18733714771224e-05
1.17682111522299e-05
1.16074943434796e-05
1.1547634130693e-05
1.14562271846808e-05
1.13157211671933e-05
1.11016970549827e-05
1.07606392703019e-05
1.07326331999502e-05
1.07224495877745e-05
1.07075447886018e-05
1.07021960502607e-05
1.06940969999414e-05
1.06823636087938e-05
1.06654379123938e-05
1.0641503649822e-05
1.06311690615257e-05
1.06181669252692e-05
1.05994677142007e-05
1.05729313872871e-05
1.05360604720772e-05
1.04847267721198e-05
1.04650689536356e-05
1.04574355646037e-05
1.04543714769534e-05
1.0449801266077e-05
1.04426972029614e-05
1.04319451565971e-05
1.04159980764962e-05
1.03918873719522e-05
1.03555630630581e-05
1.03418879007222e-05
1.03213069451158e-05
1.03135898825713e-05
1.03019556263462e-05
1.02845651781536e-05
1.02779149528942e-05
1.02676449387218e-05
1.02637932286598e-05
1.02623516795575e-05
1.02618023447576e-05
1.02615986179444e-05
1.02612921182299e-05
1.02608328234055e-05
1.02601443359163e-05
1.02590984170092e-05
1.02575204437017e-05
1.0255128472636e-05
1.02515350590693e-05
1.02461517599295e-05
1.02380972748506e-05
1.02255780802807e-05
1.02069425338414e-05
1.01789210020797e-05
1.01403984444914e-05
1.00946472230135e-05
1.00648958323291e-05
1.0063969057228e-05
1.00463557828334e-05
1.00020133686485e-05
9.9864291769336e-06
9.96445032797055e-06
9.95533173409058e-06
9.94248057395453e-06
9.93779394775629e-06
9.93095181911485e-06
9.92072909866692e-06
9.90397893474437e-06
9.87508883554256e-06
9.83372137852712e-06
9.81412449618801e-06
9.80630829872098e-06
9.79401102085831e-06
9.7745150924311e-06
9.7430165624246e-06
9.69128086580895e-06
9.60955276241293e-06
9.4885726866778e-06
9.31641989154741e-06
9.0660769274109e-06
8.98302459972911e-06
8.88496197148925e-06
8.75100977282273e-06
8.55048165249173e-06
8.46919647301547e-06
8.35984428704251e-06
8.19883553049294e-06
7.99570170784136e-06
7.83267751103267e-06
7.76362048782175e-06
7.6557635111385e-06
7.49594437365886e-06
7.27792348698131e-06
7.03001433066675e-06
6.87603005644633e-06
6.84745282342192e-06
6.80664334140602e-06
6.7428704824124e-06
6.64578192299814e-06
6.61872309137834e-06
6.593437774427e-06
6.57201917420025e-06
6.56970360068954e-06
6.5696344790922e-06
6.56962629363989e-06
6.56971678836271e-06
6.57019609207055e-06
6.57172313367482e-06
6.57503915135749e-06
6.58146609566757e-06
6.58980707157752e-06
6.58910630590981e-06
6.58965564070968e-06
6.59052102491842e-06
6.59186389384558e-06
6.5926906245295e-06
6.59342185826972e-06
6.59453507978469e-06
6.59618672216311e-06
6.59867919239332e-06
6.60200612401241e-06
6.6062598307326e-06
6.61252579448046e-06
6.61417061564862e-06
6.61728881823365e-06
6.61827561998507e-06
6.62151751384954e-06
6.62585080135614e-06
6.63514583720826e-06
6.63622586216661e-06
6.56191605230561e-06
6.5488320615259e-06
6.53221468382981e-06
6.52584458293859e-06
6.51640766591299e-06
6.50231868348783e-06
6.48178820483736e-06
6.45102545604459e-06
6.40775533611304e-06
6.39259906165535e-06
6.38990240986459e-06
6.38877418168704e-06
6.38715209788643e-06
6.38485016679624e-06
6.38652954876306e-06
6.39643667454948e-06
6.40018106423668e-06
6.40579719402012e-06
6.41423775959993e-06
6.42693885311019e-06
6.44609599476098e-06
6.48614559395355e-06
6.56114980301936e-06
6.59476063447073e-06
6.65776315145195e-06
6.75250066706212e-06
6.89490707372897e-06
7.10830227035331e-06
7.18822911949246e-06
7.30771171220113e-06
7.48613547330024e-06
7.55314295020071e-06
7.65305230743252e-06
7.80190293880878e-06
7.85793872637441e-06
7.94126481196145e-06
8.06568732514279e-06
8.25258939585183e-06
8.53201981954044e-06
8.94928780326154e-06
9.10578455659561e-06
9.3391417976818e-06
9.68693075265037e-06
1.02031790447654e-05
1.03986385511234e-05
1.04695409390843e-05
1.05734334283625e-05
1.0714250493038e-05
1.08866352093173e-05
1.11268900582218e-05
1.12181969598169e-05
1.13536952994764e-05
1.14041858978453e-05
1.1479205568321e-05
1.15902785182698e-05
1.16009287012275e-05
1.16162991616875e-05
1.16394958240562e-05
1.16739602162852e-05
1.17253339340095e-05
1.18010411824798e-05
1.18295101856347e-05
1.18713551273686e-05
1.19344003906008e-05
1.20257445814786e-05
1.21615812531672e-05
1.23614763651858e-05
1.24351663544076e-05
1.25438473332906e-05
1.27028752103797e-05
1.27614039229229e-05
1.28476040117675e-05
1.29738045870909e-05
1.30202743093832e-05
1.30887565319426e-05
1.31890301418025e-05
1.33339390231413e-05
1.33867770273355e-05
1.34639858515584e-05
1.34923202494974e-05
1.3534037861973e-05
1.35946793307085e-05
1.361699833069e-05
1.36495800688863e-05
1.36527150971233e-05
1.36571761686355e-05
1.36639109769021e-05
1.36738599394448e-05
1.36886519612744e-05
1.37106908368878e-05
1.37437664307072e-05
1.37561519295559e-05
1.3760774891125e-05
1.37674614961725e-05
1.37773949973052e-05
1.37918204927701e-05
1.37970801006304e-05
1.38045616040472e-05
1.3815004422213e-05
1.38287787194713e-05
1.38449568112264e-05
1.38588975460152e-05
1.38662062454387e-05
1.38683762997971e-05
1.38730683829635e-05
1.38747800519923e-05
1.38753594001173e-05
1.38758023240371e-05
1.38757895911112e-05
1.38758969114861e-05
1.38761488415184e-05
1.38766681629932e-05
1.38779332701233e-05
1.3880523511034e-05
1.38906425490859e-05
1.39172616400174e-05
1.3943676094641e-05
1.39514377224259e-05
1.39662906804006e-05
1.39727853820659e-05
1.39751982715097e-05
1.39793410198763e-05
1.39805533763138e-05
1.39828571263934e-05
1.39863159347442e-05
1.39914382089046e-05
1.3993349057273e-05
1.39961794047849e-05
1.40003676278866e-05
1.40065549203428e-05
1.40156153065618e-05
1.4028737496119e-05
1.40472302518901e-05
1.4072417798161e-05
1.41050077218097e-05
1.41159162012627e-05
1.41302480187733e-05
1.41474365591421e-05
1.41526434163097e-05
1.41588752740063e-05
1.41593027365161e-05
1.41600048664259e-05
1.41610116770607e-05
1.4162392290018e-05
1.41640812216792e-05
1.4165637367114e-05
1.4164905223879e-05
1.41639429784846e-05
1.41617874760414e-05
1.41605987664661e-05
1.41602176881861e-05
1.41595201057498e-05
1.41583868753514e-05
1.41579484989052e-05
1.41577838803641e-05
1.41575264933635e-05
1.41574328154093e-05
1.41573964356212e-05
1.41573827932007e-05
1.41573627843172e-05
1.41573555083596e-05
1.41573527798755e-05
1.41573518703808e-05
1.41573509608861e-05
1.41573509608861e-05
1.41573500513914e-05
1.4157348232402e-05
1.41573464134126e-05
1.41573436849285e-05
1.4157339137455e-05
1.41573327709921e-05
1.41573218570556e-05
1.41573073051404e-05
1.41572845677729e-05
1.41572509164689e-05
1.41571999847656e-05
1.41571244967054e-05
1.41570108098676e-05
1.41568407343584e-05
1.41565851663472e-05
1.41562095450354e-05
1.41556456583203e-05
1.41547589009861e-05
1.41544169309782e-05
1.41538830575882e-05
1.4153029951558e-05
1.41516247822437e-05
1.41492064358317e-05
1.4148263289826e-05
1.41478976729559e-05
1.41473110488732e-05
1.41463924592244e-05
1.41449363582069e-05
1.41425862238975e-05
1.41416830956587e-05
1.41402297231252e-05
1.41379041451728e-05
1.41341770358849e-05
1.41327491292031e-05
1.41304626595229e-05
1.41268756124191e-05
1.41213831739151e-05
1.4112270946498e-05
1.40975298563717e-05
1.40954343805788e-05
1.4093055142439e-05
1.40898482641205e-05
1.40871979965596e-05
1.40861229738221e-05
1.40843931148993e-05
1.4081725566939e-05
1.40777046908624e-05
1.40771162477904e-05
1.40764823299833e-05
1.4075491890253e-05
1.40739193739137e-05
1.4071250006964e-05
1.40676656883443e-05
1.40638012453564e-05
1.40606607601512e-05
1.40587753776344e-05
1.40553747769445e-05
1.40485071824514e-05
1.40453785206773e-05
1.40400379677885e-05
1.40308466143324e-05
1.40156062116148e-05
1.40097308758413e-05
1.40074871524121e-05
1.40042056955281e-05
1.39995236168033e-05
1.39930125442334e-05
1.3983840290166e-05
1.39701996886288e-05
1.39479798235698e-05
1.39124013003311e-05
1.3856708392268e-05
1.38350424094824e-05
1.38329887704458e-05
1.38299192258273e-05
