0
0.0032680993899703
0.0253286045044661
0.0418622381985188
0.0487465225160122
0.0560956336557865
0.0629967525601387
0.0676185488700867
0.0739132314920425
0.0937583222985268
0.117811560630798
0.134658992290497
0.151456624269485
0.165621876716614
0.17675194144249
0.190332680940628
0.202800780534744
0.2163145840168
0.226708069443703
0.242089301347733
0.258522510528564
0.270556271076202
0.28112867474556
0.297426015138626
0.317509025335312
0.33950001001358
0.358456999063492
0.373986959457397
0.38714936375618
0.399849086999893
0.411733627319336
0.422494381666183
0.433062851428986
0.441517770290375
0.444227784872055
0.442077279090881
0.439570248126984
0.435778945684433
0.431432574987411
0.427365571260452
0.415122985839844
0.401158690452576
0.388410955667496
0.376361131668091
0.364982903003693
0.354625254869461
0.344477355480194
0.332715004682541
0.320636540651321
0.30866214632988
0.296740382909775
0.28497588634491
0.273388475179672
0.261202394962311
0.248534664511681
0.235735028982162
0.22306777536869
0.210457161068916
0.197660252451897
0.184944659471512
0.172436833381653
0.159993544220924
0.147717639803886
0.135552614927292
0.123421780765057
0.111410662531853
0.0993293300271034
0.0872962549328804
0.0787528306245804
