0.0
8.4811506440019e-07
8.48778995532484e-07
8.56714905239642e-07
8.6436585888805e-07
8.69079883614177e-07
8.72719226663321e-07
8.80532013525226e-07
8.91307422534737e-07
8.95093478447961e-07
8.97186851034348e-07
8.99062399639661e-07
9.00825455119048e-07
9.03239140370715e-07
9.05004242213181e-07
9.09402842808049e-07
9.13992266760033e-07
9.31757483613183e-07
9.52946095367224e-07
1.04692958302621e-06
1.4403013892661e-06
2.20922265725676e-06
3.48361913893314e-06
5.73916622670367e-06
1.03871798273758e-05
1.24660746223526e-05
1.51697258843342e-05
1.96587661775993e-05
2.21515329030808e-05
2.54102051258087e-05
2.60432861978188e-05
2.6760946639115e-05
2.76001574093243e-05
2.86502927338006e-05
2.95635436486918e-05
3.05535068036988e-05
3.16005935019348e-05
3.27813941112254e-05
3.41748018399812e-05
3.59217410732526e-05
3.82929065381177e-05
4.07669649575837e-05
4.34221656178124e-05
4.62350435554981e-05
5.04444360558409e-05
5.34449536644388e-05
5.55148981220555e-05
5.75349404243752e-05
5.89212322665844e-05
5.99088089074939e-05
6.06585344939958e-05
6.12644216744229e-05
6.17960395175032e-05
6.22636580374092e-05
6.29209826001897e-05
6.38760029687546e-05
6.5321168221999e-05
6.74825932946987e-05
7.10811145836487e-05
7.72793428041041e-05
7.86521704867482e-05
8.00329216872342e-05
8.10612618806772e-05
8.20847126306035e-05
8.36283652461134e-05
8.60177824506536e-05
8.98910366231576e-05
9.39255187404342e-05
9.52347108977847e-05
9.62539052125067e-05
9.72971320152283e-05
9.85244987532496e-05
9.96047529042698e-05
0.000100592944363598
0.00010155385825783
0.000102591424365528
0.000103787788248155
0.000105164588603657
0.000107435676909517
0.000111731518700253
0.00012203337973915
0.000129775915411301
0.000135994996526279
0.000143203564221039
0.000148981751408428
0.00015362910926342
0.000157420130562969
0.00016055119340308
0.000163189659360796
0.000165474586538039
0.000167512000189163
0.000169389430084266
0.000171144725754857
0.000172833621036261
0.000174445944139734
0.000176024943357334
0.000177575973793864
0.000179839043994434
0.000182096846401691
0.000184325966984034
0.000187599318451248
0.000190871229278855
0.000193309140740894
0.000195757762412541
0.000196690045413561
0.000198085705051199
0.000200184076675214
0.000203370495000854
0.000205771502805874
0.000208172830753028
0.000211737482459284
0.000213079823879525
0.000215074847801588
0.000218065135413781
0.000222519141971134
0.000229131444939412
0.000238804728724062
0.000252875790465623
0.000258044921793044
0.000261878594756126
0.000265708396909758
0.000269556738203391
0.000275182304903865
0.000283456814941019
0.0002957513788715
0.00031389866489917
0.000340647005941719
0.000379944511223584
0.000437774608144537
0.00052457198034972
0.000662953418213874
0.000881578889675438
0.00113443494774401
0.00139697245322168
0.00166973890736699
0.00195134698878974
0.00223489850759506
0.00252464390359819
0.00282050482928753
0.00313835288397968
0.00344935804605484
0.00377111765556037
0.00410507945343852
0.00423338310793042
0.00423102965578437
0.00422758469358087
0.00422251876443624
0.00421476271003485
0.0042056511156261
0.00419505685567856
0.00418461905792356
0.00417306507006288
0.00416063331067562
0.00414763670414686
0.00413242261856794
0.00411595636978745
0.00409780163317919
0.00407652044668794
0.00405430607497692
0.00402905512601137
0.00400776416063309
0.00398171553388238
0.00396084133535624
0.00393394799903035
0.0039111590012908
0.00388423004187644
0.00386331416666508
0.00383452186360955
0.0038140423130244
0.00378599436953664
0.00376288290135562
0.00373474205844104
0.00371197774074972
0.00368681480176747
0.00366130005568266
0.00363931199535728
0.00361129641532898
0.00358986970968544
0.00356099405325949
0.0035395035520196
0.00351477297954261
0.00348926498554647
0.00346601218916476
0.00344112538732588
0.00341624673455954
0.00339175504632294
0.0033666486851871
0.00334209948778152
0.00331904296763241
0.00329337012954056
0.00328723015263677
0.00328723015263677
