0.0
8.22661974098082e-08
-1.57797364863654e-06
-2.37266749536502e-06
-4.04886486649048e-06
-7.23178663974977e-06
-8.79694744071458e-06
-1.05388207884971e-05
-1.345387136098e-05
-1.33226476464188e-05
-1.55800644279225e-05
-1.65339315572055e-05
-1.70916664501419e-05
-2.59757325693499e-05
-4.80415001220535e-05
-7.87029202911071e-05
-9.61870100582018e-05
-0.000119255309982691
-0.000156207970576361
-0.000211203892831691
-0.000293202407192439
-0.000407193292630836
-0.00057612668024376
-0.000827291631139815
-0.00106724433135241
-0.00129290518816561
-0.00151155411731452
-0.00172924296930432
-0.00193702685646713
-0.00213665887713432
-0.00232856580987573
-0.00251594418659806
-0.00269523751921952
-0.00286559597589076
-0.003027105005458
-0.00318006030283868
-0.00332453241571784
-0.00346055813133717
-0.00358845945447683
-0.00370880495756865
-0.00382229615934193
-0.00392757635563612
-0.0040247212164104
-0.00411380315199494
-0.00419499399140477
-0.00426871655508876
-0.0043347436003387
-0.00439322460442781
-0.00444432254880667
-0.00448816968128085
-0.00452505564317107
-0.00455500278621912
-0.00457800133153796
-0.00459411880001426
-0.00460358103737235
-0.00460741994902492
-0.00460742320865393
-0.0046074278652668
-0.00460743205621839
-0.00460743485018611
-0.00460744462907314
-0.00460743997246027
-0.00460743950679898
-0.00460743578150868
-0.00460742507129908
-0.00460741622373462
-0.00460740691050887
-0.00460740830749273
-0.00460740970447659
-0.00460740970447659
-0.00460740970447659
-0.00460740923881531
-0.00460740923881531
