0.0
-6.80147759406867e-19
3.9322878819803e-07
4.80746348330285e-06
7.05510592524661e-06
9.67554569797358e-06
1.43300803756574e-05
2.00424274225952e-05
2.68912008323241e-05
3.54482690454461e-05
4.62165517092217e-05
5.90113522775937e-05
7.3572140536271e-05
8.95999255590141e-05
0.000106755847809836
0.00012529683590401
0.000157053655129857
0.000170519997482188
0.000192467938177288
0.00022787855414208
0.000284910260234028
0.000305889901937917
0.000337861711159348
0.000386321305995807
0.000459773524198681
0.000546937109902501
0.000632894865702838
0.000717345217708498
0.000800979090854526
0.000821855326648802
0.00085300556384027
0.000899292121175677
0.000967775064054877
0.00104746199212968
0.00112637889105827
0.0012045546900481
0.00128115352708846
0.00135614071041346
0.00137463049031794
0.00140217377338558
0.00144307967275381
0.00150351377669722
0.00157367892097682
0.00164227874483913
0.00170935317873955
0.00177494913805276
0.00183905696030706
0.00190164905507118
0.00196274206973612
0.00202236813493073
0.00208052131347358
0.00213719648309052
0.00219245115295053
0.00224631140008569
0.00229875929653645
0.00234980368986726
0.00239949976094067
0.00244785565882921
0.00249486579559743
0.00254052202217281
0.00258479290641844
0.00262774690054357
0.00266941310837865
0.00270979548804462
0.00274891778826714
0.00278677092865109
0.00282340683043003
0.00285882619209588
0.00289304298348725
0.00292604928836226
0.00295784464105964
0.00298842391930521
0.00301783299073577
0.00304610677994788
0.00307323760353029
0.00309925898909569
0.00312415394000709
0.00314794457517564
0.00317066209390759
0.0031923302449286
0.0032129401806742
0.0032325095962733
0.00325102475471795
0.00326848868280649
0.00328491488471627
0.00330033176578581
0.00331478286534548
0.00332824001088738
0.00334074883721769
0.00335232354700565
0.00336295226588845
0.00337266828864813
0.00338147906586528
0.00338941742666066
0.00339648779481649
0.00340269156731665
0.00340805575251579
0.00341257057152689
0.00341624650172889
0.00341909495182335
0.00342112430371344
0.00342235411517322
0.00342282047495246
0.00342290429398417
0.00342296250164509
0.00342301209457219
0.00342306424863636
0.0034231215249747
0.00342318438924849
0.00342325656674802
0.00342333829030395
0.00342342746444046
0.00342352641746402
0.00342363538220525
0.00342375203035772
0.003423877293244
0.00342401117086411
0.00342406332492828
