0.0
2.68461075838599e-34
6.68429009920146e-08
2.47767246719377e-07
7.25978054560983e-07
6.40994244349713e-07
6.29658813977585e-07
1.16826288376615e-06
9.15783857635688e-07
1.15200271011417e-06
1.72788293184567e-06
2.53053849519347e-06
2.96827784040943e-06
3.80552910428378e-06
5.21611809745082e-06
6.26411156190443e-06
6.50408173896722e-06
6.8624740379164e-06
7.70524184190435e-06
9.13658277568175e-06
1.18900534289423e-05
1.47282526086201e-05
1.67020025401143e-05
1.73941989487503e-05
1.78169539140072e-05
1.77455440280028e-05
1.76779212779365e-05
1.75458244484616e-05
1.74182005139301e-05
1.70026778505417e-05
1.68124333868036e-05
1.62716842169175e-05
1.55673351400765e-05
1.49635179695906e-05
1.39847788886982e-05
1.29835989355342e-05
1.19938831630861e-05
1.10428663901985e-05
1.01130463008303e-05
9.29111411096528e-06
9.11471761355642e-06
8.85761619429104e-06
8.47790033731144e-06
7.90743797551841e-06
7.73794909036951e-06
7.48520824345178e-06
7.10574840923073e-06
6.51162736176047e-06
5.78283152208314e-06
4.98164763484965e-06
4.19050729760784e-06
3.78128902411845e-06
3.65268874702451e-06
3.54587041329069e-06
3.47361878993979e-06
3.40871542903187e-06
3.35897038894473e-06
3.29663430420624e-06
3.21945935866097e-06
3.19375612889417e-06
3.16276691592066e-06
3.12737097374338e-06
3.08754147226864e-06
3.06080119116814e-06
3.02789521811064e-06
3.00197075375763e-06
2.96794542009593e-06
2.92429990622622e-06
2.87207490146102e-06
2.81338702734502e-06
2.85812916445138e-06
2.88411661131249e-06
2.89838453682023e-06
2.91072115032875e-06
2.93241510007647e-06
2.9586856271635e-06
2.98205554827291e-06
3.01939621749625e-06
3.06980314235261e-06
3.08107928503887e-06
3.05836988445662e-06
3.0480850909953e-06
3.04730815514631e-06
3.04684931506927e-06
3.04616946777969e-06
3.04514583149285e-06
3.0447629342234e-06
3.04416653307271e-06
3.04325340039213e-06
3.04186619359825e-06
3.03972660731233e-06
3.03645151689125e-06
3.03138585877605e-06
3.02429407383897e-06
3.01908426081354e-06
3.01805243907438e-06
3.01729551210883e-06
3.01616705655761e-06
3.0157264063746e-06
3.01505588140571e-06
3.01405088976026e-06
3.01249451695185e-06
3.00773717754055e-06
3.00567694466736e-06
3.00456872537325e-06
3.0030571451789e-06
3.00076976600394e-06
2.99724865726603e-06
2.99084672406025e-06
2.97971564577892e-06
2.96003145194845e-06
2.95889253720816e-06
2.95752761303447e-06
2.95547783935035e-06
2.9522987006203e-06
2.94706524073263e-06
2.93870766654436e-06
2.9359823656705e-06
2.93110224447446e-06
2.92312347482948e-06
2.91958099296608e-06
2.91426499643421e-06
2.90688899440283e-06
2.90018283521931e-06
2.89959666588402e-06
2.89862168756372e-06
2.89705371869786e-06
2.89444278678275e-06
2.89361742034089e-06
2.89198737846164e-06
2.89125978270022e-06
2.89024774247082e-06
2.88866544906341e-06
2.88628825728665e-06
2.88282262772555e-06
2.88204364551348e-06
2.88664409708872e-06
2.89755348603649e-06
2.90634625343955e-06
2.91924152406864e-06
2.93937250717136e-06
2.94634560304985e-06
2.9493598958652e-06
2.95352083412581e-06
2.95874406219809e-06
2.96609209726739e-06
2.97044994113094e-06
2.97457609121921e-06
2.98195345749264e-06
2.99276621262834e-06
3.00790270557627e-06
3.01372074318351e-06
3.02219746117771e-06
3.02574767374608e-06
3.03157275993726e-06
3.03875322060776e-06
3.04854142996192e-06
3.06263632410264e-06
3.06825540974387e-06
3.07030359181226e-06
3.07295567836263e-06
3.07655045617139e-06
3.08162361761788e-06
3.08396442960657e-06
3.08688186123618e-06
3.09097413264681e-06
3.09295978695445e-06
3.09588949676254e-06
3.09666620523785e-06
3.09815845866979e-06
3.10038717543648e-06
3.10376276502211e-06
3.10511177303852e-06
3.10715586238075e-06
3.10988343699137e-06
3.11375288220006e-06
3.11571534439281e-06
3.11806024910766e-06
3.12123711410095e-06
3.12654469780682e-06
3.12888755615859e-06
3.12874908559024e-06
3.12882298203476e-06
3.12894940179831e-06
3.12913039124396e-06
3.1294059681386e-06
3.12981933348055e-06
3.13048053612874e-06
3.13069267576793e-06
3.1310457870859e-06
3.13161353915348e-06
3.13240138893889e-06
3.1335735002358e-06
3.13529494633258e-06
3.13782379635086e-06
3.14140129376028e-06
3.14631074616045e-06
3.14845897264604e-06
3.14924432132102e-06
3.14949238600093e-06
3.14989074468031e-06
3.15048964694142e-06
3.15141278406372e-06
3.15270767714537e-06
3.15461238642456e-06
3.15731017508369e-06
3.15840566145198e-06
3.15992360810924e-06
3.1620063509763e-06
3.16458363158745e-06
3.16817704515415e-06
3.17017861561908e-06
3.17245167025249e-06
3.17563058160886e-06
3.17720378006925e-06
3.1791792025615e-06
3.18172646984749e-06
3.18481511385471e-06
3.18644333674456e-06
3.18842785418383e-06
3.1906586173136e-06
3.19258879244444e-06
3.1939298423822e-06
3.19475248033996e-06
3.19504010803939e-06
3.19554396810418e-06
3.1954168662196e-06
3.19546848004393e-06
3.19578225571604e-06
3.19579544338922e-06
3.19583045893523e-06
3.19595437758835e-06
3.19621835842554e-06
3.19679520544014e-06
3.19792616210179e-06
3.19838636642089e-06
3.19890932587441e-06
3.19974128615286e-06
3.19990181196772e-06
3.20004755849368e-06
3.20026879307989e-06
3.20062576975033e-06
3.20076856041851e-06
3.20098820338899e-06
3.20133290188096e-06
3.20171920975554e-06
3.20215076499153e-06
3.20285903399053e-06
3.2030973216024e-06
3.20319441016181e-06
3.20333015224605e-06
3.20353365168558e-06
3.20389108310337e-06
3.20434287459648e-06
3.20505250783754e-06
3.20611934512272e-06
3.20778485729534e-06
3.21009247272741e-06
3.21119273394288e-06
3.2119583011081e-06
3.21241759593249e-06
3.2126795304066e-06
3.21250195156608e-06
3.21281095239101e-06
3.21277116199781e-06
3.21269840242167e-06
3.21267816616455e-06
3.21263314617681e-06
3.21254628943279e-06
3.2123823530128e-06
3.2120879041031e-06
3.21150764648337e-06
3.21030438499292e-06
3.20991580338159e-06
3.20904064210481e-06
3.2074324280984e-06
3.20442359225126e-06
3.20349431603972e-06
3.20157801070309e-06
3.19819264404941e-06
3.19703758577816e-06
3.19498872158874e-06
3.19175228469248e-06
3.18764796247706e-06
3.18634261020634e-06
3.18592969961173e-06
3.18529123433109e-06
3.18465299642412e-06
3.18347929351148e-06
3.18142906508001e-06
3.18078809868894e-06
3.17940248351078e-06
3.17696321872063e-06
3.17621129397594e-06
3.17469653055014e-06
3.17196918331319e-06
3.16778573505871e-06
3.16600539917999e-06
3.1630961530027e-06
3.15900683744985e-06
3.1536092137685e-06
3.15121292260301e-06
3.14821159008716e-06
3.14680596602557e-06
3.14445492222148e-06
3.14063186124258e-06
3.13477971758402e-06
3.12616998598969e-06
3.12596193907666e-06
3.12563815896283e-06
3.12515203404473e-06
3.12442466565699e-06
3.12333418150956e-06
3.12172051053494e-06
3.11923963636218e-06
3.11834878630179e-06
3.11697590404947e-06
3.11485837301007e-06
3.11163944388682e-06
3.10661266667012e-06
3.10500240630063e-06
3.10215318677365e-06
3.09766278405732e-06
3.09622009808663e-06
3.093690793321e-06
3.08976882479328e-06
3.08843550556048e-06
3.08621679323551e-06
3.08275252791645e-06
3.08156927530945e-06
3.0795947623119e-06
3.07890059048077e-06
3.07778077512921e-06
3.07605432681157e-06
3.07339041683008e-06
3.06922697745904e-06
3.06325000565266e-06
3.06074366562825e-06
3.05994012705924e-06
3.05858338833787e-06
3.05652315546467e-06
3.05339926853776e-06
3.05224716612429e-06
3.0504841106449e-06
3.04782793136837e-06
3.04384252558521e-06
3.04234868053754e-06
3.04010291074519e-06
3.03926799460896e-06
3.0380158477783e-06
3.03613501273503e-06
3.03331512441218e-06
3.03226192954753e-06
3.03069873552886e-06
3.02836861010292e-06
3.02489274872642e-06
3.01963405036076e-06
3.0118180802674e-06
3.00012379739201e-06
2.98257623398968e-06
2.97622364087147e-06
2.97386236525199e-06
2.9728937533946e-06
2.97148335448583e-06
2.96936468657805e-06
2.96857183457178e-06
2.96738039651245e-06
2.96559323942347e-06
2.9629134132847e-06
2.95889412882389e-06
2.95738823297143e-06
2.95512359116401e-06
2.95421318696754e-06
2.95273525807715e-06
2.95034897135338e-06
2.94665187539067e-06
2.94529900202178e-06
2.94335382022837e-06
2.94055416816263e-06
2.93954462904367e-06
2.93807465823193e-06
2.93753805635788e-06
2.93733910439187e-06
2.93704260911909e-06
2.93693210551282e-06
2.93689072350389e-06
2.93687526209396e-06
2.93686957775208e-06
2.93686730401532e-06
2.93686412078387e-06
2.93686275654181e-06
2.93686230179446e-06
2.93686207442079e-06
2.93686207442079e-06
2.93686207442079e-06
2.93686207442079e-06
2.93686207442079e-06
2.93686207442079e-06
2.93686207442079e-06
2.93686184704711e-06
2.93686184704711e-06
2.93686184704711e-06
2.93686161967344e-06
2.93686139229976e-06
2.93686093755241e-06
2.93686048280506e-06
2.93685980068403e-06
2.93685866381566e-06
2.93685684482625e-06
2.93685411634215e-06
2.93685025098966e-06
2.93684411190043e-06
2.93683524432709e-06
2.93682182928023e-06
2.93680182039679e-06
2.93677157969796e-06
2.93672655971022e-06
2.93665880235494e-06
2.93655762106937e-06
2.93640664494887e-06
2.93618131763651e-06
2.93584616883891e-06
2.93535049422644e-06
2.93516700367036e-06
2.93489370051248e-06
2.93448874799651e-06
2.93389302896685e-06
2.93302673526341e-06
2.93179323307413e-06
2.93009156848711e-06
2.92790900857653e-06
2.92536242341157e-06
2.9231066491775e-06
2.91469427793345e-06
2.9011134756729e-06
2.89607237391465e-06
2.88832370642922e-06
2.87645571006578e-06
2.85882720163499e-06
2.83276108348218e-06
2.82982091448503e-06
2.82599785350612e-06
2.82021551356593e-06
2.81130814983044e-06
2.80787253359449e-06
2.80663380181068e-06
2.80468384517008e-06
2.80394442597753e-06
2.80284007203591e-06
2.80116864814772e-06
2.79862251773011e-06
2.79473306363798e-06
2.7932976536249e-06
2.79106507150573e-06
2.79023333860096e-06
2.78896027339215e-06
2.78702987088764e-06
2.7841515475302e-06
2.77975414064713e-06
2.77289996120089e-06
2.77036701845645e-06
2.76943387689244e-06
2.76793366538186e-06
2.76564492196485e-06
2.762168605841e-06
2.75700472229801e-06
2.7489197691466e-06
2.74591593552032e-06
2.74121225629642e-06
2.73948239737365e-06
2.7388282433094e-06
2.7379292077967e-06
2.73666682915064e-06
2.73479827228584e-06
2.73415480478434e-06
2.7333144316799e-06
2.73301225206524e-06
2.7326098006597e-06
2.73212071988382e-06
2.73138016382291e-06
2.73027444563922e-06
2.72861620942422e-06
2.72612487606239e-06
2.7224155019212e-06
2.71704425358621e-06
2.71480212177266e-06
2.71157955467061e-06
2.70667010227044e-06
2.70484474640398e-06
2.7041612611356e-06
2.70307191385655e-06
2.70142186309386e-06
2.70080977315956e-06
2.69986367129604e-06
2.69843530986691e-06
2.69790893980826e-06
2.69710199063411e-06
2.69587508228142e-06
2.69396036856051e-06
2.69095903604466e-06
2.68620669885422e-06
