0.0
4.0237786436137e-09
1.0983315945623e-07
8.29425516712945e-07
1.24951384350425e-06
1.47126559113531e-06
1.46200329709245e-06
1.60227068590757e-06
1.86456099982024e-06
1.97897179532447e-06
2.42627129409811e-06
3.48391495208489e-06
2.78266247732972e-06
2.74396643362707e-06
2.7061898890679e-06
2.6501186312089e-06
2.5781475869735e-06
2.50467974183266e-06
2.47302455136378e-06
2.55599547926977e-06
2.82793166661577e-06
2.84720454146736e-06
2.94981737170019e-06
2.98502664008993e-06
3.05944013234694e-06
3.08054836750671e-06
3.12397401103226e-06
3.17208400701929e-06
3.25396376865683e-06
3.40770179718675e-06
3.5378741358727e-06
3.49260426446563e-06
3.55595079781779e-06
3.73004604625748e-06
4.00735825678566e-06
4.34555477113463e-06
4.77988896818715e-06
6.2423446252069e-06
8.22132915345719e-06
9.96010567178018e-06
1.09723578134435e-05
1.13430733108544e-05
1.14422646220191e-05
1.15483353511081e-05
1.15894317787024e-05
1.16534511107602e-05
1.17539466373273e-05
1.19140113383764e-05
1.20798868010752e-05
1.22516730698408e-05
1.24334901556722e-05
1.26212380564539e-05
1.26212380564539e-05
