-0.0
-5.32907051820075e-14
1.9015093357666e-06
1.41298198741424e-06
2.12659915632685e-06
2.32477691497479e-06
3.08955395666999e-06
3.14693943437305e-06
2.96894995699404e-07
1.18203661259031e-06
4.78907759315916e-06
1.08512749648071e-05
7.10239055479178e-06
3.76550542569021e-06
5.81749281991506e-06
-1.08893073047511e-06
-9.28569352254272e-06
-5.67062033951515e-06
-2.09287863981444e-05
6.76134004606865e-06
2.53538273682352e-05
4.68267098767683e-05
5.53328027308453e-05
0.000105435363366269
6.76792551530525e-05
5.70409320062026e-05
8.35605023894459e-05
7.96643216744997e-05
0.00010662357090041
0.000100895413197577
0.000104616243334021
9.86678060144186e-05
8.07225296739489e-05
7.63159623602405e-05
7.55370856495574e-05
7.69483231124468e-05
7.75842054281384e-05
7.79952679295093e-05
7.84029689384624e-05
7.8910612501204e-05
7.9675082815811e-05
8.00452617113478e-05
8.05507224868052e-05
8.12348516774364e-05
8.17392428871244e-05
8.22715664980933e-05
8.27857875265181e-05
8.33176454761997e-05
8.38247360661626e-05
8.43417656142265e-05
8.48656636662781e-05
8.53718083817512e-05
8.55716716614552e-05
8.58556450111791e-05
8.62953966134228e-05
8.64517205627635e-05
8.66948830662295e-05
8.70427174959332e-05
8.74548422871158e-05
8.78559076227248e-05
8.78582650329918e-05
8.81156302057207e-05
8.88549839146435e-05
8.94061959115788e-05
8.96648634807207e-05
8.92197713255882e-05
8.83504544617608e-05
8.81331361597404e-05
8.72610398801044e-05
8.61737062223256e-05
8.4980798419565e-05
8.43383095343597e-05
8.41582950670272e-05
8.50063588586636e-05
8.35204846225679e-05
8.4124447312206e-05
8.81723608472385e-05
9.4458409876097e-05
8.80856532603502e-05
7.08311272319406e-05
9.33963456191123e-05
4.3229552829871e-05
0.000191117273061536
0.00028611533343792
0.000173171967617236
0.000115689246740658
-1.27467501442879e-06
-0.000158549621119164
1.87511213880498e-05
0.000153417320689186
0.000218870380194858
0.000152196080307476
0.000104179642221425
3.82769940188155e-06
-0.000131786917336285
-0.000119905183964875
1.32553523144452e-05
9.70873588812537e-05
0.000110292028693948
7.57628149585798e-05
6.47913257125765e-05
1.8628414181876e-05
-6.84440237819217e-05
-0.00010547225974733
-7.9801793617662e-05
2.20367946894839e-05
5.1101524149999e-05
3.41600862157065e-05
2.4699646019144e-05
2.04340831260197e-05
9.83341033133911e-06
-2.93139983114088e-05
-5.48469652130734e-05
-5.7122470025206e-05
3.54683152181678e-06
1.2364772373985e-05
1.7779437257559e-05
1.92046627489617e-05
2.05403193831444e-05
2.0562089048326e-05
2.05749020096846e-05
2.05932137760101e-05
2.05950200324878e-05
2.05983451451175e-05
2.06423956115032e-05
2.06509266718058e-05
2.06517324841116e-05
2.06520271603949e-05
2.06524819077458e-05
2.06525146495551e-05
2.06525328394491e-05
2.06525492103538e-05
2.0652563762269e-05
2.0652572857216e-05
2.0652581952163e-05
2.06526092370041e-05
2.06526201509405e-05
2.06526328838663e-05
2.06526492547709e-05
2.06526601687074e-05
2.06526729016332e-05
2.0652685634559e-05
2.06527111004107e-05
2.06527220143471e-05
2.06527329282835e-05
2.06527547561564e-05
2.0652771127061e-05
2.06527729460504e-05
2.06527929549338e-05
2.06528038688703e-05
2.06528166017961e-05
2.06528275157325e-05
2.06528493436053e-05
2.06528602575418e-05
2.06528711714782e-05
2.06528911803616e-05
2.06529002753086e-05
2.06529093702557e-05
2.06529221031815e-05
2.06529493880225e-05
2.06529512070119e-05
2.06529748538742e-05
2.06529948627576e-05
2.06529930437682e-05
2.06530094146729e-05
2.06530276045669e-05
2.06530548894079e-05
2.0653063984355e-05
2.06530839932384e-05
2.06531040021218e-05
2.06531130970689e-05
2.06531203730265e-05
2.06531385629205e-05
2.06531494768569e-05
2.06531603907933e-05
2.06531694857404e-05
2.06531967705814e-05
2.06532022275496e-05
2.06532185984543e-05
2.06532331503695e-05
2.06532495212741e-05
2.06532586162211e-05
2.06532749871258e-05
2.0653298633988e-05
2.06533113669138e-05
2.06533222808503e-05
2.06533441087231e-05
2.06533495656913e-05
2.06533713935642e-05
2.06533804885112e-05
2.06533877644688e-05
2.06533950404264e-05
2.06534059543628e-05
2.06534314202145e-05
2.06534459721297e-05
2.06534496101085e-05
2.06534714379814e-05
2.0653487808886e-05
2.06534932658542e-05
2.06535132747376e-05
2.06535260076635e-05
2.06535423785681e-05
2.06535551114939e-05
2.06535714823985e-05
2.06535842153244e-05
2.0653591491282e-05
2.06536133191548e-05
2.06536424229853e-05
2.06536478799535e-05
2.06536587938899e-05
2.06536878977204e-05
2.06536878977204e-05
2.0653713363572e-05
2.06537206395296e-05
2.06537260964978e-05
2.06537388294237e-05
2.06537497433601e-05
2.06537843041588e-05
2.06537843041588e-05
2.06537970370846e-05
2.06538134079892e-05
2.06538225029362e-05
2.06538315978833e-05
2.06538497877773e-05
2.06538788916077e-05
2.06538879865548e-05
2.06539007194806e-05
2.06539243663428e-05
2.06539334612899e-05
2.06539370992687e-05
2.06539607461309e-05
2.0653988030972e-05
2.06540007638978e-05
2.06540025828872e-05
2.06540316867176e-05
2.06540407816647e-05
2.06540498766117e-05
2.06540735234739e-05
2.06540735234739e-05
2.06540898943786e-05
2.0654109903262e-05
2.06541299121454e-05
2.0654137188103e-05
2.06541517400183e-05
2.06541772058699e-05
2.06541790248593e-05
2.06541935767746e-05
2.06542063097004e-05
2.06542354135308e-05
2.06542390515096e-05
2.06542536034249e-05
2.06542772502871e-05
2.06542881642235e-05
2.06542972591706e-05
2.0654317268054e-05
2.06543245440116e-05
2.06543390959268e-05
2.06543481908739e-05
2.06543645617785e-05
2.06543809326831e-05
2.06543936656089e-05
2.06544082175242e-05
2.06544173124712e-05
2.065442095045e-05
2.06544373213546e-05
2.06544718821533e-05
2.06544809771003e-05
2.06544846150791e-05
2.0654515537899e-05
2.06545209948672e-05
2.06545282708248e-05
2.06545410037506e-05
2.06545828405069e-05
2.06545864784857e-05
2.06545973924221e-05
2.06546210392844e-05
2.0654619220295e-05
2.06546410481678e-05
2.06546592380619e-05
2.06546701519983e-05
2.06546774279559e-05
2.06546901608817e-05
2.06547156267334e-05
2.06547210837016e-05
2.06547374546062e-05
2.06547592824791e-05
2.06547720154049e-05
2.06547829293413e-05
2.06547956622671e-05
2.06548193091294e-05
2.06548284040764e-05
2.06548411370022e-05
2.06548611458857e-05
2.06548720598221e-05
2.06548775167903e-05
2.06548975256737e-05
2.06549066206207e-05
2.06549138965784e-05
2.06549266295042e-05
2.0654957552324e-05
2.06549593713135e-05
2.06549775612075e-05
2.06549975700909e-05
2.06550012080697e-05
2.0655015759985e-05
2.06550321308896e-05
2.06550575967412e-05
2.06550612347201e-05
2.06550739676459e-05
2.06550939765293e-05
2.06551012524869e-05
2.06551085284445e-05
2.06551358132856e-05
2.06551576411584e-05
2.06551685550949e-05
2.06551776500419e-05
2.06552031158935e-05
2.06552103918511e-05
2.06552176678088e-05
2.0655241314671e-05
2.0655250409618e-05
2.06552540475968e-05
2.06552776944591e-05
2.06552922463743e-05
2.06553031603107e-05
2.06553158932365e-05
2.06553395400988e-05
2.06553395400988e-05
2.06553559110034e-05
2.06553759198869e-05
2.06553959287703e-05
2.06554122996749e-05
2.06554195756325e-05
2.06554450414842e-05
2.06554504984524e-05
2.065545777441e-05
2.06554777832935e-05
2.06555014301557e-05
2.06555123440921e-05
2.0655534171965e-05
2.06555541808484e-05
2.06555596378166e-05
2.06555650947848e-05
2.06555941986153e-05
2.06555996555835e-05
2.06556087505305e-05
2.06556251214352e-05
2.06556433113292e-05
2.06556633202126e-05
2.06556687771808e-05
2.06556924240431e-05
2.06557015189901e-05
2.06557051569689e-05
2.06557251658523e-05
2.06557488127146e-05
2.06557633646298e-05
2.06557706405874e-05
2.06558033823967e-05
2.06558052013861e-05
2.06558142963331e-05
2.06558379431954e-05
2.0655836124206e-05
2.06558470381424e-05
2.06558706850046e-05
2.06558852369199e-05
2.06558979698457e-05
2.06559125217609e-05
2.06559307116549e-05
2.0655939806602e-05
2.0655939806602e-05
2.06559634534642e-05
2.06559798243688e-05
2.06559980142629e-05
2.06560162041569e-05
2.06560325750615e-05
2.06560380320298e-05
2.0656052583945e-05
2.0656070773839e-05
2.06560871447437e-05
2.06561016966589e-05
2.06561180675635e-05
2.06561398954364e-05
2.06561544473516e-05
2.06561599043198e-05
2.06561799132032e-05
2.06561817321926e-05
2.06561999220867e-05
2.06562162929913e-05
2.06562363018747e-05
2.06562399398535e-05
2.0656259948737e-05
2.06562799576204e-05
2.06562799576204e-05
2.06562926905463e-05
2.06563163374085e-05
2.06563381652813e-05
2.0656345441239e-05
2.06563599931542e-05
2.06563890969846e-05
2.06563836400164e-05
2.06563981919317e-05
2.06564145628363e-05
2.06564218387939e-05
2.06564382096985e-05
2.06564545806032e-05
2.06564727704972e-05
2.06564836844336e-05
2.06564927793806e-05
2.06565146072535e-05
2.06565255211899e-05
2.06565291591687e-05
2.06565418920945e-05
2.06565691769356e-05
2.06565837288508e-05
2.0656598280766e-05
2.06566110136919e-05
2.06566219276283e-05
2.06566346605541e-05
2.06566546694376e-05
2.06566819542786e-05
2.06566855922574e-05
2.0656701963162e-05
2.06567165150773e-05
2.06567274290137e-05
2.06567383429501e-05
2.06567565328442e-05
2.06567729037488e-05
2.06567729037488e-05
2.06567856366746e-05
2.06568129215157e-05
2.06568238354521e-05
2.06568438443355e-05
2.06568583962508e-05
2.06568674911978e-05
2.06568802241236e-05
2.06568893190706e-05
2.06569202418905e-05
2.06569184229011e-05
2.06569402507739e-05
2.06569548026891e-05
2.06569657166256e-05
2.0656985725509e-05
2.06569966394454e-05
2.06570202863077e-05
2.06570348382229e-05
2.06570312002441e-05
2.06570384762017e-05
2.06570348382229e-05
2.06570348382229e-05
2.06570439331699e-05
2.06570439331699e-05
