0.0
0.00120000005699694
0.00240000011399388
0.00270000007003546
0.00300000002607703
0.00329999998211861
0.00359999993816018
0.00389999989420176
0.00419999985024333
0.0044999998062849
0.00480000022798777
0.00510000018402934
0.00540000014007092
0.00562500022351742
0.00584999984130263
0.00607499992474914
0.00641250004991889
0.00691874977201223
0.00742499995976686
0.0079312501475215
0.00843750033527613
0.00894374959170818
0.00944999977946281
0.00995624996721745
0.0104625001549721
0.0109687503427267
0.0114749995991588
0.0119812497869134
0.012487499974668
0.0129937501624227
0.0131203122437
0.0132468752563
0.0134367188438773
0.0135079100728035
0.0135346073657274
0.0135746523737907
0.0135896690189838
0.0136009315028787
0.0136121939867735
0.0136234574019909
0.0136403515934944
0.0136466864496469
0.0136561896651983
0.0136704435572028
0.0136811342090368
0.0136918248608708
0.0137025164440274
0.0137132070958614
0.0137238977476954
0.0137345883995295
0.0137452790513635
0.0137559697031975
0.0137599790468812
0.0137659925967455
0.0137750124558806
0.0137783950194716
0.0137834697961807
0.0137910805642605
0.0138024967163801
0.0138196209445596
0.01384530775249
0.013883838430047
0.0139416335150599
0.0139633072540164
0.0139958169311285
0.0140445819124579
0.0141177289187908
0.0141908759251237
0.0142640229314566
0.014337170869112
0.0144103178754449
0.0144834648817778
0.0145931858569384
0.0147577673196793
0.0149223478510976
0.0150869293138385
0.0153338015079498
0.0155806727707386
0.0158275458961725
0.0161978527903557
0.016753314062953
0.0175865069031715
0.0187865067273378
0.0199865065515041
0.0211865063756704
0.0223865080624819
0.0235865078866482
0.0247865077108145
0.0259865075349808
0.0271865073591471
0.0283865071833134
0.0295865070074797
0.030786506831646
0.0319865085184574
0.0331865064799786
0.03438650816679
0.0355865061283112
0.0367865078151226
0.0379865057766438
0.0391865074634552
0.0403865054249763
0.0415865071117878
0.0427865087985992
0.0439865067601204
0.0451865084469318
0.046386506408453
0.0475865080952644
0.0487865060567856
0.049986507743597
0.0511865057051182
0.0523865073919296
0.0535865090787411
0.0547865070402622
0.0559865087270737
0.0571865066885948
0.0572615079581738
0.057374007999897
0.0574161931872368
0.0574794746935368
0.0574809573590755
0.0574815161526203
0.0574823506176472
0.0574824288487434
0.0574825443327427
0.0574827194213867
0.0574827380478382
0.0574827380478382
0.0574827380478382
0.0574827417731285
0.0574827417731285
0.0574827417731285
0.0574827417731285
0.0574827417731285
0.0574827417731285
0.0574827417731285
0.0574827417731285
0.0574827417731285
0.0574827417731285
0.0574827417731285
0.0574827417731285
0.0574827417731285
0.0574827417731285
0.0574827417731285
0.0574827417731285
0.0574827417731285
0.0574827417731285
0.0574827417731285
0.0574827417731285
0.0574827417731285
0.0574827417731285
0.0574827417731285
0.0574827417731285
0.0574827417731285
0.0574827417731285
0.0574827417731285
0.0574827417731285
0.0574827417731285
0.0574827417731285
0.0574827417731285
0.0574827417731285
0.0574827417731285
0.0574827417731285
0.0574827417731285
0.0574827417731285
0.0574827417731285
0.0574827417731285
0.0574827417731285
0.0574827417731285
0.0574827417731285
0.0574827417731285
0.0574827417731285
0.0574827417731285
0.0574827417731285
0.0574827417731285
0.0574827417731285
0.0574827417731285
0.0574827417731285
0.0574827417731285
0.0574827417731285
0.0574827417731285
0.0574827417731285
0.0574827417731285
0.0574827417731285
0.0574827417731285
0.0574827417731285
0.0574827417731285
0.0574827417731285
0.0574827417731285
0.0574827417731285
0.0574827417731285
0.0574827417731285
0.0574827417731285
0.0574827417731285
0.0574827417731285
0.0574827417731285
0.0574827417731285
0.0574827417731285
0.0574827417731285
0.0574827417731285
0.0574827417731285
0.0574827417731285
0.0574827417731285
0.0574827417731285
0.0574827417731285
0.0574827417731285
0.0574827417731285
0.0574827417731285
0.0574827417731285
0.0574827417731285
0.0574827417731285
0.0574827417731285
0.0574827417731285
0.0574827417731285
0.0574827454984188
0.0574827454984188
0.0574827454984188
0.0574827454984188
0.0574827454984188
0.0574827454984188
0.0574827454984188
0.0574827454984188
0.0574827454984188
0.0574827454984188
0.0574827454984188
0.0574827454984188
0.0574827454984188
0.0574827454984188
0.0574827454984188
0.0574827454984188
0.0574827454984188
0.0574827454984188
0.0574827454984188
0.0574827454984188
0.0574827454984188
0.0574827454984188
0.0574827454984188
0.0574827454984188
0.0574827454984188
0.0574827454984188
0.0574827454984188
0.0574827454984188
0.0574827454984188
0.0574827454984188
0.0574827454984188
0.0574827454984188
0.0574827454984188
0.0574827454984188
0.0574827454984188
0.0574827454984188
0.0574827454984188
0.0574827454984188
0.0574827454984188
0.0574827454984188
0.0574827454984188
0.0574827454984188
0.0574827454984188
0.0574827454984188
0.0574827454984188
0.0574827454984188
0.0574827454984188
0.0574827454984188
0.0574827454984188
0.0574827454984188
0.0574827454984188
0.0574827454984188
0.0574827454984188
0.0574827454984188
0.0574827454984188
0.0574827454984188
0.0574827454984188
0.0574827454984188
0.0574827454984188
0.0574827454984188
0.0574827454984188
0.0574827454984188
0.0574827454984188
0.0574827454984188
0.0574827454984188
0.0574827454984188
0.0574827454984188
0.0574827454984188
0.0574827454984188
0.0574827454984188
0.0574827454984188
0.0574827454984188
0.0574827454984188
0.0574827454984188
0.0574827454984188
0.0574827454984188
0.0574827454984188
0.0574827454984188
0.0574827454984188
0.0574827454984188
0.0574827454984188
0.0574827454984188
0.0574827454984188
0.0574827454984188
0.0574827454984188
0.0574827454984188
0.0574827454984188
0.0574827454984188
0.0574827454984188
0.0574827454984188
0.0574827454984188
0.0574827454984188
0.0574827454984188
0.0574827454984188
0.0574827454984188
0.0574827454984188
0.0574827454984188
0.0574827454984188
0.0574827454984188
0.0574827454984188
0.0574827454984188
0.0574827454984188
0.0574827454984188
0.0574827454984188
0.0574827454984188
0.0574827454984188
0.0574827492237091
0.0574827492237091
0.0574827492237091
0.0574827492237091
0.0574827492237091
0.0574827492237091
0.0574827492237091
0.0574827492237091
0.0574827492237091
0.0574827492237091
0.0574827492237091
0.0574827492237091
0.0574827492237091
0.0574827492237091
0.0574827492237091
0.0574827492237091
0.0574827492237091
0.0574827492237091
0.0574827492237091
0.0574827492237091
0.0574827492237091
0.0574827492237091
0.0574827492237091
0.0574827492237091
0.0574827492237091
0.0574827492237091
0.0574827492237091
0.0574827492237091
0.0574827492237091
0.0574827492237091
0.0574827492237091
0.0574827492237091
0.0574827492237091
0.0574827492237091
0.0574827492237091
0.0574827492237091
0.0574827492237091
0.0574827492237091
0.0574827492237091
0.0574827492237091
0.0574827492237091
0.0574827492237091
0.0574827492237091
0.0574827492237091
0.0574827492237091
0.0574827492237091
0.0574827492237091
0.0574827492237091
0.0574827492237091
0.0574827492237091
0.0574827492237091
0.0574827492237091
0.0574827492237091
0.0574827492237091
0.0574827492237091
0.0574827492237091
0.0574827492237091
0.0574827492237091
0.0574827492237091
0.0574827492237091
0.0574827492237091
0.0574827492237091
0.0574827492237091
0.0574827492237091
0.0574827492237091
0.0574827492237091
0.0574827492237091
0.0574827492237091
0.0574827492237091
0.0574827492237091
0.0574827492237091
0.0574827492237091
0.0574827492237091
0.0574827492237091
0.0574827492237091
0.0574827492237091
0.0574827492237091
0.0574827492237091
0.0574827492237091
0.0574827492237091
0.0574827492237091
0.0574827492237091
0.0574827492237091
0.0574827492237091
0.0574827492237091
0.0574827492237091
0.0574827492237091
0.0574827492237091
0.0574827492237091
0.0574827492237091
0.0574827492237091
0.0574827492237091
0.0574827492237091
0.0574827492237091
0.0574827492237091
0.0574827492237091
0.0574827492237091
0.0574827492237091
0.0574827492237091
0.0574827492237091
0.0574827492237091
0.0574827492237091
0.0574827492237091
0.0574827492237091
0.0574827492237091
0.0574827529489994
0.0574827529489994
0.0574827529489994
0.0574827529489994
0.0574827529489994
0.0574827529489994
0.0574827529489994
0.0574827529489994
0.0574827529489994
0.0574827529489994
0.0574827529489994
0.0574827529489994
0.0574827529489994
0.0574827529489994
0.0574827529489994
0.0574827529489994
0.0574827529489994
0.0574827529489994
0.0574827529489994
0.0574827529489994
0.0574827529489994
0.0574827529489994
0.0574827529489994
0.0574827529489994
0.0574827529489994
0.0574827529489994
0.0574827529489994
