0.0
0.0
1.61505298024167e-07
2.83321639926726e-07
3.91832060131492e-07
5.37222717866825e-07
5.52532128494931e-07
5.52532128494931e-07
5.52532128494931e-07
5.52532128494931e-07
5.52532128494931e-07
5.52532128494931e-07
5.52532128494931e-07
5.52532128494931e-07
5.52532128494931e-07
5.52532128494931e-07
5.52532128494931e-07
5.52532128494931e-07
5.52532128494931e-07
5.52532128494931e-07
5.52532128494931e-07
5.52532128494931e-07
5.52532128494931e-07
5.52532128494931e-07
5.52532128494931e-07
5.52532128494931e-07
5.52532128494931e-07
5.52532128494931e-07
5.52532128494931e-07
5.52532128494931e-07
5.52532128494931e-07
5.52532128494931e-07
5.52532128494931e-07
5.52532128494931e-07
5.52532128494931e-07
5.52532128494931e-07
5.52532128494931e-07
5.52532128494931e-07
5.52532128494931e-07
5.52532128494931e-07
5.52532128494931e-07
5.52532128494931e-07
5.52532128494931e-07
5.52532128494931e-07
5.52532128494931e-07
5.52532128494931e-07
5.52532128494931e-07
5.52532128494931e-07
5.52532128494931e-07
5.52532128494931e-07
5.52532128494931e-07
5.52532128494931e-07
5.52532128494931e-07
5.52532128494931e-07
5.52532128494931e-07
5.52532128494931e-07
5.52532128494931e-07
5.52532128494931e-07
5.52532128494931e-07
5.52532128494931e-07
5.52532128494931e-07
5.52532128494931e-07
5.52532128494931e-07
5.52532128494931e-07
5.52532128494931e-07
5.52532128494931e-07
5.52532128494931e-07
5.52532128494931e-07
5.52532128494931e-07
5.52653034446848e-07
