-0.0
2.85958402402391e-16
2.28332774909745e-09
1.58825059770606e-08
8.23458776721964e-08
-1.65889139225328e-06
-2.24183258978883e-06
-3.14094086206751e-06
-3.69094141206006e-06
-4.3478967199917e-06
-5.27833526575705e-06
-4.48107539341436e-06
-6.94084110364201e-06
-9.09110349311959e-06
-1.12194056782755e-05
-1.31545402837219e-05
-1.54823101183865e-05
-1.59981464094017e-05
-1.6077214240795e-05
-1.60826239152811e-05
-1.60477120516589e-05
-1.50071055031731e-05
-1.49935494846432e-05
-1.49866036736057e-05
-1.49786446854705e-05
-1.49704756040592e-05
-1.49674606291228e-05
-1.49674988279003e-05
-1.49674096974195e-05
-1.49673769556102e-05
-1.4967371498642e-05
-1.4967371498642e-05
-1.49673269334016e-05
-1.49673269334016e-05
-1.49673269334016e-05
-1.49673278428963e-05
-1.49673269334016e-05
-1.49673132909811e-05
-1.4967319657444e-05
-1.49673142004758e-05
-1.49673323903698e-05
-1.49673296618857e-05
-1.49673296618857e-05
