0.0
1.05623139762487e-31
2.27548616749118e-06
7.4515401138342e-06
1.26536197058158e-05
2.84686884697294e-05
4.78428664791863e-05
8.00336201791652e-05
0.000115190945507493
0.000161811913130805
0.00021952620591037
0.000269205658696592
0.000312041025608778
0.000388160930015147
0.000489481026306748
0.000565757276490331
0.000659754558000714
0.000683579943142831
0.00071886129444465
0.000782239250838757
0.000873589189723134
0.000968244974501431
0.00105709466151893
0.00116133166011423
0.00124406919348985
0.0013148031430319
0.00137938198167831
0.00147211260627955
0.00152592128142715
0.00157375505659729
0.00161558936815709
0.00165141082834452
0.00168151152320206
0.0017058247467503
0.00172430695965886
0.00173700775485486
0.00174370175227523
0.00174457766115665
0.00173975282814354
0.00172919337637722
0.00171291118022054
0.00169085012748837
0.00166303548030555
0.00162943522445858
0.00162885850295424
0.00162799889221787
0.00162670388817787
0.0016247482271865
0.00162178417667747
0.00161726924125105
0.00161034369375557
0.00160769920330495
0.00160368368960917
0.00159755232743919
0.00159521901514381
0.00159168557729572
0.00158630579244345
0.00158426398411393
0.00158117664977908
0.00158001063391566
0.00157825334463269
0.00157559930812567
0.00157158030197024
0.00156546907965094
0.00156315101776272
0.00155964842997491
0.00155832595191896
0.00155633350368589
0.0015555830905214
0.00155530124902725
0.00155487819574773
0.00155424256809056
0.00155328668188304
0.00155184778850526
0.00155130622442812
0.00155049236491323
0.00155018665827811
0.00154972774907947
0.00154903787188232
0.0015480003785342
0.00154643866699189
0.0015440839342773
0.00154052465222776
0.00153512950055301
0.00152690708637238
0.00152378319762647
0.00151905743405223
0.00151188822928816
0.00150094868149608
0.00149678986053914
0.00149048864841461
0.00148088345304132
0.00147723453119397
0.00147171481512487
0.00147119362372905
0.00147099781315774
0.00147070398088545
0.00147026288323104
0.00146959919948131
0.0014686023350805
0.00146710418630391
0.00146654120180756
0.0014656949788332
0.0014644234906882
0.00146250671241432
0.00145961611997336
0.00145524740219116
0.00145359977614135
0.00145112024620175
0.0014473779592663
0.00144596770405769
0.00144384428858757
0.00144064333289862
0.00143580650910735
0.00142847280949354
0.00141730578616261
0.00141306989826262
0.00140666635707021
0.00139696116093546
0.00138215709012002
0.00137652573175728
0.00136799772735685
0.00136477232445031
0.0013599059311673
0.00135254266206175
0.00134136190172285
0.00134030578192323
0.00133990903850645
0.00133931415621191
0.00133842101786286
0.00133808585815132
0.0013375828275457
0.00133682775776833
0.00133569375611842
0.00133526814170182
0.00133462913800031
0.00133366987574846
0.00133222877047956
0.00133168767206371
0.00133148464374244
0.00133117998484522
0.00133072293829173
0.0013300369028002
0.00132900662720203
0.00132862001191825
0.00132803956512362
0.00132716831285506
0.00132585957180709
0.00132389250211418
0.00132315361406654
0.00132204429246485
0.00132037745788693
0.00131787091959268
0.00131409743335098
0.00130840705242008
0.00129980430938303
0.00128673785366118
0.0012817915994674
0.00128132663667202
0.00128062907606363
0.00127958203665912
0.00127800973132253
0.00127741962205619
0.00127653381787241
0.00127520319074392
0.0012732035247609
0.00127019733190536
0.00126566865947098
0.00126396561972797
0.0012633262667805
0.00126236549112946
0.00126092252321541
0.0012587538221851
0.00125548976939172
0.00125057168770581
0.00124314881395549
0.00123190844897181
0.00121478305663913
0.00120828289072961
0.00119845301378518
0.00118352135177702
0.00117786903865635
0.0011693382402882
0.00115642114542425
0.00113677070476115
0.00110669923014939
0.0010952427983284
0.00107823417056352
0.00107783440034837
0.00107723486144096
0.0010763353202492
0.00107498455327004
0.00107447768095881
0.00107371725607663
0.0010725756874308
0.00107214727904648
0.00107150443363935
0.00107053969986737
0.0010690912604332
0.00106854760088027
0.0010677317623049
0.00106650672387332
0.00106466701254249
0.00106397632043809
0.0010629395255819
0.00106138247065246
0.00105904310476035
0.00105816475115716
0.00105684308800846
0.00105485564563423
0.00105186807923019
0.00104737328365445
0.00104060210287571
0.00103037874214351
0.00101488851942122
0.000991301843896508
0.000982355326414108
0.000978986732661724
0.000977721530944109
0.000977246672846377
0.000976534211076796
0.000975464936345816
0.000973859627265483
0.000971448316704482
0.000967824191320688
0.000962372636422515
0.000954160350374877
0.000941772887017578
0.000923362211324275
0.000895558099728078
0.000852727156598121
0.000852473021950573
0.000852090481203049
0.000851516088005155
0.000850654032547027
0.000850330572575331
0.000849844596814364
0.00084911537123844
0.000848020892590284
0.000846377690322697
0.000843909452669322
0.00084019941277802
0.000834607519209385
0.000834081612993032
0.000833291676826775
0.000832105986773968
0.00083032576367259
0.000829657656140625
0.00082865497097373
0.000827149662654847
0.000824889051727951
0.000824040500447154
0.000822766800411046
0.000820854387711734
0.000817981432192028
0.000813662307336926
0.000807160919066519
0.00079736061161384
0.000782552000600845
0.000760091643314809
0.000751589832361788
0.000738744565751404
0.000733876717276871
0.000726515660062432
0.000725821650121361
0.000724779791198671
0.000723215751349926
0.000720867188647389
0.000717338756658137
0.000712034001480788
0.000704049132764339
0.000692009460180998
0.000673802336677909
0.000672086956910789
0.00067144341301173
0.000671199813950807
0.000670832814648747
0.000670281588099897
0.000669447821564972
0.000668194785248488
0.000666313804686069
0.000665608036797494
0.00066456082277
0.000662995502352715
0.000660645368043333
0.000657146971207112
0.000651919690426439
0.000644050247501582
0.000632177572697401
0.000614198914263397
0.000613775628153235
0.000613146985415369
0.000612204137723893
0.000610787305049598
0.000608685717452317
0.000607908703386784
0.000607617315836251
0.000607179012149572
0.000606521673034877
0.000605548149906099
0.000604087894316763
0.000603539869189262
0.000602717627771199
0.000601482868660241
0.000599626742769033
0.000598930288106203
0.000597884994931519
0.000596315832808614
0.000593959644902498
0.000590419687796384
0.000585097586736083
0.000577086175326258
0.000574073754251003
0.000572942546568811
0.000571238924749196
0.000570599862840027
0.000569640949834138
0.000568201183341444
0.000566033297218382
0.000562777975574136
0.000557885156013072
0.000556047365535051
0.000553281570319086
0.000549108488485217
0.000542830966878682
0.000533380545675755
0.000519126653671265
0.000498168345075101
0.000490477483253926
0.000478928617667407
0.000461621326394379
0.000436191563494503
0.000426939455792308
0.000413000554544851
0.000407757615903392
0.000399872020352632
0.000396915711462498
0.000392486515920609
0.000385838822694495
0.0003758717502933
0.000372143753338605
0.000366573600331321
0.000358239136403427
0.000355100724846125
0.000353922136127949
0.000352153234416619
0.000351489463355392
0.000350493646692485
0.000348997302353382
0.000348436093190685
0.00034759400296025
0.000346330285537988
0.000344433326972649
0.000343721505487338
0.000342653394909576
0.000341050239512697
0.000338643265422434
0.000337739911628887
0.000336384196998551
0.000335876742610708
0.000335114862537012
0.000333973730448633
0.000332260824507102
0.00032968886080198
0.00032582544372417
0.000320017890771851
0.000317836209433153
0.00031701970146969
0.000315792800392956
0.000313950964482501
0.000313259864924476
0.000312224525259808
0.000310670235194266
0.000308336748275906
0.000304832152323797
0.00029956505750306
0.000291641626972705
0.000279704428976402
0.000261681241681799
0.000238140870351344
0.000235361760132946
0.000233525905059651
0.000232925594900735
0.000232700709602796
0.000232362508540973
0.000231854122830555
0.000231662852456793
0.000231375932344235
0.000230945050134324
0.000230783203733154
0.000230540201300755
0.000230448946240358
0.00023041463282425
0.000230400386499241
0.000230381381697953
0.000230352612561546
0.000230309320613742
0.000230244157137349
0.000230146339163184
0.000229999495786615
0.000229777884669602
0.000229694880545139
0.000229663753998466
0.000229652083362453
0.000229647703235969
0.000229641140322201
0.000229640529141761
0.000229640296311118
0.000229639947065152
0.000229639917961322
0.000229639903409407
0.000229639888857491
0.000229639888857491
0.000229639888857491
0.000229639874305576
0.000229639874305576
0.000229639874305576
0.000229639874305576
0.000229639874305576
0.000229639874305576
0.000229639874305576
0.000229639874305576
0.000229639874305576
0.000229639874305576
