0
0.001545230159536
0.0183226075023413
0.031445249915123
0.0395745038986206
0.0489858761429787
0.0592387728393078
0.0686222687363625
0.0769282653927803
0.0786635354161263
0.0809787958860397
0.0810464769601822
0.0802933275699615
0.0798021107912064
0.0792478993535042
0.0790973454713821
0.0792951956391335
0.0780584439635277
0.07614865899086
0.0745009705424309
0.0722904726862907
0.0695362314581871
0.0683399960398674
0.0655290484428406
0.0628239065408707
0.0600314028561115
0.0574167743325233
0.0545352250337601
0.0519436299800873
0.0494147725403309
0.04684928804636
0.0443064905703068
0.0417934656143188
0.0393240712583065
0.0368945635855198
0.0345027931034565
0.0321249514818192
0.0297925230115652
0.0275063402950764
0.0252646151930094
0.0230692103505135
0.0209267921745777
0.018794309347868
0.0169354863464832
0.0148703306913376
0.0128587940707803
0.0109021766111255
0.00908850505948067
0.00725937448441982
0.00542872631922364
0.00363293592818081
0.00191878236364573
0.000109971551864874
2.06839649763424e-05
1.54485260281945e-05
1.4056879990676e-05
1.13816167868208e-05
1.03619468063698e-05
8.68130609887885e-06
8.0684631029726e-06
7.04175454302458e-06
6.66233336232835e-06
6.03262606091448e-06
4.37217295257142e-06
3.40945098287193e-06
3.10006385007e-06
2.68412782133964e-06
2.54267752097803e-06
2.34354615713528e-06
2.26087900045968e-06
2.13900261769595e-06
1.96424002751883e-06
1.7194587371705e-06
1.38525808779377e-06
1.26840222947067e-06
1.10851476620155e-06
1.10851476620155e-06
