-0.0
2.12833128898637e-09
-2.54512997344136e-08
1.36497988023621e-07
-1.87792375072604e-06
4.27031318395166e-06
1.86181205208413e-05
7.73914507590234e-07
-2.85416990664089e-06
-1.28778901853366e-06
-1.25855967780808e-06
-1.10868222691352e-06
-1.17499348561978e-06
-1.41316286317306e-06
-1.34945366880856e-06
-1.20439381134929e-06
-1.29125874082092e-06
-7.06463652022649e-07
1.00760098575847e-06
3.267232386861e-06
1.09983711809036e-05
8.18493299448164e-06
8.28747215564363e-06
2.07257653528359e-05
4.41731535829604e-05
4.77051689813379e-05
5.11037615069654e-05
5.07077020301949e-05
4.92623657919466e-05
4.37544731539674e-05
4.2919855332002e-05
4.20683209085837e-05
4.11857763538137e-05
4.02314035454765e-05
3.91744433727581e-05
3.79926859750412e-05
3.67351494787727e-05
3.52465795003809e-05
3.34856958943419e-05
3.1447929359274e-05
2.90885000140406e-05
2.62871471932158e-05
2.29437864618376e-05
2.19741286855424e-05
2.08925121114589e-05
1.87036857823841e-05
1.49467559822369e-05
8.1916841736529e-06
1.26359191199299e-06
-4.89193189423531e-06
-1.11676563392393e-05
-1.13098312795046e-05
-1.03650627352181e-05
-1.07841578937951e-05
-1.11525987449568e-05
-1.15175080281915e-05
-1.22341525639058e-05
-1.33753537738812e-05
-1.46584670801531e-05
-1.63764234457631e-05
-1.81504183274228e-05
-2.16872613236774e-05
-2.17025153688155e-05
-2.29437846428482e-05
-3.47052846336737e-05
-6.57521086395718e-05
-0.000101690617157146
-0.000111563720565755
-0.000122327415738255
-0.000124939193483442
-0.000125723396195099
-0.000126414131955244
-0.000126700149849057
-0.000126544735394418
-0.000123584453831427
-0.000117533250886481
-0.00011116639507236
-0.000104449660284445
-9.73596106632613e-05
-8.94202021299861e-05
-8.04169176262803e-05
-6.94650079822168e-05
-5.95754245296121e-05
-3.84719751309603e-05
-2.19157809624448e-05
-1.02148114820011e-05
-4.38997449236922e-06
-2.77201252174564e-07
3.35335425916128e-06
6.80316952639259e-06
9.97008282865863e-06
1.48478466144297e-05
2.07404591492377e-05
2.83291774394456e-05
4.00565295421984e-05
5.86382302572019e-05
5.53395511815324e-05
4.70361446787138e-05
6.92499161232263e-05
9.13287658477202e-05
9.72099369391799e-05
0.000102417805464938
0.000106648949440569
0.000113306748971809
0.00011727208038792
0.000124984711874276
0.000126175887999125
0.000126364611787722
0.000126670725876465
0.000126934697618708
0.000127522420370951
0.000128015264635906
0.000128557672724128
0.000128542989841662
0.000128542989841662
0.000128542757011019
0.000128542611491866
0.000128541912999935
0.00012854189844802
0.000128541723825037
0.000128541345475242
0.000128541141748428
0.000128541039885022
0.000128540705190971
0.000128540385048836
0.000128540123114362
0.000128540006699041
0.000128539410070516
0.000128539482830092
0.000128539322759025
0.000128538813441992
0.000128538449644111
0.000128538158605807
0.0001285380567424
0.000128537532873452
0.000128537561977282
0.000128537387354299
0.000128536921693012
0.000128536819829606
0.000128536747070029
0.000128536426927894
0.000128535961266607
0.000128535815747455
0.000128535597468726
0.000128535204567015
0.000128535146359354
0.000128534898976795
0.000128534564282745
0.000128534127725288
0.000128533953102306
0.000128533778479323
0.000128533400129527
0.00012853326916229
0.000128533123643138
0.000128532643429935
0.000128532090457156
0.000128532134112902
0.000128531813970767
0.000128531391965225
0.000128531260997988
0.00012853107182309
0.00012853073712904
0.000128530620713718
0.000128530344227329
0.000128530155052431
0.00012852976215072
0.000128529602079652
0.000128529383800924
0.000128528947243467
0.000128528830828145
0.000128528597997501
0.000128528365166858
0.000128527972265147
0.000128527695778757
0.000128527506603859
0.000128527040942572
0.000128526982734911
0.000128526735352352
0.000128526386106387
0.000128526342450641
0.000128526022308506
0.000128525818581693
0.000128525454783812
0.000128525352920406
0.000128525047330186
0.00012852466898039
0.000128524639876559
0.000128524494357407
0.000128524261526763
0.000128523795865476
0.000128523592138663
0.000128523519379087
0.000128522893646732
0.000128522849990986
0.000128522486193106
0.000128522326122038
0.000128521816805005
0.000128521656733938
0.000128521423903294
0.000128520870930515
0.00012852088548243
0.000128520739963278
0.000128520056023262
0.000128520143334754
0.000128519925056025
0.000128519663121551
0.000128519415738992
0.000128519095596857
0.00012851896462962
0.00012851832434535
0.000128518382553011
0.000128518106066622
0.000128517975099385
0.000128517509438097
0.000128517334815115
0.000128517101984471
0.000128516592667438
0.000128516578115523
0.000128516214317642
0.000128516083350405
0.000128515501273796
0.000128515355754644
0.000128515137475915
0.000128514715470374
0.000128514613606967
0.000128514206153341
0.000128514031530358
0.00012851384235546
0.000128513696836308
0.000128513274830766
0.000128512911032885
0.000128512838273309
0.00012851259089075
0.000128512023366056
0.000128512067021802
0.00012851192150265
0.000128511659568176
0.000128511252114549
0.00012851097562816
0.000128510873764753
0.000128510218928568
0.00012851002975367
0.000128509811474942
0.000128509549540468
0.000128509549540468
0.000128509447677061
0.000128509127534926
0.000128508516354486
0.000128508458146825
0.000128508225316182
0.000128507817862555
0.000128507832414471
0.000128507585031912
0.000128507221234031
0.000128506770124659
0.000128506770124659
0.000128506406326778
0.000128505940665491
0.000128505969769321
0.000128505809698254
0.000128505387692712
0.000128505023894832
0.000128504820168018
0.000128504529129714
0.000128503888845444
0.000128503525047563
0.000128503059386276
0.000128502724692225
0.000128502477309667
0.000128502171719447
0.000128501749713905
0.000128501633298583
0.000128501415019855
0.000128501153085381
0.000128500949358568
0.000128500774735585
0.000128500469145365
0.00012850017810706
0.000128499988932163
0.000128499828861095
0.000128499348647892
0.000128499275888316
0.000128499130369164
0.000128498926642351
0.000128498359117657
0.000128498242702335
0.000128497908008285
0.000128497486002743
0.000128497471450828
0.000128497369587421
0.000128496918478049
0.000128496438264847
0.00012849630729761
0.000128496409161016
0.000128496176330373
0.000128496059915051
0.000128495928947814
0.000128495375975035
0.000128495434182696
0.000128495274111629
0.000128494924865663
0.000128494444652461
0.000128494371892884
0.000128494095406495
0.000128493818920106
0.000128493644297123
0.000128493455122225
0.000128493295051157
0.00012849280028604
0.000128492683870718
0.000128492451040074
0.000128491985378787
0.000128491825307719
0.000128491621580906
0.000128491315990686
0.00012849090853706
0.000128490108181722
0.000128489977214485
0.000128489758935757
0.000128489482449368
0.000128489074995741
0.000128488900372759
0.000128488783957437
0.000128488318296149
0.000128488332848065
0.00012848804180976
0.000128487838082947
0.00012848743062932
0.000128486659377813
0.000128486222820356
0.000128485655295663
0.000128485160530545
0.000128484680317342
0.00012848420010414
0.000128483734442852
0.000128483225125819
0.000128482861327939
0.00012848227925133
0.000128481755382381
0.000128481347928755
0.000128480838611722
0.000128480372950435
0.000128479921841063
0.000128479499835521
0.000128478975966573
0.000128478452097625
0.000128477957332507
0.000128477491671219
0.000128477011458017
0.000128476560348645
0.000128476007375866
0.000128475672681816
0.000128475221572444
0.000128474668599665
0.000128474217490293
0.000128473533550277
0.000128473213408142
0.00012847273319494
0.000128472325741313
0.000128471743664704
0.000128471321659163
0.000128470914205536
0.000128470332128927
0.000128469939227216
0.000128469400806352
0.000128468964248896
0.000128468382172287
0.000128467960166745
0.000128467552713118
0.000128467014292255
0.000128466577734798
0.000128466068417765
0.000128465704619884
0.000128465020679869
0.000128464700537734
0.000128464205772616
0.000128463667351753
0.000128463274450041
0.000128462765133008
0.00012846224126406
0.000128461761050858
0.000128461309941486
0.000128460786072537
0.00012846032041125
0.000128459883853793
0.000128459418192506
0.000128458967083134
0.000128458385006525
0.000128458006656729
0.000128457555547357
0.000128456973470747
0.000128456580569036
0.000128456129459664
0.000128455591038801
0.000128455139929429
0.000128454674268141
0.000128454223158769
0.00012845361197833
0.000128453160868958
0.000128452724311501
0.000128452229546383
0.000128451778437011
0.000128451254568063
0.000128450818010606
0.000128450381453149
0.000128449843032286
0.000128449435578659
0.00012844888260588
0.000128448300529271
0.000128448067698628
0.000128447514725849
0.00012844696175307
0.000128446510643698
0.000128446015878581
0.000128445521113463
0.00012844504090026
0.000128444604342803
0.000128444167785347
0.000128443629364483
0.000128443149151281
0.000128442668938078
0.000128442319692113
0.000128441795823164
0.000128441315609962
0.000128440820844844
0.000128440340631641
0.000128439904074185
0.000128439351101406
0.000128438841784373
0.000128438376123086
0.000128437881357968
0.000128437401144765
0.000128436964587308
0.00012843644071836
0.000128435989608988
0.000128435538499616
0.000128435189253651
0.000128434563521296
0.000128434097860008
0.000128433690406382
0.000128433137433603
0.00012843259901274
0.000128432133351453
0.000128431725897826
0.000128431231132708
0.000128430809127167
0.000128430299810134
0.000128429790493101
0.000128429484902881
0.000128428961033933
0.000128428393509239
0.000128427884192206
0.000128427447634749
0.000128426909213886
0.000128426501760259
0.000128426021547057
0.000128425468574278
0.000128425046568736
0.000128424537251703
0.000128424115246162
0.00012842366413679
0.000128423140267842
0.000128422660054639
0.000128422194393352
0.000128421655972488
0.000128421233966947
0.000128420768305659
0.000128420258988626
0.000128419807879254
0.000128419313114136
0.00012841890566051
0.000128418207168579
0.000128417814266868
0.000128417406813242
0.00012841701391153
0.000128416490042582
0.000128415966173634
0.00012841542775277
0.000128414991195314
0.000128414510982111
0.000128414016216993
0.000128413608763367
0.000128413201309741
0.000128412633785047
0.000128412080812268
0.000128411746118218
0.0001284112513531
0.000128410771139897
0.000128410261822864
0.000128409679746255
0.000128409214084968
0.000128408835735172
0.000128408326418139
0.00012840777344536
0.000128407380543649
0.000128406973090023
0.00012840649287682
0.000128405969007872
0.000128405474242754
0.000128405066789128
0.000128404470160604
