0
0.00814126711338758
0.0238936543464661
0.0342098213732243
0.0401040762662888
0.0503561832010746
0.065481536090374
0.0849955007433891
0.100415907800198
0.115457989275455
0.130792677402496
0.143505543470383
0.154213115572929
0.163654506206512
0.172406136989594
0.180863529443741
0.189156994223595
0.198357060551643
0.198861852288246
0.198969617486
0.19905860722065
0.199146524071693
0.199167743325233
0.199201077222824
0.199248522520065
0.199299708008766
0.199315890669823
0.19932758808136
0.199329152703285
0.19931697845459
0.199255049228668
0.199179619550705
0.199065193533897
0.198930457234383
0.19877864420414
0.198579773306847
0.198318094015121
0.197991907596588
0.197719305753708
0.197427004575729
0.197122976183891
0.196805208921432
0.19648402929306
0.19616062939167
0.195669770240784
0.195486158132553
0.195208713412285
0.194808468222618
0.194405153393745
0.194011956453323
0.193622469902039
0.193049624562263
0.19222754240036
0.191919818520546
0.191497847437859
0.191177174448967
0.190866053104401
0.190559729933739
0.190259233117104
0.189814522862434
0.18917216360569
0.188938140869141
0.188596844673157
0.188083499670029
0.187898308038712
0.187625735998154
0.18722639977932
0.187080189585686
0.186864912509918
0.186551362276077
0.186108201742172
0.185473099350929
0.184563130140305
0.183285117149353
0.182804331183434
0.182435512542725
0.182064905762672
0.181505963206291
0.180674523115158
0.17946457862854
0.177822157740593
0.176816657185555
0.17579510807991
0.174811750650406
0.173808887600899
0.172722637653351
0.171511590480804
0.170096188783646
0.168459072709084
0.16675129532814
0.165078774094582
0.163356050848961
0.161566659808159
0.158784955739975
0.154797583818436
0.14865930378437
0.139290869235992
0.125770181417465
0.104712150990963
0.0778030455112457
0.0513917170464993
0.0220681801438332
0.012534492649138
0.00862846337258816
0.00697087356820703
0.00445575639605522
0.00424602255225182
0.00391985289752483
0.00377472676336765
0.00346004450693727
0.00190188456326723
0.000659026438370347
0.000657633936498314
0.000654821400530636
0.00064913893584162
0.000638067489489913
0.000617245386820287
0.000580774736590683
0.000520405184943229
0.000430583546403795
0.000308776972815394
0.000175260662217624
6.77608622936532e-05
4.03881858801469e-05
1.69268150784774e-05
6.30494650977198e-06
1.11197221031034e-06
2.83358303931891e-07
5.41161710998495e-08
3.29007718846697e-08
2.85538703792554e-09
7.95722598923021e-10
2.28510543820448e-11
-2.65345079242252e-10
-6.98207713867305e-10
-8.63309423948522e-10
-1.10597397906531e-09
-1.47323930832499e-09
-1.61062985171156e-09
-1.81681514277443e-09
-2.12507700325659e-09
-2.2401565047403e-09
-2.41367104081291e-09
-2.67360178440867e-09
-3.06432923480315e-09
-3.20999049563397e-09
-3.43082717790821e-09
-3.76151376713096e-09
-3.88443766041746e-09
-4.07023037496401e-09
-4.34891944678384e-09
-4.45267289705953e-09
-4.61066207435579e-09
-4.84416062818127e-09
-5.19553822186936e-09
-5.32714494738684e-09
-5.52529400010826e-09
-5.8221303333994e-09
-5.93190918607434e-09
-6.10033623615891e-09
-6.34858565717877e-09
-6.72423539072042e-09
-6.86463863530662e-09
-7.07230896068722e-09
-7.3871717631846e-09
5.6843418860808e-14
5.6843418860808e-14
3.12638803734444e-13
6.3948846218409e-13
-3.41060513164848e-13
-5.54223333892878e-13
-8.95283847057726e-13
-2.55795384873636e-13
-2.41584530158434e-13
1.56319401867222e-13
-9.66338120633736e-13
-5.25801624462474e-13
-3.69482222595252e-13
-1.4210854715202e-14
6.11066752753686e-13
1.27897692436818e-13
9.9475983006414e-14
3.12638803734444e-13
-7.105427357601e-14
1.84741111297626e-13
1.84741111297626e-13
