0.0
1.83721944324589e-08
3.87662964840274e-07
1.3130863862898e-06
2.28096473620099e-06
2.3618854356755e-06
2.50067705565016e-06
2.7296450753056e-06
2.744448465819e-06
2.92859567707637e-06
4.63206151835038e-06
7.34540162738995e-06
1.18616526378901e-05
2.13303083000937e-05
3.168901821482e-05
3.40787082677707e-05
3.64760890079197e-05
3.99963355448563e-05
4.32913111581001e-05
4.61334566352889e-05
4.97149885632098e-05
5.4079428082332e-05
5.91276948398445e-05
6.56188058201224e-05
7.26045545889065e-05
8.02621652837843e-05
9.15387136046775e-05
9.80987606453709e-05
9.89066465990618e-05
9.95031223283149e-05
9.99462063191459e-05
0.000100387274869718
0.000100730117992498
0.000100730358099099
0.000100730423582718
0.000100730489066336
0.000100730554549955
0.000100730576377828
0.000100730590929743
0.000100730612757616
0.000100730620033573
0.000100730634585489
0.000100730656413361
0.000100730663689319
0.000100730678241234
0.000100730678241234
0.000100730685517192
0.00010073069279315
0.000100730707345065
0.000100730714621022
0.00010073072189698
0.000100730736448895
0.00010073075100081
0.000100730758276768
0.000100730772828683
0.000100730787380598
0.000100730794656556
0.000100730801932514
0.000100730816484429
0.000100730831036344
0.000100730838312302
0.000100730852864217
0.000100730867416132
0.00010073087469209
0.000100730881968047
0.000100730896519963
0.00010073090379592
0.000100730911071878
0.000100730918347836
0.000100730925623793
0.000100730932899751
0.000100730940175708
0.000100730954727624
0.000100730962003581
0.000100730969279539
0.000100730983831454
0.000100730998383369
0.000100731005659327
0.000100731020211242
0.000100731034763157
0.00010073105659103
0.000100731063866988
0.000100731078418903
0.000100731100246776
0.000100731107522734
0.000100731114798691
0.000100731136626564
0.000100731143902522
0.000100731151178479
0.000100731151178479
0.000100731158454437
0.000100731165730394
0.00010073118028231
0.000100731194834225
0.000100731202110182
0.000100731216662098
0.000100731231214013
0.000100731231214013
0.000100731245765928
0.000100731253041886
0.000100731274869759
0.000100731289421674
0.000100731303973589
0.000100731311249547
0.000100731318525504
0.000100731325801462
0.00010073133307742
0.000100731340353377
0.000100731347629335
0.00010073136218125
0.000100731369457208
0.000100731376733165
0.00010073139128508
0.000100731398561038
0.000100731405836996
0.000100731420388911
0.000100731434940826
0.000100731456768699
0.000100731464044657
0.000100731478596572
0.000100731500424445
0.000100731507700402
0.000100731522252318
0.000100731536804233
0.00010073154408019
0.000100731551356148
0.000100731565908063
0.000100731573184021
0.000100731580459978
0.000100731595011894
0.000100731602287851
0.000100731609563809
0.000100731616839767
0.000100731624115724
0.000100731624115724
0.000100731638667639
0.000100731645943597
0.00010073166777147
0.000100731675047427
0.000100731689599343
0.000100731704151258
0.000100731711427215
0.000100731718703173
0.000100731733255088
0.000100731755082961
0.000100731762358919
0.000100731776910834
0.000100731791462749
0.000100731798738707
0.000100731813290622
0.000100731827842537
0.000100731827842537
0.000100731842394453
0.00010073184967041
0.000100731856946368
0.000100731864222325
0.000100731871498283
0.000100731893326156
0.000100731900602113
0.000100731907878071
0.000100731922429986
0.000100731922429986
0.000100731929705944
0.000100731944257859
0.000100731958809774
0.000100731966085732
0.000100731980637647
0.000100731995189562
0.000100731995189562
0.00010073200246552
0.000100732017017435
0.000100732024293393
0.000100732031569351
0.000100732038845308
0.000100732053397223
0.000100732082501054
0.000100732089777011
0.000100732104328927
0.000100732118880842
0.000100732126156799
0.000100732140708715
0.00010073215526063
0.000100732162536588
0.000100732169812545
0.00010073218436446
0.000100732206192333
0.000100732213468291
0.000100732228020206
0.000100732242572121
0.000100732249848079
0.000100732257124037
0.000100732278951909
0.000100732300779782
0.00010073230805574
0.000100732315331697
0.00010073233715957
0.000100732344435528
0.000100732358987443
0.000100732358987443
0.000100732366263401
0.000100732373539358
0.000100732388091274
0.000100732409919146
0.000100732417195104
0.000100732424471062
0.000100732446298935
0.000100732453574892
0.00010073246085085
0.000100732475402765
0.000100732482678723
0.00010073248995468
0.000100732497230638
0.000100732504506595
0.000100732511782553
0.000100732519058511
0.000100732540886384
0.000100732540886384
0.000100732548162341
0.000100732562714256
0.000100732569990214
0.000100732577266172
0.000100732584542129
0.000100732606370002
0.00010073261364596
0.000100732620921917
0.000100732635473832
0.000100732657301705
0.000100732664577663
0.000100732671853621
0.000100732693681493
0.000100732700957451
0.000100732708233409
0.000100732722785324
0.000100732730061281
0.000100732737337239
0.000100732751889154
0.000100732751889154
0.000100732759165112
0.000100732773717027
0.000100732788268942
0.000100732810096815
0.000100732817372773
0.000100732831924688
0.000100732839200646
0.000100732846476603
0.000100732853752561
0.000100732875580434
0.000100732897408307
0.000100732904684264
0.000100732919236179
0.000100732941064052
0.000100732962891925
0.00010073297744384
0.000100732999271713
0.000100733006547671
0.000100733021099586
0.000100733042927459
0.000100733064755332
0.000100733064755332
0.000100733072031289
0.000100733086583205
0.000100733093859162
0.00010073310113512
0.000100733108411077
0.000100733108411077
0.000100733115687035
0.000100733122962993
0.000100733137514908
0.000100733152066823
0.000100733159342781
0.000100733173894696
0.000100733173894696
0.000100733181170654
0.000100733188446611
0.000100733202998526
0.000100733224826399
0.000100733232102357
0.000100733239378314
0.00010073325393023
0.000100733261206187
0.000100733275758103
0.000100733290310018
0.000100733290310018
0.000100733297585975
0.000100733312137891
0.000100733319413848
0.000100733319413848
0.000100733333965763
0.000100733348517679
0.000100733355793636
0.000100733363069594
0.000100733370345552
0.000100733377621509
0.000100733384897467
0.000100733399449382
0.000100733414001297
0.000100733421277255
0.000100733428553212
0.000100733443105128
0.000100733443105128
0.000100733450381085
0.000100733464933001
0.000100733479484916
0.000100733486760873
0.000100733494036831
0.000100733508588746
0.000100733530416619
0.000100733544968534
0.000100733566796407
0.000100733566796407
0.000100733581348322
0.000100733595900238
0.000100733595900238
0.000100733603176195
0.00010073361772811
0.000100733632280026
0.000100733661383856
0.000100733668659814
0.000100733683211729
0.000100733705039602
0.000100733712315559
0.000100733726867475
0.000100733734143432
0.000100733734143432
0.000100733748695347
0.000100733763247263
0.00010073377052322
0.000100733777799178
0.000100733792351093
0.000100733806903008
0.000100733814178966
0.000100733828730881
0.000100733843282796
0.000100733850558754
0.000100733857834712
0.000100733872386627
0.000100733879662585
0.000100733886938542
0.000100733901490457
0.000100733901490457
0.000100733908766415
0.00010073392331833
0.000100733937870245
0.000100733937870245
0.000100733952422161
0.000100733959698118
0.000100733981525991
0.000100733988801949
0.000100733996077906
0.000100734010629822
0.000100734017905779
0.000100734025181737
0.000100734039733652
0.00010073404700961
0.000100734054285567
0.000100734068837482
0.000100734068837482
0.00010073407611344
0.000100734083389398
0.000100734097941313
0.000100734119769186
0.000100734127045143
0.000100734141597059
0.000100734163424931
0.000100734163424931
0.000100734177976847
0.000100734192528762
0.00010073419980472
0.000100734207080677
0.000100734221632592
0.000100734236184508
0.00010073425801238
0.000100734279840253
0.000100734287116211
0.000100734294392169
0.000100734308944084
0.000100734316220041
0.000100734330771957
0.000100734338047914
0.000100734345323872
0.000100734352599829
0.000100734367151745
0.00010073438170366
0.000100734388979618
0.000100734396255575
0.00010073441080749
0.000100734418083448
0.000100734425359406
0.000100734439911321
0.000100734461739194
0.000100734469015151
0.000100734476291109
0.000100734490843024
0.000100734498118982
0.000100734505394939
0.000100734519946855
0.000100734527222812
0.00010073453449877
0.000100734541774727
0.0001007345636026
0.0001007345636026
0.000100734578154515
0.000100734592706431
0.000100734592706431
0.000100734599982388
0.000100734614534304
0.000100734621810261
0.000100734629086219
0.000100734636362176
0.000100734650914092
0.000100734658190049
0.000100734665466007
0.000100734680017922
0.000100734694569837
0.000100734701845795
0.00010073471639771
0.000100734730949625
0.000100734752777498
0.000100734789157286
0.000100734818261117
0.000100734847364947
0.000100734876468778
0.00010073489829665
0.000100734927400481
0.000100734956504311
0.000100734985608142
0.000100735007436015
0.000100735036539845
0.000100735065643676
0.000100735094747506
0.000100735116575379
0.000100735145679209
0.00010073517478304
0.000100735196610913
0.000100735225714743
0.000100735254818574
0.000100735283922404
0.000100735305750277
0.000100735334854107
0.000100735363957938
0.000100735393061768
0.000100735414889641
0.000100735443993472
0.000100735473097302
0.000100735502201132
0.000100735524029005
0.000100735553132836
0.000100735582236666
0.000100735611340497
0.00010073563316837
0.0001007356622722
0.00010073569137603
0.000100735720479861
0.000100735742307734
0.000100735771411564
0.000100735800515395
0.000100735829619225
0.000100735851447098
0.000100735880550928
0.000100735909654759
0.000100735931482632
0.000100735960586462
0.000100735989690293
0.000100736018794123
0.000100736040621996
0.000100736069725826
0.000100736098829657
0.000100736127933487
0.00010073614976136
0.000100736178865191
0.000100736207969021
0.000100736237072852
0.000100736258900724
0.000100736288004555
0.000100736317108385
0.000100736346212216
0.000100736368040089
0.000100736397143919
0.000100736426247749
0.00010073645535158
0.000100736477179453
0.000100736506283283
0.000100736535387114
0.000100736557214987
0.000100736586318817
0.000100736615422647
0.000100736644526478
0.000100736666354351
0.000100736695458181
0.000100736724562012
0.000100736753665842
0.000100736775493715
0.000100736804597545
0.000100736833701376
0.000100736862805206
0.000100736884633079
0.00010073691373691
0.00010073694284074
0.000100736971944571
0.000100736993772443
0.000100737022876274
