0.0
2.59196838214848e-07
2.58543821018975e-07
2.58537795616576e-07
-4.77692879030656e-07
-5.44787781109335e-07
4.78461970487842e-07
7.02262468621484e-07
1.58009768824741e-07
-1.37529139010439e-06
-4.48517948825611e-06
-8.75292698765406e-06
-1.23631716633099e-05
-1.58553866640432e-05
-1.99705664272187e-05
-2.40360604948364e-05
-3.05783905787393e-05
-3.6407833249541e-05
-4.07593433919828e-05
-4.35348192695528e-05
-4.85273121739738e-05
-5.48638563486747e-05
-5.49335454707034e-05
-5.49872383999173e-05
-5.50350378034636e-05
-5.5079028243199e-05
-5.51213815924712e-05
-5.51849516341463e-05
-5.5278684158111e-05
-5.54125399503391e-05
-5.55851038370747e-05
-5.5752261687303e-05
-5.59140935365576e-05
-5.61548367841169e-05
-5.626495112665e-05
-5.63488429179415e-05
-5.64362744626123e-05
-5.65273621759843e-05
-5.66232884011697e-05
-5.67253373446874e-05
-5.68374562135432e-05
-5.69643380003981e-05
-5.71150121686514e-05
-5.72869830648415e-05
-5.74557270738296e-05
-5.76154416194186e-05
-5.78451399633195e-05
-5.81001113459934e-05
-5.83297369303182e-05
-5.85886482440401e-05
-5.90176132391207e-05
-5.9569014410954e-05
-6.01233878114726e-05
-6.05987952440046e-05
-6.0972055507591e-05
-6.12718140473589e-05
-6.15269455011003e-05
-6.18439371464774e-05
-6.21914296061732e-05
-6.25199099886231e-05
-6.28170309937559e-05
-6.32220762781799e-05
-6.37779521639459e-05
-6.45737090962939e-05
-6.59358483972028e-05
-6.74336770316586e-05
-6.88898580847308e-05
-7.1083391958382e-05
-7.17239454388618e-05
-7.21559190424159e-05
-7.25716454326175e-05
-7.31877516955137e-05
-7.41177645977587e-05
-7.6362382969819e-05
-7.85476440796629e-05
-8.07649848866276e-05
-8.43772359075956e-05
-8.86736161191948e-05
-9.14291013032198e-05
-9.4710172561463e-05
-9.80087934294716e-05
-0.000100953548098914
-0.000103372025478166
-0.000105822480691131
-0.000108363143226597
-0.000112218040158041
-0.00011593855015235
-0.000119335796625819
-0.00012263422831893
-0.000125923223095015
-0.00012925906048622
-0.000134735906613059
-0.000141201380756684
-0.000148836159496568
-0.000157247486640699
-0.000165009856573306
-0.000172204076079652
-0.000182629621122032
-0.000198067282326519
-0.00022618388175033
-0.000268048635916784
-0.000284713984001428
-0.000304770015645772
-0.000312796415528283
-0.00031433001277037
-0.000315832934575155
-0.00031738038524054
-0.000319727376336232
-0.000323338434100151
-0.000329353497363627
-0.000331688614096493
-0.000335319811711088
-0.000341262173606083
-0.000350980670191348
-0.000365656102076173
-0.000371523026842624
-0.000380333338398486
-0.000394988979678601
-0.000409856962505728
-0.000426056998549029
-0.000443043682025746
-0.000460396200651303
-0.000487286364659667
-0.000514783023390919
-0.000545965391211212
-0.000578468956518918
-0.000611107447184622
-0.000662558479234576
-0.000702270597685128
-0.000741839990951121
-0.000781155482400209
-0.000839175190776587
-0.000922870356589556
-0.00104532449040562
-0.00122777244541794
-0.00151512690354139
-0.00196011108346283
-0.00238338392227888
-0.00278792320750654
-0.00318236509338021
-0.00356602948158979
-0.00394467730075121
-0.00432125153020024
-0.00468654790893197
-0.00503790285438299
-0.00537654617801309
-0.0057004657573998
-0.00601306417956948
-0.00631522294133902
-0.00660218810662627
-0.00687196059152484
-0.00712307216599584
-0.00735516846179962
-0.00756839942187071
-0.00776291312649846
-0.0079394644126296
-0.00809827726334333
-0.00823854189366102
-0.00836041290313005
-0.00846499018371105
-0.00855113565921783
-0.00861837714910507
-0.00866749510169029
-0.00869845878332853
-0.00871018972247839
-0.00871115922927856
-0.00871119182556868
-0.00871119182556868
-0.00871119182556868
-0.00871119182556868
-0.00871119182556868
-0.00871119182556868
-0.00871119182556868
-0.00871119182556868
-0.00871119182556868
-0.00871119182556868
-0.00871119182556868
-0.00871119182556868
-0.00871119182556868
-0.00871119182556868
-0.00871119182556868
-0.00871119182556868
-0.00871119182556868
-0.00871119182556868
-0.00871119182556868
-0.00871119182556868
-0.00871119182556868
-0.00871119182556868
-0.00871119182556868
-0.00871119182556868
-0.00871119182556868
-0.00871119182556868
-0.00871119182556868
-0.00871119182556868
-0.00871119182556868
-0.00871119182556868
-0.00871119182556868
-0.00871119182556868
-0.00871119182556868
-0.00871119182556868
-0.00871119182556868
-0.00871119182556868
-0.00871119182556868
-0.00871119182556868
-0.00871119182556868
-0.00871119182556868
-0.00871119182556868
-0.00871119182556868
-0.00871119182556868
-0.00871119182556868
-0.00871119182556868
-0.00871119182556868
-0.00871119182556868
-0.00871119182556868
-0.00871119182556868
-0.00871119182556868
-0.00871119182556868
-0.00871119182556868
-0.00871119182556868
-0.00871119182556868
-0.00871119182556868
-0.00871119182556868
-0.00871119182556868
-0.00871119182556868
-0.00871119182556868
-0.00871119182556868
-0.00871119182556868
-0.00871119182556868
-0.00871119182556868
-0.00871119182556868
-0.00871119182556868
-0.00871119182556868
-0.00871119182556868
-0.00871119182556868
-0.00871119182556868
-0.00871119182556868
-0.00871119182556868
-0.00871119182556868
-0.00871119182556868
-0.00871119182556868
-0.00871119182556868
-0.00871119182556868
-0.00871119182556868
-0.00871119182556868
-0.00871119182556868
-0.00871119182556868
-0.00871119182556868
-0.00871119182556868
-0.00871119182556868
-0.00871119182556868
-0.00871119182556868
-0.00871119182556868
-0.00871119182556868
-0.00871119182556868
-0.00871119182556868
-0.00871119182556868
-0.00871119182556868
-0.00871119182556868
-0.00871119182556868
-0.00871119182556868
-0.00871119182556868
-0.00871119182556868
-0.00871119182556868
-0.00871119182556868
-0.00871119182556868
-0.00871119182556868
-0.00871119182556868
-0.00871119182556868
-0.00871119182556868
-0.00871119182556868
-0.00871119182556868
-0.00871119182556868
-0.00871119182556868
-0.00871119182556868
-0.00871119182556868
-0.00871119182556868
-0.00871119182556868
-0.00871119182556868
-0.00871119182556868
-0.00871119182556868
-0.00871119182556868
-0.00871119182556868
-0.00871119182556868
-0.00871119182556868
-0.00871119182556868
-0.00871119182556868
-0.00871119182556868
-0.00871119182556868
-0.00871119182556868
-0.00871119182556868
-0.00871119182556868
-0.00871119182556868
-0.00871119182556868
-0.00871119182556868
-0.00871119182556868
-0.00871119182556868
-0.00871119182556868
-0.00871119182556868
-0.00871119182556868
-0.00871119182556868
-0.00871119182556868
-0.00871119182556868
-0.00871119182556868
-0.00871119182556868
-0.00871119182556868
-0.00871119182556868
-0.00871119182556868
-0.00871119182556868
-0.00871119182556868
-0.00871119182556868
-0.00871119182556868
-0.00871119182556868
-0.00871119182556868
-0.00871119182556868
-0.00871119182556868
-0.00871119182556868
-0.00871119182556868
-0.00871119182556868
-0.00871119182556868
-0.00871119182556868
-0.00871119182556868
-0.00871119182556868
-0.00871119182556868
-0.00871119182556868
-0.00871119182556868
-0.00871119182556868
-0.00871119182556868
-0.00871119182556868
-0.00871119182556868
-0.00871119182556868
-0.00871119182556868
-0.00871119182556868
-0.00871119182556868
-0.00871119182556868
-0.00871119182556868
-0.00871119182556868
-0.00871119182556868
-0.00871119182556868
-0.00871119182556868
-0.00871119182556868
-0.00871119182556868
-0.00871119182556868
-0.00871119182556868
-0.00871119182556868
-0.00871119182556868
-0.00871119182556868
-0.00871119182556868
-0.00871119182556868
-0.00871119182556868
-0.00871119182556868
-0.00871119182556868
-0.00871119182556868
-0.00871119182556868
-0.00871119182556868
-0.00871119182556868
-0.00871119182556868
-0.00871119182556868
-0.00871119182556868
-0.00871119182556868
-0.00871119182556868
-0.00871119182556868
-0.00871119182556868
-0.00871119182556868
-0.00871119182556868
-0.00871119182556868
-0.00871119182556868
-0.00871119182556868
-0.00871119182556868
-0.00871119182556868
-0.00871119182556868
-0.00871119182556868
-0.00871119182556868
-0.00871119182556868
-0.00871119182556868
-0.00871119182556868
-0.00871119182556868
-0.00871119182556868
-0.00871119182556868
-0.00871119182556868
-0.00871119182556868
-0.00871119182556868
-0.00871119182556868
-0.00871119182556868
-0.00871119182556868
-0.00871119182556868
-0.00871119182556868
-0.00871119182556868
-0.00871119182556868
-0.00871119182556868
-0.00871119182556868
-0.00871119182556868
-0.00871119182556868
-0.00871119182556868
-0.00871119182556868
-0.00871119182556868
-0.00871119182556868
-0.00871119182556868
-0.00871119182556868
-0.00871119182556868
-0.00871119182556868
-0.00871119182556868
-0.00871119182556868
-0.00871119182556868
-0.00871119182556868
-0.00871119182556868
-0.00871119182556868
-0.00871119182556868
-0.00871119182556868
-0.00871119182556868
-0.00871119182556868
-0.00871119182556868
-0.00871119182556868
-0.00871119182556868
-0.00871119182556868
-0.00871119182556868
-0.00871119182556868
-0.00871119182556868
-0.00871119182556868
-0.00871119182556868
-0.00871119182556868
-0.00871119182556868
-0.00871119182556868
-0.00871119182556868
-0.00871119182556868
-0.00871119182556868
-0.00871119182556868
-0.00871119182556868
-0.00871119182556868
-0.00871119182556868
-0.00871119182556868
-0.00871119182556868
-0.00871119182556868
-0.00871119182556868
-0.00871119182556868
-0.00871119182556868
-0.00871119182556868
-0.00871119182556868
-0.00871119182556868
-0.00871119182556868
-0.00871119182556868
-0.00871119182556868
-0.00871119182556868
-0.00871119182556868
-0.00871119182556868
-0.00871119182556868
-0.00871119182556868
-0.00871119182556868
-0.00871119182556868
-0.00871119182556868
-0.00871119182556868
-0.00871119182556868
-0.00871119182556868
-0.00871119182556868
-0.00871119182556868
-0.00871119182556868
-0.00871119182556868
-0.00871119182556868
-0.00871119182556868
-0.00871119182556868
-0.00871119182556868
-0.00871119182556868
-0.00871119182556868
-0.00871119182556868
-0.00871119182556868
-0.00871119182556868
-0.00871119182556868
-0.00871119182556868
-0.00871119182556868
-0.00871119182556868
-0.00871119182556868
-0.00871119182556868
-0.00871119182556868
-0.00871119182556868
-0.00871119182556868
-0.00871119182556868
-0.00871119182556868
-0.00871119182556868
-0.00871119182556868
-0.00871119182556868
-0.00871119182556868
-0.00871119182556868
-0.00871119182556868
-0.00871119182556868
-0.00871119182556868
-0.00871119182556868
-0.00871119182556868
-0.00871119182556868
-0.00871119182556868
-0.00871119182556868
-0.00871119182556868
-0.00871119182556868
-0.00871119182556868
-0.00871119182556868
-0.00871119182556868
-0.00871119182556868
-0.00871119182556868
-0.00871119182556868
-0.00871119182556868
-0.00871119182556868
-0.00871119182556868
-0.00871119182556868
