0.0
2.26867788444274e-10
2.26890006782554e-10
2.26898125288422e-10
2.26898735911085e-10
2.26898805300024e-10
2.26898819177812e-10
2.26898819177812e-10
2.268988330556e-10
2.268988330556e-10
2.268988330556e-10
2.268988330556e-10
2.268988330556e-10
2.268988330556e-10
2.268988330556e-10
2.268988330556e-10
2.268988330556e-10
2.268988330556e-10
2.268988330556e-10
2.268988330556e-10
2.268988330556e-10
2.268988330556e-10
2.268988330556e-10
2.268988330556e-10
2.268988330556e-10
2.268988330556e-10
2.268988330556e-10
2.268988330556e-10
2.268988330556e-10
2.268988330556e-10
2.268988330556e-10
2.268988330556e-10
2.268988330556e-10
2.268988330556e-10
2.268988330556e-10
2.268988330556e-10
2.268988330556e-10
2.268988330556e-10
2.268988330556e-10
2.268988330556e-10
2.268988330556e-10
2.268988330556e-10
2.268988330556e-10
2.268988330556e-10
2.268988330556e-10
2.268988330556e-10
2.268988330556e-10
2.268988330556e-10
2.268988330556e-10
2.268988330556e-10
2.268988330556e-10
2.268988330556e-10
2.268988330556e-10
2.268988330556e-10
2.268988330556e-10
2.268988330556e-10
2.268988330556e-10
2.268988330556e-10
2.268988330556e-10
2.268988330556e-10
2.268988330556e-10
2.268988330556e-10
2.268988330556e-10
2.268988330556e-10
2.268988330556e-10
2.268988330556e-10
2.268988330556e-10
2.268988330556e-10
2.268988330556e-10
2.268988330556e-10
2.268988330556e-10
2.268988330556e-10
2.268988330556e-10
2.268988330556e-10
2.268988330556e-10
2.268988330556e-10
2.268988330556e-10
2.268988330556e-10
2.268988330556e-10
2.268988330556e-10
2.268988330556e-10
2.268988330556e-10
2.268988330556e-10
2.268988330556e-10
2.268988330556e-10
2.268988330556e-10
2.268988330556e-10
2.268988330556e-10
2.268988330556e-10
2.268988330556e-10
2.268988330556e-10
2.268988330556e-10
2.268988330556e-10
2.268988330556e-10
2.268988330556e-10
2.268988330556e-10
2.268988330556e-10
2.268988330556e-10
2.268988330556e-10
2.268988330556e-10
2.268988330556e-10
