0.0
0.00120000005699694
0.00240000011399388
0.00359999993816018
0.00480000022798777
0.00600000005215406
0.00719999987632036
0.00839999970048666
0.00960000045597553
0.0108000002801418
0.0120000001043081
0.0131999999284744
0.0143999997526407
0.015599999576807
0.0156046878546476
0.0156082026660442
0.0156117184087634
0.0156152341514826
0.0156187498942018
0.0156222656369209
0.0156257804483175
0.0156292971223593
0.0156328119337559
0.0156363286077976
0.0156416017562151
0.0156495124101639
0.0156574212014675
0.0156633537262678
0.0156678035855293
0.0156722534447908
0.0156755913048983
0.0156789273023605
0.015682265162468
0.0156856011599302
0.0156906079500914
0.0156981162726879
0.0157056245952845
0.015713132917881
0.0157206412404776
0.0157281495630741
0.0157356578856707
0.0157469213008881
0.0157638154923916
0.0157891567796469
0.0158271677792072
0.0158841852098703
0.0159412026405334
0.0159982200711966
0.0160837452858686
0.0162120349705219
0.0163403246551752
0.0164686143398285
0.0165969021618366
0.0167893376201391
0.0169817712157965
0.0171742048114538
0.0173666384071112
0.0175590720027685
0.0176071804016829
0.0176192075014114
0.01763123460114
0.0176432617008686
0.0176552888005972
0.017658295109868
0.0176613032817841
0.0176643095910549
0.0176673159003258
0.0176695715636015
0.0176718272268772
0.0176740810275078
0.0176763366907835
0.0176785923540592
0.0176808461546898
0.0176842287182808
0.0176876112818718
0.0176909938454628
0.0176943764090538
0.01769776083529
0.017701143398881
0.0177062172442675
0.0177138280123472
0.0177252441644669
0.0177423674613237
0.0177680552005768
0.0178065858781338
0.0178643800318241
0.0179221760481596
0.0179799720644951
0.0180666651576757
0.0181967038661242
0.0183917637914419
0.0186843518167734
0.018794072791934
0.0189037937670946
0.0190135147422552
0.0191780962049961
0.0194249674677849
0.0197952762246132
0.0203507374972105
0.021183930337429
0.0223839301615953
0.0235839299857616
0.0247839298099279
0.0259839296340942
0.0271839294582605
0.0283839292824268
0.0295839291065931
0.0307839289307594
0.0319839306175709
0.033183928579092
0.0343839302659035
0.0355839282274246
0.0367839299142361
0.0379839316010475
0.0391839295625687
0.0403839312493801
0.0415839292109013
0.0427839308977127
0.0439839288592339
0.0451839305460453
0.0463839285075665
0.0475839301943779
0.048783928155899
0.0499839298427105
0.0511839315295219
0.0523839294910431
0.0535839311778545
0.0547839291393757
0.0559839308261871
0.0571839287877083
0.0583839304745197
0.0595839284360409
0.0607839301228523
0.0619839280843735
0.0631839334964752
0.0643839314579964
0.0655839294195175
0.0667839273810387
0.0679839327931404
0.0691839307546616
0.0703839287161827
0.0715839266777039
0.0727839320898056
0.0739839300513268
0.0751839280128479
0.0763839334249496
0.0775839313864708
0.0787839293479919
0.0799839273095131
0.0811839327216148
0.082383930683136
0.0835839286446571
0.0847839266061783
0.08598393201828
0.0871839299798012
0.0883839279413223
0.0895839333534241
0.0907839313149452
0.0919839292764664
0.0931839272379875
0.0943839326500893
0.0955839306116104
0.0967839285731316
0.0979839265346527
0.0991839319467545
0.100383929908276
0.101583927869797
0.102783933281898
0.10398393124342
0.105183929204941
0.106383927166462
0.107583932578564
0.108783930540085
0.109983928501606
0.111183926463127
0.112383931875229
0.11358392983675
0.114783927798271
0.115983933210373
0.117183931171894
0.118383929133415
0.119583927094936
0.119999997317791
