0.0
8.95510794407528e-08
2.31650659543448e-07
9.1169812321823e-07
2.92905610876915e-06
5.75812009628862e-06
9.23850984690944e-06
1.32191435113782e-05
1.82795720320428e-05
2.4428401957266e-05
3.10026262013707e-05
3.53564573742915e-05
3.91744943044614e-05
4.26648657594342e-05
4.66234705527313e-05
5.16188592882827e-05
5.6744902394712e-05
6.20214632363059e-05
6.81864257785492e-05
7.65785953262821e-05
8.42056542751379e-05
9.66638108366169e-05
0.000113287860585842
0.000131498120026663
0.000154913839651272
0.000178288712049834
0.000200142050744034
0.000221703216084279
0.00022308032203
0.000224475195864215
0.000225860509090126
0.000227923534112051
0.000230958015890792
0.000235627987422049
0.000240388646489009
0.000245664385147393
0.000252386438660324
0.000264624744886532
0.000276917911833152
0.000289337302092463
0.000301759195281193
0.000320158549584448
0.000347000430338085
0.000375655043171719
0.000407617480959743
0.000439988914877176
0.000472513493150473
0.000484679534565657
0.000502840557601303
0.000530279299709946
0.000570660107769072
0.000630092457868159
0.00065097794868052
0.000681388308294117
0.000724982004612684
0.000783069583121687
0.000838971987832338
0.000868241302669048
0.000874604273121804
0.000858356128446758
0.000818940345197916
0.000751079525798559
0.000656915246509016
0.000532072153873742
0.00037825497565791
0.000196036940906197
4.71874336653855e-05
3.79424564016517e-05
3.05732573906425e-05
2.42532241827575e-05
1.96725468413206e-05
1.91056406038115e-05
1.89811380550964e-05
1.90149039553944e-05
1.90539358300157e-05
1.90917380678002e-05
1.91278995771427e-05
1.9142320525134e-05
1.914190579555e-05
1.91239341802429e-05
1.91029048437485e-05
1.90839509741636e-05
1.90839054994285e-05
1.90956689039012e-05
1.91153158084489e-05
1.91439121408621e-05
1.91630679182708e-05
1.9193003026885e-05
1.92275674635312e-05
1.9252804122516e-05
1.92597217392176e-05
1.92649513337528e-05
1.92594161489978e-05
1.92635288840393e-05
1.92675179278012e-05
1.92693441931624e-05
1.92695079022087e-05
1.92697716556722e-05
1.92701863852562e-05
1.92701863852562e-05
