0.0
2.31830217104164e-32
8.63822265273484e-07
3.47207583217823e-06
9.15535656531574e-06
1.39170806505717e-05
1.44165396704921e-05
1.45691983561846e-05
1.47438686326495e-05
1.49179304571589e-05
1.49268671520986e-05
1.49172437886591e-05
1.49155648614396e-05
1.49138177221175e-05
1.49123752635205e-05
1.49115130625432e-05
1.49109428093652e-05
1.49104016600177e-05
1.49099223563098e-05
1.49094257722027e-05
1.49089491969789e-05
1.49083862197585e-05
1.49084189615678e-05
1.4908415323589e-05
1.49087227327982e-05
1.49087682075333e-05
1.49088473335723e-05
1.49089373735478e-05
1.49091029015835e-05
1.49089464684948e-05
1.49073594002402e-05
1.4901541362633e-05
1.4892319086357e-05
1.48891804201412e-05
1.48892977449577e-05
1.48906228787382e-05
1.48922053995193e-05
1.489374335506e-05
1.48973585964995e-05
1.49009492815821e-05
1.49045690704952e-05
1.49085344673949e-05
1.49128254633979e-05
1.49171646626201e-05
1.49238021549536e-05
1.49342076838366e-05
1.49512025018339e-05
1.49808947753627e-05
1.50398664118256e-05
1.51407657540403e-05
1.53116743604187e-05
1.56076366693014e-05
1.59009287017398e-05
1.61963762366213e-05
1.63858730957145e-05
1.65271540026879e-05
1.64046668942319e-05
1.61659208970377e-05
1.59243209054694e-05
1.55697380250785e-05
1.54225581354694e-05
1.5160290786298e-05
1.47836617543362e-05
1.44110890687443e-05
1.34717265609652e-05
1.21203966045869e-05
1.06438219518168e-05
8.4940884335083e-06
3.66235963156214e-06
5.79286441038107e-09
5.75865932717079e-09
5.75865932717079e-09
