0.0
0.0
4.45680113907859e-13
1.9972556594694e-12
2.29506517956946e-12
3.03100188177308e-12
4.03717293970263e-12
6.52670278933343e-12
1.32211836964546e-11
1.81694867484872e-11
3.94625165878182e-11
6.44723663345559e-10
1.6918745293637e-09
5.81984416214709e-09
6.47584030843973e-09
7.17710824105211e-09
7.83722953201504e-09
8.09478528651653e-09
8.34141467009886e-09
8.6772269369817e-09
9.16964815189658e-09
1.01098001081823e-08
1.03735215972733e-08
1.06913846664725e-08
1.13501874565713e-08
1.24106156462744e-08
1.42674103642548e-08
1.75197492069401e-08
2.32091252883038e-08
3.03501117571159e-08
3.71865347403855e-08
4.36324896213591e-08
4.78847255180881e-08
4.99683530108541e-08
5.08618889227819e-08
5.1283944202396e-08
5.152394066954e-08
5.17479890049799e-08
5.19804324028428e-08
5.22624539200933e-08
5.26353858276707e-08
5.31343502530035e-08
5.38011235562408e-08
5.47352243529531e-08
5.6145594840018e-08
5.8562406479723e-08
6.33716794595784e-08
8.85240112324936e-08
1.41443948109554e-07
1.87896148418076e-07
2.35953834248903e-07
2.87354055217293e-07
3.45378253996387e-07
4.11307127023974e-07
4.71925687861585e-07
5.18989224929101e-07
5.50870140614279e-07
5.78673393647477e-07
6.03473665705678e-07
6.20967284703511e-07
6.33792694770818e-07
6.44179976916348e-07
6.53032543596055e-07
6.60403884467087e-07
6.66596463361202e-07
6.71724365020054e-07
6.75852334097726e-07
6.79153288274392e-07
6.81653091305634e-07
6.83505049892119e-07
6.84524820826482e-07
6.85102122588432e-07
6.851496436866e-07
6.84696829011955e-07
6.84183817156736e-07
6.83007726820506e-07
6.81596077356517e-07
6.79759921240475e-07
6.77832986184512e-07
6.75464889354771e-07
6.72960879910534e-07
6.70349209030974e-07
6.67325139147579e-07
6.63918456211832e-07
6.60792807138932e-07
6.57099690215546e-07
6.53746667467203e-07
6.49686739961908e-07
6.44954695872002e-07
6.39164738913678e-07
6.32678961665079e-07
6.25808866061561e-07
6.19231343534921e-07
6.17252624124376e-07
6.14307509749779e-07
6.13244651503919e-07
6.12879489381157e-07
6.12365681718074e-07
6.12181452197547e-07
6.12181452197547e-07
