-0.0
0.00707895029336214
0.0195637568831444
0.0313386730849743
0.0459457896649837
0.0615345016121864
0.0742755532264709
0.0782976970076561
0.0815044492483139
0.0822047293186188
0.0831471756100655
0.0843396261334419
0.0853516981005669
0.0866745263338089
0.0870705544948578
0.0876437053084373
0.0884898379445076
0.089645154774189
0.091269813477993
0.0933863744139671
0.0959374085068703
0.0995109081268311
0.101694010198116
0.100613065063953
0.098479151725769
0.0940316990017891
0.0878388658165932
0.0812723338603973
0.0736879333853722
0.0652586817741394
0.0568119809031487
0.0483641438186169
0.0397755913436413
0.0310296360403299
0.0218474976718426
0.0126747386530042
0.00270266714505851
0.00182739831507206
0.00053156929789111
5.343284283299e-05
3.55449919879902e-05
2.11815913644386e-05
9.0657658802229e-06
3.69430995306175e-06
4.15218346461188e-06
4.43396129412577e-06
4.73474710815935e-06
4.91715081807342e-06
4.71318571726442e-06
4.54815426564892e-06
4.24652716901619e-06
3.85138628189452e-06
4.0175355024985e-06
3.80356618734368e-06
3.6728301893163e-06
3.64116954187921e-06
3.57669068762334e-06
3.48174194186868e-06
3.02515536532155e-06
2.70616646957933e-06
2.31295825869893e-06
1.71639680957014e-06
1.60454806064081e-06
1.22651545098051e-06
8.37366599171219e-07
7.10490667188424e-07
7.01301928529574e-07
7.26774487702642e-07
7.42142731269269e-07
6.77512161928462e-07
-4.74599204380866e-08
-4.74599204380866e-08
