0.0
1.41547403131881e-07
1.72961858879717e-06
2.12771215046814e-06
2.14676447285456e-06
3.9606920836377e-06
7.24801702745026e-06
7.51854986447142e-06
9.37910408538301e-06
1.09214533949853e-05
1.22942619782407e-05
1.38679688461707e-05
1.56812511704629e-05
1.6448935639346e-05
1.56019541464048e-05
1.73108637682162e-05
2.10284742934164e-05
2.29143188335001e-05
2.38736647588667e-05
2.32875318033621e-05
2.30270543397637e-05
2.24130453716498e-05
2.18108943954576e-05
2.13259045267478e-05
2.09331155929249e-05
2.05049582291394e-05
2.00209578906652e-05
1.95971224457026e-05
1.9203884221497e-05
1.87315908988239e-05
1.81984833034221e-05
1.76529119926272e-05
1.71466490428429e-05
1.65823093993822e-05
1.60031668201555e-05
1.54703920998145e-05
1.49406405398622e-05
1.43080624184222e-05
1.34524752866128e-05
1.26681952679064e-05
1.19062242447399e-05
1.11433855636278e-05
1.01722462204634e-05
8.60670934343943e-06
7.17536386218853e-06
5.85342831982416e-06
4.67028303319239e-06
3.51489688910078e-06
2.50730840889446e-06
1.69782174452848e-06
1.002195745059e-06
3.93940268850201e-07
7.96861883145539e-08
8.07295563731714e-08
8.21413337348531e-08
8.33768609709296e-08
8.4201303707232e-08
8.36311357943487e-08
8.38466363006773e-08
8.34999198673358e-08
8.35420479461391e-08
8.30336333024206e-08
8.05342352805383e-08
7.92550451933494e-08
7.9382104445358e-08
7.92114747127926e-08
7.94449164231992e-08
8.06219233595584e-08
8.18090768461843e-08
8.31912956300584e-08
8.48977279588325e-08
8.66520508679969e-08
8.81752839632099e-08
8.93335680984819e-08
9.00134580206213e-08
9.1986294137314e-08
9.01230450267576e-08
8.91361366939236e-08
8.78583605867789e-08
8.58353246258048e-08
8.16074106069209e-08
8.0178324424196e-08
7.72832819961877e-08
7.39975973829132e-08
7.16339840778346e-08
6.95607198508696e-08
6.85933727595511e-08
6.76698235224649e-08
6.73896920488914e-08
6.82309035937578e-08
6.83092409303754e-08
6.9660273993577e-08
7.13858696599345e-08
7.2589585897731e-08
7.40062588988621e-08
7.52199511566687e-08
7.56068558871448e-08
7.58062057570896e-08
7.51291793221753e-08
7.36671523782206e-08
7.19189969800027e-08
