0.0
0.0
9.60314405773488e-09
5.29570769458587e-08
1.55492031694848e-07
2.90354989829211e-07
3.92435140383895e-07
4.22355697082821e-07
4.55553987421808e-07
6.27467272806825e-07
7.22330241842428e-07
7.73178101098893e-07
8.43089424051868e-07
1.03097318060463e-06
1.89078616585903e-06
2.26040219786228e-06
2.73587420451804e-06
3.6901317344018e-06
5.17075295647373e-06
6.28628140475485e-06
7.49408945921459e-06
9.028834028868e-06
1.19717960842536e-05
1.44657687997096e-05
1.51147851283895e-05
1.57663343998138e-05
1.64927314472152e-05
1.65810943144606e-05
1.66446734510828e-05
1.67178804986179e-05
1.67900634551188e-05
1.68702063092496e-05
1.69626582646742e-05
1.7071581169148e-05
1.7163440134027e-05
1.72185682458803e-05
1.72350846696645e-05
1.72351847140817e-05
1.72351847140817e-05
1.72351847140817e-05
1.72351847140817e-05
1.72351847140817e-05
1.72351847140817e-05
1.72351847140817e-05
1.72351847140817e-05
1.72351847140817e-05
1.72351847140817e-05
1.72351847140817e-05
1.72351847140817e-05
1.72351847140817e-05
1.72351847140817e-05
1.72351847140817e-05
1.72351847140817e-05
1.72351847140817e-05
1.72351847140817e-05
1.72351847140817e-05
1.72351847140817e-05
1.72351847140817e-05
1.72351847140817e-05
1.72351847140817e-05
1.72351847140817e-05
1.72351847140817e-05
1.72351847140817e-05
1.72351847140817e-05
1.72351847140817e-05
1.72351847140817e-05
1.72351847140817e-05
1.72351847140817e-05
1.7236687199329e-05
1.72368381754495e-05
1.723686727928e-05
1.72370801010402e-05
1.72372747329064e-05
1.72374311659951e-05
1.72375093825394e-05
1.72375093825394e-05
1.72375093825394e-05
1.72375093825394e-05
1.72375093825394e-05
1.72375093825394e-05
1.72375093825394e-05
1.72375093825394e-05
1.72375093825394e-05
1.72375093825394e-05
1.72375093825394e-05
1.72375093825394e-05
1.72375348483911e-05
1.72375985130202e-05
1.72376658156281e-05
1.72377222042996e-05
1.72377222042996e-05
1.72377222042996e-05
1.72377222042996e-05
1.72377222042996e-05
1.72377222042996e-05
1.72377222042996e-05
1.72377222042996e-05
1.72377222042996e-05
1.72377222042996e-05
1.72377222042996e-05
1.72377222042996e-05
1.72377222042996e-05
1.72377222042996e-05
1.72377585840877e-05
1.72377967828652e-05
1.72378131537698e-05
1.72378131537698e-05
1.72378131537698e-05
1.72378131537698e-05
1.72378131537698e-05
1.72378131537698e-05
1.72378131537698e-05
1.72378131537698e-05
1.72378131537698e-05
1.72378131537698e-05
1.72378131537698e-05
1.72378131537698e-05
1.72378131537698e-05
1.72378131537698e-05
1.72378458955791e-05
