0.0
0.0
2.03076986338147e-08
1.58326457722069e-07
2.41374237930359e-07
3.332943094847e-07
4.22379969222675e-07
4.86326712234586e-07
5.00911369272217e-07
5.13843019689375e-07
5.24984670846607e-07
5.2649340887001e-07
5.26779672327393e-07
5.2699289199154e-07
5.27206111655687e-07
5.27418251294876e-07
5.27630504620902e-07
5.27789381976618e-07
5.27908468939131e-07
5.2802727168455e-07
5.28116288478486e-07
5.28183136339067e-07
5.28233215391083e-07
5.28270732047531e-07
5.28308305547398e-07
5.28345822203846e-07
5.28383395703713e-07
5.28420912360161e-07
5.28458429016609e-07
5.28495888829639e-07
5.28533348642668e-07
5.28570808455697e-07
5.28608325112145e-07
5.28645728081756e-07
5.28683187894785e-07
5.28720590864395e-07
5.28757993834006e-07
5.28795339960197e-07
5.28832742929808e-07
5.28870089055999e-07
5.28907435182191e-07
5.28944838151801e-07
5.28982127434574e-07
5.29019473560766e-07
5.29056762843538e-07
5.2909410896973e-07
5.29131341409084e-07
5.29168630691856e-07
5.2920586313121e-07
5.29243095570564e-07
5.29280328009918e-07
5.29317560449272e-07
5.29354736045207e-07
5.29391911641142e-07
5.29429087237077e-07
5.29466262833012e-07
5.29503381585528e-07
5.29540500338044e-07
5.2957761909056e-07
5.29614794686495e-07
5.29670387550141e-07
5.29725980413787e-07
5.29781573277432e-07
5.29837052454241e-07
5.29892588474468e-07
5.29948010807857e-07
5.29989677033882e-07
5.30031229573069e-07
5.30062379766605e-07
5.30093529960141e-07
5.30116892605292e-07
5.30140198407025e-07
5.30157706180034e-07
5.30175213953044e-07
5.30192721726053e-07
5.30210229499062e-07
5.30227680428652e-07
5.30245188201661e-07
5.3026269597467e-07
5.30280146904261e-07
5.3029765467727e-07
5.3031510560686e-07
5.3033255653645e-07
5.30350064309459e-07
5.3036751523905e-07
5.3038496616864e-07
5.3040241709823e-07
5.3041986802782e-07
5.30437318957411e-07
5.30454713043582e-07
5.30472163973172e-07
5.30489614902763e-07
5.30507008988934e-07
5.30524403075106e-07
5.30541854004696e-07
5.30559248090867e-07
5.30576699020457e-07
5.30594093106629e-07
5.306114871928e-07
5.30628881278972e-07
5.30646275365143e-07
5.30663669451314e-07
5.30681063537486e-07
5.30698457623657e-07
5.30715851709829e-07
5.30733188952581e-07
5.30750583038753e-07
5.30767977124924e-07
5.30785314367677e-07
5.30802708453848e-07
5.30820045696601e-07
5.30837439782772e-07
5.30854777025525e-07
5.30872114268277e-07
5.30889508354448e-07
5.30906845597201e-07
5.30924182839954e-07
5.30941520082706e-07
5.30958857325459e-07
5.30976194568211e-07
5.30993531810964e-07
5.31010869053716e-07
5.31028206296469e-07
5.31045543539221e-07
5.31062880781974e-07
5.31080161181308e-07
5.3109749842406e-07
5.31114778823394e-07
5.31132116066146e-07
5.3114939646548e-07
5.31166676864814e-07
5.31184014107566e-07
5.312012945069e-07
5.31218574906234e-07
5.31235855305567e-07
5.31253135704901e-07
5.31270416104235e-07
5.31287696503568e-07
5.31304976902902e-07
5.31322200458817e-07
5.31339480858151e-07
5.31356761257484e-07
5.31373984813399e-07
5.31391265212733e-07
5.31408545612067e-07
5.31425769167981e-07
5.31442992723896e-07
5.3146027312323e-07
5.31477496679145e-07
5.3149472023506e-07
5.31511943790974e-07
5.31529167346889e-07
5.31546390902804e-07
5.31563614458719e-07
5.31580838014634e-07
5.31598061570548e-07
5.31615228283044e-07
5.31632451838959e-07
5.31649675394874e-07
5.3166684210737e-07
5.31684008819866e-07
5.31701232375781e-07
5.31718399088277e-07
5.31735622644192e-07
5.31752789356688e-07
5.31769956069184e-07
5.31787122781679e-07
5.31804289494175e-07
5.31821456206671e-07
5.31838622919167e-07
5.31855789631663e-07
5.3187289950074e-07
5.31890066213236e-07
5.31907232925732e-07
5.31924342794809e-07
5.31941509507305e-07
5.31958619376383e-07
5.3197572924546e-07
5.31992895957956e-07
5.32010005827033e-07
5.32027172539529e-07
5.32044225565187e-07
5.32061392277683e-07
5.32078445303341e-07
5.32095612015837e-07
5.32112665041495e-07
5.32129774910572e-07
5.3214688477965e-07
5.32163994648727e-07
5.32181047674385e-07
5.32198157543462e-07
5.3221521056912e-07
5.32232320438197e-07
5.32249373463856e-07
5.32266426489514e-07
5.32283479515172e-07
5.3230053254083e-07
5.32317585566489e-07
5.32334695435566e-07
5.32351691617805e-07
5.32368744643463e-07
5.32385797669122e-07
5.3240285069478e-07
5.32419846877019e-07
5.32436899902677e-07
5.32453952928336e-07
5.32470949110575e-07
5.32488002136233e-07
5.32504998318473e-07
5.32521994500712e-07
5.32538990682951e-07
5.32555986865191e-07
5.32573039890849e-07
5.32590036073088e-07
5.32606975411909e-07
5.32623971594148e-07
5.32640967776388e-07
5.32657963958627e-07
5.32674960140866e-07
5.32691899479687e-07
5.32708895661926e-07
5.32725835000747e-07
5.32742774339567e-07
5.32759770521807e-07
5.32776709860627e-07
5.32793649199448e-07
5.32810588538268e-07
5.32827584720508e-07
5.32844467215909e-07
5.3286140655473e-07
5.3287834589355e-07
5.32895285232371e-07
5.32912224571191e-07
5.32929163910012e-07
5.32946046405414e-07
5.32962928900815e-07
5.32979868239636e-07
5.32996807578456e-07
5.33013633230439e-07
5.3303057256926e-07
5.33047455064661e-07
5.33064337560063e-07
5.33081220055465e-07
5.33098102550866e-07
5.33114985046268e-07
5.3313186754167e-07
5.33148693193652e-07
5.33165632532473e-07
5.33182458184456e-07
5.33199283836439e-07
5.3321616633184e-07
5.33233048827242e-07
5.33249874479225e-07
5.33266700131207e-07
5.33283582626609e-07
5.33300351435173e-07
5.33317233930575e-07
5.33334002739139e-07
5.3335088523454e-07
5.33367654043104e-07
5.33384479695087e-07
5.33401248503651e-07
5.33418130999053e-07
5.33434842964198e-07
5.33451725459599e-07
5.33468437424744e-07
5.33485319920146e-07
5.33502031885291e-07
5.33518857537274e-07
5.33535569502419e-07
5.33552451997821e-07
5.33569107119547e-07
5.33585875928111e-07
5.33602758423513e-07
5.33619470388658e-07
5.33636182353803e-07
5.33653008005786e-07
5.33669776814349e-07
5.33686431936076e-07
5.33703257588058e-07
5.33719969553204e-07
5.3373662467493e-07
5.33753450326913e-07
5.33769991761801e-07
5.33786874257203e-07
5.33803415692091e-07
5.33820127657236e-07
5.33837010152638e-07
5.33853722117783e-07
5.33870263552672e-07
5.33887146048073e-07
5.33903801169799e-07
5.33920342604688e-07
5.3393722510009e-07
5.3395365284814e-07
5.33970307969867e-07
5.33987133621849e-07
5.34003675056738e-07
5.34020500708721e-07
5.3403698530019e-07
5.34053810952173e-07
5.34070466073899e-07
5.34086950665369e-07
5.34103776317352e-07
5.34120374595659e-07
5.34136859187129e-07
5.34153684839112e-07
5.34170112587162e-07
5.34186938239145e-07
5.34203309143777e-07
5.34219964265503e-07
5.34236733074067e-07
5.34253160822118e-07
5.34269759100425e-07
5.34286527908989e-07
5.34303183030715e-07
5.34319553935347e-07
5.34336322743911e-07
5.34352693648543e-07
5.34369291926851e-07
5.34386060735415e-07
5.34402431640046e-07
5.3441920044861e-07
5.34435571353242e-07
5.3445216963155e-07
5.34468881596695e-07
5.34485252501327e-07
5.34501964466472e-07
5.34518335371104e-07
5.34534876805992e-07
5.34551588771137e-07
5.34567959675769e-07
5.34584671640914e-07
5.34601213075803e-07
5.34617583980435e-07
5.34634239102161e-07
5.34650553163374e-07
5.34667037754843e-07
5.34683749719989e-07
5.34700291154877e-07
5.3471660521609e-07
5.34733260337816e-07
5.34749574399029e-07
5.34766058990499e-07
5.34782714112225e-07
5.34799198703695e-07
5.34815512764908e-07
5.34832167886634e-07
5.34848425104428e-07
5.34864909695898e-07
5.34881507974205e-07
5.34897992565675e-07
5.34914306626888e-07
5.34930904905195e-07
5.3494716212299e-07
5.34963646714459e-07
5.34980244992767e-07
5.34996729584236e-07
5.35012929958611e-07
5.35029357706662e-07
5.3504595598497e-07
5.35062440576439e-07
5.35078697794233e-07
5.35095296072541e-07
5.35111666977173e-07
5.35127981038386e-07
5.35144351943018e-07
5.35160950221325e-07
5.351771505957e-07
5.35193578343751e-07
5.3521011977864e-07
5.3522654752669e-07
5.35242747901066e-07
5.35259346179373e-07
5.35275717084005e-07
5.3529191745838e-07
5.35308288363012e-07
5.35324829797901e-07
5.35341200702533e-07
5.35357401076908e-07
5.35373715138121e-07
5.3539025657301e-07
5.35406627477641e-07
5.35422827852017e-07
5.3543914191323e-07
5.35455683348118e-07
5.35471997409331e-07
5.35488197783707e-07
5.35504455001501e-07
5.35520996436389e-07
5.35537310497602e-07
5.35553454028559e-07
5.35569938620029e-07
5.35586082150985e-07
5.35602339368779e-07
5.35618823960249e-07
5.35634967491205e-07
5.35651452082675e-07
5.35667709300469e-07
5.35683852831426e-07
5.35700280579476e-07
5.35716367267014e-07
5.35732624484808e-07
5.35749052232859e-07
5.35765138920397e-07
5.35781396138191e-07
5.35797823886242e-07
5.35814081104036e-07
5.35830167791573e-07
5.35846368165949e-07
5.35862795913999e-07
5.35878882601537e-07
5.35895253506169e-07
5.35911510723963e-07
5.35927540568082e-07
5.35943911472714e-07
5.35960111847089e-07
5.35976198534627e-07
5.35992342065583e-07
5.36008712970215e-07
5.3602491334459e-07
5.36040943188709e-07
5.36057257249922e-07
5.36073287094041e-07
5.36089430624997e-07
5.36105744686211e-07
5.36121774530329e-07
5.36137918061286e-07
5.36154232122499e-07
5.36170432496874e-07
5.36186405497574e-07
5.36202492185112e-07
5.36218806246325e-07
5.36234949777281e-07
5.36250922777981e-07
5.36267236839194e-07
5.36283152996475e-07
5.36299467057688e-07
5.36315610588645e-07
5.36331526745926e-07
5.3634778396372e-07
5.36363870651257e-07
5.36379843651957e-07
5.36395873496076e-07
5.3641213071387e-07
5.36428046871151e-07
5.36444133558689e-07
5.36460333933064e-07
5.36476250090345e-07
5.36492336777883e-07
5.36508537152258e-07
5.36524453309539e-07
5.36540483153658e-07
5.36556683528033e-07
5.36572770215571e-07
5.36588629529433e-07
5.36604602530133e-07
5.36620802904508e-07
5.36636832748627e-07
5.36652748905908e-07
5.36668892436865e-07
5.36684922280983e-07
5.36700781594845e-07
5.36716697752126e-07
5.36732898126502e-07
5.36748871127202e-07
5.36764730441064e-07
5.3678087397202e-07
5.3679684697272e-07
5.36812649443164e-07
5.3682879297412e-07
5.36844538601144e-07
5.36860682132101e-07
5.36876655132801e-07
5.36892457603244e-07
5.36908544290782e-07
5.36924517291482e-07
5.36940319761925e-07
5.36956349606044e-07
5.36972152076487e-07
5.36988238764025e-07
5.37003984391049e-07
5.3701990054833e-07
5.37035987235868e-07
5.37051732862892e-07
5.37067649020173e-07
5.37083678864292e-07
5.37099424491316e-07
5.37115340648597e-07
5.37131370492716e-07
5.37147286649997e-07
5.37163032277022e-07
5.3717906212114e-07
5.37194921435002e-07
5.37210667062027e-07
5.37226696906146e-07
5.37242556220008e-07
5.37258245003613e-07
5.37274104317476e-07
5.37290134161594e-07
5.373058229452e-07
