0.0
9.27750125569537e-29
5.27238188047764e-29
5.44095250997878e-29
1.58124566038714e-29
4.46914872304664e-29
4.36373114198128e-29
1.31333405972174e-29
2.60537726483484e-29
3.1196848194213e-29
1.5848331562984e-29
2.21864120327871e-29
8.28555043598562e-29
2.278076755532e-29
3.74730084176318e-31
2.45014761224378e-29
5.16562481889754e-31
2.38015811435853e-29
1.13424394067905e-29
1.65862328132663e-30
7.95455785879407e-30
2.76695014825367e-29
4.335804255008e-29
2.68615975688324e-30
2.65849802381969e-29
8.82279717037922e-30
4.39038420685228e-29
6.37860700112123e-30
3.03058528166287e-29
4.65640929895184e-29
2.06578887046276e-29
5.03068519562089e-29
9.00273394628106e-30
1.99119451921947e-30
2.77601255142167e-29
1.64368641567006e-30
2.13546999386199e-30
4.14109206054571e-30
1.63355779210608e-30
1.70407598033056e-30
1.79522230766055e-30
1.90554762466036e-30
1.9763351421505e-30
2.07611674502118e-30
2.11441905294837e-30
2.1513045610444e-30
2.21693231661126e-30
2.31336441885894e-30
2.39024946064565e-30
2.43623931354813e-30
2.54954323919338e-30
2.62093072900017e-30
2.69727297451546e-30
2.77641252042751e-30
2.87358998013315e-30
2.99912111589701e-30
3.08121519633019e-30
3.13833989596094e-30
3.25502096985633e-30
3.3016965591433e-30
3.33302752729328e-30
3.4419813715241e-30
3.53912121541052e-30
3.64313798336789e-30
3.72365502058001e-30
3.80634249056148e-30
3.83655401193128e-30
3.91693563219419e-30
4.00142866149852e-30
4.12486008223317e-30
4.22524654747701e-30
4.36213465138168e-30
4.48739683403807e-30
4.63325781546098e-30
4.6861008944683e-30
4.8736729293567e-30
4.99701708139074e-30
5.05625973972303e-30
5.12237142280423e-30
5.25021442681774e-30
5.33691211928693e-30
5.41762062101891e-30
5.53460243338902e-30
5.68719476566248e-30
5.78772981339226e-30
5.92390660215536e-30
6.05239998368329e-30
6.33306251951839e-30
6.48807279665172e-30
6.65283309412851e-30
6.72665413936015e-30
6.73806527428064e-30
6.83475523296911e-30
6.83583104539899e-30
6.9236068072472e-30
7.01625682695077e-30
7.05165030357719e-30
7.21793028015072e-30
7.38946970056848e-30
7.60997588982228e-30
7.60114294315156e-30
