0.0
1.61788224579945e-31
3.49244032804563e-06
1.66014215210453e-05
3.63795843441039e-05
7.24938436178491e-05
0.000127688239444979
0.000201749906409532
0.000296895828796551
0.00041264173341915
0.000548773852642626
0.000704751582816243
0.000874770805239677
0.00105070765130222
0.00122365809511393
0.00139641622081399
0.00155205966439098
0.00169943692162633
0.00184471299871802
0.00199930113740265
0.0021310995798558
0.00225747958756983
0.00240445928648114
0.00252485065720975
0.00263303448446095
0.00273388484492898
0.00282747461460531
0.00291406875476241
0.0029938577208668
0.00306434836238623
0.00312953651882708
0.00319690466858447
0.00325101357884705
0.00329874129965901
0.00333752459846437
0.00337340985424817
0.00340578029863536
0.00343411695212126
0.00344550306908786
0.00346532603725791
0.00347526324912906
0.00347047904506326
0.00346147431991994
0.00346709974110126
0.00344692450016737
0.00341780297458172
0.00341759878210723
0.00338769471272826
0.00338747957721353
0.00335718225687742
0.00334999687038362
0.00332647049799562
0.00331686274148524
0.00329571426846087
0.00328291486948729
0.00326494150795043
0.00323459599167109
0.00322884856723249
0.00321927270852029
0.00319322338327765
0.0031935004517436
0.00315769598819315
0.00315760355442762
0.00312066078186035
0.00312058255076408
0.00308529939502478
0.00308341113850474
0.00306441448628902
0.00304618175141513
0.00303148524835706
0.00300224777311087
0.00300211762078106
0.00296532409265637
0.00295833544805646
0.00295836688019335
0.00291500170715153
0.0029147828463465
0.00287988316267729
0.00287136645056307
0.00287137413397431
0.00282780732959509
0.00282751955091953
0.0028262494597584
0.00278343632817268
0.00278331548906863
0.0027366008143872
0.00273098656907678
0.00273086945526302
0.00270372279919684
0.00267860828898847
0.00267854216508567
0.00267224339768291
0.00262642069719732
0.00262638856656849
0.00259273452684283
0.00257481238804758
0.00257489760406315
0.00256572454236448
0.00252345041371882
0.00252360734157264
0.00252362131141126
