0.0
0.0
0.0
1.11511951672583e-06
4.15821250498993e-06
5.04293120684451e-06
5.51432867723634e-06
5.63654157303972e-06
5.68959467273089e-06
6.04236174694961e-06
6.74451757731731e-06
7.79326910560485e-06
9.10079234017758e-06
1.05978606370627e-05
1.22498977361829e-05
1.35508826133446e-05
1.56535170390271e-05
1.76950943568954e-05
1.82318963197758e-05
1.93469877558528e-05
2.109302477038e-05
3.20456929330248e-05
5.77861392230261e-05
8.54248719406314e-05
0.00012891051301267
0.000145046316902153
0.00017067912267521
0.000210854093893431
0.00027234826120548
0.000342487648595124
0.000415405549574643
0.000484219111967832
0.000544814160093665
0.000602174317464232
0.000659070094116032
0.000713761372026056
0.000764788186643273
0.00081279466394335
0.000861411273945123
0.000907344452571124
0.000950324349105358
0.000990403117612004
0.00102801667526364
0.00106253090780228
0.00109375163447112
0.00112194614484906
0.00114505866076797
0.00116104492917657
0.00117569696158171
0.00119039660785347
0.00119407393503934
0.00119545334018767
0.00119752052705735
0.00120061868801713
0.00120526412501931
0.00120698660612106
0.00120763026643544
0.00120787043124437
0.00120796065311879
0.00120809592772275
0.00120829872321337
0.00120860314927995
0.00120906007941812
0.00120974576566368
0.00121077592484653
0.00121232506353408
0.0012146569788456
0.00121817097533494
0.00121949159074575
0.00122147297952324
0.00122446729801595
0.00122560246381909
0.00122729735448956
0.00122984440531582
0.00123080424964428
0.00123224616982043
0.00123278680257499
0.00123359472490847
0.00123480276670307
0.00123660359531641
0.00123677484225482
0.0012370313052088
0.00123741617426276
0.00123799580615014
0.00123887252993882
0.0012401930289343
0.00124218850396574
0.00124521390534937
0.00124635675456375
0.00124807795509696
0.00124823721125722
0.00124847947154194
0.00124884303659201
0.00124938669614494
0.00124959065578878
0.00124989566393197
0.001250009983778
0.00125018146354705
0.00125043897423893
0.00125082617159933
0.00125141046009958
0.00125229021068662
0.00125361850950867
0.0012556342408061
0.00125870713964105
0.00125986651983112
0.00126162520609796
0.0012642954243347
0.00126530393026769
0.0012668299023062
0.00126740243285894
0.00126826774794608
0.00126957299653441
0.00127154041547328
0.00127452367451042
0.00127564661670476
0.00127606804016978
0.00127670657821
0.00127766956575215
0.00127911835443228
0.00127966131549329
0.00128048239275813
0.00128171779215336
0.00128218054305762
0.00128287856932729
0.0012839287519455
0.00128551351372153
0.00128565519116819
0.00128571095410734
0.00128579454030842
0.00128592026885599
0.00128610874526203
0.00128639163449407
0.00128681631758809
0.00128697499167174
0.00128721375949681
0.0012875716201961
0.00128810957539827
0.00128891610074788
0.00129012390971184
0.00129194615874439
0.00129211088642478
0.00129236758220941
0.00129275326617062
0.00129289762116969
0.00129311450291425
0.00129344000015408
0.00129392847884446
0.00129466061480343
0.00129576190374792
0.00129741069395095
0.00129755935631692
0.00129779067356139
0.00129813724197447
0.00129826681222767
0.00129846145864576
0.0012987534282729
0.00129919243045151
0.00129985250532627
0.0013008430832997
0.0013023279607296
0.00130288442596793
0.0013037211028859
0.00130497571080923
0.00130544358398765
0.00130614812951535
0.00130720750894397
0.00130760204046965
0.00130819564219564
0.00130908982828259
0.00131042359862477
0.00131092627998441
0.00131167855579406
0.00131280487403274
0.00131448893807828
0.00131512456573546
0.00131607102230191
0.00131642469204962
0.00131655659060925
0.00131675612647086
0.00131705566309392
0.00131750456057489
0.00131817883811891
0.00131918932311237
0.00131956289988011
0.00131970376241952
0.00131991587113589
0.00132023403421044
0.00132071145344526
0.00132142601069063
0.00132249423768371
0.00132409494835883
0.00132469541858882
0.00132491858676076
0.0013252553762868
0.0013257609680295
0.00132594874594361
0.0013262324500829
0.00132633838802576
0.00132649787701666
0.00132673734333366
0.00132709660101682
0.0013272303622216
0.001327431993559
0.00132773455698043
0.00132818706333637
0.00132835656404495
0.00132861128076911
0.00132899289019406
0.00132956472225487
0.0013304230524227
0.00133170280605555
0.00133217626716942
0.00133289291989058
0.00133396417368203
0.00133406184613705
0.0013342120219022
0.00133443693630397
0.00133477407507598
0.00133527920115739
0.0013360355515033
0.00133716478012502
0.00133758317679167
0.00133774033747613
0.00133797666057944
0.00133833033032715
0.00133846292737871
0.00133866153191775
0.00133895908948034
0.00133907038252801
0.00133923732209951
0.00133948738221079
0.00133986223954707
0.00134000228717923
0.00134021253325045
0.00134052766952664
0.00134064524900168
0.00134082208387554
0.00134108692873269
0.00134148343931884
0.00134207727387547
0.00134296377655119
0.00134428218007088
0.00134622910991311
0.00134695414453745
0.00134722248185426
0.00134762655943632
0.00134823040571064
0.00134912866633385
0.00135046523064375
0.0013524410314858
0.00135262473486364
0.00135289970785379
0.00135300273541361
0.00135315686929971
0.00135338783729821
0.0013537333579734
0.00135424849577248
0.00135501881595701
0.00135615631006658
0.00135658192448318
0.00135673943441361
0.00135697633959353
0.00135706528089941
0.00135709857568145
0.00135714851785451
0.00135716726072133
0.00135717424564064
0.00135717680677772
0.00135718076489866
0.00135718670208007
0.00135719554964453
0.0013572087045759
0.00135722861159593
0.00135725841391832
0.00135730300098658
0.00135736993979663
0.00135747052263469
0.00135762116406113
0.00135784677695483
0.00135818333365023
0.00135868578217924
0.00135943375062197
0.00136054726317525
0.00136219861451536
0.0013623523991555
0.00136258290149271
0.00136292702518404
0.00136343983467668
0.00136420072522014
0.00136533321347088
0.00136575230862945
0.00136637850664556
0.00136731122620404
0.00136869715061039
0.00136921880766749
0.00136941357050091
0.00136970519088209
0.0013701394200325
0.00137078983243555
0.00137176783755422
0.00137324363458902
0.00137547648046166
0.00137886870652437
0.00138405256439
0.00138602731749415
0.0013890175614506
0.00139357126317918
0.00139530072920024
0.00139595090877265
0.0013969293795526
0.00139840238261968
0.00140062882564962
0.00140147085767239
0.00140273536089808
0.00140464422293007
0.00140753388404846
0.00140862271655351
0.00140903191640973
0.00140918593388051
0.00140941713470966
0.00140976451802999
0.00140989467035979
0.00141009036451578
0.00141038396395743
0.00141082506161183
0.00141148758120835
0.0014124846784398
0.00141398492269218
0.00141625013202429
0.00141710205934942
0.00141718238592148
0.0014173025265336
0.00141748262103647
0.00141755025833845
0.00141765177249908
0.00141768984030932
0.00141774688381702
0.0014178326819092
0.0014179612044245
0.00141815422102809
0.00141844374593347
0.00141855247784406
0.00141871545929462
0.0014187766937539
0.0014187996275723
0.00141880824230611
0.00141881150193512
0.00141881639137864
0.00141881813760847
0.0014188188361004
0.00141881906893104
0.00141881941817701
0.00141882000025362
0.00141882093157619
0.00141882221214473
0.0014188241912052
0.00141882710158825
0.00141883140895516
0.00141883792821318
0.00141884770710021
0.00141886249184608
0.00141888461075723
0.00141891767270863
0.00141896738205105
0.00141898600850254
0.00141901394817978
0.00141902442555875
0.00141902838367969
0.00141902989707887
0.00141903036274016
0.00141903129406273
0.00141903245821595
0.0014190343208611
0.00141903711482882
0.00141904130578041
0.00141904770862311
0.00141905713826418
0.00141907122451812
0.00141909252852201
0.0014191244263202
0.00141917227301747
0.00141924398485571
0.0014193516690284
0.00141939206514508
0.00141945271752775
0.0014194754185155
0.0014195095282048
0.00141956063453108
0.00141963735222816
0.00141975248698145
0.00141992524731904
0.00142018462065607
0.00142057391349226
0.0014211586676538
0.00142203795257956
0.0014233608962968
0.00142535462509841
0.00142836384475231
0.00142949738074094
0.00143120379652828
0.00143136433325708
0.0014316049637273
0.00143196643330157
0.0014325090451166
0.00143332476727664
0.00143455108627677
0.00143639754969627
0.00143918138928711
0.00143924541771412
0.00143934355583042
0.00143949082121253
0.001439712010324
0.00144004356116056
0.00144016812555492
0.00144035485573113
0.00144042493775487
0.00144053006079048
0.00144056952558458
0.00144058431033045
0.00144058570731431
0.00144058780279011
0.00144058850128204
0.001440588850528
0.00144058931618929
0.00144058943260461
0.00144058954901993
0.00144058954901993
0.00144058978185058
0.0014405898982659
0.00144059024751186
0.00144059071317315
0.00144059141166508
0.00144059245940298
0.00144059408921748
0.00144059641752392
0.0014406000263989
0.00144060526508838
0.00144061329774559
0.00144062528852373
0.00144064333289862
0.00144067034125328
0.00144071085378528
0.00144077162258327
0.00144086277578026
0.00144099968019873
0.00144120492041111
0.00144151307176799
0.0014419755898416
0.00144214904867113
0.00144240958616138
0.00144280050881207
0.00144338759128004
0.00144426943734288
0.00144559529144317
0.00144759030081332
0.00145059602800757
0.00145172572229058
0.00145342503674328
0.00145358487498015
0.00145382422488183
0.00145418371539563
0.00145431840792298
0.001454520621337
0.00145482399966568
0.00145493797026575
0.00145498057827353
0.00145504472311586
0.00145514076575637
0.00145528488792479
0.00145550107117742
0.00145582575351
0.00145594740752131
0.00145613006316125
0.00145640410482883
0.00145650701597333
0.00145666126627475
0.00145689269993454
0.00145724008325487
0.001457370352
0.00145756592974067
0.00145785941276699
0.00145796954166144
0.00145813473500311
0.00145838258322328
0.00145875476300716
0.00145889434497803
0.00145910389255732
0.00145941833034158
0.00145953625906259
0.00145971332676709
0.0014599789865315
0.00146007863804698
0.00146022811532021
0.00146045256406069
0.00146078947000206
0.00146091578062624
0.00146110542118549
0.00146138994023204
0.00146149669308215
0.00146165688056499
