0.0
1.69501007418939e-31
1.85102544492111e-06
5.78086564928526e-06
7.07028857505065e-06
8.34484762890497e-06
9.76665978669189e-06
1.16514365799958e-05
1.41543159770663e-05
1.66651843755972e-05
1.9172512111254e-05
2.15065902011702e-05
2.40944609686267e-05
2.86633276118664e-05
3.28178648487665e-05
3.65863925253507e-05
4.04384009016212e-05
4.40518160758074e-05
4.74806038255338e-05
5.39147295057774e-05
6.32222654530779e-05
7.13924746378325e-05
8.11246791272424e-05
9.57061565713957e-05
0.000109796281321906
0.000125088045024313
0.000148234976222739
0.000166010038810782
0.000184993376024067
0.000218173721805215
0.00024928039056249
0.000269879878032953
0.000287154805846512
0.000320762221235782
0.000329499016515911
0.000338345620548353
0.000351819180650637
0.000372650829376653
0.00038067004061304
0.000392860674764961
0.000397487019654363
0.000399245938751847
0.00040058619924821
0.000401962606702
0.00040246604476124
0.000403251615352929
0.000403455342166126
0.000403653975808993
0.000403951213229448
0.000404397520469502
0.00040505375363864
0.000405302795115858
0.000405672733904794
0.000406218983698636
0.000406425126129761
0.000406734994612634
0.000407189101679251
0.00040785560850054
0.000408847146900371
0.000410357431974262
0.000411843531765044
0.000413421599660069
0.000415685324696824
0.000419284886447713
0.000424549740273505
0.000426681042881683
0.000428698782343417
0.000430808984674513
0.000430927029810846
0.000431055523222312
0.000431184598710388
0.000431378895882517
0.000431670458056033
0.000432108761742711
0.000432775181252509
0.000434069574112073
0.000436193804489449
0.00043952144915238
0.000444465433247387
0.000451930769486353
0.000463430507807061
0.000480524497106671
0.000505023577716202
0.000540686247404665
0.000599924300331622
0.000664696446619928
0.000725686608348042
0.000766753393691033
0.0008113092626445
0.000815610634163022
0.000801130605395883
0.000791385944467038
0.000740299466997385
0.000670374138280749
0.000582341803237796
0.000472057348815724
0.000339354242896661
0.00018938044377137
4.58062822872307e-05
3.90327513741795e-05
3.4890395909315e-05
3.09001043206081e-05
2.77805138466647e-05
2.63157653535018e-05
2.52914178417996e-05
2.47036241489695e-05
2.47134139499394e-05
2.47119278355967e-05
2.47065072471742e-05
2.46835261350498e-05
2.46419131144648e-05
2.46062445512507e-05
2.4581648176536e-05
2.45827650360297e-05
2.45981045736698e-05
2.46305808104808e-05
2.46445906668669e-05
2.46591589529999e-05
2.46782947215252e-05
2.46858598984545e-05
2.46903982770164e-05
2.46878971665865e-05
2.46710023930063e-05
2.46297404373763e-05
2.460432551743e-05
2.45951050601434e-05
2.45835217356216e-05
2.45805513259256e-05
2.4599534299341e-05
2.46117779170163e-05
2.46201689151349e-05
2.46313775278395e-05
2.46347190113738e-05
2.46295821852982e-05
2.46312611125177e-05
2.46282961597899e-05
2.46180770773208e-05
2.45877690758789e-05
2.45534247369505e-05
2.4532340830774e-05
2.45304709096672e-05
2.45524279307574e-05
2.45629507844569e-05
2.45880855800351e-05
2.46171221078839e-05
2.46405306825181e-05
2.46634444920346e-05
2.46666459133849e-05
2.464897261234e-05
2.46501931542298e-05
2.46476502070436e-05
2.46284125751117e-05
2.4605042199255e-05
2.45931296376511e-05
2.45313112827716e-05
2.44739330810262e-05
2.4440387278446e-05
2.44165239564609e-05
2.44200364249991e-05
2.4442442736472e-05
2.44677594309906e-05
2.44935690716375e-05
2.45276314672083e-05
2.45493538386654e-05
2.45779956458136e-05
2.46178424276877e-05
2.46518939093221e-05
2.46768759097904e-05
2.46915842581075e-05
2.46928102569655e-05
