0.0
1.4265492609411e-07
1.21254856821906e-06
1.29557793115964e-06
1.25757128444093e-06
1.39969529300288e-06
2.03692025024793e-06
3.02516809824738e-06
3.34203741658712e-06
3.89956130675273e-06
4.2840301830438e-06
4.58465865449398e-06
4.69073438580381e-06
4.7907910811773e-06
4.80523749502026e-06
4.48681203124579e-06
3.95941515307641e-06
4.06871231461992e-06
4.30391082772985e-06
4.64927597931819e-06
5.04890931551927e-06
5.13801069246256e-06
4.98662666359451e-06
4.71249586553313e-06
4.833572802454e-06
5.49298238183837e-06
7.18813544153818e-06
9.83846894087037e-06
1.23540439744829e-05
1.50180585478665e-05
1.69307568285149e-05
1.69708400790114e-05
1.70114126376575e-05
1.70733037521131e-05
1.71677656908287e-05
1.73097869264893e-05
1.75205805135192e-05
1.75982022483367e-05
1.7675913113635e-05
1.77500915015116e-05
1.7804142771638e-05
1.78135924215894e-05
1.78226291609462e-05
1.78312220668886e-05
1.78393547685118e-05
1.78470017999643e-05
1.78541013156064e-05
1.7860595107777e-05
1.78662630787585e-05
1.78707687155111e-05
1.78728369064629e-05
1.78718710230896e-05
1.78651407622965e-05
1.785720087355e-05
1.78481022885535e-05
1.78378468262963e-05
1.78278733073967e-05
1.78237678483129e-05
1.78265763679519e-05
1.78328937181504e-05
1.78424888872541e-05
1.78537484316621e-05
1.78658792719943e-05
1.78785539901583e-05
1.78913396666758e-05
1.79041453520767e-05
1.79168746399228e-05
1.79294238478178e-05
1.79417856998043e-05
1.79539620148716e-05
1.79659218702e-05
1.79776798177045e-05
1.79891012521693e-05
1.79996932274662e-05
1.80087499757065e-05
1.8016226022155e-05
1.80221504706424e-05
1.80261449713726e-05
1.80286569957389e-05
1.80294755409705e-05
1.80291426659096e-05
1.80295191967161e-05
1.80329425347736e-05
1.80406132130884e-05
1.80516217369586e-05
1.80625338543905e-05
1.80796450877097e-05
1.80988517968217e-05
1.81183531822171e-05
1.81371506187133e-05
1.81559025804745e-05
1.81844498001738e-05
1.82291787496069e-05
1.82983003469417e-05
1.84031578100985e-05
1.85200096893823e-05
1.85947264981223e-05
1.87223031389294e-05
1.89490274351556e-05
1.91527506103739e-05
1.92095067177434e-05
1.92306106328033e-05
1.92368515854469e-05
1.9221724869567e-05
1.92176885320805e-05
1.9195180357201e-05
1.91563212865731e-05
1.91286308108829e-05
1.90918763109948e-05
1.90368646144634e-05
1.89579714060528e-05
1.88055528269615e-05
1.86458073585527e-05
1.84957971214317e-05
1.84410855581518e-05
1.83587872015778e-05
1.82426956598647e-05
1.80905753950356e-05
1.79015041794628e-05
1.77038182300748e-05
1.75336408574367e-05
1.73533626366407e-05
1.71708961715922e-05
1.70099592651241e-05
1.67915168276522e-05
1.65519777510781e-05
1.63729000632884e-05
1.61026855494129e-05
1.57587164721917e-05
1.54066347022308e-05
1.50629020936321e-05
1.47200544233783e-05
1.43134038808057e-05
1.38997475005453e-05
1.35191157824011e-05
1.31921660795342e-05
1.28880592455971e-05
1.26175473269541e-05
1.23003919725306e-05
1.1960864867433e-05
1.16054779937258e-05
1.12635216282797e-05
1.09232860268094e-05
1.05987637653016e-05
1.02824460554984e-05
9.98372161120642e-06
9.64015907811699e-06
9.23819607123733e-06
8.82183667272329e-06
8.42221379571129e-06
8.02269369160058e-06
7.61873161536641e-06
7.23179391570739e-06
6.86272142047528e-06
6.48408968118019e-06
5.82583379582502e-06
5.01653721585171e-06
4.21903268943424e-06
3.34780088451225e-06
2.60612546298944e-06
1.97177359950729e-06
1.40074735099915e-06
7.48558477425831e-07
3.56458002670479e-07
1.05891707846695e-07
8.70636682748227e-08
7.96573900174735e-08
7.38522913934503e-08
7.37208694090441e-08
6.93269655016593e-08
6.80542200370837e-08
6.31213694646249e-08
6.01631171548433e-08
6.40600035239913e-08
7.07640026575973e-08
7.6131598802931e-08
7.92943666283463e-08
8.40360314668942e-08
8.86701698732395e-08
9.19001550414578e-08
9.32905592776478e-08
9.3568083059381e-08
9.10212278881772e-08
8.13265259580476e-08
8.15221454786297e-08
8.0600912610862e-08
9.19148845923701e-08
8.05947024673515e-08
6.77018903161297e-08
6.6316182767423e-08
6.60958434650638e-08
6.62148238461668e-08
6.62603625301017e-08
6.61938912571713e-08
6.62017640706836e-08
6.62009540519648e-08
6.62003003526479e-08
6.62004424611951e-08
6.6200520620896e-08
6.62004921991866e-08
6.62004779883318e-08
6.62004708829045e-08
6.620032166893e-08
6.62005703588875e-08
6.62005845697422e-08
6.62005774643148e-08
6.62005845697422e-08
6.62005845697422e-08
6.62005845697422e-08
6.62005845697422e-08
6.62005845697422e-08
6.62005845697422e-08
6.62005845697422e-08
6.62005845697422e-08
