0
0.00731426384299994
0.0195715855807066
0.0285021048039198
0.0341211445629597
0.0359788611531258
0.0366481393575668
0.0373821295797825
0.0381723009049892
0.0383779406547546
0.0385856591165066
0.0388989672064781
0.0393743887543678
0.0398485623300076
0.0403234735131264
0.0408005304634571
0.041278500109911
0.0417568273842335
0.0422392599284649
0.0427318885922432
0.0432295054197311
0.0433537289500237
0.0434786267578602
0.043604601174593
0.043730229139328
0.0438560359179974
0.0439819991588593
0.0441083908081055
0.0442346036434174
0.0443608984351158
0.0444870144128799
0.0445814169943333
0.044675350189209
0.0447686314582825
0.0449073761701584
0.0450451411306858
0.0451821088790894
0.0452160015702248
0.0452667474746704
0.0453426502645016
0.0453707426786423
0.045398898422718
0.0454269982874393
0.0454689785838127
0.0455311462283134
0.04559276252985
0.0456530526280403
0.0457129180431366
0.0457274653017521
0.0457420907914639
0.0457567162811756
0.0457785800099373
0.0458110123872757
0.045843131840229
0.045874822884798
0.0459209904074669
0.0459655970335007
0.0460088700056076
0.0460502281785011
0.0460899285972118
0.0461271107196808
0.0461360141634941
0.0461446978151798
0.0461575463414192
0.04617640376091
0.0461829304695129
0.0461894609034061
0.0461960136890411
0.0462057702243328
0.0462199673056602
0.0462249889969826
0.0462322905659676
0.0462429001927376
0.0462573021650314
0.0462702363729477
0.0462814792990685
0.0462838187813759
0.0462860614061356
0.0462882183492184
0.046291321516037
0.0462954007089138
0.0462997257709503
0.0463001541793346
0.0463005118072033
0.0463007055222988
0.0463008172810078
0.0462999492883682
0.0462973825633526
0.0462973825633526
