0
0.853682
2.341018
3.863282
5.072502
5.80708
6.301907
7.337262
8.566088
9.778724
10.929454
11.865738
11.676339
11.353212
10.932512
10.495094
9.650873
8.797605
8.078966
7.292958
6.409664
5.55932
4.793682
3.910566
3.017345
2.114484
1.21134
0.287187
0.000119
0.000121
0.000123
0.000124
0.000126
0.000127
0.000128
0.000132
0.000134
0.000134
0.000135
0.000137
0.000141
0.000143
0.000146
0.000149
0.000152
0.000155
0.000157
0.000157
0.000156
0.000154
0.00015
0.000148
0.00015
0.000147
0.000146
0.000144
0.000142
0.000141
0.000139
0.000137
0.000134
0.000128
0.000122
0.000113
0.000104
0.000103
9.6e-05
8.9e-05
8.6e-05
8.1e-05
7.6e-05
7.3e-05
6.9e-05
6.7e-05
6.3e-05
5.9e-05
5.3e-05
4.8e-05
4.1e-05
3.2e-05
2.1e-05
2.2e-05
9e-06
-5e-06
-8e-06
-2.1e-05
-3.4e-05
-3.9e-05
-4.8e-05
-5.4e-05
-5.8e-05
-6.3e-05
-7e-05
-7.6e-05
-8.1e-05
-8.6e-05
-9.1e-05
-9.5e-05
-9.8e-05
-0.000104
-0.000109
