0.0
5.7683693340448e-19
5.27466603728044e-08
2.6393706775707e-07
3.4841241358663e-07
4.54972990837632e-07
5.23679432262725e-07
7.62242052587681e-07
1.12333896140626e-06
1.66933148193493e-06
2.95165068564529e-06
5.07479808220523e-06
8.17861746327253e-06
1.21566672532936e-05
1.80803435796406e-05
2.58086311077932e-05
3.51497401425149e-05
4.66053134005051e-05
6.55227559036575e-05
8.52035955176689e-05
0.000113418420369271
0.000149876403156668
0.000200559588847682
0.000213895647902973
0.00023654657707084
0.000270178948994726
0.000354315590811893
0.00052631291327998
0.000743395474273711
0.00100301089696586
0.00129934283904731
0.00159021618310362
0.00188602437265217
0.00217141839675605
0.00244401581585407
0.00273387739434838
0.00298327743075788
0.00320924608968198
0.00341483554802835
0.00346309458836913
0.00353326136246324
0.00363319367170334
0.0037715663202107
0.00380993029102683
0.00386510789394379
0.00394262420013547
0.00404722522944212
0.00415396597236395
0.00424222974106669
0.00431193457916379
0.00436237873509526
0.0043955622240901
0.00442065484821796
0.00444378284737468
0.00446526193991303
0.00448550470173359
0.00450455164536834
0.00452258577570319
0.00453980732709169
0.00452158972620964
0.00453747203573585
0.00455286027863622
0.00456778099760413
0.0045823254622519
0.004596549551934
0.00461057620123029
0.00462472531944513
0.00463870260864496
0.00462073041126132
0.00458171684294939
0.00453605782240629
0.00437110476195812
0.00431320210918784
0.0043252850882709
0.00433697737753391
0.00434828503057361
0.00431757420301437
0.00431774416938424
0.00431799842044711
0.00431809388101101
0.00431823683902621
0.00431845104321837
0.00431877141818404
0.00431925151497126
0.00431996863335371
0.0043003149330616
0.0042812037281692
0.00428179930895567
0.00428268872201443
0.00428401352837682
0.00428598234429955
0.00428671669214964
0.00428781379014254
0.00428944686427712
0.00429005641490221
0.00429096817970276
0.00429130950942636
0.00429182080551982
0.004292584490031
0.0042555769905448
0.0042560026049614
0.00425664056092501
0.00425669969990849
0.00425678957253695
0.00425692414864898
0.00425712531432509
0.00425720121711493
0.00425722915679216
0.0042572719976306
0.00425733532756567
0.00425743078812957
0.00425757421180606
0.00425778841599822
0.00425810972228646
0.00425859075039625
0.00425930880010128
0.00426038121804595
0.00426197843626142
0.00426257401704788
0.00426346762105823
0.00426355004310608
0.00426367577165365
0.00426386389881372
0.00426414515823126
0.00426425086334348
0.00426440872251987
0.00426446786150336
0.00426449021324515
0.00426449812948704
0.00426451070234179
0.00426451535895467
0.00426451722159982
0.00426452001556754
0.00426452374085784
0.00426452979445457
0.00426453864201903
0.00426455214619637
0.00426457216963172
0.00426460197195411
0.00426464667543769
0.00426471419632435
0.00426481524482369
0.00426496658474207
0.0042651928961277
0.00426521385088563
0.00426524598151445
0.00426529347896576
0.004265365190804
0.00426547229290009
0.00426563294604421
0.00426569301635027
0.00426578288897872
0.00424601463600993
0.00424621719866991
0.00424629263579845
0.00424640625715256
0.00424657622352242
0.00424683094024658
0.00424692593514919
0.0042470688931644
0.0042273853905499
0.00422746501863003
0.00422758515924215
0.00422776490449905
0.00420813448727131
0.00420853774994612
0.00420868722721934
0.0042089126072824
0.00418936414644122
0.00418987032026052
0.00419005798175931
0.00419034156948328
0.00419076671823859
0.00419140141457319
0.00419164216145873
0.00419200165197253
0.00419213529676199
0.00419233785942197
0.0041924137622118
0.00419252784922719
0.00419269921258092
0.00419295765459538
0.00419305404648185
0.00419319933280349
0.0041932538151741
0.00419327430427074
0.00419328175485134
0.00419328454881907
0.00419328920543194
0.0041932906024158
0.00419329106807709
0.00419329199939966
0.00419329339638352
0.00419329572468996
0.00419329851865768
0.00419330317527056
0.00419331016018987
0.00419332040473819
0.00419333623722196
0.00419335952028632
0.00419339444488287
0.00419344706460834
0.00419352622702718
0.00419364497065544
0.00419382285326719
0.00419409060850739
0.00419418979436159
0.00419422704726458
0.0041942410171032
0.00419424660503864
0.00419425452128053
0.00419425731524825
0.00419425871223211
0.0041942591778934
0.00419425964355469
0.00419426057487726
0.00419426197186112
0.00419426383450627
0.00419426709413528
0.00419427175074816
0.00419427920132875
0.00419428991153836
0.00419430574402213
0.00419432995840907
0.00419436627998948
0.00419442029669881
0.00419450178742409
0.00419462425634265
0.00419480819255114
0.00419487711042166
0.00419498048722744
0.0041951360180974
0.00419536978006363
0.0041957194916904
0.00419585173949599
0.0041960496455431
0.00419634720310569
0.00419645803049207
0.0041966256685555
0.00419668853282928
0.00419678259640932
0.00419692415744066
0.00419713696464896
0.00419745640829206
0.00419793557375669
0.0041981153190136
0.00419818283990026
0.00419828435406089
0.00419832207262516
0.0041983793489635
0.00419846503064036
0.00419859355315566
0.00419878633692861
0.00419885804876685
0.0041988855227828
0.0041989260353148
0.00419898657128215
0.00419907784089446
0.00419921474531293
0.00419941963627934
0.00419949647039175
0.00419961148872972
0.00419978378340602
0.00420004036277533
0.00420041522011161
0.00420055538415909
0.00420076586306095
0.00420107739046216
0.00420154165476561
0.00420223362743855
0.00420326646417379
0.00420480407774448
0.00420538010075688
0.00420539313927293
0.00420541316270828
0.00420544389635324
0.0042054895311594
0.00420555751770735
0.00420566042885184
0.00420581409707665
0.00420587137341499
0.00420595798641443
0.00420599011704326
0.00420603901147842
0.00420611165463924
0.00420622108504176
0.00420638453215361
0.00420644599944353
0.00420653820037842
0.00420667603611946
0.00420688278973103
0.00420696008950472
0.00420707650482655
0.00420712027698755
0.00420713657513261
0.00420716078951955
0.00420717010274529
0.00420717382803559
0.00420717895030975
0.00420718640089035
0.00420719804242253
0.00420721573755145
0.00420724181458354
0.00420728093013167
0.00420734006911516
0.00420742807909846
0.00420756032690406
0.00420775869861245
0.00420805579051375
0.00420850049704313
0.0042091659270227
0.00421015871688724
0.0042116385884583
0.0042117778211832
0.00421182997524738
0.00421190820634365
0.00421202508732677
0.00421220110729337
0.00421226676553488
0.00421229144558311
0.00421232869848609
0.00421238411217928
0.00421246746554971
0.00421259226277471
0.00421260390430689
0.00421262159943581
0.00421264814212918
0.00421268725767732
0.00421274686232209
0.00421283533796668
0.00421296851709485
0.00421301834285259
0.00421309331431985
0.00421320553869009
0.00421337364241481
0.00421362556517124
0.00421400321647525
0.0042141443118453
0.00421435618773103
0.00421443535014987
0.00421455455943942
0.00421473290771246
0.00421500066295266
0.00421510031446815
0.00421525072306395
0.00421547563746572
0.0042158137075603
0.00421593990176916
0.00420181918889284
0.0042021032422781
0.00420220987871289
0.00420236960053444
0.00420238450169563
0.00420240685343742
0.00420244038105011
0.00420249113813043
0.00420256657525897
0.00420268066227436
0.00420285109430552
0.00420291488990188
0.00420301035046577
0.00420304667204618
0.00420310022309422
0.00420312071219087
0.00420315098017454
0.0042031966149807
0.00420326460152864
0.00420336704701185
0.00420352071523666
0.004203577991575
0.00420366460457444
0.00420379405841231
0.00420398823916912
0.00420427927747369
0.0042047156020999
0.00420536892488599
0.0042056143283844
0.00420598173514009
0.00420653214678168
0.00420658430084586
0.00420666160061955
0.00420677755028009
0.00420695170760155
0.00420721294358373
0.00420760456472635
0.00420764088630676
0.00420769629999995
0.00420777872204781
0.00420790258795023
0.00420808838680387
0.00420836638659239
0.00420839246362448
0.00420843157917261
0.00420849025249481
0.00420857826247811
0.00420871004462242
0.00420890795066953
0.00420920411124825
0.00420964742079377
0.00421030912548304
0.00421129819005728
0.00421277107670903
0.0042133224196732
0.00421414617449045
0.00421445537358522
0.00421457132324576
0.00419029593467712
0.00419055623933673
0.00416651554405689
0.00416666176170111
0.00416688108816743
0.00416721031069756
0.00416770251467824
0.00416843825951219
0.00416953628882766
0.00416994793340564
0.00415628496557474
0.00413275556638837
0.00406083418056369
0.00406286213546991
0.00406361976638436
0.00406474759802222
0.00406485330313444
0.00406501209363341
0.00406525004655123
0.00406560581177473
0.0040661389939487
0.00406633876264095
0.0040666377171874
0.00406674994155765
0.00406691804528236
0.00406716950237751
0.00406726403161883
0.00406740512698889
0.00406761700287461
0.00406793411821127
0.00406840816140175
0.00406911596655846
0.0040701711550355
0.004071737639606
0.00402516406029463
0.00402521854266524
0.00402530003339052
0.00400099251419306
0.0040010386146605
0.00400110706686974
0.00400121044367552
0.00400136457756162
0.00400159601122141
0.00397760001942515
0.00397811597213149
0.00397830922156572
0.00397859839722514
0.00397903006523848
0.00397919164970517
0.003979432862252
0.00397952320054173
0.00397965824231505
0.00397985987365246
0.00398016069084406
0.0039802729152143
0.00398044101893902
0.0039805038832128
0.00398059794679284
0.00398073857650161
0.00398094905540347
0.00398126291111112
0.00398173136636615
0.00398242985829711
0.00398269155994058
0.00398308271542192
0.00398366572335362
0.00398388411849737
0.00398396607488394
0.0039840885438025
0.00398413464426994
0.00398420309647918
0.00398422917351127
0.0039842389523983
0.00398425338789821
0.00398425897583365
0.0039842608384788
0.00398426363244653
0.00398426502943039
0.00398426549509168
0.00398426596075296
0.00398426642641425
0.00398426642641425
0.00398426642641425
0.00398426689207554
0.00398426689207554
0.00398426735773683
0.0039842682890594
0.00398426922038198
0.00398427061736584
0.00398427294567227
0.00398427667096257
0.00398428179323673
0.00398428970947862
0.0039843013510108
0.00398431904613972
