0.0
0.0
5.34275386598893e-07
1.83000042852655e-06
2.68594908447994e-06
2.17135925595358e-06
1.52269797126792e-06
1.61893274253089e-06
2.32015304391098e-06
3.46729621014674e-06
4.60738829133334e-06
4.89252215629676e-06
5.181200322113e-06
5.18709111929638e-06
5.19086597705609e-06
5.1944352890132e-06
5.19987816005596e-06
5.20604271514458e-06
5.2071081881877e-06
5.20694629813079e-06
5.2037453315279e-06
5.2014897846675e-06
5.20173080076347e-06
5.2031332415936e-06
5.20586308994098e-06
5.20947060067556e-06
5.21393940289272e-06
5.22129766977741e-06
5.23275912200916e-06
5.25039467902388e-06
5.27668771610479e-06
5.31428531758138e-06
5.35079834662611e-06
5.38706990482751e-06
5.44174054084579e-06
5.5240852816496e-06
5.64757556276163e-06
5.83048813496134e-06
6.09648304816801e-06
6.48519926471636e-06
7.04028889231267e-06
7.23114271750092e-06
7.24531446394394e-06
7.25999780115671e-06
7.27345559425885e-06
7.2822272159101e-06
7.28172017261386e-06
7.27682936485508e-06
7.26358621250256e-06
7.2403945523547e-06
7.20311027180287e-06
7.1470813054475e-06
7.06570881447988e-06
6.94921345711919e-06
6.7867576944991e-06
6.55131452731439e-06
6.38674873698619e-06
6.0073698477936e-06
5.12619817527593e-06
4.13697534895618e-06
3.47679588230676e-06
2.82074825008749e-06
2.1865319013159e-06
1.66224151598726e-06
1.12922896278178e-06
4.97133612498146e-07
3.61875123644495e-07
5.94335006098845e-07
1.13891189812421e-06
1.80885808731546e-06
1.68538144862396e-06
6.01248359544115e-07
2.23259175036183e-10
2.2238753893955e-10
2.2137831845459e-10
2.19934292999824e-10
2.18242438010385e-10
2.16207218795006e-10
2.15513482060281e-10
2.17208404040825e-10
2.1359178314917e-10
1.67704169995453e-10
1.38835748453303e-10
1.13880439800429e-10
1.19453502644973e-10
1.3001721921313e-10
1.17556256395979e-10
1.25932722583322e-10
1.24341370533188e-10
1.21010701459312e-10
1.16374840319899e-10
1.15388462673671e-10
1.03546476948324e-10
1.06466363503088e-10
1.10334130720702e-10
1.174495778411e-10
1.20074214460253e-10
1.26526081278833e-10
1.24232346632169e-10
1.25101998205146e-10
1.22210200292905e-10
1.23081336789177e-10
1.13466624984682e-10
1.07019830497546e-10
8.79957356980654e-11
7.75522562834752e-11
8.85231471459136e-11
8.2847596838409e-11
9.49141598649561e-11
7.24497545290248e-11
8.55552503842283e-11
7.72053809772189e-11
7.8572676143196e-11
7.42349723359403e-11
6.8053354618236e-11
6.4989180703634e-11
5.57026924585813e-11
3.60126026222041e-11
3.01737142216485e-11
2.47580966145078e-11
3.5269346471134e-11
3.08992033348776e-11
2.95810563544219e-11
4.0822758368142e-11
2.19603883688801e-11
2.70890896519882e-11
2.76053624403971e-11
3.83464683617607e-11
2.41574243248222e-11
1.98294870107363e-11
9.97476320291346e-12
0.0
0.0
