-0.000000
0.581862
1.383028
2.176091
3.257216
4.589631
5.065678
5.460631
5.855704
6.483886
7.154590
7.724865
8.158841
8.519540
8.949100
9.723764
9.925881
9.991297
10.078370
10.106970
10.108557
10.091758
10.064225
10.033053
9.982430
9.914819
9.814658
9.662379
9.443997
9.207340
8.807686
7.888587
6.775728
5.846527
4.761102
3.625285
2.415782
0.927397
0.561277
0.009475
0.000100
0.000100
0.000100
0.000101
0.000103
0.000109
0.000104
0.000103
0.000106
0.000112
0.000120
0.000128
0.000130
0.000133
0.000133
0.000135
0.000137
0.000136
0.000134
0.000134
0.000135
0.000139
0.000141
0.000141
0.000142
0.000140
0.000139
0.000137
0.000134
0.000131
0.000130
0.000130
0.000129
0.000127
0.000125
0.000125
0.000121
0.000118
0.000116
0.000115
0.000117
0.000114
0.000111
0.000108
0.000105
0.000102
0.000098
0.000095
0.000091
0.000085
0.000077
0.000068
0.000057
0.000049
0.000043
0.000039
0.000038
0.000035
0.000032
0.000027
0.000023
0.000020
0.000018
0.000016
0.000014
0.000012
0.000010
0.000008
0.000005
-0.000004
-0.000004
