0.0
1.60430540359689e-31
1.67776406101439e-08
2.81420534520294e-06
1.27942748804344e-05
2.59308944805525e-05
4.70110244350508e-05
7.7452976256609e-05
8.60778745845892e-05
9.90540065686218e-05
0.000119487427582499
0.000156157751916908
0.000204146970645525
0.000217569206142798
0.000231425947276875
0.000236732070334256
0.000238737789914012
0.000239491739193909
0.000239774672081694
0.000240199384279549
0.0002403587277513
0.000240597844822332
0.000240599241806194
0.000240601351833902
0.0002406015410088
0.00024060184659902
0.000240601948462427
0.000240601992118172
0.000240601992118172
0.000240602006670088
0.000240602006670088
0.000240602006670088
0.000240602006670088
0.000240602006670088
0.000240602006670088
0.000240602006670088
0.000240602006670088
