-0.0
3.27257028992991e-16
1.19885612548387e-09
-1.68656697496772e-08
3.38777681463398e-08
1.04128048405983e-08
-3.7280005926732e-07
-7.01515091350302e-07
-6.37290213489905e-07
-4.8312904254999e-07
-3.69273038813844e-07
-7.26537109585479e-07
-5.81640051677823e-07
-6.37035554973409e-07
-6.7202199716121e-07
-7.15717760613188e-07
-7.19854142516851e-07
-7.20578100299463e-07
-7.21051037544385e-07
-7.23935954738408e-07
-7.24248820915818e-07
-7.25311110727489e-07
-7.2523471317254e-07
-7.25245627108961e-07
-7.25292920833454e-07
-7.25282006897032e-07
-7.25245627108961e-07
-7.25343852536753e-07
-7.25383870303631e-07
-7.2537295636721e-07
-7.25380232324824e-07
-7.25383870303631e-07
-7.25383870303631e-07
-7.25383870303631e-07
-7.25383870303631e-07
-7.25383870303631e-07
-7.25383870303631e-07
