0.0
7.25408411960417e-35
5.00678652315401e-07
8.6054268422231e-07
1.52774725847848e-06
2.34847448155051e-06
1.68479709827807e-06
2.02235673896212e-06
2.79676623904379e-06
4.01735769628431e-06
6.39058225715416e-06
9.16976841836004e-06
9.38471930567175e-06
7.11963139110594e-06
6.27547842668719e-06
8.41936434881063e-06
1.16488399726222e-05
1.51379217641079e-05
1.69451213878347e-05
1.70304829225643e-05
1.65788533195155e-05
1.62568157975329e-05
1.59759183588903e-05
1.57318900164682e-05
1.5275601981557e-05
1.47813052535639e-05
1.45037638503709e-05
1.40981146614649e-05
1.35532973217778e-05
1.2958540537511e-05
1.24828111438546e-05
1.19998539958033e-05
1.15933817141922e-05
1.12009802251123e-05
1.07761179606314e-05
1.0382107575424e-05
9.96600556391058e-06
9.52430582401576e-06
9.09621758182766e-06
8.74969100550516e-06
8.41707242216216e-06
8.02872182248393e-06
7.66983885114314e-06
7.37379377824254e-06
7.05072989148903e-06
6.75490673529566e-06
6.47156502964208e-06
6.14577538726735e-06
5.67995039091329e-06
5.28357713847072e-06
4.9263703658653e-06
4.56635052614729e-06
4.14305350204813e-06
3.61383172275964e-06
3.21652146340057e-06
2.82305222754076e-06
2.35567949857796e-06
1.9615079054347e-06
1.59159480972448e-06
1.30071441617474e-06
1.06419724943407e-06
8.81727544310706e-07
7.61633771162451e-07
7.32253795376892e-07
7.4635204327933e-07
7.60416071443615e-07
7.6581227403949e-07
7.5709459679274e-07
7.56392068979039e-07
7.51192999359773e-07
7.39438632990641e-07
7.23969208138442e-07
7.10405970494321e-07
6.97437769758835e-07
6.9032057581353e-07
6.80784467022022e-07
6.71757391046413e-07
6.67467361381568e-07
6.75114108616981e-07
6.83801943068829e-07
6.96259007781919e-07
7.1084014052758e-07
7.29848181890702e-07
7.53547965359758e-07
7.54627762944438e-07
7.54721611428977e-07
7.56228018872207e-07
7.51667414533586e-07
7.37463835775998e-07
7.19597949228046e-07
6.98756878136919e-07
6.70950441872264e-07
6.45334978344181e-07
6.37193863894936e-07
6.29781482075487e-07
6.28266263902333e-07
6.34581738268025e-07
6.38300775790412e-07
6.41896519937291e-07
6.44730221210921e-07
6.69846315304312e-07
6.83208895679854e-07
6.9809817659916e-07
7.20598279713158e-07
7.25002905710426e-07
