-0.0
-8.43316378439985e-16
0.00663226051256061
0.0143176931887865
0.0243721101433039
0.039784099906683
0.054059810936451
0.0736340805888176
0.0875832065939903
0.104971043765545
0.126705035567284
0.137396156787872
0.148196831345558
0.163828730583191
0.184909343719482
0.19486278295517
0.202067330479622
0.202928140759468
0.202144026756287
0.199181690812111
0.194321647286415
0.187124252319336
0.178036689758301
0.177168428897858
0.177105665206909
0.176976665854454
0.176870569586754
0.176498532295227
0.17622472345829
0.175810888409615
0.175655856728554
0.175641372799873
0.175619512796402
0.175611302256584
0.175608247518539
0.175603643059731
0.175603181123734
0.175603002309799
0.175602942705154
0.175602898001671
0.175602853298187
0.175602778792381
0.17560276389122
0.17560276389122
0.17560276389122
0.175602734088898
0.175602734088898
0.175602734088898
0.175602734088898
0.175602734088898
0.175602734088898
