0.0
2.12032114088601e-10
2.12650702602346e-10
2.14741585624623e-10
2.15292311755988e-10
2.15326839692054e-10
2.15331225073001e-10
2.15331391606455e-10
2.15331405484243e-10
2.15331405484243e-10
2.15331405484243e-10
2.15331405484243e-10
2.15331405484243e-10
2.15331405484243e-10
2.15331405484243e-10
2.15331405484243e-10
2.15331405484243e-10
2.15331405484243e-10
2.15331405484243e-10
2.15331405484243e-10
2.15331405484243e-10
2.15331405484243e-10
2.15331405484243e-10
2.15331405484243e-10
2.15331405484243e-10
2.15331405484243e-10
2.15331405484243e-10
2.15331405484243e-10
2.15331405484243e-10
2.15331405484243e-10
2.15331405484243e-10
2.15331405484243e-10
2.15331405484243e-10
2.15331405484243e-10
2.15331405484243e-10
2.15331405484243e-10
2.15331405484243e-10
2.15331405484243e-10
2.15331405484243e-10
2.15331405484243e-10
2.15331405484243e-10
2.15331405484243e-10
2.15331405484243e-10
2.15331405484243e-10
2.15331405484243e-10
2.15331405484243e-10
2.15331405484243e-10
2.15331405484243e-10
2.15331405484243e-10
2.15331405484243e-10
2.15331405484243e-10
2.15331405484243e-10
2.15331405484243e-10
2.15331405484243e-10
2.15331405484243e-10
2.15331405484243e-10
2.15331405484243e-10
2.15331405484243e-10
2.15331405484243e-10
2.15331405484243e-10
2.15331405484243e-10
2.15331405484243e-10
2.15331405484243e-10
2.15331405484243e-10
2.15331405484243e-10
2.15331405484243e-10
2.15331405484243e-10
2.15331405484243e-10
2.15331405484243e-10
2.15331405484243e-10
2.15331405484243e-10
2.15331405484243e-10
2.15331405484243e-10
2.15331405484243e-10
2.15331405484243e-10
2.15331405484243e-10
2.15331405484243e-10
2.15331405484243e-10
2.15331405484243e-10
2.15331405484243e-10
2.15331405484243e-10
2.15331405484243e-10
2.15331405484243e-10
2.15331405484243e-10
2.15331405484243e-10
2.15331405484243e-10
2.15331405484243e-10
2.15331405484243e-10
2.15331405484243e-10
