-0.0
-8.05380295787472e-09
-1.02030526250019e-07
-4.84582187709748e-07
-4.72658257422154e-07
-4.38330971519463e-07
-2.90571733785328e-07
9.32691364141647e-08
4.37380185758229e-06
2.83062718153815e-06
8.41484506963752e-07
-2.26503743760986e-06
-8.10627170722e-07
-2.74431113211904e-06
-5.46623368791188e-06
-9.2092514023534e-06
-8.07847209216561e-06
-6.63217952023842e-06
-6.10276993029402e-06
-5.04089757669135e-06
-1.99845862880466e-06
4.73813770440756e-08
1.95230268218438e-06
1.09088762201281e-06
6.93522679284797e-07
1.90567629942962e-06
3.23806580126984e-06
3.99148348151357e-06
5.80792675464181e-06
8.08935692475643e-06
9.41428515943699e-06
1.18591869977536e-05
1.59494902618462e-05
2.01077200472355e-05
2.93162884190679e-05
6.07716283411719e-05
6.7540182499215e-05
7.24796263966709e-05
9.08622751012444e-05
0.000119903656013776
0.000178722228156403
0.000238249529502355
0.000288315408397466
0.000294747878797352
0.000299693085253239
0.000304888497339562
0.000313147727865726
0.000327229470713064
0.000343081133905798
0.000359509693225846
0.000375341332983226
0.000391550915082917
0.000404668040573597
0.000416469090851024
0.000427350314566866
0.000441181182395667
0.000454622058896348
0.000467650505015627
0.000483163486933336
0.000506197975482792
0.000540318782441318
0.000579449639189988
0.000617683748714626
0.000674701237585396
0.000759498798288405
0.000844322668854147
0.000897946476470679
0.000964773702435195
0.00105118588544428
0.00107505626510829
0.00110094563569874
0.00114012230187654
0.00117709371261299
0.00118463207036257
0.00119276286568493
0.00120566680561751
0.00121085252612829
0.00121816736645997
0.00122780434321612
0.00123703118879348
0.00124364567454904
0.00124558445531875
0.00124842952936888
0.00125106063205749
0.00125222280621529
0.00124985084403306
0.00124595803208649
0.00124239944852889
0.00123860954772681
0.00123257667291909
0.0012283535907045
0.00122707115951926
0.00122478173580021
0.00122128578368574
0.00122376088984311
0.00123555248137563
0.00124840787611902
0.00126128038391471
0.00127145962323993
0.00128327019046992
0.00130299502052367
0.00130809203255922
0.00131131487432867
0.00131358252838254
0.00131766812410206
0.00132430566009134
0.00132655387278646
0.00132778903935105
0.00132788741029799
0.00132792198564857
0.00132793909870088
0.001327985082753
0.00132803432643414
0.00132805621251464
0.00132809800561517
0.00132817355915904
0.00132828496862203
0.00132844969630241
0.00132868462242186
0.00132904259953648
0.0013290784554556
0.00132911500986665
0.00132914702408016
0.00132919196039438
0.00132925715297461
0.00132935203146189
0.00132950081024319
0.00132955762092024
0.00132961384952068
0.00132966716773808
0.00132972234860063
0.00132980011403561
0.00132983247749507
0.00132987601682544
0.00132994109299034
0.00133003457449377
0.00133017683401704
0.00133022700902075
0.00133027578704059
0.0013303232844919
0.00133036891929805
0.0013304406311363
0.00133046589326113
0.00133043702226132
0.00133033853489906
0.00133016135077924
0.00133008614648134
0.00132998486515135
0.00132988521363586
0.00132983829826117
0.00132984772790223
0.00132988393306732
0.00132991152349859
0.00132991804275662
0.00132992258295417
0.00132992723956704
0.00132993387524039
0.00132994365412742
0.00132788135670125
0.00132744130678475
0.00132716225925833
0.00132697308436036
0.00132691068574786
0.00132696377113461
0.00132698158267885
0.00132700731046498
0.0013270421186462
0.00132710835896432
0.00132713210768998
0.00132715760264546
0.00132718437816948
0.00132721045520157
0.00132725480943918
0.0013272698270157
0.00132729427423328
0.00132731674239039
0.00132732884958386
0.00132733350619674
0.00132734118960798
0.00132734794169664
0.00132735923398286
0.00132737355306745
0.00132739101536572
0.00132740684784949
0.00132743071299046
0.00132747041061521
0.00132754095830023
0.0013276704121381
0.00132790266070515
0.00132806703913957
0.0013281733263284
0.00132828252390027
0.00132839498110116
0.00132857530843467
0.0013288581976667
0.0013289893977344
0.0013291792711243
0.00132937310263515
0.00132957065943629
0.00132965052034706
0.00132976949680597
0.00132994970772415
0.00133023282978684
0.00133067450951785
0.00133086706046015
0.00133115169592202
0.0013315899996087
0.00133176182862371
0.00133202795404941
0.00133229710627347
0.00133257533889264
0.00133303098846227
0.00133378128521144
0.00133410678245127
0.00133441819343716
0.00133472983725369
0.00133520772214979
0.00133593671489507
0.00133623590227216
0.00133667839691043
0.00133712345268577
0.00133757898584008
0.00133775488939136
0.00133801891934127
0.00133841624483466
0.00133901904337108
0.00133993814233691
0.00134136981796473
0.00134357670322061
0.00134388729929924
0.00134413875639439
0.00134438264649361
0.00134474039077759
0.00134526833426207
0.00134605611674488
0.0013472312130034
0.00134902633726597
0.00134975311812013
0.00135028769727796
0.00135082239285111
0.00135135732125491
0.00135216512717307
0.0013533781748265
0.00135385547764599
0.00135455862618983
0.00135526119265705
0.00135596178006381
0.00135623139794916
0.00135663244873285
0.00135722826234996
0.00135811697691679
0.00135944108478725
0.00136143574491143
0.00136225065216422
0.00136303179897368
0.00136380363255739
0.00136454903986305
0.00136564171407372
0.00136606337036937
0.00136669212952256
0.00136726070195436
0.001367739867419
0.00136840809136629
0.00136951787862927
0.00137123372405767
0.00137195491697639
0.00137247331440449
0.00137298763729632
0.00137349939905107
0.00137426110450178
0.00137540907599032
0.0013771242229268
0.0013799675507471
0.00138289865572006
0.0013836674625054
0.00138446106575429
0.00138525455258787
0.00138605432584882
0.00138726329896599
0.00138910848181695
0.00139193411450833
0.00139333715196699
0.0013946999097243
0.0013960258802399
0.0013964845566079
0.00139720411971211
0.00139829993713647
0.00139998330269009
0.00140258332248777
0.00140684249345213
0.00140910129994154
0.00141131062991917
0.00141347991302609
0.00141679076477885
0.00142192142084241
0.0014247102662921
0.00142902135848999
0.00143573246896267
0.00145014375448227
0.00145578500814736
0.00146176398266107
0.00146897707600147
0.00147794943768531
0.00149012065958232
0.00150974455755204
0.00153683952521533
0.00154301687143743
0.00154979398939759
0.00156273588072509
0.00159682088997215
0.00164043111726642
0.00167592661455274
0.00170303625054657
0.00172121298965067
0.00173938891384751
0.00175968103576452
0.00177490257192403
0.00178279809188098
0.00178670103196055
0.00178889045491815
0.00179012038279325
0.0017910796450451
0.0017919692909345
0.001792261027731
0.00179255520924926
0.0017928775632754
0.00179333810228854
0.00179493194445968
0.00179696991108358
0.00179803918581456
0.00179820682387799
0.0017981962300837
0.00179821718484163
0.00179823837243021
0.00179826014209539
0.00179829308763146
0.00179830333217978
0.00179831963032484
0.00179834279697388
0.0017983514117077
0.00179836351890117
0.0017983807483688
0.00179840333294123
0.00179841078352183
0.00179842114448547
0.00179843488149345
0.00179845152888447
0.00179845688398927
0.00179846200626343
0.00179846840910614
0.0017984724836424
0.00179847457911819
0.00179847655817866
0.001798479934223
0.00179848237894475
0.00179848272819072
0.00179848284460604
0.00179848133120686
0.00179848051629961
0.00179847946856171
0.0017984762089327
0.00179846899118274
0.00179846398532391
0.00179845653474331
0.00179844815284014
0.00179843860678375
0.00179842452052981
0.00179839599877596
0.00179838296025991
0.00179836805909872
0.0017983524594456
0.0017983359284699
0.00179830961860716
0.00179829972330481
0.00179828424006701
0.00179825839586556
0.00179822032805532
0.00179820216726512
0.00179817713797092
0.00179815292358398
0.00179812603164464
0.00179808458779007
0.00179802172351629
0.00179799110628664
0.00179796351585537
0.00179793662391603
0.00179789296817034
0.00179784849751741
0.00179780437611043
0.00179775676224381
0.00179770821705461
0.00179766106884927
0.0017976111266762
0.00179756083525717
0.00179751124233007
0.00179745862260461
0.00179740518797189
0.00179735175333917
0.00179729901719838
0.00179724826011807
0.00179721042513847
0.00179717235732824
0.00179711426608264
0.00179709226358682
0.00179705827031285
0.00179700797889382
0.00179698795545846
0.00179695803672075
0.00179691368248314
0.00179689610376954
0.00179687014315277
0.00179683114401996
0.00179677072446793
0.00179672555532306
0.00179667817428708
0.00179660506546497
0.00179649877827615
0.00179645232856274
0.00179640983697027
0.00179636653047055
0.00179632334038615
0.00179630622733384
0.00179628131445497
0.00179624324664474
0.00179618608672172
0.00179609912447631
0.00179606222081929
0.00179600971750915
0.00179595779627562
0.00179590366315097
0.00179588398896158
0.00179585302248597
0.00179580680560321
0.00179573625791818
0.00179562822449952
0.00179558631498367
0.00179552217014134
0.0017954574432224
0.00179539271630347
0.00179536687210202
0.00179532903712243
0.00179527222644538
0.00179518491495401
0.00179511867463589
0.00179505185224116
0.00179495010524988
0.00179491052404046
0.00179485126864165
0.00179476162884384
0.00179472623858601
0.00179467455018312
0.00179459585342556
0.00179456640034914
0.00179452274460346
0.00179445638787001
0.00179435778409243
0.00179431890137494
0.00179426115937531
0.00179417501203716
0.00179408874828368
0.00179399934131652
0.00179390946868807
0.00179381738416851
0.00179372425191104
0.00179363007191569
0.00179353333078325
0.00179343670606613
0.00179333798587322
0.00179323845077306
0.00179313705302775
0.00179303542245179
0.00179293123073876
0.00179282750468701
0.00179272179957479
0.00179261656012386
0.00179250934161246
0.00179240247234702
0.00179229571949691
0.00179218652192503
0.00179214496165514
0.00179208326153457
0.00179198896512389
0.00179195392411202
0.00179190072230995
0.00179182062856853
0.00179170013871044
0.00179165310692042
0.00179158325772732
0.00179147976450622
0.00179143936838955
0.00179137988016009
0.00179128989111632
0.00179125659633428
0.001791205490008
0.0017911281902343
0.00179101258981973
0.00179096788633615
0.00179090106394142
0.00179080083034933
0.00179064832627773
0.00179059046786278
