0.0
-5.0598989621629e-19
4.48959463028586e-06
1.85835251613753e-05
2.36606647376902e-05
3.21054212690797e-05
4.77680332551245e-05
8.19946653791703e-05
0.000139444382512011
0.000217017091927119
0.000315430341288447
0.000433783512562513
0.000574914971366525
0.000736054033041
0.000910457514692098
0.00109874166082591
0.00130432494916022
0.00152019655797631
0.00173850904684514
0.00179310503881425
0.00184728903695941
0.00192769465502352
0.00204634014517069
0.00221963366493583
0.00241855601780117
0.00261054211296141
0.00279390928335488
0.00296823610551655
0.0031354445964098
0.00329548818990588
0.00344706606119871
0.0035897926427424
0.0037234709598124
0.00384857621975243
0.00396501179784536
0.00407280027866364
0.0041722608730197
0.00426363898441195
0.00434716092422605
0.00442320154979825
0.00449215620756149
0.0045541818253696
0.00460895523428917
0.00465599820017815
0.00469493819400668
0.00472583062946796
0.00474863639101386
0.0047668325714767
0.00478456215932965
0.00480221631005406
0.00481989746913314
0.00483770063146949
0.00485578598454595
0.0048742163926363
0.00489269709214568
0.00491095520555973
0.00492857722565532
0.00494556361809373
0.00496231392025948
0.00497879507020116
0.00499517191201448
0.00501181883737445
0.00502883223816752
0.00504630338400602
0.00506422342732549
0.00508249271661043
0.00510102370753884
0.0051197474822402
0.0051383338868618
0.00515638059005141
0.00517392437905073
0.00519079016521573
0.00520719448104501
0.00522352335974574
0.00523963011801243
0.0052556237205863
0.00525963958352804
0.00526566943153739
0.00527470372617245
0.00528819998726249
0.00530431000515819
0.00532067008316517
0.00533720897510648
0.00535406777635217
0.00537137873470783
0.00538914278149605
0.00539365597069263
0.00540051655843854
0.00540312984958291
0.00540710333734751
0.0054111098870635
0.00541512249037623
0.00542112067341805
0.00543000688776374
0.00544305145740509
0.00544755253940821
0.00545424595475197
0.0054641361348331
0.00547847989946604
0.0054947305470705
0.0055104005150497
0.00552558898925781
0.00554047198966146
0.0055554062128067
0.00557052809745073
0.00558575475588441
0.00560108153149486
0.00561643484979868
0.00563167734071612
0.0056468234397471
0.0056618838571012
0.00567734474316239
0.0056934948079288
0.00571013381704688
0.00572735164314508
0.00573056284338236
0.00573548628017306
0.00574046326801181
