0.0
0.00120000005699694
0.00240000011399388
0.00359999993816018
0.00389999989420176
0.00435000006109476
0.00502499984577298
0.00603750022128224
0.00723750004544854
0.00843750033527613
0.00963750015944242
0.0108374999836087
0.012037499807775
0.0132374996319413
0.0144375003874302
0.0156375002115965
0.0168375000357628
0.0180374998599291
0.0192374996840954
0.0195374991744757
0.0198375005275011
0.0202875006943941
0.0209624990820885
0.0219749994575977
0.023174999281764
0.0243749991059303
0.0255750007927418
0.0267750006169081
0.0279750004410744
0.0291750002652407
0.030375000089407
0.0315750017762184
0.0327749997377396
0.033975001424551
0.0351749993860722
0.0363750010728836
0.0375749990344048
0.0387750007212162
0.0399749986827374
0.0411750003695488
0.0423749983310699
0.0435750000178814
0.0447750017046928
0.045974999666214
0.0471750013530254
0.0483749993145466
0.049575001001358
0.0507749989628792
0.0519750006496906
0.0531749986112118
0.0543750002980232
0.0555749982595444
0.0567749999463558
0.0579750016331673
0.0591749995946884
0.0603750012814999
0.061574999243021
0.0627750009298325
0.0639749988913536
0.0651749968528748
0.0663750022649765
0.0675750002264977
0.0687749981880188
0.0699750036001205
0.0711750015616417
0.0723749995231628
0.073574997484684
0.0747750028967857
0.0759750008583069
0.077174998819828
0.0783749967813492
0.0795750021934509
0.0807750001549721
0.0819749981164932
0.083175003528595
0.0843750014901161
0.0846749991178513
0.0851249992847443
0.0857999995350838
0.0868125036358833
0.0880125015974045
0.0892124995589256
0.0904124975204468
0.0916125029325485
0.0928125008940697
0.0940124988555908
0.094312496483326
0.094762496650219
0.0949312523007393
0.0951843783259392
0.0954374969005585
0.0956906229257584
0.0960703119635582
0.0966398417949677
0.0974941402673721
0.0977941378951073
0.0982441380620003
0.0989191383123398
0.0999316424131393
0.10113164037466
0.102331638336182
0.103531643748283
0.104731641709805
0.105931639671326
0.107131637632847
0.108331643044949
0.10953164100647
0.110731638967991
0.111931636929512
0.113131642341614
0.114331640303135
0.115531638264656
0.116731643676758
0.117931641638279
0.1191316395998
0.119348727166653
0.119674362242222
0.119999997317791
