0.0
2.42565299443664e-12
8.62234762755154e-12
9.01498320438066e-12
9.39919583137216e-12
9.56216442832281e-12
9.70170731945386e-12
9.76729721408054e-12
9.83382993091642e-12
1.17809824395909e-11
1.4724598276783e-11
1.52352713778114e-11
1.56049131949665e-11
1.73625922667009e-11
2.05744744158354e-11
2.84167533254331e-11
3.90474839961907e-11
5.05706310161003e-11
5.45166897736316e-11
6.08735978291364e-11
6.94531862577286e-11
8.18311529648952e-11
1.02437280879997e-10
1.11618679576875e-10
1.28627039575058e-10
1.56051546684743e-10
1.93653593161258e-10
2.05503530859019e-10
2.2556535805851e-10
2.78458950342397e-10
3.44309081246053e-10
3.96290666948573e-10
4.6797055119896e-10
6.21611428996971e-10
9.56297596665934e-10
1.51621037947081e-09
2.06022243709469e-09
2.55129317672242e-09
3.0949078855258e-09
3.80409215239297e-09
4.53268711453347e-09
5.43300160416038e-09
6.88052237407533e-09
7.61258878156923e-09
8.64700577807298e-09
1.02267661006294e-08
1.50433461243438e-08
1.80914181413527e-08
2.29076579927323e-08
2.59586894202357e-08
3.33966596599566e-08
5.72011309429854e-08
9.50062997162604e-08
1.37705384872788e-07
1.97559330672448e-07
2.56935919651369e-07
2.8918546490786e-07
3.15428991370936e-07
3.29426910639086e-07
3.33735044932837e-07
3.39151739581212e-07
3.46352976521302e-07
3.48512429582115e-07
3.50970253748528e-07
3.55746720970274e-07
3.63903353672868e-07
3.93216907923488e-07
5.0682012897596e-07
5.88777425036824e-07
6.41675796941854e-07
6.9127662527535e-07
7.24316066680331e-07
7.40658379072556e-07
7.51369896079268e-07
7.53945414544432e-07
7.56661222567345e-07
7.61555554618099e-07
7.68601807976665e-07
7.87349165420892e-07
8.34319394016347e-07
9.11131053271674e-07
9.64799028224661e-07
1.00380043477344e-06
1.04367950370943e-06
1.07581126940204e-06
1.09459574559878e-06
1.10214739379444e-06
1.10557255084132e-06
1.10739472347632e-06
1.10855557977629e-06
1.10940209196997e-06
1.11041356376518e-06
1.11168344574253e-06
1.11341194042325e-06
1.11587382889411e-06
1.11944598302216e-06
1.12457428258494e-06
1.13238650101266e-06
1.14543956897251e-06
1.16527485261031e-06
1.19169976642297e-06
1.22363633181521e-06
1.26203406125569e-06
1.30731780245696e-06
1.35893844799284e-06
1.40312295116019e-06
1.43325621593249e-06
1.45285105190851e-06
1.46385912103142e-06
1.47118339555163e-06
1.47344701417751e-06
1.46497563946468e-06
1.44658054068714e-06
1.42436829264625e-06
1.40110705615371e-06
1.37798008381651e-06
1.3567629366662e-06
1.34101424009714e-06
1.33040452965361e-06
1.31994215735176e-06
1.30813418763864e-06
1.29606962673279e-06
1.28490046336083e-06
1.27319776765944e-06
1.26132181321736e-06
1.25119288441056e-06
1.24194593809079e-06
1.23179154343234e-06
1.22106450817228e-06
1.20935374070541e-06
1.19740752779762e-06
1.18557795758534e-06
1.17326919735206e-06
1.16017770324106e-06
1.14617421331786e-06
1.13114936084457e-06
1.13004693957919e-06
1.1283269714113e-06
1.12815212105488e-06
1.1281301794952e-06
1.12812199404289e-06
1.12810982955125e-06
1.13196983875241e-06
1.14252156890871e-06
1.14819113150588e-06
1.15083059881727e-06
1.15107718556828e-06
1.15101795472583e-06
1.15100806397095e-06
1.15100442599214e-06
1.15099931008444e-06
1.15099749109504e-06
1.15099680897401e-06
1.15099658160034e-06
1.15099612685299e-06
1.15099601316615e-06
1.15099589947931e-06
1.15099589947931e-06
1.15099578579247e-06
1.15099578579247e-06
1.15099578579247e-06
1.15099578579247e-06
1.15099578579247e-06
1.15099578579247e-06
1.15099578579247e-06
1.15099578579247e-06
1.15099578579247e-06
1.15099578579247e-06
1.15099578579247e-06
1.15099578579247e-06
1.15099578579247e-06
1.15099578579247e-06
1.15099578579247e-06
1.15099578579247e-06
1.15099578579247e-06
1.15099578579247e-06
1.15099578579247e-06
