0.0
0.0
1.32579586420434e-07
1.8368832854776e-07
7.41969586215419e-07
7.41969586215419e-07
1.20647393941908e-06
2.17004912883567e-06
2.8139963887952e-06
4.43489079771098e-06
1.3021433915128e-05
2.80994008790003e-05
5.72245553485118e-05
7.98915862105787e-05
0.000105143648397643
0.000125680700875819
0.000138632618472911
0.000141576296300627
0.000144266101415269
0.000147004815516993
0.00014964395086281
0.000152360298670828
0.00015657527546864
0.00015659790369682
0.000156617985339835
0.000156638721819036
0.000156670022988692
0.000156715585035272
0.000156781577970833
0.000156848414917476
0.000156913476530463
0.000156977330334485
0.000157040150952525
0.000157102040247992
0.000157163027324714
0.000157222573761828
0.00015728097059764
0.00015733802865725
0.000157392874825746
0.000157445159857161
0.000157494388986379
0.000157539310748689
0.000157578688231297
0.000157612244947813
0.000157640010002069
0.000157663773279637
0.000157684175064787
0.000157702408614568
0.000157719943672419
0.000157740534632467
0.000157759117428213
0.000157778515131213
0.000157804330228828
0.000157829068484716
0.000157851740368642
0.000157877599122003
0.000157917631440796
0.00015798608365003
0.000158037277287804
0.000158050519530661
0.00015806351439096
0.000158074763021432
0.000158086069859564
0.000158106107846834
0.000158116599777713
0.000158125039888546
0.00015813454228919
0.000158144539454952
0.000158155482495204
0.000158174399985
0.000158206996275112
0.000158259965246543
0.00015835469821468
0.00015850699855946
0.000158776587340981
0.000159188013640232
0.000159862960572354
0.000160969138960354
0.000162051699589938
0.000163040749612264
0.00016375225095544
0.000163979057106189
0.000164225784828886
0.000164233148097992
0.000164233148097992
0.000164233148097992
0.000164233148097992
0.000164233148097992
0.000164233148097992
0.000164233148097992
0.000164233148097992
0.000164233148097992
0.000164233148097992
0.000164233148097992
0.000164233148097992
0.000164233148097992
0.000164233148097992
0.000164233148097992
0.000164233148097992
0.000164233148097992
0.000164233148097992
0.000164233148097992
0.000164233148097992
0.000164233148097992
0.000164233148097992
0.000164233148097992
0.000164233148097992
0.000164233148097992
0.000164233148097992
0.000164233148097992
0.000164233148097992
0.000164233148097992
0.000164233148097992
0.000164233148097992
0.000164233148097992
0.000164233148097992
0.000164233148097992
0.000164233148097992
0.000164261975442059
0.000164466793648899
0.000164661803864874
0.000164826953550801
0.000165135788847692
0.00016830864478834
0.000168708458659239
0.000168726604897529
0.000168728554854169
0.000168731436133385
0.00016873562708497
0.00016875249275472
0.000168764556292444
0.000168772778124548
0.000168777216458693
0.00016877862799447
0.00016878054884728
0.000168781247339211
0.000168781305546872
0.000168781334650703
0.000168781378306448
0.000168781378306448
0.000168781378306448
0.000168781378306448
0.000168781378306448
0.000168781378306448
0.000168781378306448
0.000168781378306448
0.000168781378306448
0.000168781378306448
0.000168781378306448
0.000168781378306448
0.000168781378306448
0.000168781378306448
0.000168781378306448
0.000168781378306448
0.000168781378306448
0.000168781378306448
0.000168781378306448
0.000168781378306448
0.000168781378306448
0.000168781378306448
0.000168781378306448
0.000168781378306448
0.000168781378306448
0.000168781378306448
0.000168781378306448
0.000168781378306448
0.000168781378306448
0.000168781378306448
0.000168781378306448
0.000168781378306448
0.000168781378306448
0.000168781378306448
0.000168781378306448
0.000168781378306448
0.000168781378306448
0.000168781378306448
0.000168781378306448
0.000168781378306448
0.000168781378306448
0.000168781378306448
0.000168781378306448
