0.0
0.0
3.21835500471934e-07
9.01490295746044e-07
9.83544964583416e-07
1.11293684312841e-06
1.24873895401834e-06
1.39116002628725e-06
1.66174379501172e-06
1.8545296143202e-06
1.94632957573049e-06
1.97117924471968e-06
1.99163605429931e-06
2.01558691514947e-06
2.03148806576792e-06
2.03324589165277e-06
2.04906245926395e-06
2.06439403882541e-06
2.06929189516813e-06
2.07451967071393e-06
2.10544408218993e-06
2.12825443668407e-06
2.12825443668407e-06
2.13460975828639e-06
2.14652618524269e-06
2.50667517320835e-06
3.03775959764607e-06
3.79724929189251e-06
4.74305170428124e-06
5.79572451897548e-06
6.95848939358257e-06
8.23879054223653e-06
9.61744353844551e-06
1.11932949948823e-05
1.27376097225351e-05
1.41929403980612e-05
1.57714057422709e-05
1.74525011971127e-05
2.01169386855327e-05
2.28934623009991e-05
2.59674307017121e-05
2.91501819447149e-05
3.25988476106431e-05
3.61312704626471e-05
3.99715172534343e-05
4.6579592890339e-05
4.93432598887011e-05
5.38146960025188e-05
5.50185650354251e-05
5.62875575269572e-05
5.83201763220131e-05
5.91338175581768e-05
6.05429486313369e-05
6.27717599854805e-05
6.30392314633355e-05
6.32232477073558e-05
6.33988529443741e-05
6.35740580037236e-05
6.37467601336539e-05
6.40081998426467e-05
6.4276420744136e-05
6.45441032247618e-05
6.4820829720702e-05
6.50982474326156e-05
6.53874085401185e-05
6.56843403703533e-05
6.59782308503054e-05
6.62762467982247e-05
6.65799234411679e-05
6.68795328238048e-05
6.69970686431043e-05
6.71726302243769e-05
6.7447435867507e-05
6.77237621857785e-05
6.80104349157773e-05
6.84480255586095e-05
6.87867723172531e-05
6.91305540385656e-05
6.94794580340385e-05
6.96135175530799e-05
6.9812944275327e-05
7.01257085893303e-05
7.04423291608691e-05
7.07654107827693e-05
7.08896041032858e-05
7.10802341927774e-05
7.13749686838128e-05
7.18314986443147e-05
7.21747710485943e-05
7.25220015738159e-05
7.30523897800595e-05
7.32566986698657e-05
7.35771827748977e-05
7.39155075279996e-05
7.42792326491326e-05
7.4372197559569e-05
7.44666758691892e-05
7.46152654755861e-05
7.48494494473562e-05
7.50911131035537e-05
7.53465719753876e-05
7.56147419451736e-05
7.5899952207692e-05
7.61973642511293e-05
7.65121149015613e-05
7.70294354879297e-05
7.75925363996066e-05
7.82067145337351e-05
7.88816687418148e-05
7.99838089733385e-05
8.11796198831871e-05
8.24908565846272e-05
8.38921623653732e-05
8.61796506796964e-05
9.01864186744206e-05
9.7414776973892e-05
0.000106374311144464
0.000108957283373456
0.000111707217001822
0.000114690308691934
0.000117964707897045
0.000121562770800665
0.000125551436212845
0.000130338128656149
0.000135859969304875
0.000146795006003231
0.00017804530216381
0.000199014553800225
0.000209332181839272
0.000234458595514297
0.000280535401543602
0.000280876032775268
0.000280986278085038
0.000281077140243724
0.000281192391412333
0.000281360233202577
0.000281611864920706
0.000281989341601729
0.00028255523648113
0.000283403234789148
0.000284673471469432
0.00028656967333518
0.000289342016912997
0.000293464225251228
0.000299662991892546
0.0003089168749284
0.000322786450851709
0.000336646160576493
0.000350513815646991
0.000364386185538024
0.00037828556378372
0.000392202200600877
0.00040614913450554
0.000420114491134882
0.000434087938629091
0.000448060047347099
0.000462018884718418
0.000475961394840851
0.000489894009660929
0.000503822695463896
0.000517772859893739
0.000531742232851684
0.000545744434930384
0.000559764099307358
0.000573799887206405
0.000587841146625578
0.00060187338385731
0.000615898636169732
0.000629910558927804
0.000643926032353193
0.000657945347484201
0.000671980320475996
0.00068602740066126
0.000700089440215379
0.00071415799902752
0.000728229060769081
0.000742308737244457
0.000756382709369063
0.000770453189034015
0.000784512958489358
0.000798562308773398
0.000812609156128019
0.000826651288662106
0.000840688240714371
0.000854720070492476
0.000868747592903674
0.000882778142113239
0.000896814744919538
0.00091086229076609
0.000924924679566175
0.000939005694817752
0.000953104172367603
0.00096722156740725
0.000981345889158547
0.000995477195829153
0.00100960407871753
0.00102372129913419
0.00103782315272838
0.00105190032627434
0.00106596923433244
0.00108005071524531
0.00109406770206988
0.00110811926424503
0.00112217152491212
0.00113621959462762
0.00115026172716171
0.00116429326590151
0.00117831188254058
0.00119230849668384
0.00120628380682319
0.00122022873256356
0.00123414979316294
0.00124804279766977
0.00126191752497107
0.0012757737422362
0.00128962029702961
0.00130345288198441
0.00131727871485054
0.00133110175374895
0.00133431411813945
