-0.0
-1.07080389797006e-16
8.67754579303437e-09
2.91695414489368e-08
4.7606249609089e-08
-8.88687736733118e-08
-7.65325012253015e-08
-1.2432042240107e-07
-1.58589500642847e-07
2.19661615119549e-07
2.98736267723143e-07
4.05188075092155e-07
1.49078914546408e-07
5.99929990130477e-08
1.15333023131825e-08
5.88925104239024e-08
4.23415258410387e-08
2.86136128124781e-08
2.52151949098334e-07
2.57674400927499e-07
3.55190422851592e-07
2.98213763016975e-07
1.35753680297057e-07
-5.65679521002949e-08
-6.81617962072778e-08
-5.61006459065538e-08
-5.50455894199331e-08
-2.99243083645706e-08
-5.41761835393118e-09
-3.72253197156169e-08
-3.28208784594608e-08
-6.78817144716959e-08
-6.81482674735889e-08
-4.61751596958493e-08
-1.97606482288393e-08
8.80166339811694e-09
-1.58689772433718e-09
-3.79701816655142e-08
-1.4405259207706e-08
-6.01618808104831e-08
-2.14554063404648e-08
2.6258533125656e-09
-1.9204549062124e-09
-5.90659681165562e-08
-3.7868801427976e-08
-1.17169633995218e-08
-8.56368558288523e-08
-3.14225871989038e-08
-2.46802187575668e-08
2.21099298869376e-08
-3.81745053346094e-08
-4.42092300545482e-08
-1.20314780360786e-08
-2.71360818260291e-08
-4.63603555544978e-09
-6.10511392551416e-08
-3.08117478198255e-08
-6.08451955486089e-10
-4.71630414722313e-08
1.23267227536417e-08
-4.72141437057871e-09
-1.12423265363759e-07
8.69462724040204e-09
-4.50922925665509e-08
-2.73092553015886e-08
1.80241954694793e-09
2.50151970249135e-08
-4.32038405051571e-10
1.11698739146959e-08
-2.66554138761421e-08
-1.66704410275997e-08
-5.74758303173439e-08
-2.24455618536012e-08
-2.90147568193788e-08
-2.68520352619817e-08
-5.74630121263908e-10
3.54891369624966e-08
2.11965982543916e-08
-1.99889882424031e-09
-8.52973300879967e-08
9.32968191591499e-09
-4.66654341835238e-08
-4.47737988906738e-08
-8.53157189339981e-09
-3.36083871843584e-09
-1.14768255343733e-07
1.19363221529056e-08
2.23714380354068e-08
2.51739606937917e-08
-3.94814492210571e-09
-1.76243020177935e-08
-1.85463022717158e-08
-8.14756617728563e-09
-1.90545108580409e-08
1.30362707295717e-08
-1.18332906140495e-07
-4.81631445836683e-09
-4.52171491360787e-08
-5.28274313182919e-10
-8.92379148353939e-09
3.86117449124868e-09
-5.90284798818175e-09
-1.62567062034213e-08
-8.36496383271879e-09
-9.70621272244898e-09
-1.18376419777633e-09
-1.18110392577364e-07
-3.70239092717384e-08
-6.74128841637867e-08
-3.87907732601889e-08
-4.49963692972233e-08
-3.86054352929932e-08
-3.59962939455727e-08
-3.42210739745497e-08
