0.0
3.35372504878251e-07
9.02850274542288e-07
1.8752750747808e-06
3.14365911435743e-06
6.07143783781794e-06
1.13488922579563e-05
2.25235835387139e-05
4.20793548983056e-05
7.8951743489597e-05
0.000150763866258785
0.000264184956904501
0.000377526419470087
0.000501078204251826
0.000652051938232034
0.000803636270575225
0.000954798655584455
0.00110846979077905
0.00126605748664588
0.00141497887670994
0.0015606414526701
0.00170815957244486
0.00185996468644589
0.00201247911900282
0.00215890910476446
0.00229914113879204
0.00243503972887993
0.00256682722829282
0.00269684940576553
0.00282443594187498
0.00294837704859674
0.00307234935462475
0.00319266668520868
0.00331159261986613
0.00342761469073594
0.00353827164508402
0.00365171558223665
0.00375807611271739
0.00386627693660557
0.00396842323243618
0.00406934600323439
0.00416707992553711
0.00426546484231949
0.00435887277126312
0.00445439061149955
0.00454384554177523
0.00463369395583868
0.00471764151006937
0.00480422331020236
0.00488455174490809
0.00496676983311772
0.00504450965672731
0.00512066436931491
0.00519181368872523
0.0052650892175734
0.00533489882946014
0.00540375849232078
0.00547157926484942
0.00553527614101768
0.00559823913499713
0.00565712200477719
0.00571544468402863
0.00577527610585093
0.00582729000598192
0.00588377518579364
0.00593272410333157
0.00598027044907212
0.00602941913530231
0.00606928719207644
0.00612055836245418
0.00615868763998151
0.00619657803326845
0.00624194974079728
0.00627134507521987
0.0063173733651638
0.00634091254323721
0.00637044478207827
0.0064164069481194
0.00643099285662174
0.00646105362102389
0.00649648439139128
0.00650988006964326
0.00653942255303264
0.00655909581109881
0.00656359596177936
0.00659404275938869
0.00661283312365413
0.00661045080050826
0.00663646915927529
0.00665097031742334
0.00665231142193079
0.00667413324117661
0.00667333137243986
0.00666589289903641
0.00668232282623649
0.00669513968750834
0.00667985435575247
0.00668032513931394
0.0066832541488111
0.00669839791953564
0.00668198429048061
