0.0
0.0
1.23415634334378e-06
1.70676594279939e-06
1.89170589237619e-06
2.78075799542421e-06
3.72098884326988e-06
4.56778752777609e-06
4.7243588596757e-06
4.74965509056346e-06
4.86026010548812e-06
5.21444781043101e-06
5.71607279198361e-06
7.00889722793363e-06
8.70078929438023e-06
8.40195298223989e-06
8.6198770077317e-06
8.74726538313553e-06
8.95422544999747e-06
9.21422270039329e-06
9.55232462729327e-06
9.90087846730603e-06
1.02771737147123e-05
1.03754109659349e-05
1.04754326457623e-05
1.05763538158499e-05
1.05855133369914e-05
1.05923036244349e-05
1.05990320662386e-05
1.06090828921879e-05
1.06240831883042e-05
1.06459119706415e-05
1.06617571873358e-05
1.06732150015887e-05
1.0681469575502e-05
1.0687273061194e-05
1.06923653220292e-05
1.0695244782255e-05
1.06960051198257e-05
1.06971310742665e-05
1.06990773929283e-05
1.07016112451674e-05
1.07045016193297e-05
1.07087462311029e-05
1.07148953247815e-05
1.0724027561082e-05
1.07336509245215e-05
1.07345877040643e-05
1.07349087556941e-05
1.07331588878878e-05
1.07287396531319e-05
1.07203404695611e-05
1.0704915439419e-05
1.068216170097e-05
1.06445659184828e-05
1.0601909707475e-05
1.05515919130994e-05
1.04917253338499e-05
1.04311757240794e-05
1.03807196865091e-05
1.03370102806366e-05
1.02961366792442e-05
1.02555795820081e-05
1.02178746601567e-05
1.01994355645729e-05
1.0192649824603e-05
1.01940986496629e-05
1.01987343441579e-05
1.02077656265465e-05
1.0222692253592e-05
1.02450476333615e-05
1.02793574114912e-05
1.03332649814547e-05
1.04105674836319e-05
1.05223243735963e-05
1.0699828635552e-05
1.09207912828424e-05
1.12441812234465e-05
1.17098979899311e-05
1.18864390969975e-05
1.21367293104413e-05
1.21580087579787e-05
1.21781986308633e-05
1.21931198009406e-05
1.22031633509323e-05
1.22073479360552e-05
1.22077626656392e-05
1.22077999549219e-05
1.22071242003585e-05
1.22051751532126e-05
1.22015162560274e-05
1.21957045848831e-05
1.21860248327721e-05
1.21705306810327e-05
1.21449957077857e-05
1.21103739729733e-05
1.20859467642731e-05
1.20715858429321e-05
1.20624481496634e-05
1.20568347483641e-05
1.20533850349602e-05
1.20516397146275e-05
1.20511849672766e-05
1.205291300721e-05
1.2057533240295e-05
1.20617933134781e-05
1.20620352390688e-05
1.20610930025578e-05
1.20590048027225e-05
1.20544173114467e-05
1.20473605420557e-05
1.20398226499674e-05
1.20326440082863e-05
1.20263457574765e-05
1.20211661851499e-05
1.20153572424897e-05
1.20101440188591e-05
1.20072400022764e-05
1.20044160212274e-05
1.20007298392011e-05
1.19950091175269e-05
1.19889564302866e-05
1.19694450404495e-05
1.19422584248241e-05
1.1904284292541e-05
1.1843784704979e-05
1.17403506010305e-05
1.16761693789158e-05
1.1622537385847e-05
1.15645470941672e-05
1.15187667688588e-05
1.14760669021052e-05
1.1434878615546e-05
1.13866790343309e-05
1.1353434274497e-05
1.13306086859666e-05
1.13149562821491e-05
1.1304227882647e-05
1.12969728434109e-05
1.12919024104485e-05
1.12881707536872e-05
1.12851230369415e-05
1.12813413579715e-05
1.12761199488887e-05
1.12683783299872e-05
1.12688740045996e-05
1.1272553820163e-05
1.1278107194812e-05
1.1285368600511e-05
1.12518164314679e-05
1.11122544694808e-05
1.08778067442472e-05
1.05927892946056e-05
1.02717485788162e-05
9.94036781776231e-06
9.56899748416618e-06
8.73341468832223e-06
7.84514668339398e-06
7.08461493559298e-06
6.32475575912395e-06
5.40288101547048e-06
4.20016385760391e-06
3.08842800222919e-06
2.35136189985496e-06
2.4483201741532e-06
2.59639182331739e-06
2.22244352698908e-06
2.67207660442637e-08
1.65681282027208e-08
1.50722314629093e-08
1.46738612372133e-08
1.4564367489811e-08
1.45819356589527e-08
1.46205918483133e-08
1.52924961582812e-08
1.456056875071e-08
1.45011034291542e-08
1.41629383776376e-08
1.37619018403257e-08
1.38733113885792e-08
1.39177291913484e-08
1.38009719208299e-08
1.33218458486795e-08
1.44265577262104e-08
1.52340984271859e-08
1.57631880881581e-08
1.6305122585436e-08
1.68941038936055e-08
1.70357346007677e-08
1.72987384416956e-08
1.70956617751017e-08
1.69941607452984e-08
1.66714198002182e-08
1.62772124667754e-08
1.57336543793463e-08
1.52910146766772e-08
1.47207677159145e-08
1.41632723327234e-08
1.29859101249963e-08
1.26318964177585e-08
1.31546213921752e-08
1.34963915598973e-08
1.36551854268419e-08
1.36022055841067e-08
1.38498075230586e-08
1.35370674669844e-08
1.28903270280034e-08
1.20329906039274e-08
1.11152491655275e-08
1.01475707836585e-08
9.15355968800213e-09
7.96145993575692e-09
6.83179068872164e-09
5.97288751791325e-09
4.80984718720379e-09
3.71806097021476e-09
2.73608735668063e-09
1.75535452839881e-09
9.38592314980724e-10
6.22285944995582e-10
2.45534925724655e-10
1.36979289022676e-10
1.00964632487877e-10
4.80201677033332e-11
0.0
0.0
