0.0
1.90748833395205e-10
1.92068749793606e-10
1.93078969479288e-10
1.93111623914e-10
1.93119145674991e-10
1.93121213465375e-10
1.93121615921221e-10
1.93121643676797e-10
1.93121643676797e-10
1.93121643676797e-10
1.93121643676797e-10
1.93121643676797e-10
1.93121643676797e-10
1.93121643676797e-10
1.93121643676797e-10
1.93121643676797e-10
1.93121643676797e-10
1.93121643676797e-10
1.93121643676797e-10
1.93121643676797e-10
1.93121643676797e-10
1.93121643676797e-10
1.93121643676797e-10
1.93121643676797e-10
1.93121643676797e-10
1.93121643676797e-10
1.93121643676797e-10
1.93121643676797e-10
1.93121643676797e-10
1.93121643676797e-10
1.93121643676797e-10
1.93121643676797e-10
1.93121643676797e-10
1.93121643676797e-10
1.93121643676797e-10
1.93121643676797e-10
1.93121643676797e-10
1.93121643676797e-10
1.93121643676797e-10
1.93121643676797e-10
1.93121643676797e-10
1.93121643676797e-10
1.93121643676797e-10
1.93121643676797e-10
1.93121643676797e-10
1.93121643676797e-10
1.93121643676797e-10
1.93121643676797e-10
1.93121643676797e-10
1.93121643676797e-10
1.93121643676797e-10
1.93121643676797e-10
1.93121643676797e-10
1.93121643676797e-10
1.93121643676797e-10
1.93121643676797e-10
1.93121643676797e-10
1.93121643676797e-10
1.93121643676797e-10
1.93121643676797e-10
1.93121643676797e-10
1.93121643676797e-10
1.93121643676797e-10
1.93121643676797e-10
1.93121643676797e-10
1.93121643676797e-10
1.93121643676797e-10
1.93121643676797e-10
1.93121643676797e-10
1.93121643676797e-10
1.93121643676797e-10
1.93121643676797e-10
1.93121643676797e-10
1.93121643676797e-10
1.93121643676797e-10
1.93121643676797e-10
1.93121643676797e-10
1.93121643676797e-10
1.93121643676797e-10
1.93121643676797e-10
1.93121643676797e-10
1.93121643676797e-10
1.93121643676797e-10
1.93121643676797e-10
1.93121643676797e-10
1.93121643676797e-10
1.93121643676797e-10
1.93121643676797e-10
1.93121643676797e-10
1.93121643676797e-10
1.93121643676797e-10
1.93121643676797e-10
1.93121643676797e-10
1.93121643676797e-10
1.93121643676797e-10
1.93121643676797e-10
1.93121643676797e-10
1.93121643676797e-10
1.93121643676797e-10
1.93121643676797e-10
1.93121643676797e-10
1.93121643676797e-10
1.93121643676797e-10
1.93121643676797e-10
1.93121643676797e-10
1.93121643676797e-10
1.93121643676797e-10
1.93121643676797e-10
1.93121643676797e-10
1.93121643676797e-10
1.93121643676797e-10
1.93121643676797e-10
1.93121643676797e-10
1.93121643676797e-10
1.93121643676797e-10
1.93121643676797e-10
1.93121643676797e-10
1.93121643676797e-10
1.93121643676797e-10
1.93121643676797e-10
1.93121643676797e-10
1.93121643676797e-10
1.93121643676797e-10
1.93121643676797e-10
1.93121643676797e-10
1.93121643676797e-10
1.93121643676797e-10
1.93121643676797e-10
1.93121643676797e-10
1.93121643676797e-10
1.93121643676797e-10
1.93121643676797e-10
1.93121643676797e-10
1.93121643676797e-10
1.93121643676797e-10
1.93121643676797e-10
1.93121643676797e-10
1.93121643676797e-10
1.93121643676797e-10
1.93121643676797e-10
1.93121643676797e-10
1.93121643676797e-10
1.93121643676797e-10
1.93121643676797e-10
1.93121643676797e-10
1.93121643676797e-10
1.93121643676797e-10
1.93121643676797e-10
1.93121643676797e-10
1.93121643676797e-10
1.93121643676797e-10
1.93121643676797e-10
1.93121643676797e-10
1.93121643676797e-10
1.93121643676797e-10
1.93121643676797e-10
1.93121643676797e-10
1.93121643676797e-10
1.93121643676797e-10
1.93121643676797e-10
1.93121643676797e-10
1.93121643676797e-10
1.93121643676797e-10
1.93121643676797e-10
1.93121643676797e-10
1.93121643676797e-10
1.93121643676797e-10
1.93121643676797e-10
1.93121643676797e-10
1.93121643676797e-10
1.93121643676797e-10
1.93121643676797e-10
1.93121643676797e-10
1.93121643676797e-10
1.93121643676797e-10
1.93121643676797e-10
1.93121643676797e-10
1.93121643676797e-10
1.93121643676797e-10
1.93121643676797e-10
1.93121643676797e-10
1.93121643676797e-10
1.93121643676797e-10
1.93121643676797e-10
1.93121643676797e-10
1.93121643676797e-10
1.93121643676797e-10
1.93121643676797e-10
1.93121643676797e-10
1.93121643676797e-10
1.93121643676797e-10
1.93121643676797e-10
1.93121643676797e-10
1.93121643676797e-10
1.93121643676797e-10
1.93121643676797e-10
1.93121643676797e-10
1.93121643676797e-10
1.93121643676797e-10
1.93121643676797e-10
1.93121643676797e-10
1.93121643676797e-10
1.93121643676797e-10
1.93121643676797e-10
1.93121643676797e-10
1.93121643676797e-10
1.93121643676797e-10
1.93121643676797e-10
1.93121643676797e-10
1.93121643676797e-10
1.93121643676797e-10
1.93121643676797e-10
1.93121643676797e-10
1.93121643676797e-10
1.93121643676797e-10
1.93121643676797e-10
1.93121643676797e-10
1.93121643676797e-10
1.93121643676797e-10
1.93121643676797e-10
1.93121643676797e-10
1.93121643676797e-10
1.93121643676797e-10
1.93121643676797e-10
1.93121643676797e-10
1.93121643676797e-10
1.93121643676797e-10
1.93121643676797e-10
1.93121643676797e-10
1.93121643676797e-10
1.93121643676797e-10
1.93121643676797e-10
1.93121643676797e-10
1.93121643676797e-10
1.93121643676797e-10
1.93121643676797e-10
1.93121643676797e-10
1.93121643676797e-10
1.93121643676797e-10
1.93121643676797e-10
1.93121643676797e-10
1.93121643676797e-10
1.93121643676797e-10
1.93121643676797e-10
1.93121643676797e-10
1.93121643676797e-10
1.93121643676797e-10
1.93121643676797e-10
1.93121643676797e-10
1.93121643676797e-10
1.93121643676797e-10
1.93121643676797e-10
1.93121643676797e-10
1.93121643676797e-10
1.93121643676797e-10
1.93121643676797e-10
1.93121643676797e-10
1.93121643676797e-10
1.93121643676797e-10
1.93121643676797e-10
1.93121643676797e-10
1.93121643676797e-10
