0
0.00120000005699694
0.00239999988116324
0.00360000017099083
0.00479999999515712
0.00599999981932342
0.00719999964348972
0.00840000039897859
0.00960000022314486
0.0108000000473112
0.0110999995376915
0.0111046878155321
0.0111082026269287
0.0111117183696479
0.0111152341123671
0.0111205081921071
0.0111257813405246
0.0111310544889421
0.0111363276373595
0.0111416017170996
0.0111468748655171
0.0111521480139345
0.0111600586678833
0.0111719237174839
0.0111897212918848
0.0112075197976083
0.0112119687255472
0.0112164185848087
0.0112208675127477
0.0112253173720092
0.0112297672312707
0.0112342161592097
0.0112386660184712
0.0112431149464101
0.0112475648056716
0.0112486768048257
0.0112497897353024
0.0112509017344565
0.0112520137336106
0.0112531266640872
0.0112542386632413
0.011255351593718
0.0112570195924491
0.0112595229875297
0.011263277148828
0.0112670313101262
0.0112707854714245
0.0112745396327228
0.0112782937940211
0.0112820479553193
0.0112858021166176
0.0112895562779159
0.0112933104392142
0.0112989421468229
0.0113073892425746
0.0113200598862023
0.0113390653859824
0.011367574101314
0.0114103376399726
0.0114744815509767
0.0115386263933033
0.01160277123563
0.0116669160779566
0.0117310599889607
0.0117952048312873
0.011891421629116
0.012035746825859
0.0122522355522961
0.0125769672449679
0.0130640657152981
0.0137947124894709
0.0148906835820526
0.0159866546746344
0.0168086325284094
0.0176306103821844
0.0188306102063507
0.020030610030517
0.0212306098546833
0.0215306112077088
0.021830610698089
0.0222806108649821
0.0229556111153216
0.0239681114908308
0.0251681113149971
0.0263681111391634
0.0275681109633297
0.028768110787496
0.0299681106116623
0.0311681122984738
0.0323681102599949
0.0335681119468064
0.0347681099083275
0.0359681115951389
0.0371681095566601
0.0383681112434715
0.0395681092049927
0.0407681108918041
0.0419681088533253
0.0431681105401367
0.0443681122269482
0.0455681101884693
0.0467681118752808
0.0479681098368019
0.0491681115236134
0.0503681094851345
0.051568111171946
0.0527681091334671
0.0539681108202786
0.05516811250709
0.0563681104686112
0.0575681121554226
0.0587681101169438
0.0599681118037552
0.0611681097652764
0.0623681077267975
0.0635681131388992
0.0647681111004204
0.0659681090619415
0.0671681070234627
0.0683681124355644
0.0695681103970856
0.0707681083586067
0.0719681137707085
0.0731681117322296
0.0743681096937508
0.0755681076552719
0.0767681130673737
0.0779681110288948
0.079168108990416
0.0803681144025177
0.0815681123640389
0.08276811032556
0.0839681082870812
0.0851681136991829
0.0863681116607041
0.0875681096222252
0.0887681075837464
0.0899681129958481
0.0911681109573692
0.0923681089188904
0.0935681143309921
0.0947681122925133
0.0959681102540344
0.0971681082155556
0.0983681136276573
0.0995681115891781
0.1007681095507
0.101968107512221
0.103168112924322
0.104368110885844
0.105568108847365
0.106768114259466
0.107968112220988
0.109168110182509
0.11036810814403
0.111568113556132
0.112768111517653
0.113968109479174
0.115168107440695
0.116368112852797
0.117568110814318
0.118768108775839
0.118799997260794
