0.0
3.98612712615432e-07
5.73585339225247e-06
1.32460645545507e-05
2.44599159486825e-05
4.29587707913015e-05
6.28206980763935e-05
8.52359953569248e-05
0.000115818853373639
0.000144324032589793
0.000170224098837934
0.000196981694898568
0.000223066395847127
0.000249079457717016
0.00027593644335866
0.000304716057144105
0.000339197169523686
0.000379640550818294
0.000421251286752522
0.000472242099931464
0.000516340078320354
0.000561167660634965
0.000602000043727458
0.000644169223960489
0.000687381369061768
0.000697851995937526
0.000713675864972174
0.000790580757893622
0.000900767860002816
0.00101735000498593
0.00111817906145006
0.00122098892461509
0.00131915404926986
0.00139756326097995
0.00147005612961948
0.00153542158659548
0.00159153912682086
0.00162679643835872
0.00165208533871919
0.00166796753183007
0.00167444685939699
0.00167169945780188
0.0016610975144431
0.00164181273430586
0.00161343871150166
0.00157822447363287
0.00153453880921006
0.00148152280598879
0.00142178079113364
0.00135563430376351
0.00128204608336091
0.00120074232108891
0.00111277087125927
0.00101954629644752
0.000919479061849415
0.000811470323242247
0.000697779527399689
0.000578487990424037
0.000451283558504656
0.000316549499984831
0.000169678183738142
4.12117697123904e-05
4.1216699173674e-05
4.12309454986826e-05
4.12497865909245e-05
4.1274783143308e-05
4.12988738389686e-05
4.13338093494531e-05
4.13677917094901e-05
4.13927591580432e-05
4.14300375268795e-05
4.14522146456875e-05
4.1471779695712e-05
4.14758251281455e-05
4.14812784583773e-05
4.14733331126627e-05
4.14552814618219e-05
4.14408023061696e-05
4.14186652051285e-05
4.14014139096253e-05
4.13766902056523e-05
4.13572233810555e-05
4.13265624956694e-05
4.13119487348013e-05
4.13119487348013e-05
