0.0
2.0243898291028e-07
2.00617978407536e-06
2.14090086956276e-05
5.53382233192679e-05
9.37214936129749e-05
0.000132879475131631
0.000183257929165848
0.000251946446951479
0.000344615371432155
0.000465802557300776
0.000608917442150414
0.000771212216932327
0.000953319249674678
0.00115827156696469
0.00139062921516597
0.00165548152290285
0.00194801844190806
0.00225844047963619
0.00258290278725326
0.0029151001945138
0.00324996118433774
0.0035847295075655
0.00392179843038321
0.00400811806321144
0.00413788529112935
0.00433351937681437
0.00440746359527111
0.00451710168272257
0.00455721281468868
0.00457206275314093
0.00459429528564215
0.00462748436257243
0.00467618741095066
0.00474584847688675
0.00481620151549578
0.00489015597850084
0.00500263646245003
0.0051733897998929
0.0052363658323884
0.00532494066283107
0.00545388460159302
0.00564454961568117
0.00592984491959214
0.00622894242405891
0.00652779825031757
0.00681141437962651
0.00709229009225965
0.00737081188708544
0.00764432968571782
0.00789406429976225
0.00813477300107479
0.00836750399321318
0.00859106797724962
0.00880830269306898
0.00901822373270988
0.00921932607889175
0.00941283348947763
0.00960042607039213
0.00977980066090822
0.00995233003050089
0.0101160295307636
0.0102725559845567
0.0104242460802197
0.0105718001723289
0.010708374902606
0.0108339143916965
0.0109578529372811
0.0110817290842533
0.011186670511961
0.0112865623086691
0.0113918818533421
0.0114814350381494
0.0115644140169024
0.0116472532972693
0.0117175709456205
0.0117849493399262
0.0118482178077102
0.0119034284725785
0.0119534563273191
0.0119955325499177
0.0120385037735105
0.0120688434690237
0.0121009266003966
0.0121256886050105
0.0121370200067759
0.0121570257470012
0.0121589256450534
0.0121674286201596
0.0121676092967391
0.0121627552434802
0.0121477507054806
0.0121349608525634
0.0121120996773243
0.012092737480998
0.0120683275163174
0.0120367454364896
0.0119963306933641
0.0119512975215912
0.0119131365790963
0.0118591701611876
0.0118211330845952
0.0117627931758761
0.0117094591259956
0.011638049967587
0.0115724876523018
0.0115015190094709
0.0114364577457309
0.0113693987950683
0.0112837329506874
0.0112176146358252
0.0111205698922276
0.0110332686454058
0.01094507612288
0.0108647020533681
