0
0.205969
0.883927
1.332153
2.0845
3.123197
3.724394
4.199563
4.768786
5.612534
5.963582
6.276804
6.952981
7.802687
7.960244
8.132408
8.307753
8.349251
8.410164
8.497525
8.615338
8.719312
8.742648
8.767575
8.791929
8.815939
8.852552
8.903337
8.952853
8.966998
8.984683
9.0144
9.015626
9.017277
9.018983
9.020696
9.023278
9.024272
9.025753
9.027979
9.031293
9.036327
9.038189
9.040969
9.045216
9.046776
9.049124
9.052664
9.057846
9.059847
9.062788
9.067273
9.068889
9.071354
9.075056
9.077845
9.080668
9.081694
9.083252
9.08562
9.086488
9.087823
9.089759
9.092678
9.097181
9.103905
9.11047
9.116594
9.123442
9.129543
9.136419
9.142466
9.14938
9.155832
9.162202
9.168112
9.174879
9.181197
9.187079
9.193818
9.200048
9.206281
9.211994
9.218568
9.224264
9.230878
9.236505
9.242641
9.249103
9.258352
9.270666
9.272106
9.273382
9.274615
9.2764
9.27912
9.280117
9.281615
9.283867
9.287223
9.291836
9.299415
9.299823
9.300407
9.300985
9.301875
9.303225
9.305268
9.306064
9.307199
9.308972
9.310718
9.312455
9.314998
9.318861
9.3202
9.321568
9.322923
9.325012
9.32577
9.326923
9.328651
9.33126
9.335103
9.336572
9.338772
9.342015
9.347034
9.347442
9.347884
9.348337
9.34901
9.35004
9.351561
9.352149
9.353006
9.354326
9.354799
9.355543
9.35661
9.358283
9.359928
9.361565
9.363165
9.363794
9.364692
9.366052
9.366585
9.367342
9.368523
9.370272
9.371968
9.37369
9.375419
9.377189
9.377816
9.378782
9.380237
9.382451
9.383249
9.384495
9.386305
9.387713
9.389098
9.391125
9.391925
9.393064
9.394894
9.396287
9.39763
9.399703
9.400452
9.401584
9.403292
9.405851
9.409706
9.415402
9.423711
9.424661
9.425493
9.426313
9.427492
9.429291
9.429932
9.430944
9.43246
9.433035
9.433903
9.435197
9.43713
9.43995
9.444294
9.445836
9.447382
9.448962
9.451285
9.452193
9.453537
9.455541
9.458449
9.459613
9.461267
9.461923
9.462841
9.464304
9.466385
9.467981
9.469614
9.470196
9.471116
9.472477
9.474453
9.475222
9.476369
9.478083
9.480661
9.4845
9.490359
9.498765
9.511349
9.532187
9.539322
9.550266
9.550508
9.551038
9.552001
9.553336
9.554802
9.556172
9.557544
9.558944
9.559444
9.560222
9.561365
9.562937
9.563605
9.564524
9.565956
9.567909
9.568735
9.569937
9.571708
9.572977
9.574282
9.576328
9.577059
9.578161
9.579848
9.582343
9.58629
9.587628
9.589007
9.590376
9.592521
9.595462
9.596707
9.597879
9.599069
9.600785
9.601458
9.60245
9.603941
9.606165
9.609333
9.61065
9.611904
9.613113
9.614939
9.617712
9.621437
9.623118
9.624584
9.626126
9.627616
9.629814
9.633224
9.637818
9.639888
9.64124
9.642684
9.644056
9.646064
9.64918
9.650253
9.651989
9.654435
9.655457
9.656912
9.658999
9.659811
9.661022
9.662819
9.665515
9.669372
9.675439
9.684666
9.692787
9.692797
9.6934
9.694039
9.694726
9.695833
9.697386
9.69801
9.698916
9.700259
9.702139
9.705085
9.706049
9.707105
9.708071
9.709542
9.711782
9.712591
9.713695
9.715506
9.716077
9.716979
9.718178
9.720152
9.722575
9.724695
9.726523
9.72755
9.728982
9.729447
9.730128
9.730457
9.730408
9.728881
9.722962
9.711121
9.687441
9.63577
9.535342
9.345425
8.980202
8.375978
7.725456
6.959904
6.139273
5.318553
4.484442
3.602813
2.652835
1.688164
0.707973
1e-06
-2e-06
4e-06
1.4e-05
2.7e-05
4.1e-05
5.8e-05
7.9e-05
0.000101
0.00011
0.000112
0.000117
0.000125
0.000133
0.000144
0.000153
0.000157
0.000161
0.000168
0.000175
0.000184
0.000195
0.0002
0.000194
0.000193
0.000179
0.000167
0.000153
0.000143
0.000126
0.000112
0.000101
9.2e-05
8.2e-05
7.3e-05
6.6e-05
6e-05
5.9e-05
5.3e-05
3.8e-05
2.3e-05
1.2e-05
-2e-06
-1e-05
-1.8e-05
-2.1e-05
-2.8e-05
-3.1e-05
-4e-05
-6.4e-05
-9e-05
-0.000115
-0.000142
-0.000165
-0.000187
-0.000204
-0.000226
-0.000242
-0.000255
-0.000269
-0.00028
-0.00029
-0.000299
-0.00031
-0.000313
-0.000318
-0.000325
-0.000319
-0.000319
-0.000321
-0.000319
