0.0
3.40739205739737e-07
5.26184692262177e-07
7.87764520282508e-07
1.42443639106205e-06
3.24590450873075e-06
4.29696956416592e-06
5.21205265613389e-06
5.91702746532974e-06
6.26948667559191e-06
6.37819266557926e-06
6.46860416964046e-06
6.56656084174756e-06
6.67677841192926e-06
6.79891945765121e-06
6.8990002546343e-06
6.98177473168471e-06
7.05002730683191e-06
7.11199254510575e-06
7.17058037480456e-06
7.22745789971668e-06
7.28002623873181e-06
7.32574699213728e-06
7.36917354515754e-06
7.4103991209995e-06
7.47105787013425e-06
7.56849703975604e-06
7.66932680562604e-06
7.77170225774171e-06
7.87582212069537e-06
7.98306064098142e-06
8.09772427601274e-06
8.12109192338539e-06
8.14497980172746e-06
8.16992633190239e-06
8.19598062662408e-06
8.22331730887527e-06
8.25362531031715e-06
8.30515364214079e-06
8.34341972222319e-06
8.37371953821275e-06
8.40033044369193e-06
8.42495228425832e-06
8.45943213789724e-06
8.49216576170875e-06
8.52373887028079e-06
8.55443886393914e-06
8.59938882058486e-06
8.66507343744161e-06
8.76092599355616e-06
8.79698563949205e-06
8.85214012669167e-06
8.90870524017373e-06
8.98377402336337e-06
9.04926400835393e-06
9.09751270228298e-06
9.13616258912953e-06
9.16929820959922e-06
9.20013917493634e-06
9.22972594707971e-06
9.27309883991256e-06
9.33716455620015e-06
9.43308896239614e-06
9.57977044890868e-06
9.82351139100501e-06
1.00638280855492e-05
1.02879967016634e-05
1.06277266240795e-05
1.11999997898238e-05
1.1778238331317e-05
1.23874369819532e-05
1.3049612789473e-05
1.36874268719112e-05
1.43018314702203e-05
1.51957356138155e-05
1.55305133375805e-05
1.56557034642901e-05
1.58667426148895e-05
1.59106803039322e-05
1.59447099576937e-05
1.5979752788553e-05
1.60153776960215e-05
1.60515137395123e-05
1.60879080794984e-05
1.61251136887586e-05
1.6162257452379e-05
1.62004653248005e-05
1.62387477757875e-05
1.6277974282275e-05
1.63189833983779e-05
1.63601343956543e-05
1.6403449990321e-05
1.64464599947678e-05
1.64910052262712e-05
1.65567435033154e-05
1.66534628078807e-05
1.67915313795675e-05
1.69747836480383e-05
1.7150381609099e-05
1.73215485119727e-05
1.75879358721431e-05
1.78548780240817e-05
1.81315590452868e-05
1.84049258677987e-05
1.86692577699432e-05
1.89234051504172e-05
1.91807121154852e-05
1.95719494513469e-05
2.01600523723755e-05
2.10964863072149e-05
2.18462682823883e-05
2.19910234591225e-05
2.21342434088001e-05
2.2281021301751e-05
2.2393438484869e-05
2.25070380110992e-05
2.26201500481693e-05
2.27386281039799e-05
2.28271674131975e-05
2.29179568123072e-05
2.30536661547376e-05
2.32691381825134e-05
2.34306608035695e-05
2.35905918088974e-05
2.3748956664349e-05
2.3909036826808e-05
2.40593199123396e-05
2.41877332882723e-05
2.43106787820579e-05
2.44312013819581e-05
2.45497249125037e-05
2.46675463131396e-05
2.47851512540365e-05
2.49617296503857e-05
2.52255667874124e-05
2.56196744885528e-05
2.62047233263729e-05
2.70766049652593e-05
2.79515352303861e-05
2.89404451905284e-05
3.1017556466395e-05
3.3077274565585e-05
3.52961324097123e-05
3.91477406083141e-05
4.29177889600396e-05
4.72861320304219e-05
5.21864421898499e-05
5.73810284549836e-05
6.26093606115319e-05
6.7461391154211e-05
7.37941227271222e-05
8.3036175055895e-05
0.000103173289971892
0.00013149190635886
0.000162490308866836
0.000221376438275911
0.00044254949898459
0.000527986674569547
0.000654345261864364
0.000836617487948388
0.00110988318920135
0.00144004239700735
0.00175513047724962
0.00205751182511449
0.00236035394482315
0.00266585825011134
0.00295156170614064
0.00322558707557619
0.00350229791365564
0.00377911049872637
0.00405507395043969
0.00429337844252586
0.0045103277079761
0.00470402091741562
0.0048992233350873
0.00508358608931303
0.00525740487501025
0.00541745545342565
0.00556485261768103
0.00569720985367894
0.0058158878237009
0.00592082226648927
0.00598172983154655
0.00605130381882191
0.00610808050259948
0.00617671338841319
0.00623577320948243
0.00628042872995138
0.00631204899400473
0.00632606726139784
0.00632411940023303
0.00631875451654196
0.00630742637440562
0.00630637258291245
0.00630492437630892
0.00630479399114847
0.00630471669137478
0.00630453554913402
0.00630387058481574
0.00630311574786901
0.00630259281024337
0.00630226638168097
0.00630199816077948
0.00630167499184608
0.00630123075097799
0.00630058348178864
0.00629965309053659
0.0062983613461256
0.00629666587337852
0.00629456294700503
0.00629175547510386
0.00628760969266295
0.00628213537856936
0.00627288408577442
0.00625736499205232
0.00618639076128602
0.00615369947627187
0.00611847452819347
0.00609945692121983
0.0060929860919714
0.00608385587111115
0.00607608165591955
0.0060651283711195
0.00604964978992939
0.00603327481076121
0.00601082528010011
0.00598563998937607
0.00596489245072007
0.00593712460249662
0.00591645110398531
0.00583792896941304
0.00580255733802915
0.0057635772973299
0.0057423491962254
0.00573499547317624
0.00572508061304688
0.00571629637852311
0.00570656592026353
0.00569026125594974
0.00567372888326645
0.00565327983349562
0.00562569452449679
0.00560826621949673
0.00558309722691774
0.00555508397519588
0.00553825171664357
0.00551208993420005
0.00545305944979191
0.00539936264976859
0.00536064989864826
0.0053379787132144
0.00531979277729988
0.00529973348602653
0.00528878718614578
0.00527514750137925
0.00524768000468612
0.00522609986364841
0.00520646804943681
0.00516667636111379
0.00513650570064783
0.00511649483814836
0.0050756111741066
0.00503881461918354
0.00501602189615369
0.00499690044671297
