0
0.000241483707213774
0.00714568607509136
0.0118449963629246
0.0177607014775276
0.0238487143069506
0.0317410565912724
0.0416762419044971
0.0520715117454529
0.0616360381245613
0.0735859349370003
0.0855662524700165
0.0975812897086143
0.107066452503204
0.115653179585934
0.124234274029732
0.130790859460831
0.135955974459648
0.140016481280327
0.14320707321167
0.145985186100006
0.149655684828758
0.15727698802948
0.166133552789688
0.173648372292519
0.179167851805687
0.184976354241371
0.190753147006035
0.198884680867195
0.206787616014481
0.213087469339371
0.217633739113808
0.220838248729706
0.223087787628174
0.224138244986534
0.224584296345711
0.224434241652489
0.223692536354065
0.222835227847099
0.222229406237602
0.221327006816864
0.220463767647743
0.219784080982208
0.219621226191521
0.219641238451004
0.22062748670578
0.220401242375374
0.222240954637527
0.224657595157623
0.225543901324272
0.225425258278847
0.224496081471443
0.222928240895271
0.220844253897667
0.21806475520134
0.215225636959076
0.21235616505146
0.20922164618969
0.20606692135334
0.202859938144684
0.199880838394165
0.19648066163063
0.193169057369232
0.189845576882362
0.185577675700188
0.181942716240883
0.178099542856216
0.174476280808449
0.170290932059288
0.166468754410744
0.162476241588593
0.158614724874496
0.154585868120193
0.150108009576797
0.145617321133614
0.141195714473724
0.136568799614906
0.132461592555046
0.129466474056244
0.126836627721786
0.123646877706051
0.119703844189644
0.115960635244846
0.112147063016891
0.10820647329092
0.103790380060673
0.0989409312605858
0.0943211019039154
0.0898764505982399
0.0859746858477592
0.0808916911482811
0.0760113000869751
0.0712156593799591
0.0671977698802948
0.0647279247641563
0.0620212033390999
0.0581788159906864
0.055161464959383
0.0512472912669182
0.0482882782816887
