0.0
2.45411857502376e-10
2.50953369196338e-10
2.53383813930697e-10
2.53457338450502e-10
2.53474102818174e-10
2.53477572265126e-10
2.53477849820882e-10
2.53477905332034e-10
2.53477905332034e-10
2.53477905332034e-10
2.53477905332034e-10
2.53477905332034e-10
2.53477905332034e-10
2.53477905332034e-10
2.53477905332034e-10
2.53477905332034e-10
2.53477905332034e-10
2.53477905332034e-10
2.53477905332034e-10
2.53477905332034e-10
2.53477905332034e-10
2.53477905332034e-10
2.53477905332034e-10
2.53477905332034e-10
2.53477905332034e-10
2.53477905332034e-10
2.53477905332034e-10
2.53477905332034e-10
2.53477905332034e-10
2.53477905332034e-10
2.53477905332034e-10
2.53477905332034e-10
2.53477905332034e-10
2.53477905332034e-10
2.53477905332034e-10
2.53477905332034e-10
2.53477905332034e-10
2.53477905332034e-10
2.53477905332034e-10
2.53477905332034e-10
2.53477905332034e-10
2.53477905332034e-10
2.53477905332034e-10
2.53477905332034e-10
2.53477905332034e-10
2.53477905332034e-10
2.53477905332034e-10
2.53477905332034e-10
2.53477905332034e-10
2.53477905332034e-10
2.53477905332034e-10
2.53477905332034e-10
2.53477905332034e-10
2.53477905332034e-10
2.53477905332034e-10
2.53477905332034e-10
2.53477905332034e-10
2.53477905332034e-10
2.53477905332034e-10
2.53477905332034e-10
2.53477905332034e-10
2.53477905332034e-10
2.53477905332034e-10
2.53477905332034e-10
2.53477905332034e-10
2.53477905332034e-10
2.53477905332034e-10
2.53477905332034e-10
2.53477905332034e-10
2.53477905332034e-10
2.53477905332034e-10
2.53477905332034e-10
2.53477905332034e-10
2.53477905332034e-10
2.53477905332034e-10
2.53477905332034e-10
2.53477905332034e-10
2.53477905332034e-10
2.53477905332034e-10
2.53477905332034e-10
2.53477905332034e-10
2.53477905332034e-10
2.53477905332034e-10
2.53477905332034e-10
2.53477905332034e-10
2.53477905332034e-10
2.53477905332034e-10
2.53477905332034e-10
2.53477905332034e-10
2.53477905332034e-10
2.53477905332034e-10
2.53477905332034e-10
2.53477905332034e-10
2.53477905332034e-10
2.53477905332034e-10
2.53477905332034e-10
2.53477905332034e-10
2.53477905332034e-10
2.53477905332034e-10
2.53477905332034e-10
2.53477905332034e-10
2.53477905332034e-10
2.53477905332034e-10
2.53477905332034e-10
2.53477905332034e-10
2.53477905332034e-10
2.53477905332034e-10
2.53477905332034e-10
2.53477905332034e-10
2.53477905332034e-10
2.53477905332034e-10
2.53477905332034e-10
2.53477905332034e-10
2.53477905332034e-10
2.53477905332034e-10
2.53477905332034e-10
2.53477905332034e-10
2.53477905332034e-10
2.53477905332034e-10
2.53477905332034e-10
2.53477905332034e-10
2.53477905332034e-10
2.53477905332034e-10
2.53477905332034e-10
2.53477905332034e-10
2.53477905332034e-10
2.53477905332034e-10
