0.0
7.25408411960417e-35
4.80020958093519e-07
5.90777972320211e-07
9.5262845434263e-07
1.50389166719833e-06
2.30567479775345e-06
1.80369045210682e-06
1.40296003792173e-06
1.36190180910489e-06
1.44544821978343e-06
1.64790685630578e-06
1.96514065464726e-06
2.60772480942251e-06
3.22245546158229e-06
4.28153316534008e-06
6.07439778832486e-06
8.47238061396638e-06
1.06115239759674e-05
1.21779512483045e-05
1.2266576050024e-05
1.23582258311217e-05
1.24915150081506e-05
1.26889053717605e-05
1.2879922905995e-05
1.29259497043677e-05
1.2998360034544e-05
1.31111228256486e-05
1.32905006466899e-05
1.35725385916885e-05
1.35794134621392e-05
1.35897134896368e-05
1.36049484353862e-05
1.36279750222457e-05
1.36623566504568e-05
1.36755043058656e-05
1.36948901854339e-05
1.37096549224225e-05
1.37243214339833e-05
1.37461993290344e-05
1.37544429890113e-05
1.37668494062382e-05
1.37853821797762e-05
1.38135401357431e-05
1.38551577038015e-05
1.38714212880586e-05
1.38871628223569e-05
1.39032326842425e-05
1.39190069603501e-05
1.39428730108193e-05
1.39668554766104e-05
1.39911089718225e-05
1.4000092050992e-05
1.40135416586418e-05
1.40339225254138e-05
1.40641705002054e-05
1.4075809303904e-05
1.40930605994072e-05
1.41185983011383e-05
1.4128437214822e-05
1.41428590723081e-05
1.41648133649142e-05
1.41727223308408e-05
1.41848668135935e-05
1.42027429319569e-05
1.42209564728546e-05
1.42369844979839e-05
1.42478129419032e-05
1.42517737913295e-05
1.42575454447069e-05
1.42661101563135e-05
1.42788476296118e-05
1.42982162287808e-05
1.43051920531434e-05
1.43122633744497e-05
1.43192810355686e-05
1.43299903356819e-05
1.43404686241411e-05
1.43510069392505e-05
1.43601591844345e-05
1.43636652865098e-05
1.43674596984056e-05
1.43688830576139e-05
1.43709603435127e-05
1.43716843012953e-05
1.4372670193552e-05
1.43740535349934e-05
1.43745983223198e-05
1.43753495649435e-05
1.43764918902889e-05
1.4378135347215e-05
1.43797597047524e-05
1.43813458635123e-05
1.43825036502676e-05
1.43836523420759e-05
1.43841016324586e-05
1.43847264553187e-05
1.43856505019357e-05
1.43870356623665e-05
1.43889510582085e-05
1.43897077578004e-05
1.43907873280114e-05
1.4391831427929e-05
1.43928209581645e-05
1.43932011269499e-05
1.43937531902338e-05
1.43945644595078e-05
1.43957386171678e-05
1.43974166348926e-05
1.43996894621523e-05
1.44027799251489e-05
1.44066616485361e-05
1.44089135574177e-05
1.44073428600677e-05
1.44050254675676e-05
1.43991910590557e-05
1.4385701433639e-05
1.43813422255334e-05
1.4370562894328e-05
1.43697880048421e-05
1.43681845656829e-05
1.43655515785213e-05
1.43611969178892e-05
1.43596316775074e-05
1.43570023283246e-05
1.43530351124355e-05
1.4351493518916e-05
1.43492115967092e-05
1.43457182275597e-05
1.43402330650133e-05
1.43360348374699e-05
1.43317038237001e-05
1.43271254273714e-05
1.4322426977742e-05
1.43176202982431e-05
1.43126608236344e-05
1.4305199329101e-05
1.43023908094619e-05
1.42981280077947e-05
1.42799171953811e-05
1.42600501931156e-05
1.42407361636288e-05
1.42111703098635e-05
1.4189757166605e-05
1.41676946441294e-05
1.41466307468363e-05
1.41249602165772e-05
1.41036589411669e-05
1.40826914503123e-05
1.40613365147146e-05
1.40403117256938e-05
1.40195943458821e-05
1.39986823342042e-05
1.39642115755123e-05
1.38823061206494e-05
1.38206250994699e-05
1.3758027307631e-05
1.3698000657314e-05
1.36365797516191e-05
1.35773689180496e-05
1.35190766741289e-05
1.34601523313904e-05
1.33757184812566e-05
1.3247005881567e-05
1.31538372443174e-05
1.30634198285406e-05
1.29715235743788e-05
1.28401825350011e-05
1.27455359688611e-05
1.26487329907832e-05
1.2512407010945e-05
1.24106200019014e-05
1.23098006952205e-05
1.2164070540166e-05
1.19552805699641e-05
1.16691398943658e-05
1.127477389673e-05
1.0958147868223e-05
1.07822470454266e-05
1.05967683339259e-05
1.05950421129819e-05
1.04979690149776e-05
1.03987376860459e-05
1.02687499747844e-05
1.0080723768624e-05
9.9017370303045e-06
9.81759148999117e-06
9.77091804088559e-06
9.7417323559057e-06
9.6816638688324e-06
9.57751581154298e-06
9.40512109082192e-06
9.16354656510521e-06
8.94103141035885e-06
8.70123130880529e-06
8.47455157781951e-06
8.37336119730026e-06
8.35679384181276e-06
8.34960701467935e-06
8.31398483569501e-06
8.21680077933706e-06
8.06931620900286e-06
7.82536790211452e-06
7.56940153223695e-06
7.37194932298735e-06
7.13557119524921e-06
6.91405148245394e-06
6.84734732203651e-06
6.82707377563929e-06
6.80200037095346e-06
6.82382960803807e-06
6.81963592796819e-06
6.78986998536857e-06
6.64178378428915e-06
6.42134909867309e-06
6.16881789028412e-06
5.93590448261239e-06
5.69266057937057e-06
5.46206729268306e-06
5.2944678827771e-06
5.14958219355321e-06
5.03729461343028e-06
4.81129927720758e-06
4.65734319732292e-06
4.44984289060812e-06
4.26153155785869e-06
3.95165898225969e-06
3.67375037058082e-06
3.31645355799992e-06
2.84367047242995e-06
2.45235719376069e-06
2.08904634746432e-06
1.767507455952e-06
1.42913131639943e-06
1.03134993878484e-06
7.12451935669378e-07
4.80267203784024e-07
2.89476787429521e-07
2.99881435239513e-07
3.36376899667812e-07
3.70315461850623e-07
3.99439215925668e-07
4.18152239944902e-07
3.84180452783767e-07
3.53063853708591e-07
3.36169591719226e-07
2.86089317569349e-07
2.39569317272981e-07
2.04245210966292e-07
1.69048206544176e-07
1.59542040023553e-07
1.62260221259203e-07
1.66514993793498e-07
1.7590970458059e-07
1.9084266966729e-07
2.04264026137935e-07
2.26144976522846e-07
2.56198802617291e-07
2.86660139181549e-07
3.1189702554002e-07
3.48089827184594e-07
3.91184642012377e-07
4.29960351766567e-07
4.32785668635915e-07
4.25710936724499e-07
