0
0.0011999998241663
0.00240000011399389
0.00359999993816018
0.00479999976232648
0.00599999958649278
0.00720000034198165
0.00840000016614792
0.00959999999031422
0.00989999948069452
0.0101999999023974
0.0105000003241002
0.0107999998144805
0.0108750001527369
0.0109124998562038
0.0109312501735985
0.0109499995596707
0.0109593751840293
0.0109687498770654
0.0109781245701015
0.0109804687090218
0.0109828128479421
0.0109851560555398
0.0109875001944601
0.0109898434020579
0.0109921875409782
0.0109945307485759
0.0109968748874962
0.0110003906302154
0.0110056637786329
0.0110135744325816
0.0110214841552079
0.0110293948091566
0.0110373045317828
0.0110491695813834
0.0110610346309841
0.0110729006119072
0.0110847656615078
0.0110966307111084
0.0111144282855093
0.0111322267912328
0.0111366757191717
0.0111411255784333
0.011147799436003
0.0111578111536801
0.0111678219400346
0.0111778336577117
0.0111878444440663
0.0112028620205819
0.011217878665775
0.0112328953109681
0.0112479128874838
0.0112516670487821
0.0112554212100804
0.0112610519863665
0.0112631642259657
0.011266331654042
0.0112710832618177
0.0112782106734812
0.0112889013253152
0.0112915742211044
0.0112942461855709
0.0112969190813601
0.0113009284250438
0.0113069419749081
0.0113159618340432
0.011324982624501
0.0113340024836361
0.0113430232740938
0.011352043133229
0.0113610639236867
0.0113700837828219
0.0113791045732796
0.0113881244324148
0.0113971452228725
0.0114061650820076
0.0114151858724654
0.0114242057316005
0.0114332265220582
0.0114422463811934
0.0114512671716511
0.0114602870307863
0.011462542694062
0.0114647974260151
0.0114670530892908
0.011469307821244
0.0114715625531971
0.0114738182164728
0.011476072948426
0.011479455512017
0.0114845293574035
0.01148960320279
0.0114946779794991
0.0114997518248856
0.0115048256702721
0.0115048256702721
