0.0
2.33550290218432e-09
7.27668179933971e-07
3.56846521754051e-06
5.95316896578879e-06
1.04957980511244e-05
1.63436216098489e-05
2.2033256755094e-05
2.39240525843343e-05
2.49992717726855e-05
2.74629364866996e-05
2.83557783404831e-05
2.94042838504538e-05
2.99989824270597e-05
3.04257009702269e-05
3.07407462969422e-05
3.12121228489559e-05
3.15868310281076e-05
3.2035506592365e-05
3.22035994031467e-05
3.24535758409183e-05
3.2530959288124e-05
3.25422224705108e-05
3.25316359521821e-05
3.2499447115697e-05
3.24600732710678e-05
3.24045213346835e-05
3.23362364724744e-05
3.22495725413319e-05
3.21347615681589e-05
3.19972459692508e-05
3.18171842081938e-05
3.18941456498578e-05
3.16751575155649e-05
3.09574206767138e-05
3.01945983665064e-05
2.96247289952589e-05
2.9159797122702e-05
2.83611170743825e-05
2.75805905403104e-05
2.6865913241636e-05
2.61144850810524e-05
2.52771587838652e-05
2.43602025875589e-05
2.34673079830827e-05
2.25903731916333e-05
2.17102315218654e-05
2.050248622254e-05
1.93409923667787e-05
1.82249787030742e-05
1.66249064932344e-05
1.4996126992628e-05
1.35043428599602e-05
1.2152042472735e-05
1.06518027678248e-05
9.17070428840816e-06
7.87155295256525e-06
6.73390240990557e-06
5.61514343644376e-06
4.6924983507779e-06
3.85728571927757e-06
3.04313743981766e-06
2.31181752496923e-06
1.74151659848576e-06
1.10300891265069e-06
8.38496191590821e-07
4.67603371134828e-07
2.81428327753019e-07
2.01383429043744e-07
1.86539892865767e-07
1.80757012913091e-07
1.77048249838663e-07
1.56800325612494e-07
3.49236621843829e-08
2.91279977915337e-08
2.61937369572252e-08
2.46827198679966e-08
2.38847341904602e-08
2.33680808037207e-08
2.2889853568131e-08
2.23463487714071e-08
2.20603109113426e-08
2.20587832444608e-08
2.20580655962976e-08
2.20607283551999e-08
2.20701554809466e-08
2.25502141404377e-08
2.27393748275517e-08
2.32424408608267e-08
2.32553993839701e-08
2.388178366175e-08
2.48131701852117e-08
2.56549697041919e-08
2.61833825732083e-08
2.65781263664167e-08
2.70702074089968e-08
2.75921685499725e-08
2.77631304612669e-08
2.69870934488381e-08
2.71998992218414e-08
2.69353019888285e-08
2.68888484811214e-08
2.69469744296202e-08
2.73012030760356e-08
2.76513194563677e-08
2.82908629856138e-08
2.87326340497884e-08
2.92477526642188e-08
3.01510780786884e-08
3.05783522946967e-08
3.04543341655972e-08
3.05876213246847e-08
3.16718313797537e-08
3.22941140495914e-08
3.23217506092988e-08
3.24613402824525e-08
3.33849747846671e-08
3.29308491586744e-08
3.24859392719645e-08
3.25646851706551e-08
3.21918527390608e-08
3.15281205587326e-08
3.06411003236917e-08
3.04811536011584e-08
3.04095912895264e-08
3.04095912895264e-08
