-0.0
-5.83620470795231e-16
-2.99005932902219e-07
-1.03319916888722e-06
-1.5836624243093e-06
-1.77231504494557e-06
-1.38921132020187e-06
-1.91014441952575e-06
-3.06913170788903e-06
-3.13088821712881e-06
-3.18649290420581e-06
-3.18680395139381e-06
-2.17962588067167e-06
1.96108885575086e-07
6.08477421337739e-07
2.17232081922702e-06
3.80493293050677e-06
3.82166763301939e-06
5.10408426634967e-09
-5.52996425540186e-06
-9.66052612056956e-05
-0.000172889820532873
-0.000190278864465654
-0.000207056844374165
-0.000211987076909281
-0.000218349712667987
-0.00022727255418431
-0.000240086403209716
-0.000260167638771236
-0.000275137543212622
-0.000285591871943325
-0.000292532931780443
-0.000296765414532274
-0.000299662468023598
-0.000300720566883683
-0.000301067251712084
-0.000301260995911434
-0.000302035448839888
-0.000303980079479516
-0.000306246045511216
-0.000308529939502478
-0.000311677722493187
-0.000316417252179235
-0.000376796029740945
-0.000459012866485864
-0.000483069627080113
-0.000483090698253363
-0.000483050302136689
-0.000483171577798203
-0.000483522249851376
-0.000484421267174184
-0.000488264602608979
-0.000492267427034676
-0.000496473570819944
-0.000503135786857456
-0.000506594602484256
-0.000511809368617833
-0.000519565714057535
-0.000530891877133399
-0.000546561670489609
-0.000545263406820595
-0.000540387001819909
-0.000536977429874241
-0.00053849455434829
-0.000540155102498829
-0.000543714151717722
-0.00054855621419847
-0.000550464494153857
-0.000552686047740281
-0.000555257662199438
-0.000558339699637145
-0.000562190602067858
-0.000567239127121866
-0.000573868688661605
-0.000580038002226502
-0.00058514712145552
-0.000589631614275277
-0.000589310424402356
-0.000585536006838083
-0.000581759144552052
-0.000578256032895297
-0.000574764853809029
-0.000569607189390808
-0.000564728339668363
-0.000560084008611739
-0.000555575708858669
-0.000548910466022789
-0.000546085939276963
-0.000541282468475401
-0.000534823455382138
-0.000523998867720366
-0.000508137454744428
-0.000485326308989897
-0.000466135359602049
-0.000450890715001151
-0.000437166017945856
-0.000425188773078844
-0.000409586849855259
-0.000389708264265209
-0.000371426605852321
-0.000354267482180148
-0.000326876965118572
-0.000303034001262859
-0.00028575723990798
-0.000275895494269207
-0.000269852724159136
-0.000263385358266532
-0.000255762453889474
-0.000247766351094469
-0.000236368156038225
-0.000221265465370379
-0.00020549853798002
-0.000189694372238591
-0.000174581567989662
-0.000155117464601062
-0.000128409737953916
-9.23180778045207e-05
-5.11371144966688e-05
-1.52404718392063e-05
2.49411059485283e-05
3.21711995638907e-05
3.21586485370062e-05
4.35186266258825e-05
3.19777573167812e-05
2.05673495656811e-05
2.54072983807418e-05
3.35039076162502e-05
2.95721183647402e-05
3.51268681697547e-05
5.09023848280776e-05
5.73146535316482e-05
6.97229988873005e-05
6.91682871547528e-05
7.53716885810718e-05
7.04620542819612e-05
7.54722277633846e-05
7.53409112803638e-05
7.31359468773007e-05
7.08620282239281e-05
6.11176947131753e-05
6.73103641020134e-05
7.07594590494409e-05
7.79531983425841e-05
9.57283409661613e-05
9.31841059355065e-05
8.96810961421579e-05
7.8942408435978e-05
7.14714842615649e-05
6.87239808030427e-05
6.27498593530618e-05
5.47231320524588e-05
0.000121827644761652
3.78024597011972e-05
-3.32777813127905e-06
-3.11629014504433e-06
-2.87045213553938e-06
-2.59934563473507e-06
-2.35981065088708e-06
-2.23299275603495e-06
-2.22963421947497e-06
-2.10667394640041e-06
-1.99701980818645e-06
-1.88206126949808e-06
-1.77386277755431e-06
-1.7101357343563e-06
-1.62084074872837e-06
-1.56956525643182e-06
-1.54141105213057e-06
-1.50396658682439e-06
-1.47416744766815e-06
-1.40538736559392e-06
-1.32074899283907e-06
-1.23952520425519e-06
-1.14131205464219e-06
-1.02648311894882e-06
-9.20790853342623e-07
-8.01990552190546e-07
-6.92671392243938e-07
-6.27425492893963e-07
-5.9498989912754e-07
-6.09300343512587e-07
-5.94445964452461e-07
-5.28958253198653e-07
-4.1014570228981e-07
-2.67931767439222e-07
-1.1938023192215e-07
-8.29040089911359e-08
-3.02474276736575e-08
8.17819234555373e-09
1.37720430615218e-08
1.37720430615218e-08
