-0.000000
-0.000000
0.536342
1.148674
1.594635
2.793418
3.763740
5.137849
6.233758
7.513148
8.924599
9.836659
10.470654
11.916017
13.462258
14.266741
15.590671
16.241531
16.358676
16.463552
16.402030
15.969935
15.653115
15.002022
13.835351
11.888312
9.769109
7.323253
6.734801
5.929601
4.649398
2.612718
2.297965
2.105455
1.986097
1.916868
1.861947
1.809551
1.794837
1.789473
1.766086
1.730791
1.684988
1.628001
1.588708
1.586965
1.586793
1.586728
1.586631
1.586485
1.586264
1.585934
1.585420
1.585236
1.584947
1.584526
1.584321
1.583979
1.583954
1.583963
1.585714
1.587020
1.589007
1.591944
1.592350
1.592454
1.592611
1.592845
1.593196
1.593724
1.594478
1.595605
1.596030
1.596656
1.597579
1.598947
1.600939
1.603964
1.606669
1.609284
1.611910
1.614708
1.615637
1.617285
1.619676
1.620458
1.620772
1.620898
1.621086
1.621365
1.621781
1.621945
1.622179
1.622531
1.623053
1.623257
1.623553
1.623991
1.624634
1.624894
1.625273
1.625796
1.626023
1.626099
1.626213
1.626256
1.626273
1.626297
1.626333
1.626386
1.626467
1.626588
1.626769
1.627037
1.627436
1.628021
1.628260
1.628585
1.628707
1.628904
1.629182
1.629598
1.630250
1.631161
1.632531
1.633147
1.633341
1.633633
1.634056
1.634228
1.634470
1.634829
1.635363
1.636136
1.637240
1.637727
1.638139
1.638538
1.639175
1.640087
1.641436
1.643561
1.645092
1.646620
1.648202
1.649474
1.650716
1.652355
1.653215
1.653490
1.653867
1.654441
1.654551
1.654633
1.654664
1.654711
1.654782
1.654890
1.655043
1.655277
1.655633
1.655968
1.656322
1.656664
1.656977
1.657109
1.657291
1.657556
1.657941
1.658544
1.658683
1.658819
1.659021
1.659101
1.659215
1.659380
1.659634
1.660007
1.660356
1.660732
1.661085
1.661174
1.661261
1.661392
1.661578
1.661870
1.662251
1.662776
1.663436
1.664330
1.665002
1.665301
1.665617
1.666221
1.666396
1.666440
1.666514
1.666519
1.666523
1.666530
1.666540
1.666556
1.666579
1.666614
1.666667
1.666730
1.666767
1.666773
1.666769
1.666736
1.666720
1.666844
1.667250
1.668363
1.669111
1.670200
1.671349
1.671574
1.671813
1.672146
1.672450
1.672585
1.672746
1.673135
1.673338
1.673383
1.673408
1.673409
1.673295
1.673265
1.673228
1.673173
1.673169
1.673167
1.673164
1.673160
1.673153
1.673142
1.673125
1.673098
1.673050
1.672969
1.672945
1.672892
1.672802
1.672650
1.672428
1.671955
1.671823
1.671627
1.671430
1.671117
1.671035
1.670954
1.670830
1.670637
1.670341
1.669890
1.669342
1.668817
1.668609
1.668275
1.667708
1.666775
1.665269
1.662784
1.661538
1.659957
1.656852
1.652302
1.644306
1.642345
1.641573
1.640352
1.638137
1.637655
1.636469
1.634689
1.633903
1.632940
1.631550
1.630955
1.630148
1.629879
1.629413
1.628716
1.628472
1.628078
1.627475
1.626581
1.625135
1.623095
1.622025
1.620714
1.618598
1.618126
1.617902
1.617467
1.616814
1.615841
1.615453
1.614891
1.614016
1.613716
1.613228
1.612477
1.611298
1.609479
1.606953
1.605748
1.604013
1.603570
1.602617
1.602311
1.601761
1.600891
1.599537
1.597429
1.596878
1.595758
1.595344
1.594692
1.593716
1.592211
1.589940
1.586569
1.581217
1.573561
1.570696
1.566457
1.566073
1.565498
1.564638
1.563349
1.562839
1.562104
1.560998
1.560589
1.559967
1.559028
1.558681
1.558149
1.557349
1.556134
1.555693
1.555000
1.553929
1.552317
1.549954
1.546288
1.544921
1.544457
1.543898
1.542995
1.541647
1.539710
1.537918
1.537609
1.537329
1.536904
1.536242
1.536011
1.535634
1.535041
1.534832
1.534494
1.533970
1.533157
1.531917
1.529929
1.526984
1.522380
1.520406
1.517627
1.516615
1.514902
1.512210
1.511229
1.509696
1.507225
1.503968
1.502576
1.500775
1.500125
1.499042
1.498656
1.498039
1.497134
1.496808
1.496310
1.495568
1.494445
1.492753
1.490377
1.486720
1.481115
1.472453
1.469239
1.463956
1.462321
1.459212
1.454330
1.452818
1.450161
1.446240
1.444832
1.444352
1.443523
1.442171
1.440185
1.437140
1.432182
1.430560
1.427828
1.423650
1.422161
1.419719
1.415902
1.414676
1.412629
1.409639
1.405116
1.403550
1.401120
1.397666
1.394026
1.393717
1.393115
1.391960
1.391789
1.392608
1.394125
1.396666
1.399927
1.401259
1.401900
1.402532
1.403381
1.404370
1.405037
1.405305
1.405520
1.405800
1.405950
1.406118
1.406342
1.406644
1.407099
1.407422
1.407779
1.407938
1.408130
1.408396
1.408521
1.408679
1.408904
1.409247
1.409720
1.410439
1.411462
1.412977
1.413531
1.414261
1.415164
1.415410
1.415420
1.415433
1.415452
1.415481
1.415524
1.415588
1.415682
1.415820
1.416021
1.416306
1.416698
1.417213
1.417820
1.418282
1.418626
1.418952
1.419251
1.419447
1.419528
1.419549
1.419557
1.419291
1.419029
1.419204
1.419312
1.419367
1.419422
1.419488
1.419512
1.419540
1.419550
1.419551
1.419551
1.419552
1.419552
1.419552
