0.0
1.97424151338055e-06
1.97583631234011e-06
1.9764604530792e-06
1.97712779481662e-06
1.97741633201076e-06
1.97788926925568e-06
1.97841200133553e-06
1.99476085072092e-06
2.01374245989427e-06
2.0145273538219e-06
2.01430339075159e-06
2.01409011424403e-06
2.01367765839677e-06
2.01353077500244e-06
2.01336752070347e-06
2.0131922155997e-06
2.01300508706481e-06
2.01280658984615e-06
2.01255102183495e-06
2.01228817786614e-06
2.01201964955544e-06
2.01160992219229e-06
2.01188527171325e-06
2.01318312065268e-06
2.01680995814968e-06
2.0223762930982e-06
2.02989485842409e-06
2.03985314328747e-06
2.04233674594434e-06
2.04489242605632e-06
2.04748903342988e-06
2.0500351638475e-06
2.05260653274308e-06
2.05325864044426e-06
2.05422907129105e-06
2.05567744160362e-06
2.05782953344169e-06
2.06102777156048e-06
2.06582990358584e-06
2.07073890123866e-06
2.07599191526242e-06
2.08186315830972e-06
2.08778556043399e-06
2.08778556043399e-06
