0.0
0.0
0.0
0.0
0.0
0.0
0.0
0.0
0.0
0.0
0.0
0.0
0.0
5.99855143335049e-09
2.95133055772112e-08
1.48201408478599e-07
5.46388719158131e-07
1.64054347351339e-06
1.41950249599176e-05
1.63417116709752e-05
1.69507766258903e-05
1.76148350874428e-05
1.86002143891528e-05
1.97072968148859e-05
2.05831656785449e-05
2.14772335311864e-05
2.28275421250146e-05
2.48537598963594e-05
2.78679890470812e-05
3.23013446177356e-05
3.87554173357785e-05
5.05427560710814e-05
6.99704469298013e-05
7.20419848221354e-05
7.47035082895309e-05
7.76611632318236e-05
7.78571993578225e-05
7.80527843744494e-05
7.83431169111282e-05
7.87742756074294e-05
7.94117513578385e-05
7.96480744611472e-05
8.00003472249955e-05
8.05286035756581e-05
8.13182996353135e-05
8.16128595033661e-05
8.20533823571168e-05
8.27111944090575e-05
8.36973122204654e-05
8.51604563649744e-05
8.5709078120999e-05
8.62559754750691e-05
8.68036222527735e-05
8.76216072356328e-05
8.88539289007895e-05
9.06655986909755e-05
9.34304189286195e-05
9.61765908868983e-05
9.88944448181428e-05
0.000101630714198109
0.000104417136753909
0.000107179301267024
0.000109934124338906
0.00011270068353042
0.000115431612357497
0.000119656768220011
0.000121606892207637
0.000121806660899892
0.000122120138257742
0.000122615485452116
0.000123406498460099
0.000124225451145321
0.000125064834719524
0.000126346843899228
0.000127324616187252
0.000128797997604124
0.000129359439597465
0.000130192420328967
0.000131449778564274
0.000133310371893458
0.000135190057335421
0.000135662514367141
0.000136150789330713
0.000136950140586123
0.000138385148602538
0.000140040850965306
0.000141879689181224
0.000143872457556427
0.000145979152875952
0.000149324259837158
0.000151941247167997
0.000154619876411743
0.000157341419253498
0.000161459654918872
0.000165589721291326
0.000169699167599902
0.000175812732777558
0.000178099391632713
0.000181473005795851
0.000182740710442886
0.000184629505383782
0.000187406272743829
0.000191544400877319
0.000193092797417194
0.000195381449884735
0.000198785215616226
0.000203821458853781
0.00020570018386934
0.000208496770937927
0.000212632119655609
0.000216680506127886
0.000220742294914089
0.000224736853851937
0.000228674049139954
0.000232530801440589
0.000233997096074745
0.000236159001360647
0.000239401808357798
0.000244229333475232
0.000248959404416382
0.000253771082498133
0.000257307488936931
0.000260897650150582
0.000264460570178926
0.000267967581748962
0.000273208745056763
0.000278554012766108
0.000283754809061065
0.000289076386252418
0.000294336496153846
0.000299522711429745
0.00030483040609397
0.000310124218231067
0.000315364159177989
0.00032326381187886
0.000331409188220277
0.000339471909683198
0.00034740284900181
0.000355391326593235
0.000363594299415126
0.000371481874026358
0.000379482284188271
0.000387622421840206
0.000395497307181358
0.000407642917707562
0.00042546255281195
0.0004508524434641
0.000484248390421271
0.000534403952769935
0.000615414755884558
0.000751794315874577
0.000959159689955413
0.00128478894475847
0.00166315445676446
0.00208223494701087
0.00267780339345336
0.00267850211821496
0.00267606903798878
0.00266918330453336
0.00266317743808031
0.00265444000251591
0.00264443946070969
0.00263573275879025
0.00262708310037851
0.00261639337986708
0.00260787759907544
0.00259988964535296
0.00258915801532567
0.00258230534382164
0.0025717094540596
0.00255759060382843
0.00255027296952903
0.00253879139199853
0.00253140786662698
0.00251872441731393
0.00251232483424246
0.00249253213405609
0.00249012443237007
0.00247730547562242
0.00246763112954795
0.00246368139050901
0.00244513945654035
0.00243927515111864
0.0024219318293035
0.0024215227458626
0.00239911815151572
0.00239872094243765
0.0023809839040041
0.00237551098689437
0.00235649733804166
0.00234982138499618
0.00234832847490907
0.00232413527555764
0.00232413643971086
0.00230964599177241
0.00229845312424004
0.00228886399418116
0.00227302871644497
0.00227302964776754
0.0022496460005641
0.00224759965203702
0.00224218075163662
0.00222217058762908
0.00222188024781644
0.00219269492663443
0.0021921070292592
0.00219196593388915
0.00216297386214137
0.00216204160824418
0.00216198805719614
0.00213331449776888
0.0021319764200598
0.00212118355557323
0.00210205558687449
0.0021020551212132
0.00209249067120254
0.0020721338223666
0.0020721354521811
0.0020637612324208
0.00204221485182643
0.00204221624881029
0.00201867031864822
0.0020068425219506
0.00200684485025704
0.00200594589114189
0.00197169207967818
0.00197147252038121
0.00197147275321186
0.00195681792683899
0.00193609378766268
0.00193609436973929
0.00192259124014527
