0.0
5.67644860893779e-07
3.38078029926692e-06
4.76671630167402e-06
6.17863543084241e-06
1.03851698440849e-05
1.47614182424149e-05
1.41671389428666e-05
1.52372058437322e-05
1.63033946591895e-05
1.72461841430049e-05
1.8928632925963e-05
2.08049023058265e-05
2.28730896196794e-05
2.43959420913598e-05
2.44021575781517e-05
2.44074944930617e-05
2.44130751525518e-05
2.44188213400776e-05
2.44277380261337e-05
2.44415314227808e-05
2.44554848904954e-05
2.44694765569875e-05
2.44905204453971e-05
2.45223491219804e-05
2.45707633439451e-05
2.46447889367118e-05
2.46511444856878e-05
2.46575218625367e-05
2.46638755925233e-05
2.46729814534774e-05
2.468087222951e-05
2.4686425604159e-05
2.46902945946204e-05
2.46942508965731e-05
2.46986965066753e-05
2.47062253038166e-05
2.47073221544269e-05
2.47062853304669e-05
2.47018979280256e-05
2.46920335484901e-05
2.46744111791486e-05
2.46493746089982e-05
2.45909504883457e-05
2.45437913690694e-05
2.4510560251656e-05
2.44763741648057e-05
2.44565981120104e-05
2.44533457589569e-05
2.44583552557742e-05
2.44688053498976e-05
2.44829170696903e-05
2.44993170781527e-05
2.45265291596297e-05
2.45693590841256e-05
2.46367217187071e-05
2.4742661480559e-05
2.49075692408951e-05
2.51625097007491e-05
2.55448449024698e-05
2.5968462068704e-05
2.65460093942238e-05
2.73909317911603e-05
2.90732114081038e-05
3.21089064527769e-05
3.31309092871379e-05
3.39574544341303e-05
3.48353532899637e-05
3.50556802004576e-05
3.5269717045594e-05
3.53973628079984e-05
3.53768955392297e-05
3.5326254874235e-05
3.52486131305341e-05
3.51316521118861e-05
3.49696929333732e-05
3.47638015227858e-05
3.4524218790466e-05
3.42601815646049e-05
3.42264247592539e-05
3.40405531460419e-05
3.32091585732996e-05
3.2372037821915e-05
3.16999212373048e-05
3.11205658363178e-05
3.03679862554418e-05
2.93957946269074e-05
2.85275473288493e-05
2.7684103770298e-05
2.68306903308257e-05
2.5908444513334e-05
2.48964734055335e-05
2.38929933402687e-05
2.28983753913781e-05
2.1915975594311e-05
2.09041027119383e-05
1.9889941540896e-05
1.88567355507985e-05
1.78040281753056e-05
1.67022990353871e-05
1.55564939632313e-05
1.43979377753567e-05
1.32321683850023e-05
1.18972757263691e-05
1.06390161818126e-05
9.16028784558875e-06
7.49589798942907e-06
5.98906626692042e-06
4.71447447125684e-06
3.6314456792752e-06
2.73541490969365e-06
1.99609144146962e-06
1.44180626193702e-06
1.16622209134221e-06
8.78321770869661e-07
8.794315817795e-07
8.81775918060157e-07
8.81288656273682e-07
8.81910466432601e-07
8.81029677657352e-07
8.79341826021118e-07
8.76871524724265e-07
8.71350493980572e-07
8.6558185330432e-07
8.61097078086459e-07
8.56734857279662e-07
8.541093166059e-07
8.56046199260163e-07
8.57781458307727e-07
8.59889723869856e-07
8.63770026171551e-07
8.68790266395081e-07
8.73180511007376e-07
8.7640273704892e-07
8.78524474501319e-07
8.80316520124325e-07
8.77788977504679e-07
8.75128023380967e-07
8.69559414695686e-07
8.61372768667934e-07
8.51608604079956e-07
8.45437511998171e-07
8.37365007555491e-07
8.27974986350455e-07
8.18610260466812e-07
8.09324035344616e-07
8.03526404524746e-07
7.99317945165967e-07
7.97197458268784e-07
7.9804539154793e-07
7.99711074250808e-07
8.04615012839349e-07
8.08404138297192e-07
8.12599466826214e-07
8.17655859464139e-07
8.2332473994029e-07
8.25066990728374e-07
8.25853817332245e-07
8.26458744995762e-07
8.22527056243416e-07
8.16503813894087e-07
8.07403637281823e-07
