0.0
1.61788224579945e-31
3.28657893078343e-06
1.51231606650981e-05
3.30958646372892e-05
6.91894456394948e-05
0.000124897487694398
0.000200686161406338
0.000298210041364655
0.000417823524912819
0.000560393906198442
0.000726086203940213
0.000908811576664448
0.00110911682713777
0.00134086806792766
0.00160053838044405
0.00188170559704304
0.00218605669215322
0.00226523750461638
0.00238471501506865
0.00256274663843215
0.00262878346256912
0.00272535090334713
0.00286926724947989
0.00306749413721263
0.00312888063490391
0.00321574788540602
0.00333450245670974
0.00351945217698812
0.00366517761722207
0.003805409418419
0.00386605667881668
0.00390021409839392
0.00393143575638533
0.00396262435242534
0.00399396801367402
0.00402584439143538
0.00405685231089592
0.00408463086932898
0.00410952791571617
0.00413174880668521
0.00413719331845641
0.00414499314501882
0.00415595434606075
0.00416987668722868
0.00418486120179296
0.00418878812342882
0.00419262796640396
0.00419828156009316
0.00420041056349874
0.00420357240363955
0.00420476263388991
0.00420520873740315
0.00420565251260996
0.0042056804522872
0.00420572189614177
0.00420576380565763
0.00420577405020595
0.00420578988268971
0.00420581316575408
0.00420584809035063
0.00420590117573738
0.00420595379546285
0.00420600641518831
0.00420605903491378
0.00420611165463924
0.00420616427436471
0.00420621689409018
0.00420626997947693
0.00420632213354111
0.00420633563771844
0.00420634867623448
0.00420636869966984
0.00420639803633094
0.00420644273981452
0.00420650886371732
0.0042065754532814
0.00420662574470043
0.00420667557045817
0.00420669419690967
0.00420672260224819
0.00420676451176405
0.00420682784169912
0.0042068911716342
0.00420693820342422
0.0042069498449564
0.00420696195214987
0.00420697964727879
0.00420700618997216
0.00420704623684287
0.00420710630714893
0.00420712865889072
0.0042071626521647
0.00420721294358373
0.00420723203569651
0.00420726044103503
0.00420730281621218
0.00420736661180854
0.00420743087306619
0.00420749466866255
0.00420754263177514
0.00420759059488773
0.00420763855800033
0.00420768652111292
0.00420773448422551
0.0042077824473381
0.00420782994478941
0.00420784810557961
0.00420787511393428
0.00420791562646627
0.00420797616243362
0.0042079989798367
0.00420803297311068
0.00420808419585228
0.0042081605643034
0.00420827604830265
0.00420831888914108
0.0042083621956408
0.00420840503647923
0.00420844787731767
0.00420851306989789
0.00420853728428483
0.00420857360586524
0.00420862808823586
0.00420870957896113
0.00420883251354098
0.00420887814834714
0.00420892424881458
0.00420897034928203
0.00420901598408818
0.0042090849019587
0.00420913705602288
0.00420918874442577
0.00420923996716738
0.00420929212123156
0.00420934334397316
0.00420939549803734
0.00420944672077894
0.00420949840918183
0.00420955009758472
0.00420960178598762
0.00420965347439051
0.0042097051627934
0.00420975685119629
0.00420980807393789
0.00420985976234078
0.00420993752777576
0.00420996639877558
0.0042100097052753
0.00421007536351681
0.00421009957790375
0.00421013636514544
0.00421019131317735
0.00421027420088649
0.00421039806678891
0.00421058339998126
0.00421086186543107
0.00421113939955831
0.00421141879633069
0.00421183416619897
0.00421245954930782
0.00421339087188244
0.00421478878706694
0.004215307533741
0.00421608192846179
0.00421724328771234
0.00421767588704824
0.00421771826222539
0.00421775924041867
0.00421779043972492
0.00421782117336988
0.00421786773949862
0.00421793712303042
0.00421796320006251
0.00421800231561065
0.00421806052327156
0.00421808287501335
0.00421811547130346
0.0042181652970612
0.00421823933720589
0.00421835063025355
0.00421851733699441
0.00421876786276698
0.00421914225444198
0.00421970477327704
0.00422054342925549
0.00422179838642478
0.00422226591035724
0.00422296952456236
0.00422401772812009
0.00422441447153687
0.00422500493004918
0.00422588549554348
0.00422621984034777
0.00422671716660261
0.00422745849937201
0.00422774022445083
0.00422776630148292
0.00422780541703105
0.00422784499824047
0.0042278841137886
0.00422794278711081
0.00422800192609429
0.00422804616391659
0.00422809040173888
0.00422813463956118
0.00422817887738347
0.00422824546694756
0.00422827014699578
0.00422830739989877
0.00422836327925324
0.00422844709828496
0.0042284787632525
0.00422852579504251
0.00422857329249382
0.00422862032428384
0.00422866735607386
0.00422871485352516
0.00422876188531518
0.0042288089171052
0.0042288564145565
0.00422890344634652
0.00422895094379783
0.00422899797558784
0.00422904500737786
0.00422909203916788
0.0042291097342968
0.00422913627699018
0.00422917632386088
0.00422923592850566
0.00422928109765053
0.00422932533547282
0.00422934256494045
0.00422936771064997
0.00422940542921424
0.00422946177423
0.00422951858490705
0.00422957539558411
0.00422959681600332
0.00422962848097086
0.00422967644408345
0.0042297481559217
0.00422985572367907
0.00423001684248447
0.00423025898635387
0.00423050066456199
0.00423074327409267
0.0042309844866395
0.00423122709617019
0.00423128763213754
0.00423134816810489
0.00423139380291104
0.00423143897205591
0.00423145014792681
0.00423146178945899
0.00423147855326533
0.00423150416463614
0.00423154234886169
0.00423160009086132
0.00423168623819947
0.00423181569203734
0.00423200940713286
0.00423229997977614
0.00423273583874106
0.00423339195549488
0.0042343707755208
0.00423584599047899
0.00423805369064212
0.00423887884244323
0.00424012960866094
0.00424015801399946
0.00424018735066056
0.00424021668732166
0.00424026045948267
0.00424032658338547
0.00424035126343369
0.00424038851633668
0.0042404024861753
0.00424042344093323
0.00424045464023948
0.0042405016720295
0.00424057245254517
0.00424064323306084
0.00424069631844759
0.00424074893817306
0.00424076896160841
0.0042407987639308
0.00424084346741438
0.00424091052263975
0.00424096081405878
0.00424101110547781
0.00424106139689684
0.00424111168831587
0.00424116244539618
0.00424121227115393
0.00424126302823424
0.00424131331965327
0.00424136314541101
0.00424141390249133
0.00424146419391036
0.0042415140196681
0.00424156477674842
0.00424161460250616
0.00424162717536092
0.00424163974821568
0.00424165884032845
0.00424168724566698
0.00424172962084413
0.00424179341644049
0.00424185721203685
0.00424192054197192
0.00424198433756828
0.00424203230068088
0.00424208026379347
0.00424209795892239
0.00424212496727705
0.00424216547980905
0.00424222555011511
0.00424228608608246
0.0042423470877111
0.00424240715801716
0.00424245279282331
0.00424249796196818
0.00424254359677434
0.0042425892315805
0.00424260599538684
0.00424263160675764
0.0042426697909832
0.00424272753298283
0.00424274895340204
0.00424278154969215
0.00424282997846603
0.00424290215596557
0.00424293009564281
0.0042429706081748
0.00424301205202937
0.00424305256456137
0.00424311403185129
0.00424313731491566
0.00424317177385092
0.00424322346225381
0.0042432751506567
0.00424332730472088
0.00424337899312377
0.00424343068152666
0.00424348236992955
0.00424350192770362
0.00424353126436472
0.00424357457086444
0.00424364022910595
0.00424373894929886
0.00424388609826565
0.00424410821869969
0.00424443976953626
0.00424477271735668
0.00424510380253196
0.00424543768167496
0.00424576876685023
0.00424627028405666
0.00424701441079378
0.00424814084544778
0.00424982281401753
0.00425046496093273
0.00425047473981977
0.00425049616023898
0.00425052922219038
0.00425057904794812
0.00425062933936715
0.00425067963078618
0.00425072992220521
0.0042507485486567
0.00425077695399523
0.00425081932917237
0.00425088265910745
0.00425097811967134
0.00425112154334784
0.00425117462873459
0.00425121514126658
0.00425125518813729
0.00425131525844336
0.00425133807584643
0.00425137206912041
0.00425142282620072
0.00425149919465184
0.00425152806565166
0.00425157090649009
0.00425161374732852
0.00425165705382824
0.00425172131508589
0.00425174552947283
0.00425178185105324
0.00425183586776257
0.00425191782414913
0.00425203982740641
0.00425222376361489
0.00425226939842105
0.00425231549888849
0.00425233272835612
0.00425235833972692
0.00425239698961377
0.00425245519727468
0.0042525427415967
0.00425257533788681
0.00425262423232198
0.00425269734114408
0.00425272528082132
0.00425276672467589
0.00425282865762711
0.00425292178988457
0.00425295671448112
0.00425300886854529
0.00425308756530285
0.00425311736762524
0.00425316113978624
0.00425322772935033
0.00425325240939856
0.00425328966230154
0.00425334554165602
0.00425342982634902
0.00425355508923531
0.00425360258668661
0.00425362028181553
0.00425364682450891
0.00425368687137961
0.00425374647602439
0.00425376882776618
0.00425380282104015
0.00425385311245918
0.00425392854958773
0.00425404170528054
0.00425421260297298
0.00425438210368156
0.00425442494452
0.00425446778535843
0.00425451062619686
0.00425457442179322
0.00425459817051888
0.004254634026438
0.00425468804314733
0.00425476906821132
0.00425489014014602
0.00425493577495217
0.00425498140975833
0.00425502704456449
0.00425507221370935
0.00425514066591859
0.00425516627728939
0.00425520446151495
0.00425526220351458
0.00425534835085273
0.00425538094714284
0.00425542984157801
0.00425547827035189
0.00425552669912577
0.00425554532557726
0.00425557233393192
0.00425561377778649
0.00425567524507642
0.0042557674460113
0.00425577582791448
0.00425578886643052
0.00425580842420459
0.00425583776086569
0.0042558815330267
0.00425589783117175
0.00425592251121998
0.00425595976412296
0.00425601517781615
0.00425609806552529
0.00425610598176718
0.00425611762329936
0.00425613531842828
0.00425616186112165
0.00425620144233108
0.00425626011565328
0.00425628246739507
0.00425631599500775
0.0042563658207655
0.00425641564652324
0.00425646593794227
0.0042565162293613
0.00425656605511904
0.00425661588087678
0.00425666570663452
0.00425667827948928
0.00425669085234404
0.00425670947879553
0.00425673788413405
0.0042567802593112
0.00425684358924627
0.00425690691918135
0.00425696978345513
0.00425703311339021
0.00425708061084151
0.00425712810829282
0.00425714580342174
0.0042571728117764
0.00425721285864711
0.00425727292895317
0.00425733299925923
0.00425739353522658
