0.0
5.08820156147616e-12
2.94909166531632e-11
3.00402099029373e-11
3.82268557086451e-11
7.47950035240308e-11
9.17557349544573e-11
1.13466257223305e-10
1.66263516843124e-10
2.21619944618112e-10
3.33907512750642e-10
7.07817082723494e-10
1.29323229902667e-09
2.20968221498197e-09
2.43244535624854e-09
2.59676324887437e-09
3.04584157895249e-09
4.11576062120389e-09
4.881667958756e-09
5.12152986686942e-09
5.3595186066957e-09
5.61266233489732e-09
5.78510084281447e-09
6.01701577451763e-09
6.25542995180695e-09
6.5871899046499e-09
7.02784008765889e-09
7.65036212158066e-09
7.88597898093713e-09
8.28971558064495e-09
8.53153281354935e-09
9.01415209142442e-09
9.22553589077779e-09
9.29312893305223e-09
9.38065181088632e-09
9.49667455785175e-09
9.66992086404161e-09
9.98322757794767e-09
1.07248627756462e-08
1.39655798037097e-08
1.74132761543433e-08
1.7640678251496e-08
1.77376637822135e-08
1.78000210127038e-08
1.78522014948612e-08
1.79378645270845e-08
1.80414350126057e-08
1.81760473338954e-08
1.83769106598675e-08
1.86285955550147e-08
1.91493736423354e-08
2.09051318478259e-08
2.83224466102183e-08
3.09768104500563e-08
3.15236192705015e-08
3.17876036604048e-08
3.19846940044499e-08
3.21094439925673e-08
3.21717799067756e-08
3.22123661078422e-08
3.22573932010073e-08
3.23132738344611e-08
3.23886411024432e-08
3.2495069746119e-08
3.26464864031095e-08
3.28629390367041e-08
3.29396208087473e-08
3.30508278523212e-08
3.32299165961558e-08
3.3536043275717e-08
3.40238983653762e-08
3.48546720374543e-08
3.56918832267183e-08
3.6452856733149e-08
3.73984043733344e-08
3.89304837256077e-08
4.23224761902929e-08
8.38926510482452e-08
9.90215411889039e-08
1.0124530547273e-07
1.02071886942667e-07
1.02726268380593e-07
1.03751894187099e-07
1.05982323361786e-07
1.0838346042874e-07
1.10666888986088e-07
1.12207317215507e-07
1.1258812548931e-07
1.13035305560061e-07
1.13193280526502e-07
1.13390591138796e-07
1.13631898557287e-07
1.13942157042857e-07
1.1429142432462e-07
1.14552491936593e-07
1.14734440614939e-07
1.14875248868884e-07
1.15019773261338e-07
1.15172589687518e-07
1.15398769651165e-07
1.15736206396377e-07
1.1643364672409e-07
1.17188996284767e-07
1.17883836026067e-07
1.18391369596793e-07
1.18680894445333e-07
1.18921228420277e-07
1.19159885514364e-07
1.19518105634597e-07
1.20086468768932e-07
1.20631952427175e-07
1.2112741387682e-07
1.21913771522486e-07
1.23014601172144e-07
1.24261788414515e-07
1.25784495708103e-07
1.27725499510234e-07
1.29754482713906e-07
1.31744826603608e-07
1.34851546818027e-07
1.38179174768993e-07
1.4109836854459e-07
1.43505445748815e-07
1.46629488995131e-07
1.47757049262509e-07
1.49498561086148e-07
1.52022977317756e-07
1.52739673353608e-07
1.53739350139404e-07
1.55447878569248e-07
1.57480613438565e-07
1.59584743641972e-07
1.63157352517374e-07
1.69251634929424e-07
1.77377316390448e-07
1.80304553509814e-07
1.81188966053014e-07
1.82767024625718e-07
1.84611508302623e-07
1.86718068562186e-07
1.89323401400543e-07
1.92404911558697e-07
1.95952836179458e-07
1.99694142111184e-07
2.03512641405723e-07
2.07339795110784e-07
2.11232404012662e-07
2.15201580999747e-07
2.19167887394178e-07
2.23078203021032e-07
2.26960779059482e-07
2.28386497269639e-07
2.3049663866459e-07
2.3361475598449e-07
2.38230157378894e-07
2.45024921241566e-07
2.55149842587343e-07
2.69843781097734e-07
2.90551383841375e-07
2.97765012646778e-07
3.07422396872425e-07
3.2148943773791e-07
3.43632393651205e-07
3.76851659211752e-07
3.88444817644995e-07
4.04551485644333e-07
4.27299596594821e-07
4.57607882253797e-07
4.93722495775728e-07
4.94228970637778e-07
4.94687128593796e-07
4.95126357691333e-07
4.95553479140654e-07
4.96181996822997e-07
4.97102348617773e-07
4.9848915750772e-07
4.98829990647209e-07
4.99169459544646e-07
4.99509440032853e-07
5.00019496030291e-07
5.00783528423199e-07
5.01067972891178e-07
5.01350939430267e-07
5.01631802762859e-07
5.02050909290119e-07
5.02675220559468e-07
5.03606941038015e-07
5.04541446844087e-07
5.04771890064148e-07
5.05002276440791e-07
5.05231980696408e-07
5.05461741795443e-07
5.05690707086615e-07
5.05919786064624e-07
5.06148410295282e-07
5.06376238718076e-07
5.06603896610613e-07
5.06945127654035e-07
5.07454387843609e-07
5.07962568008224e-07
5.08471600824123e-07
5.08978644120361e-07
5.09483584210102e-07
5.09983522078983e-07
5.10171901169088e-07
5.10359711825004e-07
5.1054752248092e-07
5.10828101596417e-07
5.11248742895987e-07
5.11877317421749e-07
5.12818587594666e-07
5.14228190695576e-07
5.1435523573673e-07
5.14451301114605e-07
5.14547650709574e-07
5.14692374053993e-07
5.14910254878487e-07
5.15236195042235e-07
5.15562305736239e-07
5.15889553298621e-07
5.16215891366301e-07
5.16539842010388e-07
5.16865213739948e-07
5.17107821451646e-07
5.17350031259411e-07
5.17591729476408e-07
5.17832575042121e-07
5.18071942678944e-07
5.18311082942091e-07
5.18550734796008e-07
5.18789875059156e-07
5.19028503731533e-07
5.19266279752628e-07
5.19626098594017e-07
5.19985803748568e-07
5.20253820468497e-07
5.20522007718682e-07
5.20791274993826e-07
5.21061849667603e-07
5.21334129643947e-07
5.21608797043882e-07
5.22021650795068e-07
5.22644029388175e-07
5.23577796229802e-07
5.23928463280754e-07
5.24015433711611e-07
5.2408086048672e-07
5.24146344105247e-07
5.24211827723775e-07
5.24309939464729e-07
5.24457959727442e-07
5.24607230545371e-07
5.24757354014582e-07
5.24984272942675e-07
5.25323969213787e-07
5.25452151123318e-07
5.25580219346011e-07
5.25708401255542e-07
5.25900361481035e-07
5.26188671301497e-07
5.26620056007232e-07
5.27266251992842e-07
5.27511076597875e-07
5.27755048551626e-07
5.27997372046229e-07
5.28239922914508e-07
5.28483553807746e-07
5.28726900483889e-07
5.28969110291655e-07
5.29212400124379e-07
5.2945534889659e-07
5.29697217643843e-07
5.29940052729216e-07
5.30181637259375e-07
5.30423335476371e-07
5.30666113718326e-07
5.30907470874808e-07
5.31149964899669e-07
5.31391947333759e-07
5.31632849742891e-07
5.31874718490144e-07
5.32115336682182e-07
5.32356978055759e-07
5.32598221525404e-07
5.32838214439835e-07
5.33078321041103e-07
5.33318541329209e-07
5.33559443738341e-07
5.33923923740076e-07
5.34063360646542e-07
5.34202627022751e-07
5.34341666025284e-07
5.34480818714655e-07
5.34690116182901e-07
5.35002698143217e-07
5.35317326466611e-07
5.35631386355817e-07
5.35943058821431e-07
5.36255015504139e-07
5.36569132236764e-07
5.3688216894443e-07
5.36536731488013e-07
5.36849199761491e-07
5.37163771241467e-07
5.37475557393918e-07
5.37787627763464e-07
5.38101630809251e-07
5.38414894890593e-07
5.38727817911422e-07
5.39039945124387e-07
5.39157497314591e-07
5.39274765287701e-07
5.39392203791067e-07
5.39510210728622e-07
5.39686993761279e-07
5.3995393045625e-07
5.40219730282843e-07
5.40486041700206e-07
5.40753944733297e-07
5.41020142463822e-07
5.41287931810075e-07
5.41553788480087e-07
5.41819872523774e-07
5.42087263966096e-07
5.42354030130809e-07
5.42751422472065e-07
5.42901489097858e-07
5.43050759915786e-07
5.43200087577134e-07
5.43349585768738e-07
5.43573776212725e-07
5.43908129202464e-07
5.44034321592335e-07
5.44159945548017e-07
5.44285512660281e-07
5.4441130714622e-07
5.44599856766581e-07
5.44881515907036e-07
5.45306420463021e-07
5.45463763046428e-07
5.45622015124536e-07
5.45780153515807e-07
5.45938007689983e-07
5.46175385807146e-07
5.4652946346323e-07
5.46663272871228e-07
5.46863589079294e-07
5.47162358088826e-07
5.4760926104791e-07
5.48060768323921e-07
5.48506193354115e-07
5.48841398995137e-07
5.49178992059751e-07
5.49512662928464e-07
5.49638855318335e-07
5.49827120721602e-07
5.5011065569488e-07
5.50535844467959e-07
5.50693641798716e-07
5.5093147466323e-07
5.51288110273163e-07
5.51821472072334e-07
5.52629387584602e-07
5.53821962512302e-07
5.55024826098816e-07
5.55321548745269e-07
5.55616963993089e-07
5.56061024781229e-07
5.56724501166173e-07
5.577260822065e-07
5.59195996174822e-07
5.60696378215653e-07
5.62159755190805e-07
5.63637911454862e-07
5.65138179808855e-07
5.66590870221262e-07
5.68071527595748e-07
5.69512735637545e-07
5.70980148495437e-07
5.72439091683918e-07
5.73873137454939e-07
5.74241653339413e-07
5.74806961139984e-07
5.750137574978e-07
5.75321564610931e-07
5.75783644762851e-07
5.75958665649523e-07
5.76221566461754e-07
5.76616685066256e-07
5.76765273763158e-07
5.76987986278255e-07
5.77321372929873e-07
5.77656521727477e-07
5.77989339944907e-07
5.78322271849174e-07
5.78655033223185e-07
5.78987794597197e-07
5.7949011988967e-07
5.79676395773276e-07
5.79863069560815e-07
5.80050254939124e-07
5.80236928726663e-07
5.80423659357621e-07
5.80610901579348e-07
5.80797518523468e-07
5.80984192311007e-07
5.81171320845897e-07
5.81357824103179e-07
5.8154438420388e-07
5.81731399051932e-07
5.81917731778958e-07
5.82104178192822e-07
5.82291079354036e-07
5.82477355237643e-07
5.82663687964668e-07
5.82850532282464e-07
5.83036751322652e-07
5.83223027206259e-07
5.83409757837217e-07
5.83595863190567e-07
5.83782082230755e-07
5.83968699174875e-07
5.84154747684806e-07
5.84340853038157e-07
5.84527356295439e-07
5.84713347961952e-07
5.84899339628464e-07
5.85085729198909e-07
5.85271550335165e-07
5.85457428314839e-07
5.85643704198446e-07
5.85829354804446e-07
5.86015005410445e-07
5.86200997076958e-07
5.86386363465863e-07
5.86571900385024e-07
5.86757892051537e-07
5.86943315283861e-07
5.87128909046442e-07
5.87314957556373e-07
5.87500494475535e-07
5.87686542985466e-07
5.8787247780856e-07
5.88058128414559e-07
5.88244063237653e-07
5.88429600156815e-07
5.88615307606233e-07
5.88801469803002e-07
5.88987120409001e-07
5.89172941545257e-07
5.89359160585445e-07
5.89544924878282e-07
5.8973114391847e-07
5.89917249271821e-07
5.90103127251496e-07
5.9028900523117e-07
5.90568674851966e-07
5.90988179283158e-07
5.91406433159136e-07
5.91826335494261e-07
5.92246237829386e-07
5.92665116982971e-07
5.93083939293138e-07
5.93505035340058e-07
5.93926131386979e-07
5.94346829529968e-07
5.94768778228172e-07
5.95189760588255e-07
5.95611538756202e-07
5.96035476974066e-07
5.96457596202526e-07
5.96881307046715e-07
5.97303994709364e-07
5.97728160300903e-07
5.98151530084579e-07
5.98576150423469e-07
5.99000031797914e-07
5.99425050040736e-07
5.99850181970396e-07
6.00275029682962e-07
6.00911562287365e-07
6.01866759097902e-07
6.03302282797813e-07
6.05461366376403e-07
6.08700759130443e-07
6.13552231243375e-07
6.20801699824369e-07
6.31472175882664e-07
6.47098147510405e-07
6.62084744362801e-07
6.7648886670213e-07
6.96830852575658e-07
7.25935478840256e-07
7.68541269735579e-07
8.28823829124303e-07
8.80145819337486e-07
9.24575488170376e-07
9.63281991062104e-07
9.98833343146543e-07
1.03124193628901e-06
1.06029267499252e-06
