-0.0
-1.58390184817989e-16
4.39329937762523e-07
-2.57191459240858e-07
-1.97474150809285e-06
-1.53086148202419e-08
-7.44664703233866e-07
3.431594450376e-06
4.11765813623788e-06
4.37012931797653e-06
3.70457928511314e-06
3.10016912408173e-06
1.80087226908654e-06
4.23669916926883e-07
2.174772816943e-06
3.96901305066422e-06
3.71378337149508e-06
3.03120214084629e-06
2.05959804588929e-06
-9.73237547441386e-07
-3.29402610077523e-07
5.41557528777048e-06
6.55229814583436e-06
3.73064722225536e-06
4.80722337670159e-06
1.39024450618308e-06
7.63102434575558e-07
-1.2955060810782e-06
-1.74188244272955e-06
-1.64633092936128e-07
4.22822267864831e-06
5.387013516156e-06
3.17859485221561e-06
3.1005147320684e-06
4.05533683078829e-06
2.94471283268649e-06
1.78241316461936e-06
2.46956005867105e-06
1.05731487565208e-06
5.93325239606202e-07
1.05770959635265e-06
3.93321897718124e-06
4.32224260293879e-06
4.02567457058467e-06
3.52870847564191e-06
5.34195260115666e-06
4.40955318481429e-06
2.45459614234278e-06
1.52583197632339e-07
1.46689174584935e-07
1.73862687802284e-07
1.97438581039933e-07
1.89371235137514e-07
1.98883412849682e-07
1.96120339523986e-07
3.08931646486599e-07
3.81050853093257e-07
2.67543839527207e-07
2.84056852706271e-07
2.82637188320223e-07
2.35055438224663e-07
2.19865313511036e-07
1.30631832462313e-07
1.27890260159802e-07
1.1317258241661e-07
1.06433596158695e-07
1.03742983981192e-07
9.91834383512469e-08
9.26204108964157e-08
8.83167388110451e-08
7.94812606841333e-08
9.43059603741858e-08
7.50058291032474e-08
2.47884095472273e-08
2.12712194525011e-08
2.23278071587174e-08
1.5623923488306e-08
1.10579847500958e-08
2.17217621667487e-09
1.24769550247095e-09
-6.03767036366776e-12
-6.01330096827724e-12
-6.06387162704891e-12
-6.06892314181096e-12
-6.09701178433397e-12
-6.07996986090598e-12
-6.07119909901144e-12
-6.06592553964447e-12
-6.07452976808531e-12
-6.0677574076351e-12
-6.07180972167498e-12
-6.08807448898574e-12
-6.09479133828472e-12
-6.09295947029409e-12
-6.08396666379463e-12
-6.10028694225662e-12
-6.07924821593997e-12
-6.10089756492016e-12
-6.10006489765169e-12
-6.10733685846299e-12
-6.09740036239259e-12
-6.15574258233664e-12
-6.16023898558637e-12
-6.13814554739633e-12
-6.12770945096486e-12
-6.15596462694157e-12
-6.14924777764259e-12
-6.1684546359686e-12
-6.12981887471165e-12
-6.15091311217952e-12
-6.17045303741293e-12
-6.13320505493675e-12
-6.17095263777401e-12
-6.16240392048439e-12
-6.13709083552294e-12
-6.19237994214927e-12
-6.17311757267203e-12
-6.1712857046814e-12
-6.1942118101399e-12
-6.17844664319023e-12
-6.18571860400152e-12
-6.19487794395468e-12
-6.21708240444718e-12
-6.24994500597609e-12
-6.18399775831335e-12
-6.22363272029247e-12
-6.20931084327481e-12
-6.21297457925607e-12
-6.19532203316453e-12
-6.24839069374161e-12
-6.2407301548717e-12
-6.23417983902641e-12
-6.248723760649e-12
-6.25099971784948e-12
-6.22785156778605e-12
-6.24561513618005e-12
-6.25660634412384e-12
-6.25777207829969e-12
-6.24839069374161e-12
-6.24938989446377e-12
-6.27620178050847e-12
-6.28141982872421e-12
-6.25721696678738e-12
-6.25194340742041e-12
-6.31872332235162e-12
-6.28608276542764e-12
-6.29751806258128e-12
-6.26421137184252e-12
-6.31450447485804e-12
-6.29901686366452e-12
-6.3325455990082e-12
-6.33881835909733e-12
-6.33976204866826e-12
-6.32699448388507e-12
-6.36191099800953e-12
-6.34464702997661e-12
-6.35730357245734e-12
-6.36657393471296e-12
-6.35053121200713e-12
-6.36285468758047e-12
-6.35153041272929e-12
-6.36507513362972e-12
-6.371625449475e-12
-6.3565264163401e-12
-6.34858832171403e-12
-6.35375085877854e-12
-6.37029318184545e-12
-6.38716857181976e-12
-6.40770769777532e-12
-6.34836627710911e-12
-6.38988861823009e-12
-6.38400443619958e-12
-6.38189501245279e-12
-6.3662963789568e-12
-6.40415498409652e-12
-6.39793773515862e-12
-6.38905595096162e-12
-6.36196650916077e-12
-6.39688302328523e-12
-6.41769970499695e-12
-6.43296527158554e-12
-6.43851638670867e-12
-6.43307629388801e-12
-6.44706510399828e-12
-6.44012621009438e-12
-6.44650999248597e-12
-6.45566933243913e-12
-6.467160140744e-12
-6.44573283636873e-12
-6.47210063320358e-12
-6.46283027094796e-12
-6.4689364975834e-12
-6.46721565189523e-12
-6.47437659040406e-12
-6.48475717568431e-12
-6.46377396051889e-12
-6.49885700809705e-12
-6.50629550236204e-12
-6.54226672835989e-12
-6.52089493513586e-12
-6.52256026967279e-12
-6.54065690497418e-12
-6.53377352222151e-12
-6.49591491708179e-12
-6.49774678507242e-12
-6.51029230525069e-12
-6.5287775186107e-12
-6.54626353124854e-12
-6.56230625395438e-12
-6.58728627200844e-12
-6.57501830758633e-12
-6.53044285314763e-12
-6.52372600384865e-12
-6.5740746180154e-12
-6.55225873558152e-12
-6.56352749928146e-12
-6.52716769522499e-12
-6.56358301043269e-12
-6.57823795435775e-12
-6.57057741548783e-12
-6.56030785251005e-12
-6.54631904239977e-12
-6.58217924609517e-12
-6.581180045373e-12
-6.63519239552102e-12
-6.5865091158912e-12
-6.60804744256893e-12
-6.61631860410239e-12
-6.62780941240726e-12
-6.61448673611176e-12
-6.6390781761072e-12
-6.63341603868162e-12
-6.64490684698649e-12
-6.65117960707562e-12
-6.62464527678708e-12
-6.65190125204163e-12
-6.64690524843081e-12
-6.66611210675683e-12
-6.65312249736871e-12
-6.63941124301459e-12
-6.65889565709676e-12
-6.69170274747444e-12
-6.66011690242385e-12
-6.63813448653627e-12
-6.6882610560981e-12
-6.67149668842626e-12
-6.72228939180286e-12
-6.71324107415217e-12
-6.70236088851084e-12
-6.71307454069847e-12
-6.71945832309007e-12
-6.73833211450869e-12
-6.68132216219419e-12
-6.67466082404644e-12
-6.72140121338316e-12
-6.72634170584274e-12
-6.68970434603011e-12
-6.69592159496801e-12
-6.71729338819205e-12
-6.74005296019686e-12
-6.70391520074531e-12
-6.75498545987807e-12
-6.71973587884622e-12
-6.76625422357802e-12
-6.76264599874798e-12
-6.77846667684889e-12
-6.73255895478064e-12
-6.76292355450414e-12
-6.75171030195543e-12
-6.79789557977983e-12
-6.77841116569766e-12
-6.76841915847604e-12
-6.77341516208685e-12
-6.77430334050655e-12
-6.77968792217598e-12
-6.80028255928278e-12
-6.82581768884916e-12
-6.85462797633818e-12
-6.81338319097335e-12
-6.83331169426538e-12
-6.83653134103679e-12
-6.81432688054429e-12
-6.82048861833096e-12
-6.8067218528256e-12
-6.83536560686093e-12
-6.85268508604508e-12
-6.83147982627474e-12
-6.81749101616447e-12
-6.83691991909541e-12
-6.85623779972389e-12
-6.85018708423968e-12
-6.84147183349637e-12
-6.8505756622983e-12
-6.85401735367464e-12
-6.89742707393748e-12
-6.89454049407345e-12
-6.82304213128759e-12
-6.87710999258684e-12
-6.87710999258684e-12
-6.91452450851671e-12
-6.87866430482131e-12
-6.8932082264439e-12
-6.91857682255659e-12
-6.92773616250975e-12
-6.89881485271826e-12
-6.90497659050493e-12
-6.92262913659647e-12
-6.89187595881435e-12
-6.89742707393748e-12
-6.95371538128597e-12
-6.9315664319447e-12
-6.91030566102313e-12
-6.97408797378785e-12
-6.93739510282398e-12
-6.94805324386039e-12
-6.99257318714785e-12
-6.92346180386494e-12
-6.98724411662965e-12
-6.98052726733067e-12
-6.97308877306568e-12
-7.01788627210931e-12
-7.01672053793345e-12
-6.98119340114545e-12
-6.97236712809968e-12
-6.96659396837163e-12
-6.99706959039759e-12
-6.99040825224984e-12
-6.97458757414893e-12
-7.01838587247039e-12
-7.01738667174823e-12
-7.01810831671423e-12
-7.00939306597093e-12
-7.00250968321825e-12
-7.01871893937778e-12
-7.01427804727928e-12
-6.98846536195674e-12
-7.00328683933549e-12
-7.04736269341311e-12
-7.02593538903784e-12
-7.03664904122547e-12
-7.03942459878704e-12
-7.04980518406728e-12
-7.10254077773698e-12
-7.09238223706166e-12
-7.07139902189624e-12
-7.08788583381192e-12
-7.1029293557956e-12
-7.08866298992916e-12
-7.09432512735475e-12
-7.10165259931728e-12
-7.1126993184123e-12
-7.06484870605095e-12
-7.11292136301722e-12
-7.10742575904533e-12
-7.1072037144404e-12
-7.13745729186144e-12
-7.11275482956353e-12
-7.10759229249902e-12
-7.14034387172546e-12
-7.13806791452498e-12
-7.09959868672172e-12
-7.12041536843344e-12
-7.13173964328462e-12
-7.15133507966925e-12
-7.10342895615668e-12
-7.16876558115587e-12
-7.17526038584992e-12
-7.14905912246877e-12
-7.1510575239131e-12
-7.13540337926588e-12
-7.15488779334805e-12
-7.16182668725196e-12
-7.18336501392969e-12
-7.18358705853461e-12
-7.16787740273617e-12
-7.1812555901829e-12
-7.1945782664784e-12
-7.19435622187348e-12
-7.17981230025089e-12
-7.23304749428166e-12
-7.22688575649499e-12
-7.21461779207289e-12
-7.20018489275276e-12
-7.18808346178434e-12
-7.20640214169066e-12
-7.21650517121475e-12
-7.22238935324526e-12
-7.21345205789703e-12
-7.25430826520324e-12
-7.22272242015265e-12
-7.27268245626078e-12
-7.2792882832573e-12
-7.27679028145189e-12
-7.28589411025382e-12
-7.27684579260313e-12
-7.2988282084907e-12
-7.28384019765826e-12
-7.30443483476506e-12
-7.29932780885179e-12
-7.31525950925516e-12
-7.29644122898776e-12
-7.32103266898321e-12
-7.30554505778969e-12
-7.31603666537239e-12
-7.28767046709322e-12
-7.31081861715666e-12
-7.30959737182957e-12
-7.33385574491763e-12
-7.33613170211811e-12
-7.28489490953166e-12
-7.33146876541468e-12
-7.35184135791656e-12
-7.29399873833358e-12
-7.32358618193985e-12
-7.32913729706297e-12
-7.33302307764916e-12
-7.31881222293396e-12
-7.35622673886382e-12
-7.3755446194923e-12
-7.39835970264835e-12
-7.36638527953914e-12
-7.35850269606431e-12
-7.3906436526272e-12
-7.40463246273748e-12
-7.3837047587233e-12
-7.39580618969171e-12
-7.37487848567753e-12
-7.39058814147597e-12
-7.41900985090638e-12
-7.41545713722758e-12
-7.39103223068582e-12
-7.41262606851478e-12
-7.4254491444492e-12
-7.4407147110378e-12
-7.37349070689675e-12
-7.44088124449149e-12
-7.4416028894575e-12
-7.4701911323416e-12
-7.45525863266039e-12
-7.45020711789834e-12
-7.44038164413041e-12
-7.48290318597356e-12
-7.47379935717163e-12
-7.47607531437211e-12
-7.47063522155145e-12
-7.46269712692538e-12
-7.49655892917644e-12
-7.46602779599925e-12
-7.47257811184454e-12
-7.48107131798292e-12
-7.49561523960551e-12
-7.50849382669116e-12
-7.47202300033223e-12
-7.4675265970825e-12
-7.50161044393849e-12
-7.46452899491601e-12
-7.51998463499604e-12
-7.48184847410016e-12
-7.54590834262103e-12
-7.48090478452923e-12
-7.53486162352601e-12
-7.52337081522114e-12
-7.5146000533266e-12
-7.5698336488017e-12
-7.53863638180974e-12
-7.56211759878056e-12
-7.58398899236568e-12
-7.56844587002092e-12
-7.55928653006777e-12
-7.54335482966439e-12
-7.5735528959342e-12
-7.58826335101048e-12
-7.58143547940904e-12
-7.59164953123559e-12
-7.59720064635871e-12
-7.6064154974631e-12
-7.59742269096364e-12
-7.57421902974897e-12
-7.5700001822554e-12
-7.56217310993179e-12
-7.59264873195775e-12
-7.61041230035175e-12
-7.62373497664726e-12
-7.59953211471043e-12
-7.67202967821845e-12
-7.63994423280678e-12
-7.63916707668955e-12
-7.6144091032404e-12
-7.64260876806588e-12
-7.63583640761567e-12
-7.62034879642215e-12
-7.63317187235657e-12
-7.63455965113735e-12
-7.64160956734372e-12
-7.66114949257712e-12
-7.62773177953591e-12
-7.66442465049977e-12
-7.67191865591599e-12
-7.66847696453965e-12
-7.69884156426315e-12
-7.68984875776368e-12
