0.0
1.61788224579945e-31
2.80929452856071e-06
1.27009780044318e-05
1.6273399523925e-05
2.17757788050221e-05
2.40868303080788e-05
2.97738151857629e-05
3.63074541382957e-05
4.35854090028442e-05
5.15427454956807e-05
6.0074649809394e-05
6.96717761456966e-05
8.02679642220028e-05
9.16867938940413e-05
0.000103751328424551
0.000122806130093522
0.00015454925596714
0.000210381331271492
0.000302572589134797
0.000402225705329329
0.000497911300044507
0.000593977107200772
0.000683194608427584
0.000767736928537488
0.000856432423461229
0.000941889826208353
0.00101894256658852
0.00109253951814026
0.00117901607882231
0.00124873453751206
0.00131274992600083
0.00137319427449256
0.00143043883144855
0.001484265900217
0.001534697948955
0.00157999736256897
0.00162316136993468
0.00167008070275187
0.00170656701084226
0.00173879065550864
0.00176793406717479
0.00179946608841419
0.00182883208617568
0.00184793455991894
0.00186332268640399
0.00189075688831508
0.00190036650747061
0.0019069635309279
0.00192629091907293
0.00192793400492519
0.00192673003766686
0.00193723337724805
0.00192923436407
0.00192722782958299
0.00192232825793326
0.00190597726032138
0.00190581742208451
0.00188581086695194
0.00188569072633982
0.00186580128502101
0.00186498719267547
0.00184566923417151
0.00183325202669948
0.00182185333687812
0.00182179280091077
0.00179818226024508
0.00179821602068841
0.0017745626391843
0.00177460594568402
0.00175096245948225
0.00175099773332477
0.00173179875127971
0.00172738125547767
0.00172468437813222
0.00170366803649813
0.00170273042749614
0.00167549110483378
0.00167540553957224
0.00165819190442562
0.00164736656006426
0.00164739461615682
0.00161972502246499
0.00161949673201889
0.00160594482440501
0.00159162213094532
0.00159167707897723
0.0015644715167582
0.00156379619147629
0.00156383530702442
0.00153586233500391
0.00153587118256837
0.00151641969569027
0.00150264764670283
0.00150253879837692
0.00149711326230317
0.00146919745020568
0.00146915670484304
0.00146916997618973
0.00143607531208545
0.00143609009683132
0.00142429606057703
0.00140560360159725
0.00140309415291995
0.00140310439746827
0.00140313478186727
0.00140320835635066
0.00137018691748381
0.00137024279683828
0.00137031718622893
0.00133727851789445
0.00133733567781746
0.00133739458397031
0.0012982856715098
