-0.0
-8.43316378439985e-16
0.00740793021395802
0.0158500913530588
0.0176836084574461
0.0195478666573763
0.0268741697072983
0.0407955385744572
0.0548809841275215
0.0747680366039276
0.0900562331080437
0.108574785292149
0.130492761731148
0.143095031380653
0.152096450328827
0.174246773123741
0.194758549332619
0.206129506230354
0.225491121411324
0.236055061221123
0.2443618029356
0.245631620287895
0.247414320707321
0.248139187693596
0.246517553925514
0.240979745984077
0.224138259887695
0.203577801585197
0.187049567699432
0.164752781391144
0.14432156085968
0.124715641140938
0.102810703217983
0.0810571759939194
0.0594499036669731
0.037349421530962
0.0318243242800236
0.0299690943211317
0.0285740792751312
0.027229318395257
0.026100242510438
0.0251212306320667
0.0242966134101152
0.0238434728235006
0.0233857203274965
0.0230814982205629
0.0227461159229279
0.0223895348608494
0.0222912076860666
0.0222912076860666
