-0.0
-5.88986773917177e-15
0.00192049657925963
0.00595021806657314
0.0127530982717872
0.0154750663787127
0.0281535107642412
0.0428509712219238
0.0448322929441929
0.0472733303904533
0.0553966425359249
0.0670750886201859
0.0741553157567978
0.0853926464915276
0.0943873375654221
0.110310658812523
0.122793853282928
0.135922864079475
0.148708030581474
0.159642904996872
0.163471654057503
0.162129044532776
0.161660969257355
0.159097999334335
0.152973741292953
0.143233940005302
0.131085485219955
0.116796307265759
0.104373440146446
0.0899112746119499
0.0760598704218864
0.0622493959963322
0.0484957136213779
0.0347692258656025
0.0203539133071899
0.00627951370552182
0.00540071073919535
0.00542049575597048
0.00539619568735361
0.0053088772110641
0.00519536575302482
0.00517866853624582
0.00530301732942462
0.00531582115218043
0.00526162516325712
0.005243721883744
0.00517784804105759
0.00513590592890978
0.00512488884851336
0.0052330014295876
0.00533307436853647
0.00528731429949403
0.00518664764240384
0.00507754413411021
0.00510686403140426
0.00509475730359554
0.0050999391824007
0.00514130480587482
0.00521411886438727
0.00522233126685023
0.0051449560560286
0.00515796290710568
0.00515381712466478
0.00510171661153436
0.00501946685835719
0.00498271360993385
0.00496940966695547
0.00498475134372711
0.00508155254647136
0.00509937619790435
0.00516081228852272
0.00520346639677882
0.00517005380243063
0.00510002393275499
0.00504508009180427
0.00498207006603479
0.00495887687429786
0.00503349071368575
0.00508440611883998
0.00508735608309507
0.00510437227785587
0.00508359028026462
0.0050621428526938
0.0049863732419908
0.00493922550231218
0.00487243197858334
0.00495371874421835
0.00500266812741756
0.00513890665024519
0.00517858052626252
0.0051626437343657
0.0051515162922442
0.00514779984951019
0.00511400820687413
0.00498361745849252
0.00491642206907272
0.00483688898384571
0.00477036880329251
0.00483372900635004
0.00488472590222955
0.00496945483610034
0.00513157993555069
0.005217922385782
0.00528261158615351
0.00523829227313399
0.00518131395801902
0.00504934368655086
0.00501553108915687
0.00492027029395103
0.00492622703313828
0.00487952819094062
