-0.0
-2.8421709430404e-14
0.00618110131472349
0.0285587199032307
0.0472347624599934
0.0628854185342789
0.0774486362934113
0.0916797742247581
0.106755383312702
0.121575921773911
0.134549289941788
0.138196662068367
0.141655638813972
0.142887875437737
0.14470374584198
0.147276148200035
0.147824764251709
0.148357570171356
0.148864388465881
0.149574398994446
0.150582492351532
0.152012154459953
0.152509987354279
0.153199806809425
0.154144734144211
0.155369818210602
0.155773982405663
0.156285047531128
0.156632453203201
0.156835630536079
0.157406836748123
0.157587543129921
0.156930521130562
0.15388534963131
0.148569256067276
0.139644652605057
0.128968641161919
0.118954733014107
0.106115750968456
0.0938677713274956
0.0822752341628075
0.0694703236222267
0.0563837587833405
0.0434127449989319
0.0304631926119328
0.0168155245482922
0.00214208592660725
1.40427800943144e-06
1.30237162920821e-06
1.2942556395501e-06
1.297577796322e-06
1.31098613564973e-06
1.29730767639558e-06
1.2636760402529e-06
1.19944354537438e-06
1.14716249299818e-06
1.09619759314228e-06
1.03698653219908e-06
1.02067895113578e-06
1.00990087048558e-06
9.88231477094814e-07
9.89524210126547e-07
1.04537855349918e-06
1.09910104129085e-06
1.14460976874398e-06
1.18886919153738e-06
1.22278129310871e-06
1.24677785606764e-06
1.26655265830777e-06
1.28358999518241e-06
1.27872795019357e-06
1.27128964777512e-06
1.23779784644285e-06
1.19843741686054e-06
1.12661177809059e-06
1.08977201307425e-06
1.04497939901194e-06
1.00240902156656e-06
9.44245869050064e-07
8.79723017987999e-07
8.20098989606777e-07
7.58741464323975e-07
6.99149723004666e-07
6.45762554540852e-07
5.92066442095529e-07
5.31534226411168e-07
4.43939541128202e-07
3.71964631540322e-07
2.8843047061855e-07
2.34723302128259e-07
2.60711999544583e-07
2.01540899524844e-07
2.4132378939612e-07
1.79668148803103e-07
1.56723103827971e-07
1.55259215262049e-07
1.43327355317524e-07
1.34342386104436e-07
1.21751241977108e-07
1.00403191538589e-07
6.06738481678804e-08
4.79369397510254e-08
1.20970682360166e-08
6.99053259722859e-10
3.14756221087009e-10
-2.60484966929653e-10
-2.60484966929653e-10
