-0.0
2.50193288531481e-15
0.00179506128188223
0.0147724011912942
0.0280683059245348
0.0327916480600834
0.0393201000988483
0.0514656342566013
0.066180981695652
0.082201711833477
0.0897884219884872
0.0938240066170692
0.0992210954427719
0.106729604303837
0.117340862751007
0.130003541707993
0.143215551972389
0.155793264508247
0.166040748357773
0.169534042477608
0.174314484000206
0.178768798708916
0.178772389888763
0.178773641586304
0.17877484858036
0.178775042295456
0.178775191307068
0.17877534031868
0.178775548934937
0.17877571284771
0.178775876760483
0.178776025772095
0.178776040673256
0.178776040673256
0.178776040673256
0.178776055574417
0.178776055574417
0.178776055574417
0.178776055574417
0.178776055574417
0.178776055574417
0.178776055574417
0.178776055574417
0.17877608537674
0.17877608537674
0.178776100277901
0.178776100277901
0.178776115179062
0.178776115179062
0.178776115179062
0.178776130080223
0.178776144981384
0.178776159882545
0.178776159882545
0.178776159882545
0.178776189684868
0.178776204586029
0.178776204586029
0.178776204586029
0.17877621948719
0.178776234388351
0.178776249289513
0.178776249289513
0.178776264190674
0.178776293992996
0.178776293992996
0.178776308894157
0.178776308894157
0.178776308894157
0.17877633869648
0.17877633869648
0.178776353597641
0.178776353597641
0.178776368498802
0.178776368498802
0.178776398301125
0.178776398301125
0.178776413202286
0.178776428103447
0.178776428103447
0.178776443004608
0.178776457905769
0.178776472806931
0.178776472806931
0.178776472806931
0.178776502609253
0.178776502609253
0.178776502609253
0.178776517510414
0.178776532411575
0.178776532411575
0.178776547312737
0.178776577115059
0.178776577115059
0.178776577115059
0.17877659201622
0.17877659201622
0.17877659201622
0.178776606917381
0.178776606917381
0.178776606917381
0.178776636719704
0.178776636719704
0.178776651620865
0.178776666522026
0.178776666522026
0.178776681423187
0.178776681423187
0.178776681423187
0.178776696324348
0.178776696324348
0.17877671122551
0.178776726126671
0.178776726126671
0.178776726126671
0.178776741027832
0.178776755928993
0.178776755928993
0.178776770830154
0.178776770830154
0.178776785731316
0.178776785731316
0.178776800632477
0.178776800632477
0.178776800632477
0.178776815533638
0.178776830434799
0.178776830434799
0.178776830434799
0.178776830434799
0.178776830434799
0.178776860237122
0.178776860237122
0.178776904940605
0.178776904940605
0.178776904940605
0.178776919841766
0.178776934742928
0.178776979446411
0.178776979446411
0.178776979446411
0.178776979446411
0.178776994347572
0.178776994347572
0.178777009248734
0.178777009248734
0.178777024149895
0.178777039051056
0.178777039051056
0.178777039051056
0.178777039051056
0.178777053952217
0.178777068853378
0.178777068853378
0.178777083754539
0.178777083754539
0.178777098655701
0.178777098655701
0.178777098655701
0.178777113556862
0.178777113556862
0.178777113556862
0.178777128458023
0.178777128458023
0.178777128458023
0.178777158260345
0.178777158260345
0.178777173161507
0.178777173161507
0.178777173161507
0.178777173161507
0.178777188062668
0.178777188062668
0.178777202963829
0.178777202963829
0.178777232766151
0.178777247667313
0.178777247667313
0.178777262568474
0.178777262568474
0.178777262568474
0.178777277469635
0.178777277469635
0.178777277469635
0.178777307271957
0.178777307271957
0.178777322173119
0.178777322173119
0.178777322173119
0.178777322173119
0.178777322173119
0.17877733707428
0.178777322173119
0.178777366876602
0.178777366876602
0.178777396678925
0.178777441382408
0.178777471184731
0.178777471184731
0.178777486085892
0.178777486085892
0.178777486085892
0.178777486085892
0.178777500987053
0.178777515888214
0.178777515888214
0.178777530789375
0.178777545690536
0.178777545690536
0.178777545690536
0.178777560591698
0.178777560591698
0.178777560591698
0.178777560591698
0.178777575492859
0.178777575492859
0.178777605295181
0.178777605295181
0.178777620196342
0.178777620196342
0.178777649998665
0.178777649998665
0.178777649998665
0.178777679800987
0.178777679800987
0.178777694702148
0.178777694702148
0.178777694702148
0.178777694702148
0.17877770960331
0.17877770960331
0.17877770960331
0.178777724504471
0.178777724504471
0.178777739405632
0.178777754306793
0.178777769207954
0.178777769207954
0.178777784109116
0.178777784109116
0.178777769207954
0.178777799010277
0.178777799010277
0.178777799010277
0.178777813911438
0.17877784371376
0.17877784371376
0.178777858614922
0.178777858614922
0.178777873516083
0.178777873516083
0.178777873516083
0.178777903318405
0.178777903318405
0.178777933120728
0.178777933120728
0.17877796292305
0.178777948021889
0.17877796292305
0.17877796292305
0.178777977824211
0.178777977824211
0.178777992725372
0.178777992725372
0.178778007626534
0.178778007626534
0.178778022527695
0.178778022527695
0.178778037428856
0.178778037428856
0.178778067231178
0.178778082132339
0.178778097033501
0.178778097033501
0.178778097033501
0.178778111934662
0.178778126835823
0.178778126835823
0.178778141736984
0.178778141736984
0.178778156638145
0.178778156638145
0.178778156638145
0.178778171539307
0.178778171539307
0.178778186440468
0.178778201341629
0.178778201341629
0.178778201341629
0.178778201341629
0.17877821624279
0.17877821624279
0.17877821624279
0.178778231143951
0.178778260946274
0.178778260946274
0.178778290748596
0.178778290748596
0.178778320550919
0.17877833545208
0.17877833545208
0.17877833545208
0.17877833545208
0.178778350353241
0.178778350353241
0.178778350353241
0.178778350353241
0.178778365254402
0.178778380155563
0.178778380155563
0.178778395056725
0.178778395056725
0.178778395056725
0.178778439760208
0.178778439760208
0.178778439760208
0.178778469562531
0.178778454661369
0.178778469562531
0.178778469562531
0.178778484463692
0.178778514266014
0.178778514266014
0.178778529167175
0.178778544068336
0.178778544068336
0.178778573870659
0.178778573870659
0.178778603672981
0.178778603672981
0.17877858877182
0.178778618574142
0.178778618574142
0.178778618574142
0.178778618574142
0.178778633475304
0.178778633475304
0.178778648376465
0.178778663277626
0.178778663277626
0.178778678178787
0.178778678178787
0.178778693079948
0.17877870798111
0.17877870798111
0.178778722882271
0.178778722882271
0.178778737783432
0.178778737783432
0.178778752684593
0.178778767585754
0.178778782486916
0.178778782486916
0.178778782486916
0.178778797388077
0.178778797388077
0.178778812289238
0.178778812289238
0.178778812289238
0.178778812289238
0.178778827190399
0.178778827190399
0.178778827190399
0.17877884209156
0.178778856992722
0.178778856992722
0.178778871893883
0.178778871893883
0.178778886795044
0.178778886795044
0.178778886795044
0.178778916597366
0.178778916597366
0.178778916597366
0.178778946399689
0.178778976202011
0.178778991103172
0.178779006004333
0.178779006004333
0.178779006004333
0.178779035806656
0.178779035806656
0.178779065608978
0.178779065608978
0.178779065608978
0.178779065608978
0.178779080510139
0.178779080510139
0.178779095411301
0.178779110312462
0.178779125213623
0.178779125213623
0.178779140114784
0.178779169917107
0.178779169917107
0.178779169917107
0.178779169917107
0.178779169917107
0.178779169917107
0.178779199719429
0.178779199719429
0.178779229521751
0.178779229521751
0.178779229521751
0.178779244422913
0.178779244422913
0.178779244422913
0.178779244422913
0.178779259324074
0.178779274225235
0.178779274225235
0.178779274225235
0.178779274225235
0.178779289126396
0.178779304027557
0.178779304027557
0.178779318928719
0.17877933382988
0.17877933382988
0.17877933382988
0.17877933382988
0.178779363632202
0.178779363632202
0.178779378533363
0.178779378533363
0.178779408335686
0.178779408335686
0.178779408335686
0.178779408335686
0.178779423236847
0.178779453039169
0.178779482841492
0.178779482841492
0.178779482841492
0.178779497742653
0.178779497742653
0.178779512643814
0.178779527544975
0.178779527544975
0.178779542446136
0.178779542446136
0.178779572248459
0.178779572248459
0.17877958714962
0.17877958714962
0.178779602050781
0.178779602050781
0.178779646754265
0.178779646754265
0.178779646754265
0.178779646754265
0.178779661655426
0.178779661655426
0.178779676556587
0.178779676556587
0.178779676556587
0.178779676556587
0.178779691457748
0.178779691457748
0.178779691457748
0.17877970635891
0.17877970635891
0.17877970635891
0.17877970635891
0.17877970635891
0.17877970635891
0.17877970635891
0.178779721260071
0.178779736161232
0.178779751062393
0.178779765963554
0.178779780864716
0.178779780864716
0.178779780864716
0.178779810667038
0.178779825568199
0.178779810667038
0.178779825568199
0.17877984046936
0.178779870271683
0.178779870271683
0.178779870271683
0.178779885172844
0.178779885172844
0.178779885172844
0.178779885172844
0.178779885172844
0.178779885172844
0.178779885172844
0.178779885172844
0.178779900074005
0.178779929876328
0.178779929876328
0.178779929876328
0.178779974579811
0.178779989480972
0.178780019283295
0.178780019283295
0.178780049085617
0.178780049085617
0.178780049085617
