0.0
7.29391501863574e-07
1.1597450793488e-05
4.13122907048091e-05
7.98196488176472e-05
0.000122518569696695
0.000168640937772579
0.000223435592488386
0.000240015768213198
0.000266999937593937
0.000312172312987968
0.000362045830115676
0.000417687639128417
0.000476786430226639
0.000570441130548716
0.000673125265166163
0.000786502903793007
0.000914924195967615
0.00106201891321689
0.00122573738917708
0.00140902446582913
0.00160589499864727
0.00165812554769218
0.00171088648494333
0.00176399399060756
0.00181727949529886
0.00183071021456271
0.00183403480332345
0.0018365184077993
0.00183837674558163
0.00184022635221481
0.00184068619273603
0.00184114428702742
0.00184159935452044
0.00184205174446106
0.00184250122401863
0.00184294872451574
0.00184339378029108
0.00184405723121017
0.00184471730608493
0.00184537377208471
0.00184602686204016
0.00184667960274965
0.00184733211062849
0.00184831512160599
0.00184979045297951
0.00185034470632672
0.00185117812361568
0.00185138639062643
0.00185159465763718
0.00185190583579242
0.00185221491847187
0.00185252446681261
0.0018528358777985
0.00185313692782074
0.00185358233284205
0.00185424520168453
0.00185492704622447
0.00185543415136635
0.00185591960325837
0.00185662915464491
0.00185767270158976
0.00185871915891767
0.00185980286914855
0.00186092488002032
0.0018626773962751
0.00186536193359643
0.00186941714491695
0.00187555060256273
0.00188481423538178
0.00189887965098023
0.00192014325875789
0.00195206003263593
0.00199973932467401
0.00201757811009884
0.00204358086921275
0.00205271877348423
0.00205588573589921
0.00205809739418328
0.00206028134562075
0.00206246739253402
0.00206466531381011
0.00206686742603779
0.00206908327527344
0.00207131053321064
0.0020729957614094
0.00207427097484469
0.0020745110232383
0.00207475130446255
0.00207499251700938
0.002075235825032
0.00207548658363521
0.00207573431544006
0.00207598228007555
0.00207635504193604
0.00207672850228846
0.00207709614187479
0.00207763817161322
0.00207843608222902
0.00207922258414328
0.00208000093698502
0.00208115577697754
0.00208287429995835
0.00208543823100626
0.00208926876075566
0.00209499220363796
0.00210352661088109
0.00211627618409693
0.00213523278944194
0.00216348795220256
0.00220551481470466
0.00226667895913124
0.00235126656480134
0.0024699738714844
0.00260921381413937
0.00273261195980012
0.00282918661832809
0.00290730246342719
0.00296166515909135
0.0029851624276489
0.00298561807721853
0.00298119452781975
0.00297657516784966
0.00297152763232589
0.00296605564653873
0.00296060857363045
0.00295454380102456
0.00294795585796237
0.00294077722355723
0.00293273059651256
0.00292424904182553
0.00291492324322462
0.00290441606193781
0.00289314053952694
0.00289314053952694
