0.0
0.00120000005699694
0.00240000011399388
0.00359999993816018
0.00480000022798777
0.00600000005215406
0.00719999987632036
0.00839999970048666
0.00960000045597553
0.0108000002801418
0.0120000001043081
0.0131999999284744
0.0132750002667308
0.013387500308454
0.0135562503710389
0.0138093754649162
0.0141890626400709
0.0147585934028029
0.0156128909438848
0.0168128907680511
0.0180128905922174
0.0192128904163837
0.02041289024055
0.0216128900647163
0.0228128898888826
0.0240128897130489
0.0252128913998604
0.0264128912240267
0.027612891048193
0.0288128908723593
0.0300128906965256
0.0312128905206919
0.0324128903448582
0.0336128920316696
0.0348128899931908
0.0360128916800022
0.0372128896415234
0.0384128913283348
0.039612889289856
0.0408128909766674
0.0420128889381886
0.043212890625
0.0444128923118114
0.0456128902733326
0.046812891960144
0.0480128899216652
0.0492128916084766
0.0504128895699978
0.0516128912568092
0.0528128892183304
0.0540128909051418
0.055212888866663
0.0564128905534744
0.0576128922402859
0.058812890201807
0.0600128918886185
0.0612128898501396
0.0624128915369511
0.0636128932237625
0.0648128911852837
0.0660128891468048
0.067212887108326
0.0684128925204277
0.0696128904819489
0.07081288844347
0.0720128938555717
0.0732128918170929
0.074412889778614
0.0756128877401352
0.0768128931522369
0.0780128911137581
0.0792128890752792
0.0804128870368004
0.0816128924489021
0.0828128904104233
0.0840128883719444
0.0852128937840462
0.0864128917455673
0.0876128897070885
0.0888128876686096
0.0900128930807114
0.0912128910422325
0.0924128890037537
0.0936128869652748
0.0948128923773766
0.0960128903388977
0.0972128883004189
0.0984128937125206
0.0996128916740417
0.100812889635563
0.102012887597084
0.103212893009186
0.104412890970707
0.105612888932228
0.10681289434433
0.108012892305851
0.109212890267372
0.110412888228893
0.111612893640995
0.112812891602516
0.114012889564037
0.115212887525558
0.11641289293766
0.117612890899181
0.118812888860703
0.119999997317791
