0.0
0.0
3.16079791673474e-07
1.06317395420774e-06
1.81494283424399e-06
2.348150474063e-06
4.15482645621523e-06
1.08127533167135e-05
1.7948919776245e-05
2.47046536969719e-05
3.08183007291518e-05
3.59016084985342e-05
3.62897117156535e-05
3.6646055377787e-05
3.72335307474714e-05
3.80788478651084e-05
3.89841261494439e-05
3.97139156120829e-05
4.0605245885672e-05
4.14833739341702e-05
4.17021401517559e-05
4.17544906667899e-05
4.17581795773003e-05
4.17621777160093e-05
4.17661394749302e-05
4.17699957324658e-05
4.17752780776937e-05
4.17829724028707e-05
4.17854971601628e-05
4.17890551034361e-05
4.17904739151709e-05
4.17923474742565e-05
4.17947085225023e-05
4.17964329244569e-05
4.17976989410818e-05
4.17983428633306e-05
4.17987394030206e-05
4.1799146856647e-05
4.1799863538472e-05
4.18011113652028e-05
4.18034687754698e-05
4.18072158936411e-05
4.18270719819702e-05
4.18327763327397e-05
4.18348790844902e-05
4.18366871599574e-05
4.18386916862801e-05
4.18414019804914e-05
4.18452436861116e-05
4.18506824644282e-05
4.18581403209828e-05
4.18673844251316e-05
4.18784948124085e-05
4.18847521359567e-05
4.18917734350543e-05
4.18917734350543e-05
4.18917734350543e-05
4.18917734350543e-05
4.18917734350543e-05
4.18917734350543e-05
4.18917734350543e-05
4.18917734350543e-05
4.18917734350543e-05
4.18917734350543e-05
4.18917734350543e-05
4.18917734350543e-05
4.18917734350543e-05
4.18917734350543e-05
4.18917734350543e-05
4.18917734350543e-05
4.18917734350543e-05
4.18917734350543e-05
4.18917734350543e-05
4.18917734350543e-05
4.18987110606395e-05
4.19151183450595e-05
4.1948016587412e-05
4.1995615902124e-05
4.21495897171553e-05
4.24076679337304e-05
4.27388367825188e-05
4.35412584920414e-05
4.69806873297784e-05
4.93729858135339e-05
4.93729894515127e-05
4.93729894515127e-05
4.93729930894915e-05
4.93730003654491e-05
4.93730040034279e-05
4.93730076414067e-05
4.93730076414067e-05
4.93730076414067e-05
4.93730076414067e-05
4.93730076414067e-05
4.93730076414067e-05
4.93730076414067e-05
4.93730076414067e-05
4.93730076414067e-05
4.93730076414067e-05
4.93730076414067e-05
4.93730076414067e-05
4.93730076414067e-05
4.93730076414067e-05
4.93730076414067e-05
4.93730076414067e-05
4.93730076414067e-05
4.93730076414067e-05
4.93730076414067e-05
4.93730076414067e-05
4.93730076414067e-05
4.93730076414067e-05
4.93730076414067e-05
4.93730076414067e-05
4.93730076414067e-05
4.93730076414067e-05
4.93730076414067e-05
4.93730076414067e-05
4.93730076414067e-05
4.93730076414067e-05
4.93730076414067e-05
4.93730076414067e-05
4.93730076414067e-05
4.93730076414067e-05
4.93730076414067e-05
4.93730076414067e-05
4.93730076414067e-05
4.93730076414067e-05
4.93730076414067e-05
4.93730076414067e-05
4.93730076414067e-05
4.93730076414067e-05
4.93730076414067e-05
4.93730076414067e-05
4.93730076414067e-05
4.93730076414067e-05
4.93730076414067e-05
4.93730076414067e-05
4.93730076414067e-05
