-0.0
1.4210854715202e-14
1.10722805857222e-06
2.50780067290179e-06
1.8612836356624e-06
1.74103624885902e-05
2.25109488383168e-06
3.55892689185566e-06
4.30315230914857e-06
2.16331318370067e-06
-1.68218048202107e-06
5.08895936945919e-05
5.05666503158864e-06
2.37136578107311e-06
1.35287882585544e-06
-1.76261687556689e-06
-5.50021240997012e-07
-3.53757741322624e-07
-9.71029521679156e-07
-1.2948635230714e-06
-1.16712180897593e-06
-4.72919055027887e-08
2.77832077699713e-06
4.22788434661925e-06
5.35264916834421e-06
1.03939019027166e-05
1.13304486148991e-05
1.15036818897352e-05
1.19266478577629e-05
1.29256368381903e-05
1.25614169519395e-05
1.10046894405968e-05
1.58643051690888e-05
1.90071805263869e-05
2.06350450753234e-05
1.81767354661133e-05
1.34172987600323e-05
1.05051531136269e-05
1.39474632305792e-05
1.44866553455358e-05
1.47313867273624e-05
1.70150942722103e-05
1.17783720270381e-05
9.25252243177965e-06
7.68317750043934e-06
7.40912764740642e-06
7.55363180360291e-06
1.30830194393639e-05
2.73512705462053e-05
4.10321808885783e-05
6.20684149907902e-05
6.66717387503013e-05
6.80936645949259e-05
6.91663881298155e-05
6.94899863447063e-05
6.98747680871747e-05
7.02953766449355e-05
7.07552462699823e-05
7.15355927241035e-05
7.24666533642448e-05
7.2707436629571e-05
7.29558960301802e-05
7.33312626834959e-05
7.38712551537901e-05
7.40155883249827e-05
7.42433840059675e-05
7.46217556297779e-05
7.47558151488192e-05
7.49608661863022e-05
7.51342013245448e-05
7.48823076719418e-05
7.45217039366253e-05
7.43446507840417e-05
7.44222925277427e-05
7.49702739994973e-05
7.52769919927232e-05
7.52913765609264e-05
7.52846244722605e-05
7.53084023017436e-05
7.8095166827552e-05
8.20514105726033e-05
8.79949511727318e-05
9.69334796536714e-05
0.000101143072242849
0.000101128011010587
0.000101207057014108
0.000108563872345258
0.000116870818601456
0.000114171300083399
0.00010847957310034
0.000105566330603324
9.71488188952208e-05
9.26255452213809e-05
8.12110738479532e-05
6.0108613979537e-05
4.40116127720103e-05
4.47521233581938e-05
3.22953528666403e-05
1.16392293421086e-05
-1.32103232317604e-05
-2.92175391223282e-05
-3.37494602717925e-05
-3.43356077792123e-05
-3.37200581270736e-05
-3.16125915560406e-05
-3.46171254932415e-05
-2.95114077744074e-05
-2.50351331487764e-05
-3.17494195769541e-05
-2.99251623800956e-05
-4.06514991482254e-05
-4.22972516389564e-05
-4.20349861087743e-05
-4.08278756367508e-05
-4.3510412069736e-05
-4.760382216773e-05
-5.14562016178388e-05
-5.53426943952218e-05
-5.61497545277234e-05
-5.70132469874807e-05
-5.79364568693563e-05
-5.8967991208192e-05
-6.0750127886422e-05
-6.42004597466439e-05
-6.76302224746905e-05
-7.02492106938735e-05
-7.22148615750484e-05
-7.39945753593929e-05
-7.56972003728151e-05
-7.73953215684742e-05
-7.95127270976081e-05
-8.23385853436776e-05
-8.58016355778091e-05
-8.97996869753115e-05
-9.38583179959096e-05
-9.78176831267774e-05
-0.000101044133771211
-0.000106262261397205
-0.000110446489998139
-0.000115062270197086
-0.000121185395983048
-0.000126622486277483
-0.000131274515297264
-0.00013444889918901
-0.000137314855237491
-0.000140441348776221
-0.000144924531923607
-0.000152145381434821
-0.000152772321598604
-0.000153579385369085
-0.00015377244562842
-0.000153848523041233
-0.000153876433614641
-0.000153924251208082
-0.000154093053424731
-0.000154459979967214
-0.000154770677909255
-0.000155090121552348
-0.000155594170792028
-0.000156410882482305
-0.000157607690198347
-0.000159526214702055
-0.000161634859978221
-0.000162743628607132
-0.000164530676556751
-0.000168491824297234
-0.000168367987498641
-0.000168263184605166
-0.000168222424690612
-0.000168370534083806
-0.00016912815044634
-0.000170190847711638
-0.000173073902260512
-0.000175651599420235
-0.000175462802872062
-0.000175587134435773
-0.00017805490642786
-0.000190420192666352
-0.000206302560400218
-0.000203043193323538
-0.000171601335750893
-0.000145248544868082
-0.000136286194901913
-0.000134221976622939
-0.000131345223053358
-0.000137688693939708
-0.000145698635606095
-0.000155456305947155
-0.000160575233167037
-0.000117930379929021
-0.000181902883923613
-0.000171128544025123
-0.000160689945914783
-0.000148120510857552
-0.000127068691654131
-0.000119141433970071
-0.000115453869511839
-0.000111404980998486
-0.000108850770629942
-0.00010725823813118
-0.000106857754872181
-0.000106702755147126
-0.000106511688500177
-0.000106436549685895
-0.000106333813164383
-0.00010624022979755
-0.00010624022979755
