0.0
1.01575095001749e-08
1.29239161594796e-08
1.28314336933499e-08
1.27788037929122e-08
1.27543895445115e-08
1.27455725973391e-08
1.27430803686934e-08
1.2742537691679e-08
1.2742448873837e-08
1.27426149632015e-08
1.27425456852848e-08
1.27425492379984e-08
1.274254834982e-08
1.274254834982e-08
1.274254834982e-08
3.82480322969059e-07
1.02076728580869e-06
1.87102091331326e-06
4.04435468226438e-06
7.22494587535039e-06
1.20627983051236e-05
1.72172949532978e-05
1.87908590305597e-05
1.89656475413358e-05
1.92982824955834e-05
1.95452539628604e-05
1.97386161744362e-05
2.00213235075353e-05
2.03111267182976e-05
2.04389561986318e-05
2.04435309569817e-05
2.04417847271543e-05
2.04359475901583e-05
2.04087136808084e-05
2.03600920940517e-05
2.03007875825278e-05
2.024353852903e-05
2.01808943529613e-05
2.01656657736748e-05
2.02065821213182e-05
2.02187329705339e-05
2.01871589524671e-05
2.01565890165512e-05
2.01417842617957e-05
2.01155507966178e-05
2.01045168068958e-05
2.00947215489578e-05
2.0085211872356e-05
2.00746362679638e-05
2.00746362679638e-05
