0.0
2.49975187216478e-06
1.15560105768964e-05
1.53200890053995e-05
2.03392264666036e-05
3.01618747471366e-05
4.81943061458878e-05
5.60047046747059e-05
6.89872613293119e-05
9.10436501726508e-05
9.71154076978564e-05
0.000103431120805908
0.000113414047518745
0.000124014797620475
0.000135099136969075
0.000137933951918967
0.000142233446240425
0.000148842053022236
0.000155660382006317
0.00016265369777102
0.000169790626387112
0.000175225766724907
0.000180739065399393
0.00018634925072547
0.000192062085261568
0.000200803289772011
0.000209727222681977
0.000216524131246842
0.000223399401875213
0.000230352961807512
0.000237386862863787
0.000244497932726517
0.000251685472903773
0.000258961896179244
0.00026633299421519
0.000277541170362383
0.000281784916296601
0.000283380766632035
0.000284978625131771
0.000286578171653673
0.000288178474875167
0.000290577969281003
0.000294172117719427
0.000299550825729966
0.000307591748423874
0.000319592887535691
0.000337506760843098
0.000364446867024526
0.000404976919526234
0.000465285265818238
0.000552262761630118
0.000638084020465612
0.000721991062164307
0.000803412869572639
0.000882227730471641
0.000958363933023065
0.00103183335158974
0.00110247835982591
0.00116996804717928
0.00123403745237738
0.00129474827554077
0.00135243765544146
0.00140737555921078
0.00145955255720764
0.00150878785643727
0.00155487551819533
0.00159783510025591
0.00163794809486717
0.001675472012721
0.00171049148775637
0.00174294668249786
0.00177268497645855
0.00179960613604635
0.00182381947524846
0.00184560869820416
0.00186517497058958
0.00188257428817451
0.00189779431093484
0.0019107504049316
0.00192135921679437
0.00192969292402267
0.00193600170314312
0.00194046646356583
0.00194315426051617
0.00194416788872331
0.00194427301175892
0.0019442739430815
0.00194427475798875
0.001944275572896
0.00194427638780326
0.00194427696987987
0.00194427743554115
0.0019442776683718
0.0019442776683718
0.00194427778478712
0.00194427813403308
0.00194427859969437
0.0019442792981863
0.00194427988026291
0.00194428057875484
0.00194428104441613
0.00194428162649274
0.00194428209215403
0.00194428255781531
0.0019442830234766
0.00194428325630724
0.00194428348913789
0.00194428383838385
0.00194428430404514
0.00194428465329111
0.00194428511895239
0.00194428558461368
0.00194428616669029
0.0019442867487669
0.00194428744725883
0.00194428802933544
0.00194428872782737
0.00194428930990398
0.00194429000839591
0.00194429082330316
0.00194429163821042
0.00194429256953299
0.00194429350085557
0.00194429454859346
0.00194429547991604
0.00194429641123861
0.00194429745897651
0.00194429839029908
0.00194429920520633
0.00194429990369827
0.00194430025294423
0.00194430036935955
0.00194430036935955
0.00194430036935955
0.00194430036935955
0.00194430036935955
0.00194430036935955
