0.0
0.00999999977648258
0.0199999995529652
0.0299999993294477
0.0399999991059303
0.0406249985098839
0.0412500016391277
0.0421875007450581
0.0435937494039536
0.0450000017881393
0.0464062504470348
0.0478124991059303
0.0492187514901161
0.0506250001490116
0.0520312488079071
0.0534375011920929
0.0548437498509884
0.0562499985098839
0.0576562508940697
0.0590624995529652
0.0604687482118607
0.0618750005960464
0.0632812529802322
0.0646874979138374
0.0660937502980232
0.067500002682209
0.0678515657782555
0.0682031214237213
0.0685546845197678
0.0689062476158142
0.0694335922598839
0.0702246129512787
0.0714111328125
0.0731909200549126
0.0749706998467445
0.0767504870891571
0.0785302743315697
0.0811999514698982
0.0852044671773911
0.0862055942416191
0.0872067287564278
0.0875821486115456
0.087722934782505
0.0879341065883636
0.0880132988095284
0.0880207270383835
0.088021419942379
0.0880224630236626
0.0880228579044342
0.0880229994654655
0.0880230590701103
0.0880231410264969
0.0880231484770775
0.0880231484770775
0.0880231559276581
0.0880231559276581
0.0880231559276581
0.0880231633782387
0.0880231708288193
0.0880231708288193
0.0880231708288193
0.0880231782793999
0.0880231782793999
