0.0
2.45454412350909e-08
5.64487606879993e-07
1.73104922396305e-06
2.66233655565884e-06
4.29565670856391e-06
5.75660214963136e-06
7.62366380513413e-06
1.14048580144299e-05
1.0350104275858e-05
1.38646182676894e-05
1.63405857165344e-05
1.61642346938606e-05
1.73807347891852e-05
2.04968710022513e-05
2.10578018595697e-05
2.17000888369512e-05
2.24223786062794e-05
2.32261136261513e-05
2.41069701587548e-05
2.5060193365789e-05
2.66124006884638e-05
2.78412298939656e-05
2.8151456717751e-05
2.83854787994642e-05
2.84439502138412e-05
2.85024143522605e-05
2.8560536520672e-05
2.86037411569851e-05
2.8635726266657e-05
2.8666787329712e-05
2.86955601040972e-05
2.87143211608054e-05
2.87358252535341e-05
2.87582606688375e-05
2.87815073534148e-05
2.88172632281203e-05
2.88534065475687e-05
2.88898627331946e-05
2.89265281026019e-05
2.89633680949919e-05
2.90003845293541e-05
2.90375028271228e-05
2.90932675852673e-05
2.91489541268675e-05
2.91904998448445e-05
2.92213590000756e-05
2.9251912565087e-05
2.92819659080124e-05
2.9311024263734e-05
2.93365919787902e-05
2.93626744678477e-05
2.93918419629335e-05
2.94213750748895e-05
2.94514775305288e-05
2.9482043828466e-05
2.95128938887501e-05
2.95439585897839e-05
2.95751451631077e-05
2.96064081339864e-05
2.9637796615134e-05
2.96850594168063e-05
2.97560545732267e-05
2.98268569167703e-05
2.989776294271e-05
3.00044102914399e-05
3.01646850857651e-05
3.0404295102926e-05
3.07620757666882e-05
3.12930496875197e-05
3.20697145070881e-05
3.31701448885724e-05
3.46229971910361e-05
3.63296057912521e-05
3.76416464860085e-05
3.87355248676613e-05
3.93075060856063e-05
3.9226626540767e-05
3.88625085179228e-05
3.85185012419242e-05
3.8209131162148e-05
3.7937341403449e-05
3.76988573407289e-05
3.76460338884499e-05
3.75937925127801e-05
3.75800336769316e-05
3.75680065189954e-05
3.75577219529077e-05
3.7546251405729e-05
3.75347517547198e-05
3.75231902580708e-05
3.75063827959821e-05
3.74826340703294e-05
3.74538649339229e-05
3.74314804503229e-05
3.74159135390073e-05
3.74006667698268e-05
3.7385481846286e-05
3.73627080989536e-05
3.7328773032641e-05
3.72794056602288e-05
3.72090180462692e-05
3.71089299733285e-05
3.69798581232317e-05
3.68750770576298e-05
3.68084401998203e-05
3.67678294423968e-05
3.68022774637211e-05
3.68700348190032e-05
3.67800676031038e-05
3.64916813850868e-05
3.6273919249652e-05
3.61496349796653e-05
3.61043930752203e-05
3.60999692929909e-05
3.60969606845174e-05
3.60937374352943e-05
3.60903504770249e-05
3.60868252755608e-05
3.608024053392e-05
3.60780832124874e-05
3.60756457666866e-05
3.60726553481072e-05
3.60686390195042e-05
3.60674966941588e-05
3.60662452294491e-05
3.60639714926947e-05
3.60608610208146e-05
3.60572921636049e-05
3.60532176273409e-05
3.60455487680156e-05
3.60338744940236e-05
3.60192825610284e-05
3.60010781150777e-05
3.59772930096369e-05
3.5947250580648e-05
3.59193509211764e-05
3.58827819582075e-05
3.58365323336329e-05
3.58021206920967e-05
3.5776542063104e-05
3.57579483534209e-05
3.57445023837499e-05
3.57347744284198e-05
3.57279386662412e-05
3.57215794792864e-05
3.57153367076535e-05
3.570985791157e-05
3.57062708644662e-05
3.5706860217033e-05
3.57226308551617e-05
3.57356257154606e-05
3.57159588020295e-05
3.56394521077164e-05
3.55778356606606e-05
3.55120828317013e-05
3.53786963387392e-05
3.52820679836441e-05
3.51456073985901e-05
3.48747344105504e-05
3.47642453562003e-05
3.4621283703018e-05
3.4509452234488e-05
3.43986284860875e-05
3.42341809300706e-05
3.39876787620597e-05
3.3410957257729e-05
3.32009658450261e-05
3.30960610881448e-05
3.30252369167283e-05
3.29657050315291e-05
3.2911411835812e-05
3.28606147377286e-05
3.27870257024188e-05
3.26778972521424e-05
3.25194705510512e-05
3.22633350151591e-05
3.19538994517643e-05
3.15634133585263e-05
3.1088031391846e-05
3.06019464915153e-05
2.97064671030967e-05
2.77069721050793e-05
2.58730015048059e-05
2.42839505517622e-05
2.26477786782198e-05
2.10516518563963e-05
1.8922966773971e-05
1.59068313223543e-05
1.14473741632537e-05
7.42054453439778e-06
3.75917989003938e-06
3.01540649161325e-06
1.46177126225666e-06
3.30365196532512e-07
3.04251557281532e-07
2.95537375905042e-07
2.83870122075314e-07
2.80034754496228e-07
2.78680857945801e-07
2.75376805802807e-07
2.7397152280173e-07
2.73438871545295e-07
2.73241852255524e-07
2.72945356982746e-07
2.72871432116517e-07
2.72864355110869e-07
2.72861768735311e-07
2.72860773975481e-07
2.728593244683e-07
2.72858954986077e-07
2.72858954986077e-07
