0.0
2.30127497502508e-07
3.16628586460865e-07
3.16628586460865e-07
3.16628586460865e-07
3.16628586460865e-07
3.44148674003009e-07
7.67659400935372e-07
8.0831739524001e-07
8.0831739524001e-07
9.26560858260927e-07
1.14735360057239e-06
1.23188783618389e-06
1.24811504065292e-06
1.25155304431246e-06
1.25401129480451e-06
1.25461247080239e-06
1.25505812320625e-06
1.25549672702618e-06
1.25614405988017e-06
1.25708982068318e-06
1.25845758702781e-06
1.26039219594531e-06
1.26056397675711e-06
1.26073337014532e-06
1.26090094454412e-06
1.26115082821343e-06
1.26152235679911e-06
1.26189081584016e-06
1.26224813357112e-06
1.26259806165763e-06
1.26293662106036e-06
1.26326847293967e-06
1.26358895613521e-06
1.26390125387843e-06
1.26420331980626e-06
1.26449538129236e-06
1.26477505091316e-06
1.2650334610953e-06
1.2652640180022e-06
1.26545808143419e-06
1.26559791624459e-06
1.2657441175179e-06
1.26587826798641e-06
1.26600411931577e-06
1.26617521800654e-06
1.26633517538721e-06
1.26648899367865e-06
1.26663951505179e-06
1.26685301893303e-06
1.26723250559735e-06
1.26765280583641e-06
1.26807026390452e-06
1.26845418435551e-06
1.26880422612885e-06
1.26911197639856e-06
1.26937482036737e-06
1.26968859603949e-06
1.26997201732593e-06
1.27004341266002e-06
1.27004341266002e-06
1.27004341266002e-06
1.27004341266002e-06
1.27004341266002e-06
1.27004341266002e-06
1.27004341266002e-06
1.27004341266002e-06
1.27004341266002e-06
1.27004341266002e-06
1.27004341266002e-06
1.27004341266002e-06
1.27004341266002e-06
1.27004341266002e-06
1.27004341266002e-06
1.27004341266002e-06
1.27004341266002e-06
1.27004341266002e-06
1.27004341266002e-06
1.27004341266002e-06
1.27004341266002e-06
1.27004341266002e-06
1.2701759715128e-06
1.27127248106262e-06
1.27305622754648e-06
1.27534781313443e-06
1.27768021229713e-06
1.28006422528415e-06
1.28248711916967e-06
1.28309523006465e-06
1.28355236483912e-06
1.28366673379787e-06
1.2838349903177e-06
1.28408385080547e-06
1.2842701835325e-06
1.28445617519901e-06
1.28464159843134e-06
1.28482315631118e-06
1.28495480566926e-06
1.28513329400448e-06
1.28525925902068e-06
1.28535816656949e-06
1.28544536437403e-06
1.28552403566573e-06
1.28559690892871e-06
1.28566568946553e-06
1.28573174151825e-06
1.28589715586713e-06
1.28605472582421e-06
1.28621024941822e-06
1.28644956021162e-06
1.28681676869746e-06
1.28735962334758e-06
1.28816418509814e-06
1.28937722365663e-06
1.29110878788197e-06
1.29358977574157e-06
1.29554598515824e-06
1.29764316625369e-06
1.29978093355021e-06
1.30193870973017e-06
1.3052064105068e-06
1.3101114291203e-06
1.31630918076553e-06
1.31907745526405e-06
1.32077843773004e-06
1.3210477618486e-06
1.32125092022761e-06
1.32144521103328e-06
1.32160334942455e-06
1.32181946810306e-06
1.32209231651359e-06
1.32223419768707e-06
1.32234742977744e-06
1.32244099404488e-06
1.32251761897351e-06
1.32262653096404e-06
1.32279490117071e-06
1.32298782773432e-06
1.32327750179684e-06
1.32368381855485e-06
1.32407069486362e-06
1.32444040445989e-06
1.32489435600291e-06
1.3253689985504e-06
1.32586194467876e-06
1.32640889205504e-06
1.32721118006884e-06
1.32750608372589e-06
1.32779643990943e-06
1.32807974750904e-06
1.32834168198315e-06
1.32855450374336e-06
1.32874163227825e-06
1.32888237658335e-06
1.32903323901701e-06
1.32915863559901e-06
1.32927596041554e-06
1.32946581743454e-06
1.32965806187713e-06
1.32995080548426e-06
1.33039634420129e-06
1.33106902922009e-06
1.33209516661736e-06
1.33366188492801e-06
1.33619346343039e-06
1.33787136746832e-06
1.33915534661355e-06
1.34013214392326e-06
1.34119602535065e-06
1.34247056848835e-06
1.34379217797687e-06
1.34512879412796e-06
1.34643539695389e-06
1.34836511733738e-06
1.35123389100045e-06
1.35557434077782e-06
1.35585867155896e-06
1.35617744945193e-06
1.35653806410119e-06
1.35693073843868e-06
1.35729010253272e-06
1.35739458073658e-06
1.35753305130493e-06
1.35767345454951e-06
1.35780999244162e-06
1.35802065415191e-06
1.35832192427188e-06
1.35875654905249e-06
1.3591119341072e-06
1.35944139856292e-06
1.3596818462247e-06
1.35983066229528e-06
1.36003711759258e-06
1.36032451791834e-06
1.36054052291001e-06
1.36073686007876e-06
1.36091989588749e-06
1.36122241656267e-06
1.3615253919852e-06
1.3617619742945e-06
1.36191965793842e-06
1.36204846512555e-06
1.36235155423492e-06
1.36389598992537e-06
1.36415553697589e-06
1.36442258735769e-06
1.36452320020908e-06
1.36462278987892e-06
1.36486016799608e-06
1.36486016799608e-06
1.36486016799608e-06
1.36486016799608e-06
1.36486016799608e-06
1.36486016799608e-06
1.36486016799608e-06
1.36486016799608e-06
1.36486016799608e-06
1.36486016799608e-06
1.36486016799608e-06
1.36486016799608e-06
1.36486016799608e-06
1.3916258012614e-06
1.43587271850265e-06
1.47971070418862e-06
1.51477161125513e-06
1.51477161125513e-06
1.51477161125513e-06
1.51477161125513e-06
1.51477161125513e-06
1.60400338700128e-06
1.73546663972957e-06
1.85681403763738e-06
1.9182086816727e-06
1.9182086816727e-06
1.9182086816727e-06
1.9182086816727e-06
1.9182086816727e-06
1.9182086816727e-06
1.9182086816727e-06
1.9182086816727e-06
1.9182086816727e-06
1.9182086816727e-06
1.9182086816727e-06
1.9182086816727e-06
1.9182086816727e-06
1.9182086816727e-06
1.9182086816727e-06
1.9182086816727e-06
1.9182086816727e-06
1.9182086816727e-06
1.9182086816727e-06
1.9182086816727e-06
1.9182086816727e-06
1.9182086816727e-06
1.9182086816727e-06
1.9182086816727e-06
1.9182086816727e-06
1.9182086816727e-06
1.9182086816727e-06
1.9182086816727e-06
1.9182086816727e-06
1.9182086816727e-06
1.9182086816727e-06
1.9182086816727e-06
1.9182086816727e-06
1.9182086816727e-06
1.9182086816727e-06
1.9182086816727e-06
1.9182086816727e-06
1.9182086816727e-06
1.9182086816727e-06
1.9182086816727e-06
1.9182086816727e-06
1.9182086816727e-06
1.9182086816727e-06
1.9182086816727e-06
1.9182086816727e-06
1.9182086816727e-06
1.9182086816727e-06
1.9182086816727e-06
1.9182086816727e-06
