-0.000000
0.112427
0.779346
1.105409
1.769920
2.362574
3.403231
4.430506
5.089645
5.538479
6.247871
7.108458
7.736680
7.865708
7.895479
7.917429
7.922924
7.927041
7.931134
7.937244
7.946327
7.959801
7.979698
7.981536
7.983360
7.985172
7.987886
7.991935
7.995879
7.999753
8.003605
8.007387
8.011151
8.014841
8.018500
8.022100
8.025644
8.029106
8.032378
8.035347
8.037688
8.038492
8.037668
8.037236
8.037144
8.038868
8.041598
8.044839
8.048419
8.053870
8.062738
8.072455
8.082012
8.091299
8.100460
8.109476
8.118267
8.131147
8.149514
8.167377
8.184842
8.210226
8.246843
8.250159
8.252559
8.254902
8.257185
8.259402
8.261539
8.263570
8.265436
8.267021
8.268857
8.271222
8.273711
8.276219
8.278732
8.282450
8.287982
8.296203
8.308349
8.326095
8.352011
8.378958
8.405574
8.431782
8.457206
8.482134
8.488198
8.492739
8.493872
8.495556
8.497966
8.499684
8.501283
8.502674
8.503669
8.503930
8.502659
8.501890
8.501925
8.502341
8.502989
8.503807
8.504751
8.505795
8.507492
8.509262
8.511060
8.513750
8.517714
8.523465
8.531850
8.544272
8.563544
8.590382
8.610662
8.631688
8.652592
8.673266
8.703938
8.748984
8.842700
8.887480
8.915492
8.918842
8.921357
8.922682
8.922526
8.919429
8.913491
8.909410
8.907783
8.909685
8.913135
8.916952
8.920831
8.924663
8.930006
8.936605
8.940800
8.947264
8.955264
8.963905
8.972649
8.992585
9.024594
9.036198
9.047641
9.058846
9.069534
9.076745
9.084491
9.090263
9.095699
9.101904
9.108370
9.114930
9.121506
9.131380
9.146116
9.168006
9.200254
9.247631
9.315195
9.361706
9.404133
9.433546
9.465151
9.496196
9.525779
9.554862
9.583532
9.625648
9.686732
9.771683
9.777665
9.784329
9.791073
9.797932
9.804275
9.805945
9.808314
9.810679
9.812999
9.816488
9.821568
9.828321
9.833398
9.837765
9.840397
9.840775
9.837075
9.830275
9.816940
9.801671
9.787006
9.770470
9.748742
9.719446
9.676059
9.611945
9.567225
9.609710
9.365792
9.103020
8.829686
8.633125
8.481796
8.184790
7.871437
7.595778
7.340871
7.082754
6.752396
6.410500
6.071323
5.735648
5.401006
5.068763
4.735719
4.404481
4.073064
3.741803
3.407587
3.068089
2.725794
2.381211
2.032975
1.689495
1.348068
1.010118
0.669341
0.315231
0.000000
0.000000
-0.000000
0.000000
0.000000
0.000000
0.000000
-0.000000
-0.000000
-0.000000
-0.000000
-0.000000
-0.000000
-0.000000
-0.000000
-0.000000
-0.000000
-0.000000
-0.000000
-0.000000
-0.000000
-0.000000
-0.000000
-0.000000
-0.000000
-0.000000
-0.000000
-0.000000
-0.000000
0.000000
0.000001
0.000002
0.000003
0.000002
0.000002
0.000003
0.000003
0.000002
0.000001
0.000000
0.000000
0.000000
0.000000
-0.000000
-0.000000
-0.000000
-0.000000
