0.0
1.66311508564831e-07
1.48903427543701e-06
1.97368945009657e-06
2.26671772907139e-06
2.72996271633019e-06
2.15066324926738e-06
2.13856537811807e-06
2.66791562353319e-06
5.01650993101066e-06
8.55306188896066e-06
1.14898894025828e-05
1.31504775708891e-05
1.47809068948845e-05
1.58265520440182e-05
1.59379014803562e-05
1.59298888320336e-05
1.59240844368469e-05
1.59135233843699e-05
1.59010414790828e-05
1.5884206732153e-05
1.58798502525315e-05
1.5877265468589e-05
1.58750353875803e-05
1.58715720317559e-05
1.58683433255646e-05
1.58651000674581e-05
1.58615839609411e-05
1.5858378901612e-05
1.58550101332366e-05
1.58520288096042e-05
1.58490565809188e-05
1.58460970851593e-05
1.58432940224884e-05
1.58389448188245e-05
1.58356851898134e-05
1.58340444613714e-05
1.58325765369227e-05
1.58309030666715e-05
1.58294424181804e-05
1.5827101378818e-05
1.58239399752347e-05
1.58237471623579e-05
1.5823585272301e-05
1.58234215632547e-05
1.58231869136216e-05
1.58228285727091e-05
1.58226994244615e-05
1.58224975166377e-05
1.58222046593437e-05
1.58217517309822e-05
1.58215880219359e-05
1.58213370013982e-05
1.58209659275599e-05
1.5820398402866e-05
1.5819578038645e-05
1.58182883751579e-05
1.58170423674164e-05
1.58157126861624e-05
1.58144121087389e-05
1.58130078489194e-05
1.58116836246336e-05
1.58103102876339e-05
1.58088550961111e-05
1.5808525859029e-05
1.58081838890212e-05
1.58078364620451e-05
1.58073089551181e-05
1.58067668962758e-05
1.5806244846317e-05
1.58057027874747e-05
1.58051680045901e-05
1.58046423166525e-05
1.58041111717466e-05
1.58035745698726e-05
1.58030379679985e-05
1.58028306032065e-05
1.58025322889443e-05
1.58020757226041e-05
1.58013826876413e-05
1.58003786054906e-05
1.57999784278218e-05
1.57995473273331e-05
1.57990889420034e-05
1.57982540258672e-05
1.57979502546368e-05
1.57974882313283e-05
1.57968024723232e-05
1.57965368998703e-05
1.57961512741167e-05
1.57955655595288e-05
1.57946888066363e-05
1.57943486556178e-05
1.57938484335318e-05
1.57931153808022e-05
1.57928279804764e-05
1.57924077939242e-05
1.57917875185376e-05
1.57915474119363e-05
1.57911999849603e-05
1.57906597451074e-05
1.57898612087592e-05
1.57890644914005e-05
1.57882859639358e-05
1.57879785547266e-05
1.57875310833333e-05
1.57868726091692e-05
1.57858594320714e-05
1.57854956341907e-05
1.57849462993909e-05
1.57841168402229e-05
1.57828726514708e-05
1.57809972733958e-05
1.57783124450361e-05
1.57742779265391e-05
1.57683352881577e-05
1.57597933139186e-05
1.57459126057802e-05
1.57418453454738e-05
1.57350168592529e-05
1.57320428115781e-05
1.57280355779221e-05
1.57215708895819e-05
1.57210433826549e-05
1.57206268340815e-05
1.57201902766246e-05
1.57195499923546e-05
1.57185859279707e-05
1.57181875692913e-05
1.57176200445974e-05
1.57170579768717e-05
1.57165086420719e-05
1.57162940013222e-05
1.5715986592113e-05
1.57155172928469e-05
1.57148006110219e-05
1.5714544133516e-05
1.57141512318049e-05
1.57135491463123e-05
1.57126924023032e-05
1.57123467943165e-05
1.571184839122e-05
1.57111062435433e-05
1.57103677338455e-05
1.57096310431371e-05
1.57089143613121e-05
1.5707782949903e-05
1.57061876961961e-05
1.57057693286333e-05
1.57053618750069e-05
1.5704776160419e-05
1.57045451487647e-05
1.57042104547145e-05
1.57036974997027e-05
1.57035156007623e-05
1.57032282004366e-05
1.57028061948949e-05
1.57021877384977e-05
1.57012254931033e-05
1.57008944370318e-05
1.57003833010094e-05
1.5700183212175e-05
1.56998994498281e-05
1.56994556164136e-05
1.5698817151133e-05
1.56981732288841e-05
1.56975165737094e-05
1.56968999363016e-05
1.56966543727322e-05
1.56963033077773e-05
1.56957630679244e-05
1.5695572074037e-05
1.56952719407855e-05
1.56948317453498e-05
1.56941787281539e-05
1.56935329869157e-05
1.56929108925397e-05
1.5692281522206e-05
1.56917994900141e-05
1.56913283717586e-05
1.56911573867546e-05
1.56908918143017e-05
1.569050073158e-05
1.56899386638543e-05
1.56890546350041e-05
1.56878559209872e-05
1.56866608449491e-05
1.56856294779573e-05
1.56853111548116e-05
1.56850346684223e-05
1.56847545440542e-05
1.56844871526118e-05
1.56841106218053e-05
1.56837268150412e-05
1.56833593791816e-05
1.56830046762479e-05
1.56826572492719e-05
1.56823316501686e-05
1.56819933181396e-05
1.56816768139834e-05
1.56813675857848e-05
1.5681071090512e-05
1.56807836901862e-05
1.56805053848075e-05
1.56802379933652e-05
1.56799778778804e-05
1.56797286763322e-05
1.56795013026567e-05
1.56792630150449e-05
1.56789374159416e-05
1.56790447363164e-05
1.56773803610122e-05
1.56758069351781e-05
1.56729056470795e-05
1.56676815095125e-05
1.56598016474163e-05
1.56485639308812e-05
1.5622694263584e-05
1.55803154484602e-05
1.54856188601116e-05
1.53328492160654e-05
1.52306611198583e-05
1.49748893818469e-05
1.46117135955137e-05
1.4441565326706e-05
1.40275196827133e-05
1.36227190523641e-05
1.32056247821311e-05
1.27942357721622e-05
1.2363857422315e-05
1.19073438327177e-05
1.14637887236313e-05
1.10371520349872e-05
1.06173993117409e-05
1.01927089417586e-05
9.69417578744469e-06
9.16161661734805e-06
8.55753751238808e-06
7.97492157289525e-06
7.44751741876826e-06
6.94445498083951e-06
6.18086460235645e-06
5.5277018873312e-06
4.95163021696499e-06
4.24988411396043e-06
3.63534354619333e-06
3.08546464111714e-06
2.60919296124484e-06
2.19335993278946e-06
1.80671963789791e-06
1.41511668516614e-06
1.07321045561548e-06
7.1370226351064e-07
3.60184543524156e-07
2.15423028748774e-07
5.33553077275428e-08
3.55830986897843e-09
3.57831764219441e-09
3.7508436356859e-09
4.00303923342449e-09
4.19487555802789e-09
4.32137792216736e-09
4.46845005441787e-09
4.59642457428799e-09
4.65784699699157e-09
4.59302285094054e-09
4.28882085401483e-09
3.9053360545438e-09
3.56462637185473e-09
3.43094885835171e-09
3.46006334694948e-09
3.63999519414904e-09
3.92272347937705e-09
4.10899447800261e-09
4.27186463980433e-09
4.36440261708526e-09
4.49636461397063e-09
4.58104887357536e-09
4.57796556219137e-09
4.39518865746891e-09
4.02651822994926e-09
3.59823992823749e-09
3.37040617637285e-09
3.32488547805099e-09
3.44461970058774e-09
3.729036190947e-09
4.00842958825365e-09
4.19897805414848e-09
4.30316715593904e-09
4.42530723177015e-09
4.51302284432131e-09
4.54397097726655e-09
4.44748549099927e-09
4.18153600634241e-09
3.7377421158169e-09
3.40583405922246e-09
3.30307514673223e-09
3.35002914297888e-09
3.58050922244502e-09
3.91006604871791e-09
4.15188461388993e-09
4.32751656731512e-09
4.43724568199855e-09
4.55648452302171e-09
4.60021842840774e-09
4.58654758617172e-09
4.3955759032599e-09
4.06058520141528e-09
3.64034269395574e-09
3.47766260233584e-09
