0
0.000530994730070233
0.00217258534394205
0.00458524096757174
0.00727601442486048
0.00889882165938616
0.010406069457531
0.0163125079125166
0.0222408697009087
0.0334974937140942
0.0407862178981304
0.0458804257214069
0.0510741919279099
0.0622547157108784
0.0756146907806396
0.0824699625372887
0.0884047076106071
0.0936796888709068
0.102931693196297
0.116451852023602
0.128264859318733
0.136154860258102
0.137819111347198
0.139817163348198
0.141715541481972
0.143546655774117
0.14530998468399
0.147008389234543
0.148646384477615
0.150229692459106
0.151746898889542
0.153202891349792
0.154572978615761
0.15585270524025
0.15721321105957
0.158245652914047
0.158924356102943
0.159410879015923
0.159886866807938
0.160346060991287
0.160784348845482
0.161201670765877
0.161609515547752
0.161710038781166
0.161802530288696
0.16186498105526
0.161892026662827
0.161896452307701
0.161827132105827
0.161744982004166
0.161706194281578
0.161679297685623
0.161666214466095
0.161718621850014
0.16179296374321
0.161873638629913
0.161954700946808
0.162072777748108
0.162242650985718
0.162483796477318
0.162716656923294
0.162906512618065
0.162889525294304
0.163518816232681
0.164125964045525
0.164711236953735
0.165287598967552
0.165846437215805
0.166368409991264
0.166454330086708
0.16651676595211
0.166577026247978
0.166634947061539
0.166682258248329
0.166702374815941
0.166682571172714
0.166694611310959
0.166725173592567
0.166764184832573
0.16680845618248
0.166855543851852
0.166903555393219
0.166975900530815
0.167085126042366
0.167245998978615
0.16709092259407
0.166605547070503
0.166744023561478
0.166808426380157
0.1668511480093
0.166919216513634
0.167002335190773
0.167087733745575
0.167174354195595
0.167303189635277
0.167494177818298
0.167768761515617
0.168182820081711
0.168781220912933
0.169332444667816
0.169860646128654
0.170368030667305
0.171059757471085
0.171865671873093
0.172046035528183
0.172208711504936
0.172402009367943
0.172484368085861
0.172436743974686
0.172308474779129
0.172258704900742
0.172080248594284
0.171773046255112
0.17138746380806
0.171046957373619
0.170769616961479
0.170559644699097
0.170375764369965
0.170308545231819
0.170236334204674
0.170158609747887
0.170034274458885
0.169835150241852
0.169594243168831
0.169407829642296
0.16925573348999
0.169134482741356
0.169092208147049
0.169062823057175
0.169022008776665
0.16895318031311
0.168863460421562
0.168737426400185
0.168553754687309
0.168276473879814
0.167856946587563
0.167175531387329
0.166126072406769
0.164761245250702
0.163060009479523
0.159534320235252
0.156964227557182
0.154570326209068
0.151387229561806
0.148890241980553
0.14566545188427
0.141612619161606
0.137159645557404
0.13286292552948
0.127742752432823
0.122212693095207
0.116103045642376
0.109581641852856
0.103337645530701
0.0975855141878128
0.0919095575809479
0.0863625258207321
0.0808669328689575
0.0753977298736572
0.0700618252158165
0.0645912736654282
0.0591138526797295
0.0534823760390282
0.0480727702379227
0.0430473238229752
0.0381743758916855
0.0335231125354767
0.0289830025285482
0.0245628859847784
0.020271198824048
0.0160889830440283
0.0119692115113139
0.00804147217422724
0.00447366200387478
0.00159982545301318
1.75189088622574e-05
3.87804539059289e-06
4.02361365559045e-06
3.90752938983496e-06
3.37675373884849e-06
2.30544537771493e-06
1.66335121321026e-06
1.68132828548551e-06
1.8314240151085e-06
2.02668161364272e-06
1.89387719728984e-06
1.99208261619788e-06
1.99083751795115e-06
1.80298411578406e-06
2.22962626139633e-06
2.20424408325925e-06
1.9349463400431e-06
2.08358324016444e-06
1.82715666596778e-06
1.86145734915044e-06
6.40644429950044e-07
6.97400537319481e-07
4.00930730393156e-07
-5.20378307555802e-07
-2.86743670585565e-07
3.68765540770255e-07
1.52617849380476e-06
1.7853089957498e-06
2.15140607906505e-06
2.6006036932813e-06
3.14072531182319e-06
3.4059448807966e-06
3.76375101041049e-06
4.22538141719997e-06
4.26272163167596e-06
3.39754842570983e-06
3.04346394841559e-06
2.44375496549765e-06
2.17681554204319e-06
2.06136792257894e-06
2.84538168671133e-06
2.52725976679358e-06
2.22351991396863e-06
2.07357061299263e-06
1.72887905591779e-06
1.56115254412725e-06
1.66882796293066e-06
