0
0.00120000005699694
0.00240000011399388
0.00359999993816018
0.00480000022798777
0.00600000005215406
0.00719999987632036
0.00749999983236194
0.00779999978840351
0.00810000021010637
0.00839999970048666
0.00870000012218952
0.00915000028908253
0.00960000045597553
0.010049999691546
0.0107249999418855
0.011400000192225
0.0120750004425645
0.0130874998867512
0.0142874997109175
0.0154874995350838
0.0166874993592501
0.0178874991834164
0.0190875008702278
0.0202875006943941
0.0214875005185604
0.0226875003427267
0.023887500166893
0.0250874999910593
0.0262874998152256
0.0274874996393919
0.0286874994635582
0.0298874992877245
0.0310874991118908
0.0322875007987022
0.0334874987602234
0.0346875004470348
0.035887498408556
0.0370875000953674
0.0382875017821789
0.0394874997437
0.0406875014305115
0.0418874993920326
0.0430875010788441
0.0442874990403652
0.0454875007271767
0.0466874986886978
0.0478875003755093
0.0490874983370304
0.0502875000238419
0.0514875017106533
0.0526874996721745
0.0538875013589859
0.055087499320507
0.0562875010073185
0.0574874989688396
0.0586875006556511
0.0598874986171722
0.0610875003039837
0.0622874982655048
0.0634874999523163
0.0646874979138374
0.0658875033259392
0.0670875012874603
0.0682874992489815
0.0694874972105026
0.0706875026226044
0.0718875005841255
0.0730874985456467
0.0742874965071678
0.0754875019192696
0.0766874998807907
0.0778874978423119
0.0790875032544136
0.0802875012159348
0.0814874991774559
0.081787496805191
0.082237496972084
0.0824062526226044
0.082469530403614
0.0824932605028152
0.0825288593769073
0.0825321972370148
0.0825371965765953
0.0825390741229057
0.0825418904423714
0.082544706761837
0.0825475230813026
0.0825517475605011
0.0825580805540085
0.0825675874948502
0.0825818404555321
0.0826032236218452
0.0826352909207344
0.0826833993196487
0.0827555656433105
0.0828638076782227
0.0830261781811714
0.0832697227597237
0.0836350470781326
0.0841830298304558
0.0850050151348114
0.0862050130963326
0.0874050110578537
0.0886050090193748
0.0898050144314766
0.0910050123929977
0.0922050103545189
0.09340500831604
0.0946050137281418
0.0958050116896629
0.0970050096511841
0.0982050150632858
0.099405013024807
0.100605010986328
0.101805008947849
0.103005014359951
0.104205012321472
0.105405010282993
0.106605008244514
0.107805013656616
0.109005011618137
0.110205009579659
0.11140501499176
0.112605012953281
0.113805010914803
0.115005008876324
0.116205014288425
0.117405012249947
0.117705009877682
0.118155010044575
0.118155010044575
