0.0
0.0
0.0
9.64292439675773e-07
6.94987693350413e-06
1.57815793500049e-05
2.89597628579941e-05
4.72528736281674e-05
7.17872389941476e-05
0.00010216397640761
0.000137488590553403
0.000174137152498588
0.000208807323360816
0.000237400527112186
0.000256355007877573
0.000266907009063289
0.00027365967980586
0.000277994520729408
0.000279683619737625
0.000281018117675558
0.000282533699646592
0.000284268258837983
0.00028685518191196
0.000287622184259817
0.000288827286567539
0.000289346324279904
0.000290125200990587
0.00029113853815943
0.000291805597953498
0.000291839911369607
0.000292546872515231
0.000298083614325151
0.000306214846204966
0.000306254456518218
0.000306286150589585
0.000306318223010749
0.00030635079019703
0.000306383823044598
0.000306417350657284
0.000306451373035088
0.000306502566672862
0.000306579953758046
0.000306705915136263
0.000306916772387922
0.000307132431771606
0.00030735379550606
0.000307576352497563
0.00030779986991547
0.000308135087834671
0.000308636779664084
0.000309386668959633
0.000310501985950395
0.000312150194076821
0.000313772412482649
0.00031417646096088
0.000314577831886709
0.000315167009830475
0.000315304379910231
0.000315403507556766
0.000315475539537147
0.000315548008074984
0.000315620651235804
0.000315674056764692
0.000315712328301743
0.000315739482175559
0.000315758836222813
0.000315779412630945
0.000315802928525954
0.000315831799525768
0.00031585997203365
0.000315891433274373
0.000315919722197577
0.000315945653710514
0.000315978279104456
0.000316011224640533
0.000316048681270331
0.00031609323923476
0.000316152640152723
0.000316216464852914
0.00031628881697543
0.0003164047957398
0.000316542049404234
0.000316618068609387
0.000316666293656453
0.00031669600866735
0.000316717312671244
0.000316745950840414
0.000316789228236303
0.000316832738462836
0.00031687636510469
0.000316919788019732
0.000316984718665481
0.000317081226967275
0.000317177269607782
0.000317272992106155
0.000317415775498375
0.000317628233460709
0.000317942758556455
0.000318398437229916
0.000318839709507301
0.000319270882755518
0.000319691054755822
0.000320094608468935
0.000320490973535925
0.000320878025377169
0.000321520550642163
0.000322266219882295
0.000323072454193607
0.000323987798765302
0.000324932741932571
0.000325897242873907
0.000327330315485597
0.000329374568536878
0.000332309486111626
0.000336412864271551
0.000341897335601971
0.00034709446481429
0.000348776928149164
0.000350472517311573
0.000350894930306822
0.000350931921275333
0.000350959831848741
0.000350987975252792
0.000351030437741429
0.000351046270225197
0.000351062073605135
0.000351077789673582
0.000351093389326707
0.000351108814356849
0.000351124064764008
0.00035113884950988
0.000351152004441246
0.000351164024323225
0.000351185852196068
0.000351200433215126
0.000351213908288628
0.00035123186535202
0.000351252354448661
0.000351270078681409
0.000351286493241787
0.000351302151102573
0.00035132557968609
0.000351348338881508
0.000351370952557772
0.000351393857272342
0.000351432041497901
0.000351439899532124
0.000351447990396991
0.000351456692442298
0.000351466034771875
0.000351476162904873
0.000351487891748548
0.000351502560079098
0.00035152115742676
0.000351545721059665
0.000351579947164282
0.000351624301401898
0.000351687107468024
0.000351769325789064
0.000351871363818645
0.000352023867890239
0.000352196919266135
0.000352339702658355
0.000352465867763385
0.000352565984940156
0.000352636998286471
0.000352695060428232
0.000352759525412694
0.000352816103259102
0.000352852250216529
0.000352871342329308
0.000352881848812103
0.000352887844201177
0.000352893286617473
0.000352899136487395
0.000352909555658698
0.000352928094798699
0.000352957635186613
0.000352998176822439
0.000353050534613431
0.000353152718162164
0.000353252777131274
0.000353336188709363
0.000353360461303964
0.000353378651198
0.000353395618731156
0.000353407289367169
0.000353418086888269
0.000353427341906354
0.000353435461875051
0.000353442534105852
0.000353449169779196
0.0003534538554959
0.000353454670403153
0.000353455048752949
0.00035345510696061
0.00035345513606444
0.00035345516516827
0.000353455194272101
0.000353455194272101
0.000353455194272101
0.000353455194272101
0.000353455194272101
0.000353464798536152
0.000353480747435242
0.000353499373886734
0.000353536976035684
0.00035360676702112
0.000353706709574908
0.000353788782376796
0.000353853334672749
0.000353893323335797
0.000353920855559409
0.000354234129190445
0.000354980729753152
0.00035564907011576
0.00035626970930025
0.00035677952109836
0.000357201904989779
0.000357556302333251
0.000357881130184978
0.000358134275302291
0.000358250516001135
0.000358295597834513
0.000358295597834513
0.000358295597834513
0.000358295597834513
0.000358295597834513
0.000358420773409307
0.000358520337613299
0.000358562596375123
0.000358562596375123
0.000358562596375123
0.000358562596375123
0.000358562596375123
0.000358912599040195
0.000359978614142165
0.000361219746991992
0.0003626890538726
0.000363820465281606
0.000366933789337054
0.000367648812243715
0.000367683504009619
0.000367747124982998
0.0003677784698084
0.000367781409295276
0.000367782486137003
0.000367784086847678
0.000367784668924287
0.0003677848726511
0.000367785192793235
0.000367804663255811
0.000367811735486612
0.000367821397958323
0.000367825530702248
0.000367840548278764
0.000367990636732429
0.000368022883776575
0.000368031876860186
0.000368037523003295
0.000368039589375257
0.00036803976399824
0.00036803976399824
0.00036803976399824
0.00036803976399824
0.00036803976399824
0.00036803976399824
0.00036803976399824
0.00036803976399824
0.00036803976399824
0.00036803976399824
0.00036803976399824
0.00036803976399824
0.00036803976399824
0.00036803976399824
0.00036803976399824
0.00036803976399824
0.00036803976399824
0.00036803976399824
0.00036803976399824
0.00036803976399824
0.00036803976399824
0.00036803976399824
0.00036803976399824
0.00036803976399824
0.00036803976399824
0.00036803976399824
0.00036803976399824
0.00036803976399824
0.00036803976399824
0.00036803976399824
0.000368039793102071
0.000368039793102071
0.000368039793102071
0.000368039793102071
0.000368039793102071
0.000368039793102071
0.000368039793102071
0.000368039793102071
0.000368039793102071
