0.0
2.98082966310176e-07
2.92261489676093e-07
2.92031387516545e-07
2.92024310510897e-07
2.92023543124742e-07
2.92024736836538e-07
2.92024196824059e-07
-1.55269841428662e-08
1.90793258525446e-07
1.14265120032542e-07
-1.4277568993748e-07
-2.98069181781102e-07
-2.44793852743896e-07
-1.05062713373627e-06
-2.63012702816923e-06
-4.25041935159243e-06
-6.97565201335237e-06
-1.00097931863274e-05
-1.10539203888038e-05
-1.20419381346437e-05
-1.28385900097783e-05
-1.42589196912013e-05
-1.48073822856531e-05
-1.54867266246583e-05
-1.52610045915935e-05
-1.38701325340662e-05
-1.48056251418893e-05
-1.52197399074794e-05
-1.5612633433193e-05
-1.60123727255268e-05
-1.64038428920321e-05
-1.67673224495957e-05
-1.74462038557976e-05
-1.84389336936874e-05
-2.13960247492651e-05
-2.4502753149136e-05
-2.79766845778795e-05
-3.15756515192334e-05
-3.65999621863011e-05
-4.32818633271381e-05
-4.97112851007842e-05
-5.69578114664182e-05
-6.52366798021831e-05
-7.54265420255251e-05
-9.30160895222798e-05
-0.000100066470622551
-0.000102612924820278
-0.000105668703326955
-0.000106704646896105
-0.000107632178696804
-0.000108701729914173
-0.000109926899312995
-0.000111253895738628
-0.000112770198029466
-0.000114484093501233
-0.000116347662697081
-0.000118371390271932
-0.000120635486382525
-0.00012310832971707
-0.000125780017697252
-0.000128659448819235
-0.000131864493596368
-0.000135498150484636
-0.000139731040690094
-0.000144652120070532
-0.000149891726323403
-0.000155273024574853
-0.000160826544743031
-0.000169406092027202
-0.000173027423443273
-0.000176980698597617
-0.000181547875399701
-0.00018280053336639
-0.000184141157660633
-0.000186478195246309
-0.000189620870514773
-0.000194148626178503
-0.000199162735952996
-0.000204641779419035
-0.000213895356864668
-0.000227597483899444
-0.000246165524004027
-0.000269390555331483
-0.00028908540843986
-0.000304950372083113
-0.000318728911224753
-0.000328465539496392
-0.000335866963723674
-0.000341090839356184
-0.00034581939689815
-0.000350363581674173
-0.000354812043951824
-0.000361421029083431
-0.000371086498489603
-0.000380794750526547
-0.000390130473533645
-0.000399201730033383
-0.000408601626986638
-0.000417722418205813
-0.000426714599598199
-0.000439661467680708
-0.000459749455330893
-0.000489677186124027
-0.00053403980564326
-0.000600112078245729
-0.000693940091878176
-0.000827599782496691
-0.00100804341491312
-0.00119285983964801
-0.00134899420663714
-0.0014696546131745
-0.00155481102410704
-0.00160420406609774
-0.00161946739535779
-0.00161947857122868
-0.00161948031745851
-0.00161947519518435
-0.00161946658045053
-0.00161945912986994
-0.00161945715080947
-0.00161944481078535
-0.00161943212151527
-0.0016194285126403
-0.00161943410057575
-0.00161945365834981
-0.0016194760100916
-0.00161950325127691
-0.00161952921189368
-0.00161952991038561
-0.00161952362395823
-0.00161950720939785
-0.00161949545145035
-0.00161950173787773
-0.00161950918845832
-0.00161953165661544
-0.00161955261137336
-0.00161956844385713
-0.00161956681404263
-0.00161954492796212
-0.00161951989866793
-0.00161951524205506
-0.00161950674373657
-0.00161949719768018
-0.00161949312314391
-0.00161949475295842
-0.00161951465997845
-0.00161952269263566
-0.00161952269263566
