0.0
1.23577712607398e-18
4.4662197069556e-06
2.04825464606984e-05
5.46813826076686e-05
0.000115110771730542
0.000204400130314752
0.000318137725116685
0.000450280611403286
0.000594864366576076
0.00074553833110258
0.000783346069511026
0.000820560439024121
0.000855976948514581
0.000858100887853652
0.000860220286995173
0.000862334738485515
0.000865495821926743
0.000870203308295459
0.000874473247677088
0.00087471364531666
0.000875070865731686
0.000875203404575586
0.000875252881087363
0.000875271391123533
0.000875299039762467
0.00087530940072611
0.000875324942171574
0.000875330762937665
0.000875339435879141
0.000875342753715813
0.00087534764315933
0.000875349447596818
0.000875352183356881
0.000875353231094778
0.000875354744493961
0.00087535532657057
0.000875356199685484
0.000875357538461685
0.000875357771292329
0.000875358004122972
0.000875358236953616
0.00087535846978426
0.000875358527991921
0.000875358586199582
0.000875358644407243
0.000875358702614903
0.000875358702614903
0.000875358760822564
0.000875358760822564
0.000875358760822564
0.000875358819030225
0.000875358819030225
0.000875358877237886
0.000875358877237886
0.000875358877237886
0.000875358877237886
0.000875358877237886
0.000875358877237886
0.000875358877237886
