0.0
0.0
0.0
7.34235868549149e-07
3.59753130396712e-06
3.92638185076066e-06
4.3301229197823e-06
4.86427552459645e-06
6.04956221650355e-06
6.42714712739689e-06
6.49135699859471e-06
6.50106267130468e-06
6.50106267130468e-06
6.98860367265297e-06
7.57582665755763e-06
8.23369282443309e-06
9.2992777354084e-06
1.18105344881769e-05
1.45514004543656e-05
1.53160071931779e-05
1.67584148584865e-05
3.03661599900806e-05
3.95430979551747e-05
5.43057976756245e-05
7.55811925046146e-05
0.000121231474622618
0.000181174371391535
0.000198758716578595
0.000204783515073359
0.000206724129384384
0.000209649602766149
0.000210718149901368
0.000211115169804543
0.000211263832170516
0.000211487043998204
0.000211570659303106
0.000211602004128508
0.000211613762076013
0.00021163139899727
0.000211638005566783
0.000211640493944287
0.000211640726774931
0.000211640814086422
0.000211640843190253
0.000211640886845998
0.000211640915949829
0.000211640915949829
0.000211640930501744
0.000211640930501744
0.000211640930501744
0.000211640930501744
0.000211640930501744
0.000211640930501744
0.000211640930501744
0.000211640930501744
