0.0
2.14416220889468e-10
2.16028792077161e-10
2.16860598922786e-10
2.1695299723401e-10
2.16960976962e-10
2.16962572907597e-10
2.16962670052112e-10
2.169626839299e-10
2.169626839299e-10
2.169626839299e-10
2.169626839299e-10
2.169626839299e-10
2.169626839299e-10
2.169626839299e-10
2.169626839299e-10
2.169626839299e-10
2.169626839299e-10
2.169626839299e-10
2.169626839299e-10
2.169626839299e-10
2.169626839299e-10
2.169626839299e-10
2.169626839299e-10
2.169626839299e-10
2.169626839299e-10
2.169626839299e-10
2.169626839299e-10
2.169626839299e-10
2.169626839299e-10
2.169626839299e-10
2.169626839299e-10
2.169626839299e-10
2.169626839299e-10
2.169626839299e-10
2.169626839299e-10
2.169626839299e-10
2.169626839299e-10
2.169626839299e-10
2.169626839299e-10
2.169626839299e-10
2.169626839299e-10
2.169626839299e-10
2.169626839299e-10
2.169626839299e-10
2.169626839299e-10
2.169626839299e-10
2.169626839299e-10
2.169626839299e-10
2.169626839299e-10
2.169626839299e-10
2.169626839299e-10
2.169626839299e-10
2.169626839299e-10
2.169626839299e-10
2.169626839299e-10
2.169626839299e-10
2.169626839299e-10
2.169626839299e-10
2.169626839299e-10
2.169626839299e-10
2.169626839299e-10
2.169626839299e-10
2.169626839299e-10
2.169626839299e-10
2.169626839299e-10
2.169626839299e-10
2.169626839299e-10
2.169626839299e-10
2.169626839299e-10
2.169626839299e-10
2.169626839299e-10
2.169626839299e-10
2.169626839299e-10
2.169626839299e-10
2.169626839299e-10
2.169626839299e-10
2.169626839299e-10
2.169626839299e-10
2.169626839299e-10
2.169626839299e-10
2.169626839299e-10
2.169626839299e-10
2.169626839299e-10
2.169626839299e-10
2.169626839299e-10
2.169626839299e-10
2.169626839299e-10
2.169626839299e-10
2.169626839299e-10
2.169626839299e-10
2.169626839299e-10
2.169626839299e-10
2.169626839299e-10
2.169626839299e-10
2.169626839299e-10
2.169626839299e-10
2.169626839299e-10
2.169626839299e-10
2.169626839299e-10
2.169626839299e-10
2.169626839299e-10
2.169626839299e-10
2.169626839299e-10
2.169626839299e-10
2.169626839299e-10
2.169626839299e-10
2.169626839299e-10
2.169626839299e-10
2.169626839299e-10
2.169626839299e-10
2.169626839299e-10
2.169626839299e-10
2.169626839299e-10
2.169626839299e-10
2.169626839299e-10
2.169626839299e-10
2.169626839299e-10
2.169626839299e-10
2.169626839299e-10
2.169626839299e-10
2.169626839299e-10
2.169626839299e-10
2.169626839299e-10
2.169626839299e-10
2.169626839299e-10
2.169626839299e-10
2.169626839299e-10
2.169626839299e-10
2.169626839299e-10
2.169626839299e-10
2.169626839299e-10
2.169626839299e-10
2.169626839299e-10
2.169626839299e-10
2.169626839299e-10
2.169626839299e-10
2.169626839299e-10
2.169626839299e-10
2.169626839299e-10
2.169626839299e-10
2.169626839299e-10
2.169626839299e-10
2.169626839299e-10
2.169626839299e-10
2.169626839299e-10
2.169626839299e-10
2.169626839299e-10
2.169626839299e-10
2.169626839299e-10
2.169626839299e-10
2.169626839299e-10
2.169626839299e-10
2.169626839299e-10
2.169626839299e-10
2.169626839299e-10
2.169626839299e-10
2.169626839299e-10
2.169626839299e-10
2.169626839299e-10
2.169626839299e-10
2.169626839299e-10
2.169626839299e-10
2.169626839299e-10
2.169626839299e-10
2.169626839299e-10
2.169626839299e-10
2.169626839299e-10
2.169626839299e-10
2.169626839299e-10
2.169626839299e-10
2.169626839299e-10
2.169626839299e-10
2.169626839299e-10
2.169626839299e-10
2.169626839299e-10
2.169626839299e-10
2.169626839299e-10
2.169626839299e-10
2.169626839299e-10
2.169626839299e-10
2.169626839299e-10
2.169626839299e-10
2.169626839299e-10
2.169626839299e-10
2.169626839299e-10
2.169626839299e-10
2.169626839299e-10
2.169626839299e-10
2.169626839299e-10
2.169626839299e-10
2.169626839299e-10
2.169626839299e-10
2.169626839299e-10
2.169626839299e-10
2.169626839299e-10
2.169626839299e-10
2.169626839299e-10
2.169626839299e-10
2.169626839299e-10
2.169626839299e-10
2.169626839299e-10
