0.0
2.08156269998483e-09
2.08756767428042e-09
2.08756611996819e-09
2.08756811836963e-09
2.08756789632503e-09
2.08756789632503e-09
2.08756789632503e-09
2.08756789632503e-09
2.08756789632503e-09
2.08756789632503e-09
2.08756789632503e-09
2.08756789632503e-09
2.08756789632503e-09
2.08756789632503e-09
2.08756789632503e-09
2.08756789632503e-09
2.08756789632503e-09
2.08756789632503e-09
2.08756789632503e-09
2.08756789632503e-09
2.08756789632503e-09
2.08756789632503e-09
2.08756789632503e-09
2.08756789632503e-09
2.08756789632503e-09
2.08756789632503e-09
2.08756789632503e-09
2.08756789632503e-09
2.08756789632503e-09
4.64039800363025e-07
2.2784738575865e-06
4.06173512601526e-06
7.11150914867176e-06
1.01351097328006e-05
1.26217855722643e-05
1.51425419971929e-05
1.75135228346335e-05
1.93554205907276e-05
2.06824061024236e-05
2.27423606702359e-05
2.37760687014088e-05
2.57646042882698e-05
2.90064162982162e-05
3.1668216252001e-05
3.12678894260898e-05
3.07619375234935e-05
3.0354338377947e-05
2.96843936666846e-05
2.89817544398829e-05
2.83570516330656e-05
2.78998468274949e-05
2.74795456789434e-05
2.69070187641773e-05
2.6330961190979e-05
2.58376621786738e-05
2.53787038673181e-05
2.48982705670642e-05
2.43764807237312e-05
2.37884105445119e-05
2.31485500989947e-05
2.25378116738284e-05
2.19486319110729e-05
2.13869006984169e-05
2.08445817406755e-05
2.01152688532602e-05
1.86753732123179e-05
1.71828305610688e-05
1.58057082444429e-05
1.4398238818103e-05
1.30590460685198e-05
1.18002899398562e-05
1.06105162558379e-05
9.50424873735756e-06
8.43854650156572e-06
7.32119633539696e-06
6.28717862127814e-06
5.34324817635934e-06
4.48850596512784e-06
3.72835143025441e-06
3.07072332361713e-06
2.52227118835435e-06
2.07640937333053e-06
1.38787765990855e-06
4.30863309475171e-07
1.22452576079013e-07
4.73903725151104e-08
4.73133354716992e-08
4.72111985061474e-08
4.70769379035119e-08
4.69110261747119e-08
4.67777709900474e-08
4.68239562678718e-08
4.69091396837484e-08
4.69931258351153e-08
4.69947210035571e-08
4.72866084066936e-08
4.75190482518428e-08
4.72345504931582e-08
4.68500331862742e-08
4.77238017992931e-08
4.71993466533149e-08
4.81598370072334e-08
4.88657541097837e-08
4.97501666529843e-08
5.13789473188808e-08
5.10990396662692e-08
5.26948262802307e-08
5.34727675471913e-08
5.45603171531184e-08
5.52317551694159e-08
5.5376816021635e-08
