0.0
9.43115253448923e-07
8.97774668828788e-07
8.82634878962563e-07
8.76959859397175e-07
8.75396949595597e-07
8.74925945026916e-07
8.74771330927615e-07
8.74710792686528e-07
8.74688907970267e-07
8.7468725951112e-07
8.74688623753173e-07
8.74688339536078e-07
8.74688396379497e-07
8.74688396379497e-07
8.74688396379497e-07
8.74688396379497e-07
6.64441529352189e-07
5.8441901273909e-07
3.42309022016707e-07
-7.18427600077121e-07
-1.89208674328256e-06
-4.20824562752387e-06
-6.57414511806564e-06
-9.80013464868534e-06
-1.08805234049214e-05
-1.21314988064114e-05
-1.35269683596562e-05
-1.51110407387023e-05
-1.64764896908309e-05
-1.76825233211275e-05
-1.86633096745936e-05
-1.94246567843948e-05
-1.9953276932938e-05
-2.01600469154073e-05
-2.06132135645021e-05
-2.06806271307869e-05
-2.09438931051409e-05
-2.12998020288069e-05
-2.18386958295014e-05
-2.27198615903035e-05
-2.44201946770772e-05
-2.704208054638e-05
-2.73756086244248e-05
-2.76267437584465e-05
-2.76921036856947e-05
-2.77631625067443e-05
-2.78407387668267e-05
-2.79695614153752e-05
-2.80214899248676e-05
-2.81001648545498e-05
-2.82172732113395e-05
-2.83908775600139e-05
-2.86459635390202e-05
-2.88742885459214e-05
-2.90600746666314e-05
-2.93396296910942e-05
-2.97930564556736e-05
-3.05357534671202e-05
-3.14824064844288e-05
-3.17747217195574e-05
-3.17634221573826e-05
-3.14955432259012e-05
-3.03583674394758e-05
-2.96167399937985e-05
-2.97244696412235e-05
-2.98318664135877e-05
-2.97542410407914e-05
-2.91525975626428e-05
-2.91159631160554e-05
-2.90798961941618e-05
-2.89643030555453e-05
-2.88120882032672e-05
-2.8773016310879e-05
-2.87131733784918e-05
-2.86912109004334e-05
-2.865642454708e-05
-2.86052018054761e-05
-2.85265050479211e-05
-2.84106954495655e-05
-2.82860328297829e-05
-2.8212803954375e-05
-2.81516022369033e-05
-2.80966978607466e-05
-2.80330204986967e-05
-2.79848300124286e-05
-2.79862542811316e-05
-2.80335516436026e-05
-2.81226457445882e-05
-2.83320423477562e-05
-2.86721497104736e-05
-2.92683835141361e-05
-3.0654980946565e-05
-3.25446017086506e-05
-3.45850858138874e-05
-3.65881423931569e-05
-3.709819065989e-05
-3.76109856006224e-05
-3.77333599317353e-05
-3.78592230845243e-05
-3.8357113226084e-05
-3.84599734388757e-05
-3.855224349536e-05
-3.85746243409812e-05
-3.85966704925522e-05
-3.86310057365336e-05
-3.86708488804288e-05
-3.87208310712595e-05
-3.878593997797e-05
-3.88756052416284e-05
-3.90112945751753e-05
-3.91235917049926e-05
-3.92248584830668e-05
-3.93240115954541e-05
-3.95150636904873e-05
-3.98437405237928e-05
-4.01728248107247e-05
-4.04894308303483e-05
-4.08730047638528e-05
-4.12150220654439e-05
-4.15896793128923e-05
-4.18416784668807e-05
-4.20496253354941e-05
-4.22518896812107e-05
-4.27592785854358e-05
-4.29540305049159e-05
-4.30276559200138e-05
-4.30896725447383e-05
-4.31488006142899e-05
-4.32063279731665e-05
-4.32900378655177e-05
-4.3412423110567e-05
-4.35915171692614e-05
-4.38522693002596e-05
-4.42130185547285e-05
-4.46691010438371e-05
-4.52097010565922e-05
-4.56890375062358e-05
-4.57394526165444e-05
-4.57914247817826e-05
-4.58037429780234e-05
-4.58134381915443e-05
-4.58238355349749e-05
-4.58402246295009e-05
-4.58722242910881e-05
-4.59022812719923e-05
-4.59358197986148e-05
-4.59737493656576e-05
-4.60173541796394e-05
-4.60693700006232e-05
-4.61336640000809e-05
-4.62173811683897e-05
-4.62886346213054e-05
-4.63352116639726e-05
-4.6390403440455e-05
-4.64755721623078e-05
-4.6531276893802e-05
-4.65666089439765e-05
-4.66285819129553e-05
-4.66585843241774e-05
-4.66747515019961e-05
-4.66907549707685e-05
-4.6706416469533e-05
-4.67296013084706e-05
-4.67650534119457e-05
-4.68185135105159e-05
-4.68983271275647e-05
-4.70169434265699e-05
-4.70627455797512e-05
-4.70811646664515e-05
-4.71096027467865e-05
-4.71566345368046e-05
-4.72097926831339e-05
-4.72544124932028e-05
-4.73049767606426e-05
-4.73634609079454e-05
-4.74339321954176e-05
-4.75229062431026e-05
-4.76465829706285e-05
-4.77648391097318e-05
-4.78543079225346e-05
-4.78986148664262e-05
-4.79408772662282e-05
-4.80053422506899e-05
-4.80687303934246e-05
-4.8131183575606e-05
-4.82236755487975e-05
-4.83619915030431e-05
-4.85665514133871e-05
-4.8865818826016e-05
-4.93280713271815e-05
-4.97935398016125e-05
-5.0259714043932e-05
-5.09582714585122e-05
-5.20020294061396e-05
-5.34987448190805e-05
-5.35439248778857e-05
-5.35806466359645e-05
-5.36184379598126e-05
-5.36569095856976e-05
-5.37161577085499e-05
-5.37629020982422e-05
-5.38000531378202e-05
-5.38413223694079e-05
-5.38774656888563e-05
-5.39303764526267e-05
-5.40335422556382e-05
-5.40637338417582e-05
-5.40912260476034e-05
-5.41171939403284e-05
-5.41545632586349e-05
-5.42077141290065e-05
-5.42811576451641e-05
-5.43831010872964e-05
-5.44789945706725e-05
-5.45721995877102e-05
-5.47072704648599e-05
-5.49054275325034e-05
-5.5196007451741e-05
-5.5633263400523e-05
-5.60741864319425e-05
-5.65107984584756e-05
-5.69770272704773e-05
-5.74931291339453e-05
-5.80184132559225e-05
-5.81560307182372e-05
-5.83269502385519e-05
-5.84643130423501e-05
-5.86073729209602e-05
-5.87351787544321e-05
-5.88448601774871e-05
-5.89620904065669e-05
-5.90729796385858e-05
-5.91740172239952e-05
-5.92643300478812e-05
-5.93755648878869e-05
-5.95209457969759e-05
-5.96910904278047e-05
-5.9738911659224e-05
-5.97931611991953e-05
-5.98987171542831e-05
-6.0024165577488e-05
-6.01363790337928e-05
-6.0248148656683e-05
-6.03736625635065e-05
-6.04857887083199e-05
-6.05794120929204e-05
-6.06451649218798e-05
-6.06995163252577e-05
-6.07484289503191e-05
-6.0794482124038e-05
-6.08623486186843e-05
-6.09625785727985e-05
-6.1110156821087e-05
-6.13255833741277e-05
-6.16524994256906e-05
-6.19811762589961e-05
-6.23162341071293e-05
-6.28278867225163e-05
-6.35934266028926e-05
-6.36513868812472e-05
-6.3694613345433e-05
-6.37387202004902e-05
-6.37831471976824e-05
-6.38291166978888e-05
-6.38760320725851e-05
-6.39244972262532e-05
-6.40022772131488e-05
-6.40962898614816e-05
-6.41857841401361e-05
-6.43081148155034e-05
-6.44587707938626e-05
-6.46604676148854e-05
-6.48249115329236e-05
-6.49564026389271e-05
-6.51274458505213e-05
-6.52659509796649e-05
-6.53638126095757e-05
-6.54419636703096e-05
-6.551192200277e-05
-6.55786861898378e-05
-6.56765187159181e-05
-6.58212302369066e-05
-6.60374207654968e-05
-6.6356486058794e-05
-6.68226857669652e-05
-6.75071787554771e-05
-6.82564059388824e-05
-6.88732980052009e-05
-6.93638212396763e-05
-6.98167277732864e-05
-6.99290831107646e-05
-7.0110269007273e-05
-7.01660392223857e-05
-7.02257093507797e-05
-7.02903707860969e-05
-7.03602927387692e-05
-7.04366539139301e-05
-7.0519934524782e-05
-7.06114951753989e-05
-7.07124636392109e-05
-7.08251754986122e-05
-7.0987458457239e-05
-7.11648099240847e-05
-7.13878034730442e-05
-7.17549919500016e-05
-7.20478783478029e-05
-7.22419717931189e-05
-7.24056080798618e-05
-7.25389181752689e-05
-7.26278303773142e-05
-7.26968573872e-05
-7.27564620319754e-05
-7.28107333998196e-05
-7.28624581824988e-05
-7.29374296497554e-05
-7.30453612050042e-05
-7.32024273020215e-05
-7.34282803023234e-05
-7.37487280275673e-05
-7.41658295737579e-05
-7.47201120248064e-05
-7.49358950997703e-05
-7.52841151552275e-05
-7.538511272287e-05
-7.55002329242416e-05
-7.55980145186186e-05
-7.56817898945883e-05
-7.57526941015385e-05
-7.58126334403642e-05
-7.58818714530207e-05
-7.59675531298853e-05
-7.6096948760096e-05
-7.63740245020017e-05
-7.6602169428952e-05
-7.67408346291631e-05
-7.68327954574488e-05
-7.68989921198227e-05
-7.69492471590638e-05
-7.69887265050784e-05
-7.70220867707394e-05
-7.70518818171695e-05
-7.70923725212924e-05
-7.71475679357536e-05
-7.72252315073274e-05
-7.73368083173409e-05
-7.74963991716504e-05
-7.77304885559715e-05
-7.80751433921978e-05
-7.8586206655018e-05
-7.9279336205218e-05
-8.00513953436166e-05
-8.07020405773073e-05
-8.09948178357445e-05
-8.09003977337852e-05
-8.05143645266071e-05
-7.98051041783765e-05
-7.76392189436592e-05
-7.40395407774486e-05
-7.34961649868637e-05
-7.33189226593822e-05
-7.34284694772214e-05
-7.3511509981472e-05
-7.36220463295467e-05
-7.37671216484159e-05
-7.3946597694885e-05
-7.41596013540402e-05
-7.43787459214218e-05
-7.46609002817422e-05
-7.48982492950745e-05
-7.51561601646245e-05
-7.54404609324411e-05
-7.58403984946199e-05
-7.62779600336216e-05
-7.66991361160763e-05
-7.72343773860484e-05
-7.79347319621593e-05
-7.90173944551498e-05
-7.97993779997341e-05
-8.04823866928928e-05
-8.10508499853313e-05
-8.15780003904365e-05
-8.20740460767411e-05
-8.25354945845902e-05
-8.31061261123978e-05
-8.37025145301595e-05
-8.41778601170518e-05
-8.45963149913587e-05
-8.49945208756253e-05
-8.53920355439186e-05
-8.57986524351873e-05
-8.62100932863541e-05
-8.66358896018937e-05
-8.67629278218374e-05
-8.69052673806436e-05
-8.70648873387836e-05
-8.72431264724582e-05
-8.74410106916912e-05
-8.76599151524715e-05
-8.79015569807962e-05
-8.81680025486276e-05
-8.84621331351809e-05
-8.8786480773706e-05
-8.91437011887319e-05
-8.95458506420255e-05
-8.99988590390421e-05
-9.05112028704025e-05
-9.11033494048752e-05
-9.16918797884136e-05
-9.21978207770735e-05
-9.28641820792109e-05
-9.34637937461957e-05
-9.39895253395662e-05
-9.44112325669266e-05
-9.47849694057368e-05
-9.50298417592421e-05
-9.51942492974922e-05
-9.53064591158181e-05
-9.53863709582947e-05
-9.54477363848127e-05
-9.55020514084026e-05
-9.55534196691588e-05
-9.56272124312818e-05
-9.57313168328255e-05
-9.58667733357288e-05
-9.60852485150099e-05
-9.63576239882968e-05
-9.64541177381761e-05
-9.65457365964539e-05
-9.66583247645758e-05
-9.6795367426239e-05
-9.69585817074403e-05
-9.71510744420812e-05
-9.7376381745562e-05
-9.76418959908187e-05
-9.79556716629304e-05
-9.83241043286398e-05
-9.87605235422961e-05
-9.91994020296261e-05
-9.97277238639072e-05
-0.000100269484391902
-0.000100830693554599
-0.000101688761787955
-0.000102514721220359
-0.000103148340713233
-0.00010364120680606
-0.000104148086393252
-0.00010448044486111
-0.000104738515801728
-0.000104973674751818
-0.00010524298704695
-0.000105521612567827
-0.000105826606159098
-0.00010615010978654
-0.000106478088127915
-0.000106796644104179
-0.000107025021861773
-0.000107186955574434
-0.000107304214907344
-0.00010739184654085
-0.000107460407889448
-0.000107517196738627
-0.00010759260476334
-0.00010769245272968
-0.000107830790511798
-0.000108012201962993
-0.000108229054603726
-0.000108494205051102
-0.000109185530163813
-0.000110008011688478
-0.000110822569695301
-0.000111037858005147
-0.000111242305138148
-0.000111532164737582
-0.000111960354843177
-0.000112784720840864
-0.0001137062208727
-0.000114618807856459
-0.000115624461614061
-0.000116673021693714
-0.000118047071737237
-0.000119236916361842
-0.000120553042506799
-0.000121069839224219
-0.000121486460557207
-0.000121962541015819
-0.000122100522276014
-0.000122247976833023
-0.000122407742310315
-0.000122580371680669
-0.000122767087304965
-0.000122968252981082
-0.000123186051496305
-0.000123421472380869
-0.000123676742077805
-0.000123955542221665
-0.000124258644063957
-0.000124588012113236
-0.000124947400763631
-0.00012533794506453
-0.000125767750432715
