0
0.00120000005699694
0.00150000001303852
0.00194999994710088
0.00240000011399388
0.00285000004805624
0.00329999998211861
0.00374999991618097
0.00442499993368983
0.00467812502756715
0.00493125012144446
0.00518437521532178
0.00543749984353781
0.00569062493741512
0.00578554673120379
0.00592792965471745
0.00614150380715728
0.00646186526864767
0.00694240722805262
0.00766322016716003
0.00838403310626745
0.00856423657387495
0.0088345417752862
0.00893590599298477
0.00908795185387135
0.00931602157652378
0.00965812616050243
0.0100002307444811
0.0103423353284597
0.010470625013113
0.0105989137664437
0.010695131495595
0.0107913482934237
0.0108875650912523
0.0109597276896238
0.0110318902879953
0.0111040528863668
0.0111762154847383
0.0112483780831099
0.0113205406814814
0.0113927032798529
0.0114648668095469
0.0115731107071042
0.0117354765534401
0.0119790257886052
0.0122225750237703
0.0124661233276129
0.012709672562778
0.0129532217979431
0.0131967710331082
0.0135620944201946
0.0138360876590014
0.0141100799664855
0.0143840722739697
0.0146580655127764
0.0149320578202605
0.0152060510590672
0.015343046747148
0.0153601719066501
0.0153772961348295
0.015394420363009
0.0154008427634835
0.0154104754328728
0.0154249239712954
0.0154393725097179
0.0154538219794631
0.0154682705178857
0.0154827190563083
0.0154971685260534
0.015511617064476
0.0155260656028986
0.0155405141413212
0.0155549636110663
0.0155694121494889
0.0155697511509061
0.0155697530135512
0.0155697530135512
0.0155697539448738
0.0155697539448738
0.0155697539448738
0.0155697548761964
0.0155697548761964
0.015569755807519
0.015569755807519
0.015569755807519
0.0155697567388415
0.0155697567388415
0.0155697567388415
0.0155697576701641
0.0155697576701641
0.0155697586014867
0.0155697586014867
0.0155697595328093
0.0155697595328093
0.0155697595328093
0.0155697604641318
0.0155697613954544
0.0155697613954544
0.015569762326777
0.015569762326777
0.0155697632580996
0.0155697632580996
0.0155697632580996
0.0155697641894221
0.0155697641894221
0.0155697641894221
0.0155697651207447
0.0155697651207447
0.0155697660520673
0.0155697660520673
0.0155697660520673
0.0155697669833899
0.0155697669833899
0.0155697669833899
0.0155697669833899
0.0155697679147124
0.0155697679147124
0.015569768846035
0.015569768846035
0.015569768846035
0.0155697697773576
0.0155697697773576
0.0155697697773576
0.0155697707086802
0.0155697707086802
0.0155697716400027
0.0155697716400027
0.0155697716400027
0.0155697725713253
0.0155697725713253
0.0155697725713253
0.0155697725713253
0.0155697735026479
0.0155697735026479
0.0155697744339705
0.0155697744339705
0.0155697744339705
0.015569775365293
0.015569775365293
0.015569775365293
0.0155697762966156
0.0155697762966156
0.0155697762966156
0.0155697772279382
0.0155697772279382
0.0155697781592607
0.0155697781592607
0.0155697790905833
0.0155697790905833
0.0155697800219059
0.0155697800219059
0.0155697800219059
0.0155697809532285
0.0155697809532285
0.015569781884551
0.015569781884551
0.015569781884551
0.0155697828158736
0.0155697828158736
0.0155697828158736
0.0155697837471962
0.0155697837471962
0.0155697837471962
0.0155697846785188
0.0155697846785188
0.0155697846785188
0.0155697856098413
0.0155697856098413
0.0155697856098413
0.0155697865411639
0.0155697865411639
0.0155697874724865
0.0155697874724865
0.0155697874724865
0.0155697884038091
0.0155697884038091
0.0155697884038091
0.0155697893351316
0.0155697893351316
0.0155697902664542
0.0155697902664542
0.0155697911977768
0.0155697911977768
0.0155697911977768
0.0155697921290994
0.0155697921290994
0.0155697921290994
0.0155697921290994
0.0155697930604219
0.0155697939917445
0.0155697939917445
0.0155697949230671
0.0155697949230671
0.0155697958543897
0.0155697958543897
0.0155697958543897
0.0155697967857122
0.0155697977170348
0.0155697977170348
0.0155697977170348
0.0155697986483574
0.0155697986483574
0.0155697986483574
0.01556979957968
0.01556979957968
0.0155698005110025
0.0155698005110025
0.0155698014423251
0.0155698014423251
0.0155698014423251
0.0155698014423251
0.0155698023736477
0.0155698023736477
0.0155698033049703
0.0155698033049703
0.0155698033049703
0.0155698042362928
0.0155698042362928
0.0155698051676154
0.0155698051676154
0.015569806098938
0.015569806098938
0.015569806098938
0.0155698070302606
0.0155698070302606
0.0155698070302606
0.0155698070302606
0.0155698079615831
0.0155698079615831
0.0155698088929057
0.0155698088929057
0.0155698088929057
0.0155698098242283
0.0155698098242283
0.0155698107555509
0.0155698107555509
0.0155698107555509
0.0155698116868734
0.0155698116868734
0.015569812618196
0.015569812618196
0.015569812618196
0.015569812618196
0.0155698135495186
0.0155698135495186
0.0155698144808412
0.0155698144808412
0.0155698154121637
0.0155698154121637
0.0155698154121637
0.0155698154121637
0.0155698163434863
0.0155698163434863
0.0155698172748089
0.0155698172748089
0.0155698172748089
0.0155698182061315
0.0155698182061315
0.0155698182061315
0.015569819137454
0.015569819137454
0.0155698200687766
0.0155698200687766
0.0155698210000992
0.0155698210000992
0.0155698210000992
0.0155698219314218
0.0155698219314218
0.0155698219314218
0.0155698228627443
0.0155698228627443
0.0155698228627443
0.0155698228627443
0.0155698237940669
0.0155698237940669
0.0155698237940669
0.0155698247253895
0.0155698256567121
0.0155698256567121
0.0155698256567121
0.0155698265880346
0.0155698265880346
0.0155698265880346
0.0155698275193572
0.0155698275193572
0.0155698275193572
0.0155698284506798
0.0155698284506798
0.0155698284506798
0.0155698293820024
0.0155698293820024
0.0155698293820024
0.0155698303133249
0.0155698303133249
0.0155698312446475
0.0155698312446475
0.0155698312446475
0.0155698321759701
0.0155698321759701
0.0155698321759701
0.0155698331072927
0.0155698331072927
0.0155698331072927
0.0155698340386152
0.0155698340386152
0.0155698340386152
0.0155698349699378
0.0155698349699378
0.0155698349699378
0.0155698359012604
0.0155698359012604
0.015569836832583
0.015569836832583
0.015569836832583
0.0155698377639055
0.0155698377639055
0.0155698377639055
0.0155698386952281
0.0155698386952281
0.0155698396265507
0.0155698396265507
0.0155698405578732
0.0155698405578732
0.0155698405578732
0.0155698405578732
0.0155698414891958
0.0155698414891958
0.0155698414891958
0.0155698424205184
0.015569843351841
0.015569843351841
0.015569843351841
0.0155698442831635
0.0155698442831635
0.0155698442831635
0.0155698452144861
0.0155698452144861
0.0155698461458087
0.0155698461458087
0.0155698461458087
0.0155698470771313
0.0155698470771313
0.0155698470771313
0.0155698480084538
0.0155698480084538
0.0155698489397764
0.015569849871099
0.015569849871099
0.015569849871099
0.0155698508024216
0.0155698508024216
0.0155698508024216
0.0155698517337441
0.0155698517337441
0.0155698517337441
0.0155698526650667
0.0155698526650667
0.0155698535963893
0.0155698535963893
0.0155698535963893
0.0155698545277119
0.0155698545277119
0.0155698545277119
0.0155698554590344
0.0155698554590344
0.015569856390357
0.015569856390357
0.015569856390357
0.0155698573216796
0.0155698573216796
0.0155698582530022
0.0155698582530022
0.0155698582530022
0.0155698591843247
0.0155698591843247
0.0155698601156473
0.0155698601156473
0.0155698601156473
0.0155698610469699
0.0155698610469699
0.0155698619782925
0.0155698619782925
0.0155698619782925
0.015569862909615
0.015569862909615
0.0155698638409376
0.0155698638409376
0.0155698647722602
0.0155698647722602
0.0155698647722602
0.0155698657035828
0.0155698657035828
0.0155698657035828
0.0155698666349053
0.0155698666349053
0.0155698666349053
0.0155698675662279
0.0155698675662279
0.0155698675662279
0.0155698684975505
0.0155698684975505
0.0155698694288731
0.0155698694288731
0.0155698694288731
0.0155698703601956
0.0155698703601956
0.0155698703601956
0.0155698712915182
0.0155698712915182
0.0155698712915182
0.0155698722228408
0.0155698722228408
0.0155698731541634
0.0155698731541634
0.0155698731541634
0.0155698731541634
0.0155698740854859
0.0155698740854859
0.0155698740854859
0.0155698750168085
0.0155698750168085
0.0155698750168085
0.0155698759481311
0.0155698759481311
0.0155698759481311
0.0155698768794537
0.0155698768794537
0.0155698778107762
0.0155698778107762
0.0155698778107762
0.0155698787420988
0.0155698787420988
0.0155698787420988
0.0155698796734214
0.0155698796734214
0.0155698796734214
0.0155698796734214
0.015569880604744
0.015569880604744
0.015569880604744
0.0155698815360665
0.0155698815360665
0.0155698824673891
0.0155698824673891
0.0155698833987117
0.0155698833987117
0.0155698833987117
0.0155698843300343
0.0155698843300343
0.0155698843300343
0.0155698843300343
0.0155698852613568
0.0155698852613568
0.0155698861926794
0.0155698861926794
0.0155698861926794
0.015569887124002
0.015569887124002
0.0155698880553246
0.0155698880553246
0.0155698880553246
0.0155698889866471
0.0155698889866471
0.0155698889866471
0.0155698899179697
0.0155698899179697
0.0155698908492923
0.0155698908492923
0.0155698917806149
0.0155698917806149
0.0155698917806149
0.0155698927119374
0.0155698927119374
0.0155698927119374
0.01556989364326
0.01556989364326
0.01556989364326
0.01556989364326
0.0155698945745826
0.0155698945745826
0.0155698945745826
0.0155698955059052
0.0155698955059052
0.0155698964372277
0.0155698964372277
0.0155698973685503
0.0155698973685503
0.0155698973685503
0.0155698982998729
0.0155698982998729
0.0155698982998729
0.0155698982998729
0.0155698992311954
0.0155698992311954
0.015569900162518
0.015569900162518
0.015569900162518
0.0155699010938406
0.0155699010938406
0.0155699010938406
0.0155699010938406
