-0.000000
0.000000
0.000000
0.000000
0.238612
1.012889
1.623948
2.000354
2.228364
2.411067
2.592468
2.833961
3.123788
3.503094
3.979642
4.421393
4.984077
5.485826
5.908021
5.911816
5.839083
5.766250
5.645601
5.381395
5.045627
4.722605
4.414975
4.106646
3.773318
3.441726
3.113285
2.787035
2.458454
2.127878
1.799162
1.474893
1.154065
0.836748
0.520738
0.179183
0.000145
0.000144
0.000141
0.000139
0.000137
0.000135
0.000131
0.000128
0.000126
0.000123
0.000119
0.000112
0.000106
0.000102
0.000099
0.000095
0.000091
0.000087
0.000080
0.000073
0.000066
0.000058
0.000041
0.000020
-0.000000
-0.000000
-0.000003
-0.000008
-0.000017
-0.000026
-0.000026
