0.0
1.06496184803994e-18
2.22293374463334e-06
1.45164149216725e-05
2.02231640287209e-05
3.12049050990026e-05
5.25568393641151e-05
6.19095299043693e-05
7.68705795053393e-05
9.21268292586319e-05
9.58603704930283e-05
9.6781353931874e-05
9.76962546701543e-05
9.86043669399805e-05
9.99514886643738e-05
0.000101927740615793
0.000103825012047309
0.000105476632597856
0.000106874016637448
0.000108166750578675
0.000109950502519496
0.000112420828372706
0.000114976362965535
0.000117930409032851
0.000121368830150459
0.000125301085063256
0.00012971626711078
0.000137208378873765
0.000150281848618761
0.000173632346559316
0.000216014261241071
0.00029463303508237
0.000300143641652539
0.000305744324577972
0.000311433745082468
0.000320130668114871
0.000333529431372881
0.000347335357218981
0.000361527723725885
0.000366945518180728
0.000375164789147675
0.000383491016691551
0.000391919718822464
0.000392980320611969
0.000394042348489165
0.000395105773350224
0.000396170507883653
0.000397236493881792
0.00039830370224081
0.000399372045649216
0.000400441495003179
0.000401512021198869
0.000402583653340116
0.000404193269787356
0.000405805767513812
0.000407421262934804
0.000409039726946503
0.000411473010899499
0.000415135436924174
0.000420657044742256
0.000429001782322302
0.00044165481813252
0.00046091913827695
0.000480499817058444
0.000500374007970095
0.0005205218330957
0.00054092553909868
0.000561577966436744
0.000582483713515103
0.000603645166847855
0.000625056040007621
0.000646705564577132
0.000668593565933406
0.000690725573804229
0.000713093730155379
0.000747056154068559
0.000781486218329519
0.000790164922364056
0.000792338978499174
0.000793154700659215
0.0007939706556499
0.000794123683590442
0.000794276711530983
0.000794506282545626
0.000794735853560269
0.000794965424574912
0.000795195053797215
0.000795424683019519
0.000795654312241822
0.000795883999671787
0.000796113628894091
0.000796343316324055
0.000796572887338698
0.000796802458353341
0.000797031971160322
0.000797376153059304
0.000797720334958285
0.000798064516857266
0.000798408756963909
0.000798925175331533
0.000799700035713613
0.00080086273374036
0.000802607799414545
0.000805227493401617
0.000809161807410419
0.000813101942185313
0.000813841412309557
0.000814581057056785
0.000815320934634656
0.000816060928627849
0.000816801213659346
0.000817541673313826
0.000818282424006611
0.0008190234657377
0.000820135523099452
0.00082180486060679
0.000824311515316367
0.000828077434562147
0.000833744707051665
0.000842295994516462
0.000850901356898248
0.000859559921082109
0.000868277275003493
0.000872657459694892
0.000875951605848968
0.000878427235875279
0.00088090734789148
0.000883392058312893
0.000885881367139518
0.000888375216163695
0.000890873663593084
0.000893376593012363
0.000897139369044453
0.00090280215954408
0.00091133767273277
0.000924230669625103
0.000929092639125884
0.000936411786824465
0.000938246259465814
0.000939623103477061
0.000941000820603222
0.000942379294428974
0.000944448460359126
0.000946519081480801
0.000948591157793999
0.000950664980337024
0.000952741014771163
0.000954819319304079
0.00095794111257419
0.000962633464951068
0.000969693472143263
0.000980331446044147
0.000996396294794977
0.00102072802837938
0.00105773995164782
0.0010670890333131
0.00106884632259607
0.00107016507536173
0.00107049487996846
0.00107082480099052
0.00107090722303838
0.00107096915598959
0.00107101548928767
0.00107106193900108
0.00107110827229917
0.00107115472201258
0.00107120105531067
0.00107124750502408
0.00107129383832216
0.00107132864650339
0.00107136345468462
0.00107139826286584
0.00107145053334534
0.00107150268740952
0.00107155495788902
0.0010716071119532
0.00107168545946479
0.00107176369056106
0.00107184203807265
0.00107190082781017
0.00107195950113237
0.00107201829086989
0.00107207696419209
0.00107213575392962
0.00107222388032824
0.00107235612813383
0.00107245519757271
0.00107245519757271
0.00107245531398803
0.00107245531398803
0.00107245531398803
0.00107245543040335
0.00107245543040335
0.00107245554681867
0.00107245577964932
0.00107245577964932
0.00107245577964932
0.00107245577964932
0.00107245589606464
0.00107245589606464
0.00107245589606464
0.00107245601247996
0.00107245612889528
0.00107245636172593
0.00107245647814125
0.00107245659455657
0.00107245671097189
0.00107245682738721
0.00107245682738721
0.00107245706021786
0.00107245717663318
0.0010724572930485
0.0010724572930485
0.00107245740946382
0.00107245740946382
0.00107245752587914
0.00107245764229447
0.00107245764229447
0.00107245775870979
0.00107245775870979
0.00107245775870979
0.00107245775870979
0.00107245787512511
0.00107245787512511
0.00107245799154043
0.00107245810795575
0.00107245822437108
0.0010724583407864
0.00107245845720172
0.00107245869003236
0.00107245869003236
0.00107245880644768
0.00107245903927833
0.00107245903927833
0.00107245915569365
0.00107245927210897
0.00107245950493962
0.00107245950493962
0.00107245950493962
0.00107245962135494
0.00107245962135494
0.00107245962135494
0.00107245973777026
0.00107245985418558
0.0010724599706009
0.00107246008701622
0.00107246008701622
0.00107246020343155
0.00107246043626219
0.00107246055267751
0.00107246055267751
0.00107246055267751
0.00107246066909283
0.00107246078550816
0.00107246090192348
0.00107246113475412
0.00107246113475412
0.00107246125116944
0.00107246148400009
0.00107246148400009
0.00107246160041541
0.00107246171683073
0.00107246183324605
0.00107246194966137
0.0010724620660767
0.00107246218249202
0.00107246229890734
0.00107246241532266
0.00107246253173798
0.00107246264815331
0.00107246264815331
0.00107246288098395
0.00107246299739927
0.00107246299739927
0.00107246311381459
0.00107246311381459
0.00107246311381459
0.00107246311381459
0.00107246323022991
0.00107246334664524
0.00107246346306056
0.0010724636958912
0.0010724636958912
0.00107246381230652
0.00107246404513717
0.00107246416155249
0.00107246416155249
0.00107246439438313
0.00107246439438313
0.00107246451079845
0.00107246462721378
0.00107246486004442
0.00107246486004442
0.00107246497645974
0.00107246520929039
0.00107246520929039
0.00107246532570571
0.00107246544212103
0.00107246567495167
0.00107246602419764
0.00107246614061296
0.00107246625702828
0.0010724663734436
0.0010724663734436
0.00107246660627425
0.00107246660627425
0.00107246672268957
0.00107246683910489
0.00107246695552021
0.00107246730476618
0.0010724674211815
0.00107246753759682
0.00107246765401214
0.00107246765401214
0.00107246777042747
0.00107246800325811
0.00107246800325811
0.00107246800325811
0.00107246811967343
0.00107246811967343
0.00107246811967343
0.00107246823608875
0.00107246835250407
0.0010724684689194
0.00107246870175004
0.00107246870175004
0.00107246881816536
0.00107246905099601
0.00107246905099601
0.00107246916741133
0.00107246940024197
0.00107246940024197
0.00107246951665729
0.00107246963307261
0.00107246974948794
0.00107246986590326
0.00107246998231858
0.0010724700987339
0.00107247021514922
0.00107247033156455
0.00107247044797987
0.00107247068081051
0.00107247068081051
0.00107247079722583
0.00107247103005648
0.00107247103005648
0.0010724711464718
0.00107247126288712
0.00107247149571776
0.00107247184496373
0.00107247196137905
0.00107247219420969
0.00107247219420969
0.00107247231062502
0.00107247242704034
0.00107247242704034
0.00107247254345566
0.00107247254345566
0.00107247254345566
0.00107247254345566
0.00107247265987098
0.00107247265987098
0.0010724727762863
0.00107247300911695
0.00107247300911695
0.00107247312553227
0.00107247324194759
0.00107247347477823
0.00107247359119356
0.00107247370760888
0.0010724738240242
0.00107247394043952
0.00107247394043952
0.00107247417327017
0.00107247417327017
0.00107247428968549
0.00107247440610081
0.00107247463893145
0.00107247463893145
0.00107247463893145
0.00107247463893145
0.00107247463893145
0.00107247475534678
0.00107247475534678
0.0010724748717621
0.00107247498817742
0.00107247522100806
0.00107247522100806
0.00107247533742338
0.00107247557025403
0.00107247557025403
0.00107247568666935
0.00107247580308467
0.00107247603591532
0.00107247615233064
0.00107247626874596
0.0010724765015766
0.0010724765015766
0.00107247661799192
0.00107247673440725
0.00107247685082257
0.00107247696723789
0.00107247708365321
0.00107247720006853
0.00107247731648386
0.00107247743289918
0.0010724775493145
0.00107247778214514
0.00107247789856046
0.00107247801497579
0.00107247801497579
0.00107247813139111
0.00107247836422175
0.00107247848063707
0.0010724785970524
0.00107247871346772
0.00107247882988304
0.00107247894629836
0.00107247906271368
0.00107247906271368
0.00107247906271368
0.00107247906271368
0.001072479179129
0.001072479179129
0.001072479179129
0.00107247929554433
0.00107247941195965
0.00107247952837497
0.00107247964479029
0.00107247964479029
0.00107247976120561
0.00107247999403626
0.00107248011045158
0.0010724802268669
0.00107248034328222
0.00107248045969754
0.00107248057611287
0.00107248069252819
0.00107248092535883
0.00107248092535883
0.00107248104177415
0.0010724812746048
0.0010724812746048
0.00107248139102012
0.00107248162385076
0.00107248162385076
0.00107248174026608
0.00107248185668141
0.00107248197309673
0.00107248208951205
0.00107248220592737
0.00107248232234269
0.00107248243875802
0.00107248255517334
0.00107248267158866
0.0010724829044193
0.0010724829044193
0.00107248302083462
0.00107248302083462
0.00107248302083462
0.00107248313724995
0.00107248337008059
0.00107248348649591
0.00107248360291123
0.00107248371932656
0.0010724839521572
0.0010724839521572
0.00107248406857252
0.00107248418498784
0.00107248430140316
0.00107248441781849
0.00107248453423381
0.00107248476706445
0.00107248476706445
0.00107248476706445
0.00107248476706445
0.00107248476706445
0.00107248488347977
0.00107248488347977
0.0010724849998951
0.00107248511631042
0.00107248534914106
0.00107248546555638
0.0010724855819717
0.00107248569838703
0.00107248581480235
0.00107248593121767
0.00107248604763299
0.00107248604763299
0.00107248616404831
0.00107248628046364
0.00107248651329428
0.00107248651329428
0.0010724866297096
0.00107248686254025
0.00107248686254025
0.00107248697895557
0.00107248709537089
0.00107248732820153
0.00107248732820153
0.00107248744461685
