0.0
1.06070396910241e-09
1.06070396910241e-09
1.06070396910241e-09
1.06090103368928e-09
1.06090103368928e-09
1.06090103368928e-09
1.06090103368928e-09
1.06090103368928e-09
1.06090103368928e-09
1.06090103368928e-09
1.06090103368928e-09
1.06090103368928e-09
1.06090103368928e-09
1.06090103368928e-09
1.06090103368928e-09
1.06090103368928e-09
1.06090103368928e-09
1.06090103368928e-09
1.06090103368928e-09
1.06090103368928e-09
1.06090103368928e-09
1.06090103368928e-09
1.06090103368928e-09
1.06090103368928e-09
1.06090103368928e-09
1.06090103368928e-09
1.06090103368928e-09
1.06090103368928e-09
1.06090103368928e-09
1.06090103368928e-09
1.06090103368928e-09
1.06090103368928e-09
1.06090103368928e-09
1.06090103368928e-09
1.06090103368928e-09
1.06090103368928e-09
1.06090103368928e-09
1.06090103368928e-09
1.06090103368928e-09
1.06090103368928e-09
1.06090103368928e-09
1.06090103368928e-09
1.06090103368928e-09
1.06090103368928e-09
1.06090103368928e-09
1.06090103368928e-09
1.06090103368928e-09
1.06090103368928e-09
1.06090103368928e-09
1.06090103368928e-09
1.06090103368928e-09
1.06090103368928e-09
1.06090103368928e-09
1.06090103368928e-09
1.06090103368928e-09
1.06090103368928e-09
1.06090103368928e-09
1.06090103368928e-09
1.06090103368928e-09
1.06090103368928e-09
1.06090103368928e-09
1.06090103368928e-09
1.06090103368928e-09
1.06090103368928e-09
1.06090103368928e-09
1.06090103368928e-09
1.06090103368928e-09
1.06090103368928e-09
1.06090103368928e-09
1.06090103368928e-09
1.06090103368928e-09
1.06090103368928e-09
1.06090103368928e-09
1.06090103368928e-09
1.06090103368928e-09
1.06090103368928e-09
1.06090103368928e-09
1.06090103368928e-09
1.06090103368928e-09
1.06090103368928e-09
1.06090103368928e-09
1.06090103368928e-09
1.06090103368928e-09
1.06090103368928e-09
1.06090103368928e-09
1.06090103368928e-09
1.06090103368928e-09
1.06090103368928e-09
1.06090103368928e-09
1.06090103368928e-09
1.06090103368928e-09
1.06090103368928e-09
1.06090103368928e-09
