0
0.0135025111958385
0.0356211178004742
0.0501222461462021
0.0599852651357651
0.07416832447052
0.0934739634394646
0.110796831548214
0.129266783595085
0.145382732152939
0.161064356565475
0.164756864309311
0.161862254142761
0.157198891043663
0.154682859778404
0.145154491066933
0.132548183202744
0.120206490159035
0.110740892589092
0.0985583811998367
0.085967481136322
0.0738292410969734
0.0627439692616463
0.0499122329056263
0.0369006507098675
0.0230751894414425
0.00928094238042831
0.00570071954280138
0.00430924305692315
0.00203618849627674
0.000758298323489726
3.49526453646831e-06
4.81745416891499e-08
4.57485356264442e-08
4.47124222091588e-08
4.57213005233825e-08
3.87315850503001e-08
3.24217381830749e-08
3.10991765672952e-08
2.60602917023789e-08
2.59543355696223e-08
2.71292464049111e-08
2.97186062425681e-08
3.61668242021551e-08
4.39455902778718e-08
4.93981033855562e-08
4.85522804183347e-08
4.55233930551913e-08
3.97014261466211e-08
3.50041275964941e-08
2.45954367983359e-08
1.41830156508149e-08
5.83490589178837e-09
3.61067975518381e-09
7.105427357601e-14
1.98951966012828e-13
1.27897692436818e-13
4.80895323562436e-11
2.1458390619955e-11
-1.49498191603925e-11
-1.63424829224823e-11
8.23519030745956e-11
4.80255835100252e-10
1.9536372519724e-09
4.46752324023691e-09
1.16535687766373e-08
2.35649793012271e-08
2.19789626498823e-08
2.52340797146644e-08
2.54465746252208e-08
2.38553070630587e-08
9.46937461776542e-09
7.80030973146495e-09
2.08437711535225e-09
-2.8848887723143e-09
-1.50585464098185e-08
-1.50585464098185e-08
