0.0
0.0
0.0
0.0
0.0
3.08941920934558e-08
4.03928368086781e-07
1.12353245640406e-06
1.98668817574799e-06
4.39721452494268e-06
4.91716036776779e-06
6.15528506386909e-06
7.54945767766912e-06
9.2477748694364e-06
1.061837792804e-05
1.18179304990917e-05
1.29712761918199e-05
1.50635232785135e-05
2.05977266887203e-05
3.00154279102571e-05
4.02246441808529e-05
5.36224179086275e-05
8.4071718447376e-05
9.77092495304532e-05
0.000120590069855098
0.000161275878781453
0.000178696442162618
0.000205251708393916
0.000207784745725803
0.000211491555091925
0.000216375352465548
0.000219830297282897
0.000223251525312662
0.000228311255341396
0.000235935978707857
0.000247122108703479
0.000263867201283574
0.000270424032351002
0.000280068954452872
0.000296868296572939
0.000329837115714327
0.000391347479308024
0.000493339437525719
0.000529486685991287
0.000584368128329515
0.000668607244733721
0.000753396365325898
0.000839860527776182
0.000971762696281075
0.00113286240957677
0.00129520474001765
0.00147592124994844
0.00164309109095484
0.00168495194520801
0.00172675412613899
0.00174244795925915
0.00176593044307083
0.00177471037022769
0.00178789685014635
0.00178820721339434
0.00178820721339434
