0.0
9.49455269960708e-09
2.98773693430121e-06
5.20851381224929e-06
9.00996383279562e-06
1.49800298459013e-05
2.92851254926063e-05
5.62488494324498e-05
9.34208219405264e-05
0.000137875627842732
0.000205396529054269
0.00022496358724311
0.000245075993007049
0.000266329239821061
0.000267192168394104
0.000267598079517484
0.000267846946371719
0.000267933181021363
0.00026802349020727
0.000268134026555344
0.000268330099061131
0.000268542469711974
0.000268830772256479
0.000269822776317596
0.000270284945145249
0.000270427903160453
0.000270561169600114
0.000270716584054753
0.000270739546976984
0.000270755554083735
0.000270740711130202
0.000270708638709038
0.00027071381919086
0.000270718825049698
0.000270713528152555
0.000270698190433905
0.000270667136646807
0.000270618998911232
0.000270566844847053
0.000270541029749438
0.000270538876065984
0.000270526768872514
0.00027051180950366
0.000270491116680205
0.000270467775408179
0.000270436430582777
0.000270419317530468
0.000270390359219164
0.000270358839770779
0.000270323711447418
0.000270270829787478
0.000270212127361447
0.000270150398137048
0.000270084827207029
0.000270025484496728
0.000269962649326771
0.00026991221238859
0.000269884912995622
0.000269862939603627
0.000269827549345791
0.000269820273388177
0.000269814248895273
0.000269812298938632
0.000269811425823718
0.000269810960162431
0.000269810756435618
0.000269810698227957
0.000269810552708805
0.000269810523604974
0.000269809563178569
0.000269808049779385
0.000269807380391285
0.00026980708935298
0.000269806827418506
0.000269806507276371
0.000269805983407423
0.00026980516850017
0.000269803946139291
0.0002698038588278
0.000269803742412478
0.000269803625997156
0.000269803480478004
0.00026980324764736
0.000269802869297564
0.000269802316324785
0.000269801617832854
0.000269800832029432
0.00026980007532984
0.000269800308160484
0.000269799522357062
0.000269797048531473
0.000269801239483058
0.000269796059001237
0.000269800017122179
0.000269792275503278
0.000269798329100013
0.000269798620138317
0.000269807642325759
0.000269808195298538
0.000269817450316623
0.00026980962138623
0.000269811775069684
0.000269803946139291
0.000269813899649307
0.000269804935669526
0.000269808020675555
0.000269802752882242
0.000269797048531473
0.000269797805231065
0.00026980641996488
0.000269808777375147
0.000269810523604974
0.000269820651737973
0.000269813172053546
0.000269816169748083
0.000269807758741081
0.000269817654043436
0.000269808660959825
0.000269811047473922
0.00026980516850017
0.000269798532826826
0.000269797979854047
0.00026980644906871
0.000269807816948742
0.000269809213932604
0.000269809446763247
0.000269813870545477
0.000269820506218821
0.000269813928753138
0.000269816577201709
0.000269808311713859
0.000269817363005131
0.000269809068413451
0.000269810727331787
0.000269805837888271
0.000269798329100013
0.000269796524662524
0.000269806012511253
0.000269806565484032
0.000269807176664472
0.000269808777375147
0.000269808690063655
0.000269809766905382
0.000269810087047517
0.00026981855626218
0.000269821030087769
0.000269814627245069
0.000269817101070657
0.000269810465397313
0.000269817450316623
