0.0
9.60903978608485e-09
1.0189599208843e-07
1.99821116098065e-07
3.46781064308743e-07
7.00061889347126e-07
1.51580559304421e-06
3.06050674225844e-06
6.24914991931291e-06
1.40554384415736e-05
2.68087405856932e-05
3.14703429467045e-05
3.68218024959788e-05
5.10038880747743e-05
5.24398164998274e-05
5.454335041577e-05
5.81737003813032e-05
6.20407954556867e-05
6.59079814795405e-05
7.17192815500312e-05
8.03369548521005e-05
9.33282935875468e-05
0.000112728484964464
0.000140597883728333
0.000184414238901809
0.000251306686550379
0.000349022739101201
0.000458714028354734
0.000561882625333965
0.000669356319122016
0.000766773009672761
0.000858516898006201
0.000944397354032844
0.0010252787033096
0.00110132794361562
0.0011723970528692
0.00123955344315618
0.00130093796178699
0.00135715201031417
0.00140993529930711
0.00145673903170973
0.00149936450179666
0.00153910368680954
0.00157377251889557
0.00160444620996714
0.00163039530161768
0.00165433215443045
0.00167265709023923
0.00168731017038226
0.00170133588835597
0.00170910102315247
0.00171276438049972
0.00171328836586326
0.00171337195206434
0.00170800415799022
0.00170179852284491
0.00168943754397333
0.00167418515775353
0.00165859761182219
0.00163225072901696
0.00163304794114083
0.001620530965738
0.00161758728791028
0.0016167399007827
0.00161640625447035
0.00161626026965678
0.00161620578728616
0.00161612324882299
0.00161609193310142
0.00161550915800035
0.00161489192396402
0.00161462044343352
0.00161444093100727
0.00161424186080694
0.00161396176554263
0.00161352672148496
0.00161288992967457
0.00161188200581819
0.00161179865244776
0.00161169073544443
0.00161154672969133
0.00161133788060397
0.00161101936828345
0.00161050586029887
0.00160964205861092
0.00160790840163827
0.00160418590530753
0.00159688689745963
0.0015876010293141
0.00158107653260231
0.00155979441478848
0.00152639450971037
0.00149974029045552
0.00148660258855671
0.0014598531415686
0.00144348293542862
0.00141742220148444
0.00137013022322208
0.00133714219555259
0.00131953193340451
0.00130664382595569
0.00128356902860105
0.00126708787865937
0.00123455107677728
0.00121917529031634
0.00120575504843146
0.00117533002048731
0.0011329062981531
0.0011133385123685
0.00109774433076382
0.00105990562587976
0.00103599217254668
0.00101887923665345
0.00100545131135732
0.000983955687843263
0.000968408479820937
0.000936920172534883
0.000922346080187708
0.000910664966795594
0.000886746682226658
0.000857780571095645
0.00083977886242792
0.000820884015411139
0.000788805598858744
0.000766858283895999
0.000758938724175096
0.000741951633244753
0.000728058570530266
0.000696902861818671
0.000675128947477788
0.00066226557828486
0.000645970343612134
0.000632059469353408
0.000617481593508273
0.000589776376727968
0.000563231355044991
0.000545728602446616
0.000526115531101823
0.000493760511744767
0.000481123104691505
0.000470459635835141
0.000468826066935435
0.000466575438622385
0.000462783471448347
0.000452138163382187
0.000439465889940038
0.000424722005845979
0.000399104290409014
0.000370843161363155
0.000350792543031275
