0.0
0.00999999977648258
0.0199999995529652
0.0225000008940697
0.0262499991804361
0.0318749994039536
0.0403124988079071
0.0503125004470348
0.0603124983608723
0.0703125
0.0803124979138374
0.0828125029802322
0.0853125005960464
0.0890624970197678
0.0892968773841858
0.0895312502980232
0.0898828133940697
0.0902343764901161
0.0905859395861626
0.0911132842302322
0.0919042974710464
0.0930908173322678
0.0948706045746803
0.0975402817130089
0.101544797420502
0.107551574707031
0.116561740636826
0.126561731100082
0.1365617364645
0.146561741828918
0.156561732292175
0.166561737656593
0.176561743021011
0.186561733484268
0.196561738848686
0.206561744213104
0.216561734676361
0.226561740040779
0.236561730504036
0.246561735868454
0.256561726331711
0.26656174659729
0.276561737060547
0.286561727523804
0.296561747789383
0.30656173825264
0.316561728715897
0.326561748981476
0.336561739444733
0.34656172990799
0.356561750173569
0.366561740636826
0.376561731100082
0.386561751365662
0.396561741828918
0.406561732292175
0.416561722755432
0.426561743021011
0.436561733484268
0.446561723947525
0.449061751365662
0.452811747789383
0.454218000173569
0.454745322465897
0.454943090677261
0.455017238855362
0.45504504442215
0.455086767673492
0.455102413892746
0.455125868320465
0.455161064863205
0.455213874578476
0.45529305934906
0.455411851406097
0.455590009689331
0.455857276916504
0.456258177757263
0.456859558820724
0.45691591501236
0.457000494003296
0.457127332687378
0.457317620515823
0.457603007555008
0.45803114771843
0.458673298358917
0.459636569023132
0.461081445217133
0.463248759508133
0.466499745845795
0.471376240253448
0.478690952062607
0.488690972328186
0.498690962791443
0.5086909532547
0.518690943717957
0.528690934181213
0.538690984249115
0.548690974712372
0.558690965175629
0.568690955638885
0.578690946102142
0.588690936565399
0.598690986633301
0.608690977096558
0.618690967559814
0.628690958023071
0.638690948486328
0.648690938949585
0.658690989017487
0.668690979480743
0.678690969944
0.688690960407257
0.698690950870514
0.708690941333771
0.718690931797028
0.728690981864929
0.738690972328186
0.748690962791443
0.7586909532547
0.768690943717957
0.778690934181213
0.788690984249115
0.798690974712372
0.808690965175629
0.811190962791443
0.814940989017487
0.820565938949585
0.8290034532547
0.839003443717957
0.849003434181213
0.859003484249115
0.869003474712372
0.879003465175629
0.889003455638885
0.899003446102142
0.909003436565399
0.919003486633301
0.929003477096558
0.939003467559814
0.941503465175629
0.942440986633301
0.943847239017487
0.945956587791443
0.9491206407547
0.953866720199585
0.960985898971558
0.970985889434814
0.980985879898071
0.990985870361328
1.0
