0.0
1.60430540359689e-31
2.04195558239917e-08
1.56766191139468e-06
2.19045114135952e-06
2.64073469224968e-06
3.29983299707237e-06
4.23956043960061e-06
4.93907600684906e-06
5.62918194191298e-06
6.52394601274864e-06
8.02093290985795e-06
9.80613640422234e-06
1.30656953842845e-05
1.81793548108544e-05
2.51590263360413e-05
2.73806454060832e-05
3.02309163089376e-05
3.69076842616778e-05
4.5011991460342e-05
5.60211447009351e-05
6.39732897980139e-05
7.07380604580976e-05
7.77715977164917e-05
8.63254463183694e-05
0.000102830199466553
0.000120054719445761
0.000135301044792868
0.000147858343552798
0.000164034921908751
0.000169814156834036
0.000171915075043216
0.00017269687668886
0.000172986765392125
0.000173421300132759
0.000173583219293505
0.000173598600667901
0.000173604290466756
0.000173606429598294
0.000173609631019644
0.000173610838828608
0.000173610940692015
0.000173611115314998
0.000173611144418828
0.000173611144418828
0.000173611129866913
0.000173611129866913
0.000173611144418828
0.000173611144418828
0.000173611144418828
0.000173611144418828
0.000173611144418828
0.000173611144418828
0.000173611144418828
0.000173611144418828
0.000173611144418828
0.000173611144418828
