-0.000000
0.000000
0.000000
0.442051
0.917761
1.186176
1.362698
1.949022
2.689224
3.512320
4.099140
4.479366
4.696641
4.842131
5.000234
5.254312
5.724949
6.049184
6.269923
6.316328
6.365861
6.394745
6.407254
6.426122
6.453821
6.494818
6.554424
6.639884
6.750676
6.846121
6.934979
6.955528
6.976656
7.006754
7.035450
7.066597
7.103333
7.157054
7.233432
7.335403
7.423332
7.490828
7.552547
7.623623
7.729193
7.888372
8.031064
8.026244
8.002321
7.913935
7.654720
7.259579
6.792749
6.204678
5.482937
4.708518
3.882589
2.992512
1.967154
0.764814
0.078124
0.043821
0.023249
0.009291
0.000982
0.000760
0.000764
0.000768
0.000770
0.000777
0.000779
0.000781
0.000788
0.000794
0.000798
0.000804
0.000814
0.000827
0.000834
0.000841
0.000843
0.000839
0.000831
0.000817
0.000795
0.000775
0.000757
0.000738
0.000724
0.000708
0.000699
0.000697
0.000698
0.000699
0.000697
0.000684
0.000655
0.000617
0.000568
0.000523
0.000479
0.000419
0.000366
0.000309
0.000243
0.000177
0.000107
0.000045
0.000013
0.000002
-0.000004
-0.000014
-0.000014
