0.0
-7.4589183770128e-32
1.05651523085726e-07
1.80382085090969e-06
3.43398937729944e-06
8.19271735963412e-06
1.43782890518196e-05
1.89557631529169e-05
1.74007891473593e-05
1.63214117492316e-05
1.38567320391303e-05
1.32069890241837e-05
1.25846891023684e-05
1.11992812890094e-05
8.86780708242441e-06
8.5709889390273e-06
8.51456843520282e-06
8.30856333777774e-06
8.84106793819228e-06
9.17448232939932e-06
1.28411329569644e-05
1.63904969667783e-05
2.31613357755123e-05
3.28109090332873e-05
4.43621320300736e-05
5.32822050445247e-05
5.44249160157051e-05
5.56518316443544e-05
5.66101662116125e-05
5.66699127375614e-05
5.67538154427893e-05
5.68325958738569e-05
5.69022558920551e-05
5.69582989555784e-05
5.69950097997207e-05
5.70295924262609e-05
5.70821466681082e-05
5.71363925701007e-05
5.7192679378204e-05
5.72813623875845e-05
5.73146462556906e-05
5.73668985452969e-05
5.74477198824752e-05
5.74777950532734e-05
5.75245103391353e-05
5.75961566937622e-05
5.77065547986422e-05
5.78769322601147e-05
5.8140758483205e-05
5.82072607357986e-05
5.82749307795893e-05
5.83259970881045e-05
5.83774053666275e-05
5.84551889915019e-05
5.85732668696437e-05
5.87526046729181e-05
5.8818612160394e-05
5.8883240853902e-05
5.89456140005495e-05
5.90350864513312e-05
5.90674280829262e-05
5.9113597671967e-05
5.91771713516209e-05
5.91995194554329e-05
5.92308242630679e-05
5.925978985033e-05
5.92873766436242e-05
5.93140612181742e-05
5.93528020544909e-05
5.93671211390756e-05
5.93878430663608e-05
5.94183948123828e-05
5.94478769926354e-05
5.94764678680804e-05
5.95179699303117e-05
5.95753153902479e-05
5.96526406297926e-05
5.96770405536518e-05
5.96996869717259e-05
5.97211146668997e-05
5.97512880631257e-05
5.97908510826528e-05
5.98365913901944e-05
5.98699516558554e-05
5.98638071096502e-05
5.98395163251553e-05
5.97855359956156e-05
5.96727441006806e-05
6.00154453422874e-05
6.11626237514429e-05
6.07968140684534e-05
6.02190521021839e-05
5.96551362832543e-05
5.92036158195697e-05
5.92239048273768e-05
5.91756252106279e-05
5.88555267313495e-05
5.83688633923884e-05
5.82255415793043e-05
5.8013840316562e-05
5.7699053286342e-05
5.75828053115401e-05
5.75716912862845e-05
5.75551530346274e-05
5.75489793845918e-05
5.75466656300705e-05
5.75431877223309e-05
5.75418816879392e-05
5.75413905608002e-05
5.754065932706e-05
5.75405902054626e-05
5.75405392737594e-05
5.75405356357805e-05
5.75405356357805e-05
