0.0
5.86987181083742e-10
1.59395796117678e-07
2.8802881502088e-07
1.02486058040085e-06
8.89280670435255e-07
1.02670333035348e-06
1.44603268381616e-06
2.1118146378285e-06
3.62922673957655e-06
4.54753717349377e-06
4.22615312345442e-06
4.36275286119781e-06
4.40154326497577e-06
5.22076788911363e-06
6.00672046857653e-06
6.30320982963894e-06
6.59865645502578e-06
7.05984894011635e-06
7.54346365283709e-06
7.87981934990967e-06
8.20194782136241e-06
8.62742308527231e-06
9.05624165170593e-06
9.4284487204277e-06
9.7076217571157e-06
9.9456456155167e-06
9.98374343907926e-06
1.00185106930439e-05
1.00517627288355e-05
1.0058641237265e-05
1.00684537756024e-05
1.0069315067085e-05
1.00705819932045e-05
1.00717825262109e-05
1.0073047633341e-05
1.0074401870952e-05
1.00748229669989e-05
1.00755132734776e-05
1.00764127637376e-05
1.00775632745354e-05
1.00784063761239e-05
1.00790794022032e-05
1.00796742117382e-05
1.00801398730255e-05
1.00804008980049e-05
1.00806400951114e-05
1.00806828413624e-05
1.0080516403832e-05
1.00802890301566e-05
1.00797769846395e-05
1.00791694421787e-05
1.00784136520815e-05
1.00775168903056e-05
1.00763945738436e-05
1.00750385172432e-05
1.00734814623138e-05
1.00716633824049e-05
1.00695078799617e-05
1.0066622053273e-05
1.00631750683533e-05
1.0058744919661e-05
1.00499755717465e-05
1.0040687811852e-05
1.00308125183801e-05
1.00159568319214e-05
1.00008037406951e-05
9.98568339127814e-06
9.97424376691924e-06
9.95738082565367e-06
9.93287994788261e-06
9.92357763607288e-06
9.90986336546484e-06
9.88952069747029e-06
9.85913902695756e-06
9.80962522589834e-06
9.7386036941316e-06
9.72833822743269e-06
9.72038287727628e-06
9.71303234109655e-06
9.70595556282206e-06
9.69564644037746e-06
9.68088079389418e-06
9.66662537393859e-06
9.6525764092803e-06
9.6390858743689e-06
9.62612557486864e-06
9.61355544859543e-06
9.60081979428651e-06
9.58889631874627e-06
9.57700922299409e-06
9.56523854256375e-06
9.55358063947642e-06
9.53607286646729e-06
9.51116726355394e-06
9.47613989410456e-06
9.4747720140731e-06
9.47211628954392e-06
9.46943418966839e-06
9.4665683718631e-06
9.46226919040782e-06
9.45585361478152e-06
9.44638668443076e-06
9.43223585636588e-06
9.41202961257659e-06
9.38332777877804e-06
9.3416010713554e-06
9.26961547520477e-06
9.11278311832575e-06
8.91776198841399e-06
8.89607235876611e-06
8.88306021806784e-06
8.87344413058599e-06
8.85772442416055e-06
8.82527456269599e-06
8.77470483828802e-06
8.7221669673454e-06
8.67846665641991e-06
8.58713883644668e-06
8.42262488731649e-06
8.22693255031481e-06
8.01874284661608e-06
7.72526527725859e-06
7.42617612559116e-06
7.14255156708532e-06
6.89928447172861e-06
6.64516119286418e-06
6.368539743562e-06
6.07399715590873e-06
5.73022134631174e-06
5.32864169144887e-06
4.94399046147009e-06
4.58815520687494e-06
4.28165276389336e-06
4.01381294068415e-06
3.72770477952145e-06
3.43378360412316e-06
3.11519147544459e-06
2.6814357170224e-06
2.26168549488648e-06
1.88372746379173e-06
1.55523821376846e-06
1.27186831377912e-06
1.02491719644604e-06
8.12187693099986e-07
6.00556347762904e-07
4.20458292182957e-07
2.82312328181433e-07
1.82579441343478e-07
8.83255637518232e-08
1.87909883209159e-08
1.78622290292196e-08
1.66819145164254e-08
1.24076047214317e-08
1.08955644506636e-08
1.07980193675417e-08
1.07969402307617e-08
1.08023741063334e-08
1.08117532704455e-08
1.08270645782227e-08
1.08398481302174e-08
1.0855365495388e-08
1.08723430258806e-08
1.08887547867198e-08
1.09449702634379e-08
1.09801572278911e-08
1.0715159426411e-08
1.0695836216712e-08
1.13003908452924e-08
1.16179901255009e-08
1.14412044283085e-08
1.13576401616911e-08
1.12864748658126e-08
1.14497193948182e-08
1.13902292042667e-08
1.1685586720489e-08
1.17334151283899e-08
1.17311085290339e-08
1.15158966806916e-08
1.18247180935782e-08
1.22024363946593e-08
1.24073453733331e-08
1.21854792922704e-08
1.18151071148986e-08
1.142089178785e-08
1.11557438842169e-08
1.11319291562495e-08
1.13249694067008e-08
1.11815268155624e-08
1.07950732797235e-08
1.11435527472281e-08
1.18422534001184e-08
1.24234063036965e-08
1.29019994687951e-08
1.30621833349664e-08
1.29326567233079e-08
1.27689601114866e-08
1.24452776972817e-08
1.22766117272022e-08
1.22138033020747e-08
1.21318652901437e-08
1.19320162639269e-08
1.18266259008237e-08
1.20181082863269e-08
1.21491128268758e-08
1.16248033421584e-08
1.12338458535532e-08
1.17123226672788e-08
1.19307967949567e-08
1.20140519754841e-08
1.22816583569829e-08
1.2491795153835e-08
1.25939605410963e-08
