0.0
-4.84459263750936e-19
3.98586678329593e-07
4.9261907406617e-06
7.21967626304831e-06
9.87253406492528e-06
1.45884587254841e-05
2.36707710428163e-05
2.78272109426325e-05
3.53434952558018e-05
4.9844675231725e-05
7.79476322350092e-05
8.59757346916012e-05
9.42951301112771e-05
0.000102859397884458
0.000111623725388199
0.000120742603030521
0.000130454776808619
0.000140700838528574
0.000151537242345512
0.000169446168001741
0.000199283880647272
0.000231365163926966
0.000265171227511019
0.000301001418847591
0.000340306753059849
0.000407161569455639
0.000434341171057895
0.000476520624943078
0.00049272330943495
0.000517747132107615
0.000557154242414981
0.00057243334595114
0.000595763674937189
0.000631556904409081
0.000645205727778375
0.000665890285745263
0.000697368639521301
0.000709307729266584
0.000727346690837294
0.00075469067087397
0.00076503527816385
0.000780653790570796
0.000804306589998305
0.000840275431983173
0.000876810110639781
0.000914150674361736
0.000972223933786154
0.000994609203189611
0.00102867791429162
0.0010807141661644
0.00115995260421187
0.00117988151032478
0.00119982426986098
0.00122974719852209
0.00127460737712681
0.00134205364156514
0.00144354766234756
0.00148155179340392
0.00153829925693572
0.00155949685722589
0.00159119837917387
0.0016030560946092
0.00160749827045947
0.00161415687762201
0.00162413343787193
0.00163907231763005
0.00164466630667448
0.00165304902475327
0.00166560465004295
0.00168439582921565
0.00171248661354184
0.0017151142237708
0.00171609921380877
0.00171757652424276
0.0017197917914018
0.00172311346977949
0.00172809266950935
0.00173555430956185
0.00173835025634617
0.00173939834348857
0.0017409702995792
0.00174332724418491
0.00174686114769429
0.00175215792842209
0.00176009384449571
0.00177197635639459
0.00178975064773113
0.0018162993947044
0.00182621995918453
0.00184106477536261
0.0018466206965968
0.00185494346078485
0.00186740187928081
0.00188603112474084
0.0019138379720971
0.0019242218695581
0.00192810944281518
0.00192956638056785
0.00193175091408193
0.00193256977945566
0.00193379784468561
0.00193563918583095
0.00193839985877275
0.00194253737572581
0.00194873614236712
0.00195801770314574
0.00197190418839455
0.00199265568517148
0.00202364684082568
0.00207002880051732
0.00208741566166282
0.00209393375553191
0.00210370682179928
0.00211834022775292
0.0021402039565146
0.00214837538078427
0.00216060527600348
0.002165183192119
0.00217204284854233
0.00217461329884827
0.00217846664600074
0.00218424224294722
0.00219289655797184
0.00220585567876697
0.00222524465061724
0.00223249942064285
0.00223317928612232
0.00223419861868024
0.00223429407924414
0.00223443750292063
0.00223445100709796
0.00223447103053331
0.00223447871394455
0.00223448150791228
0.00223448243923485
0.0022344826720655
0.0022344826720655
0.0022344826720655
0.0022344826720655
