0.0
3.00756880733388e-07
1.94962626665074e-06
3.04616082758002e-06
2.98503232443181e-06
2.93131256512424e-06
3.06073707179166e-06
4.59211742054322e-06
5.07651793668629e-06
5.53127938474063e-06
5.98705400989274e-06
6.67635367790353e-06
7.11591655999655e-06
6.42720578980516e-06
6.12763506069314e-06
5.85694760957267e-06
5.61472552362829e-06
5.39997154191951e-06
5.3008056966064e-06
5.20863159181317e-06
5.12392853124766e-06
5.04887839269941e-06
4.99974612466758e-06
4.95867834615638e-06
4.9259119805356e-06
4.90182583234855e-06
4.88610885440721e-06
4.88544310428551e-06
4.88496016259887e-06
4.88450177726918e-06
4.88408250021166e-06
4.88365731143858e-06
4.88327077619033e-06
4.88290743305697e-06
4.88257956021698e-06
4.88225032313494e-06
4.88195519210421e-06
4.88169189338805e-06
4.88142995891394e-06
4.88119985675439e-06
4.88100022266735e-06
4.88080286231707e-06
4.88065006720717e-06
4.88063642478664e-06
4.88063506054459e-06
4.88063597003929e-06
4.88063733428135e-06
4.88063597003929e-06
4.88063642478664e-06
4.88063642478664e-06
4.88063642478664e-06
4.88063642478664e-06
4.88063642478664e-06
4.88063597003929e-06
4.88063687953399e-06
4.88063506054459e-06
4.88063642478664e-06
4.88063551529194e-06
4.88063687953399e-06
4.88063460579724e-06
4.88063597003929e-06
4.88063506054459e-06
4.88063687953399e-06
4.88063506054459e-06
4.88063687953399e-06
4.88063506054459e-06
4.88063551529194e-06
4.88063551529194e-06
4.88063597003929e-06
4.88063687953399e-06
4.88063415104989e-06
4.8806377890287e-06
4.88063369630254e-06
4.88063597003929e-06
4.88063460579724e-06
4.88063597003929e-06
4.88063369630254e-06
4.88063597003929e-06
4.88063415104989e-06
4.88063415104989e-06
4.88063551529194e-06
4.88063506054459e-06
4.88063551529194e-06
4.88063460579724e-06
4.88063460579724e-06
4.88063506054459e-06
4.88063415104989e-06
4.88063506054459e-06
4.88063506054459e-06
4.88063506054459e-06
4.88063506054459e-06
4.88063369630254e-06
4.88063551529194e-06
4.88063460579724e-06
4.88063415104989e-06
4.88063460579724e-06
4.88063369630254e-06
4.88063369630254e-06
4.88063551529194e-06
4.88063460579724e-06
4.88063369630254e-06
4.88063597003929e-06
4.88063415104989e-06
4.88063369630254e-06
4.88063415104989e-06
4.88063278680784e-06
4.88063460579724e-06
4.88063278680784e-06
4.88063324155519e-06
4.88063233206049e-06
4.88063324155519e-06
4.88063369630254e-06
4.88063187731314e-06
4.88063278680784e-06
4.88063278680784e-06
4.88063324155519e-06
4.88063278680784e-06
4.88063278680784e-06
4.88063369630254e-06
4.88063142256578e-06
4.88063324155519e-06
4.88063233206049e-06
4.88063369630254e-06
4.88063187731314e-06
4.88063233206049e-06
4.88063324155519e-06
4.88063142256578e-06
4.88063278680784e-06
4.88063278680784e-06
4.88063142256578e-06
4.88063415104989e-06
4.88063096781843e-06
4.88063233206049e-06
4.88063096781843e-06
4.88063278680784e-06
4.88063278680784e-06
4.88063233206049e-06
4.88063369630254e-06
4.88063096781843e-06
4.88063142256578e-06
4.88063369630254e-06
4.88063005832373e-06
4.88063142256578e-06
4.88063142256578e-06
4.88063278680784e-06
4.88063233206049e-06
4.88063187731314e-06
4.88063187731314e-06
4.88063005832373e-06
4.88063051307108e-06
4.88063142256578e-06
4.88063051307108e-06
4.88063142256578e-06
4.88063051307108e-06
4.88063142256578e-06
4.88062960357638e-06
4.88063142256578e-06
4.88063005832373e-06
4.88063187731314e-06
4.88063096781843e-06
4.88063142256578e-06
4.88063096781843e-06
4.88063142256578e-06
4.88062960357638e-06
4.88063096781843e-06
4.88062914882903e-06
4.88063051307108e-06
4.88063005832373e-06
4.88063096781843e-06
4.88063005832373e-06
4.88063005832373e-06
4.88063005832373e-06
4.88063005832373e-06
4.88062960357638e-06
4.88063096781843e-06
4.88062914882903e-06
4.88063096781843e-06
4.88063051307108e-06
4.88062960357638e-06
4.88063051307108e-06
4.88062914882903e-06
4.88063142256578e-06
4.88062869408168e-06
4.88063005832373e-06
4.88062914882903e-06
4.88063051307108e-06
4.88063051307108e-06
4.88062869408168e-06
4.88063233206049e-06
4.88063005832373e-06
4.88062960357638e-06
4.88062869408168e-06
4.88063005832373e-06
4.88062869408168e-06
4.88062960357638e-06
4.88062869408168e-06
4.88062914882903e-06
4.88062869408168e-06
4.88062960357638e-06
4.88062778458698e-06
4.88062869408168e-06
4.88062869408168e-06
4.88062869408168e-06
4.88062914882903e-06
4.88062778458698e-06
4.88063005832373e-06
4.88062778458698e-06
4.88062914882903e-06
4.88062778458698e-06
4.88062869408168e-06
4.88062778458698e-06
4.88062914882903e-06
4.88062778458698e-06
4.88062823933433e-06
4.88062914882903e-06
4.88062687509228e-06
4.88062869408168e-06
4.88062732983963e-06
4.88062914882903e-06
4.88062687509228e-06
4.88062823933433e-06
4.88062687509228e-06
4.88062823933433e-06
4.88062642034492e-06
4.88062732983963e-06
4.88062687509228e-06
4.88062732983963e-06
4.88062732983963e-06
4.88062778458698e-06
4.88062642034492e-06
4.88062778458698e-06
4.88062687509228e-06
4.88062778458698e-06
4.88062687509228e-06
4.88062869408168e-06
4.88062642034492e-06
4.88062778458698e-06
4.88062732983963e-06
4.88062732983963e-06
4.88062687509228e-06
4.88062687509228e-06
4.88062687509228e-06
4.88062687509228e-06
4.88062687509228e-06
4.88062732983963e-06
4.88062687509228e-06
4.88062596559757e-06
4.88062732983963e-06
4.88062460135552e-06
4.88062732983963e-06
4.88062551085022e-06
4.88062551085022e-06
4.88062642034492e-06
4.88062596559757e-06
4.88062642034492e-06
4.88062505610287e-06
4.88062642034492e-06
4.88062642034492e-06
4.88062460135552e-06
4.88062687509228e-06
4.88062505610287e-06
4.88062642034492e-06
4.88062596559757e-06
4.88062551085022e-06
4.88062642034492e-06
4.88062414660817e-06
4.88062551085022e-06
4.88062460135552e-06
4.88062596559757e-06
4.88062505610287e-06
4.88062551085022e-06
4.88062551085022e-06
4.88062505610287e-06
4.88062505610287e-06
4.88062551085022e-06
4.88062687509228e-06
4.88062369186082e-06
4.88062823933433e-06
4.88062414660817e-06
4.88062596559757e-06
4.88062505610287e-06
4.88062505610287e-06
4.88062460135552e-06
4.88062460135552e-06
4.88062596559757e-06
4.88062232761877e-06
4.88062460135552e-06
4.88062460135552e-06
4.88062505610287e-06
4.88062323711347e-06
4.88062414660817e-06
4.88062369186082e-06
4.88062460135552e-06
4.88062414660817e-06
4.88062414660817e-06
4.88062460135552e-06
4.88062414660817e-06
4.88062460135552e-06
4.88062460135552e-06
4.88062232761877e-06
4.88062414660817e-06
4.88062278236612e-06
4.88062460135552e-06
4.88062369186082e-06
4.88062414660817e-06
4.88062323711347e-06
4.88062414660817e-06
4.88062323711347e-06
4.88062460135552e-06
4.88062369186082e-06
4.88062414660817e-06
4.88062414660817e-06
4.88062369186082e-06
4.88062323711347e-06
4.88062323711347e-06
4.88062369186082e-06
4.88062278236612e-06
4.88062278236612e-06
4.88062369186082e-06
4.88062232761877e-06
4.88062278236612e-06
4.88062278236612e-06
4.88062369186082e-06
4.88062232761877e-06
4.88062278236612e-06
4.88062414660817e-06
4.88062278236612e-06
4.88062369186082e-06
4.88062232761877e-06
4.88062323711347e-06
4.88062323711347e-06
4.88062323711347e-06
4.88062232761877e-06
4.88062323711347e-06
4.88062278236612e-06
4.88062141812406e-06
4.88062278236612e-06
4.88062232761877e-06
4.88062187287142e-06
4.88062187287142e-06
4.88062141812406e-06
4.88062187287142e-06
4.88062187287142e-06
4.88062187287142e-06
4.88062141812406e-06
4.88062141812406e-06
4.88062232761877e-06
4.88062232761877e-06
4.88062278236612e-06
4.88062187287142e-06
4.88062187287142e-06
4.88062096337671e-06
4.88062232761877e-06
4.88062187287142e-06
4.88062141812406e-06
4.88062141812406e-06
4.88062232761877e-06
4.88062187287142e-06
4.88062141812406e-06
4.88062050862936e-06
4.88062232761877e-06
4.88062050862936e-06
4.88062141812406e-06
4.88062005388201e-06
4.88062096337671e-06
4.88062005388201e-06
4.88062187287142e-06
4.88061959913466e-06
4.88062096337671e-06
4.88062141812406e-06
4.88062005388201e-06
4.88062096337671e-06
4.88061868963996e-06
4.88061959913466e-06
4.88062050862936e-06
4.88061959913466e-06
4.88062005388201e-06
4.88062005388201e-06
4.88062050862936e-06
4.88061959913466e-06
4.88062005388201e-06
4.88062050862936e-06
4.88062005388201e-06
4.88061914438731e-06
4.88062050862936e-06
4.88061778014526e-06
4.88062050862936e-06
4.88061868963996e-06
4.88061868963996e-06
4.88061959913466e-06
4.88061868963996e-06
4.88061959913466e-06
4.88061823489261e-06
4.88061959913466e-06
4.88061914438731e-06
4.88061868963996e-06
4.88061959913466e-06
4.88061914438731e-06
4.88061778014526e-06
4.88061868963996e-06
4.88061868963996e-06
4.88061868963996e-06
4.88061823489261e-06
4.88061868963996e-06
4.88061868963996e-06
4.88062005388201e-06
4.88061687065056e-06
4.88062232761877e-06
4.88061596115585e-06
4.88061778014526e-06
4.88061823489261e-06
4.88061823489261e-06
4.88061868963996e-06
4.88061778014526e-06
4.88061914438731e-06
4.88061778014526e-06
4.88061868963996e-06
4.88061868963996e-06
4.88061778014526e-06
4.88061914438731e-06
4.88061778014526e-06
4.88061868963996e-06
4.88061823489261e-06
4.88061778014526e-06
4.88061732539791e-06
4.88061778014526e-06
4.88061687065056e-06
4.88061778014526e-06
4.88061823489261e-06
4.8806155064085e-06
4.88061868963996e-06
4.88061596115585e-06
4.88061914438731e-06
4.88061596115585e-06
4.88061687065056e-06
4.88061732539791e-06
4.88061687065056e-06
4.88061732539791e-06
4.88061687065056e-06
4.88061641590321e-06
4.88061914438731e-06
4.8806155064085e-06
4.88062005388201e-06
4.8806155064085e-06
4.8806155064085e-06
4.88061641590321e-06
4.8806155064085e-06
4.88061641590321e-06
4.88061641590321e-06
4.88061732539791e-06
4.88061505166115e-06
4.88061687065056e-06
4.8806155064085e-06
4.88061596115585e-06
4.8806155064085e-06
4.88061687065056e-06
4.8806155064085e-06
4.88061641590321e-06
4.88061687065056e-06
4.8806155064085e-06
4.88061687065056e-06
4.8806155064085e-06
4.88061641590321e-06
4.88061596115585e-06
4.8806155064085e-06
4.88061641590321e-06
4.88061687065056e-06
4.8806127779244e-06
4.8806155064085e-06
4.88061505166115e-06
4.8806155064085e-06
4.8806155064085e-06
4.8806145969138e-06
4.88061596115585e-06
4.8806145969138e-06
4.88061596115585e-06
4.8806145969138e-06
4.8806145969138e-06
4.8806155064085e-06
4.88061414216645e-06
4.88061596115585e-06
4.88061414216645e-06
4.8806155064085e-06
4.88061505166115e-06
4.88061505166115e-06
4.88061505166115e-06
4.88061505166115e-06
4.8806136874191e-06
4.88061505166115e-06
4.8806145969138e-06
4.88061505166115e-06
4.88061414216645e-06
4.88061505166115e-06
4.88061414216645e-06
4.88061414216645e-06
4.88061505166115e-06
4.88061323267175e-06
4.88061414216645e-06
4.88061323267175e-06
4.88061414216645e-06
4.88061323267175e-06
