0.0
0.00120000005699694
0.00240000011399388
0.00359999993816018
0.00480000022798777
0.00600000005215406
0.00719999987632036
0.00839999970048666
0.00960000045597553
0.0108000002801418
0.0120000001043081
0.0131999999284744
0.0143999997526407
0.015599999576807
0.0167999994009733
0.0168093740940094
0.0168164055794477
0.0168234370648861
0.0168339852243662
0.0168498046696186
0.0168616697192192
0.0168705694377422
0.0168794672936201
0.0168883670121431
0.016897264868021
0.016906164586544
0.0169150643050671
0.0169284120202065
0.0169484335929155
0.0169784687459469
0.0169897302985191
0.0169939547777176
0.0170002896338701
0.0170066244900227
0.0170113760977983
0.0170149393379688
0.0170185044407845
0.0170220676809549
0.0170229580253363
0.0170238483697176
0.0170251857489347
0.0170271899551153
0.0170291941612959
0.0170311983674765
0.0170332044363022
0.017036210745573
0.0170407202094793
0.0170474853366613
0.0170542504638433
0.0170610155910254
0.0170677807182074
0.0170745458453894
0.0170813128352165
0.0170880779623985
0.0170948430895805
0.0171049907803535
0.0171202123165131
0.0171430446207523
0.0171772930771112
0.0172286685556173
0.0173057280480862
0.017421318218112
0.0175947044044733
0.0177680905908346
0.0178114380687475
0.0178547836840153
0.0178981311619282
0.0179143846035004
0.0179387684911489
0.0179753415286541
0.0180302020162344
0.0180353447794914
0.0180430598556995
0.0180546324700117
0.0180662032216787
0.0180777758359909
0.0180893484503031
0.0181067064404488
0.0181327443569899
0.0181718003004789
0.0182303823530674
0.0183182582259178
0.0184500720351934
0.0186477936804295
0.0189443733543158
0.0193892456591129
0.020056551322341
0.0210575126111507
0.022257512435317
0.0234575122594833
0.0246575120836496
0.0258575119078159
0.0270575117319822
0.0282575115561485
0.0294575113803148
0.0306575112044811
0.0318575128912926
0.0330575108528137
0.0342575125396252
0.0354575105011463
0.0355325117707253
0.0356450118124485
0.0358137637376785
0.0360668860375881
0.036446575075388
0.0370161049067974
0.0378704033792019
0.039070401340723
0.0402704030275345
0.0414704009890556
0.0426704026758671
0.0438704043626785
0.0450704023241997
0.0462704040110111
0.0474704019725323
0.0486704036593437
0.0498704016208649
0.0510704033076763
0.0522704012691975
0.0534704029560089
0.0546704009175301
0.0558704026043415
0.057070404291153
0.0582704022526741
0.0594704039394855
0.0606704019010067
0.0618704035878181
0.0630704015493393
0.0642703995108604
0.0654704049229622
0.0666704028844833
0.0678704008460045
0.0690704062581062
0.0702704042196274
0.0714704021811485
0.0726704001426697
0.0738704055547714
0.0750704035162926
0.0762704014778137
0.0774703994393349
0.0786704048514366
0.0798704028129578
0.0810704007744789
0.0813704058527946
0.0818204060196877
0.0824954062700272
0.0824954062700272
