0
0.562622
1.231384
1.583642
1.832343
2.163538
2.601154
2.91839
3.160474
3.362499
3.525835
3.819008
4.212245
4.499819
4.775319
5.103418
5.55684
5.951191
6.287335
6.845423
7.317599
7.632245
8.084307
8.751865
9.222565
9.550584
9.808709
10.130769
10.433804
11.083607
12.028631
12.950843
13.792001
14.596497
15.61827
16.123081
16.391811
16.700399
16.717332
16.720517
16.678137
16.538195
16.471074
16.362863
16.178389
16.233882
16.142213
15.98061
15.737798
15.352772
14.87956
14.738251
14.25813
13.772475
13.290922
12.802175
12.678013
12.494448
12.216729
11.801573
11.311047
11.311047
