0.0
0.00999999977648258
0.0199999995529652
0.0299999993294477
0.0324999988079071
0.0362499989569187
0.0418750010430813
0.0439843758940697
0.0471484363079071
0.0518945306539536
0.0590136721730232
0.0690136700868607
0.0715136751532555
0.0752636715769768
0.0766699239611626
0.0787792950868607
0.0819433629512787
0.0831298828125
0.0849096700549126
0.0855770856142044
0.0858273729681969
0.0862027928233147
0.0863435789942741
0.0863963738083839
0.086475558578968
0.0865052565932274
0.0865498036146164
0.0865525901317596
0.0865553691983223
0.0865581557154655
0.0865588486194611
0.0865595489740372
0.0865602418780327
0.086560420691967
0.0865605920553207
0.0865607634186745
0.0865609422326088
0.0865609496831894
0.0865609496831894
0.0865609496831894
0.0865609496831894
