0.0
0.000624999986030161
0.00124999997206032
0.00187499995809048
0.00281250011175871
0.00421875016763806
0.00632812501862645
0.00949218776077032
0.0142382811754942
0.0213574226945639
0.0313574224710464
0.0413574203848839
0.0513574220240116
0.0613574236631393
0.0713574215769768
0.0813574194908142
0.0851074233651161
0.0888574197888374
0.0926074236631393
0.0963574200868607
0.100107423961163
0.103857420384884
0.107607424259186
0.111357420682907
0.114169925451279
0.11698242276907
0.117685548961163
0.117729492485523
0.117762453854084
0.117795407772064
0.117844849824905
0.117894284427166
0.117943726480007
0.117980808019638
0.118008613586426
0.118029467761517
0.118050329387188
0.118071183562279
0.11809203773737
0.118123322725296
0.118154615163803
0.11818590015173
0.118217185139656
0.118264108896255
0.118334501981735
0.118404895067215
0.118475288152695
0.118545681238174
0.118616066873074
0.118686459958553
0.118792049586773
0.118950434029102
0.119188003242016
0.119544364511967
0.120078898966312
0.120880708098412
0.121682517230511
0.12248432636261
0.123286128044128
0.124087937176228
0.124889746308327
0.125691547989845
0.126493364572525
0.127295166254044
0.127445504069328
0.127558261156082
0.127671018242836
0.127755582332611
0.127819001674652
0.127882435917854
0.127945855259895
0.127957746386528
0.127969637513161
0.127981528639793
0.127993419766426
0.128005310893059
0.128017202019691
0.128029093146324
0.128040999174118
0.128052890300751
0.1280707269907
0.128097474575043
0.128137618303299
0.128177747130394
0.12821789085865
0.128258019685745
0.128318220376968
0.128408536314964
0.128498837351799
0.128589138388634
0.128679439425468
0.128769755363464
0.128860056400299
0.128950357437134
0.129085823893547
0.129289001226425
0.129593789577484
0.130050957202911
0.130736708641052
0.131422460079193
0.132108226418495
0.132793977856636
0.133479729294777
0.134165480732918
0.13485124707222
0.135536998510361
0.136222749948502
0.136908516287804
0.137594267725945
0.138280019164085
0.138451457023621
0.138622894883156
0.138794332742691
0.138965770602226
0.139094352722168
0.13922293484211
0.139415800571442
0.13970510661602
0.140139058232307
0.140464529395103
0.140789985656738
0.141115456819534
0.14144092798233
0.141766384243965
0.142091855406761
0.142417326569557
0.14290551841259
0.1436378210783
0.14437010884285
0.144553184509277
0.144736260175705
0.144782036542892
0.144827798008919
0.144873574376106
0.144919335842133
0.14496511220932
0.145010873675346
0.145056650042534
0.145125299692154
0.145228281617165
0.1453827470541
0.145614445209503
0.145788222551346
0.145918563008308
0.14604888856411
0.146179229021072
0.146276980638504
0.146350294351578
0.146423608064651
0.146496921777725
0.146570220589638
0.146643534302711
0.146716848015785
0.146790161728859
0.146863475441933
0.146973446011543
0.147083416581154
0.147165894508362
0.14724837243557
0.147268980741501
0.147289603948593
0.147310227155685
0.147330850362778
0.147351458668709
0.147372081875801
0.147392705082893
0.147413328289986
0.147433936595917
0.147464871406555
0.147511258721352
0.147557660937309
0.147604048252106
0.147673636674881
0.147778019309044
0.147882401943207
0.14798678457737
0.148091182112694
0.148195564746857
0.14829994738102
0.148404330015182
0.148560911417007
0.148795768618584
0.149148061871529
0.149676516652107
0.150469183921814
0.151658192276955
0.153441697359085
0.1561169475317
0.158792212605476
0.161467462778091
0.165480360388756
0.171499684453011
0.180528685450554
0.190528675913811
0.200528681278229
0.210528686642647
0.220528677105904
0.230528682470322
0.24052868783474
0.250528693199158
0.260528683662415
0.270528674125671
0.280528694391251
0.290528684854507
0.300528675317764
0.310528695583344
0.3205286860466
0.330528676509857
0.340528666973114
0.350528687238693
0.36052867770195
0.370528668165207
0.380528688430786
0.390528678894043
0.4005286693573
0.410528689622879
0.420528680086136
0.430528670549393
0.440528690814972
0.450528681278229
0.460528671741486
0.470528692007065
0.480528682470322
0.490528672933578
0.500528693199158
0.510528683662415
0.520528674125671
0.530528664588928
0.540528655052185
0.550528705120087
0.560528695583344
0.563028693199158
0.563966155052185
0.565372407436371
0.565899789333344
0.566097557544708
0.566394150257111
0.566505372524261
0.566547095775604
0.566609680652618
0.56663316488266
0.566641926765442
0.566645264625549
0.566650211811066
0.566650629043579
0.566650688648224
0.566650688648224
0.566650688648224
0.566650748252869
0.566650748252869
0.566650748252869
0.566650748252869
0.566650748252869
0.566650748252869
0.566650748252869
0.566650748252869
0.566650748252869
0.566650748252869
0.566650748252869
0.566650807857513
0.566650807857513
0.566650807857513
0.566650807857513
0.566650807857513
0.566650807857513
0.566650807857513
0.566650807857513
0.566650807857513
0.566650807857513
0.566650807857513
0.566650807857513
0.566650867462158
0.566650867462158
0.566650867462158
0.566650867462158
0.566650867462158
0.566650867462158
0.566650867462158
0.566650867462158
0.566650867462158
0.566650867462158
0.566650927066803
0.566650927066803
0.566650927066803
0.566650927066803
0.566650927066803
0.566650927066803
0.566650927066803
0.566650927066803
0.566650927066803
0.566650927066803
0.566650927066803
0.566650986671448
0.566650986671448
0.566650986671448
0.566650986671448
0.566650986671448
0.566650986671448
0.566650986671448
0.566650986671448
0.566650986671448
0.566650986671448
0.566651046276093
0.566651046276093
0.566651046276093
0.566651046276093
0.566651046276093
0.566651046276093
0.566651046276093
0.566651046276093
0.566651046276093
0.566651046276093
0.566651046276093
0.566651105880737
0.566651105880737
0.566651105880737
0.566651105880737
0.566651105880737
0.566651105880737
0.566651105880737
0.566651105880737
0.566651105880737
0.566651105880737
0.566651165485382
0.566651165485382
0.566651165485382
0.566651165485382
0.566651165485382
0.566651165485382
0.566651165485382
0.566651165485382
0.566651165485382
0.566651165485382
0.566651165485382
0.566651165485382
0.566651225090027
0.566651225090027
0.566651225090027
0.566651225090027
0.566651225090027
0.566651225090027
0.566651225090027
0.566651225090027
0.566651225090027
0.566651225090027
0.566651284694672
0.566651284694672
0.566651284694672
0.566651284694672
0.566651284694672
0.566651284694672
0.566651284694672
0.566651284694672
0.566651284694672
0.566651284694672
0.566651284694672
0.566651344299316
0.566651344299316
0.566651344299316
0.566651344299316
0.566651344299316
0.566651344299316
0.566651344299316
0.566651344299316
0.566651344299316
0.566651344299316
0.566651403903961
0.566651403903961
0.566651403903961
0.566651403903961
0.566651403903961
0.566651403903961
0.566651403903961
0.566651403903961
0.566651403903961
0.566651403903961
0.566651403903961
0.566651403903961
0.566651463508606
0.566651463508606
0.566651463508606
0.566651463508606
0.566651463508606
0.566651463508606
0.566651463508606
0.566651463508606
0.566651463508606
0.566651463508606
0.566651523113251
0.566651523113251
0.566651523113251
0.566651523113251
0.566651523113251
0.566651523113251
0.566651523113251
0.566651523113251
0.566651523113251
0.566651523113251
0.566651582717896
0.566651582717896
0.566651582717896
0.566651582717896
0.566651582717896
0.566651582717896
0.566651582717896
0.566651582717896
0.566651582717896
0.566651582717896
0.566651582717896
0.566651582717896
0.56665164232254
0.56665164232254
0.56665164232254
0.56665164232254
0.56665164232254
0.56665164232254
0.56665164232254
0.56665164232254
0.56665164232254
0.56665164232254
0.566651701927185
0.566651701927185
0.566651701927185
0.566651701927185
0.566651701927185
0.566651701927185
0.566651701927185
0.566651701927185
0.566651701927185
0.566651701927185
0.566651701927185
0.56665176153183
0.56665176153183
0.56665176153183
0.56665176153183
0.56665176153183
0.56665176153183
0.56665176153183
0.56665176153183
0.56665176153183
0.56665176153183
0.56665176153183
0.566651821136475
0.566651821136475
0.566651821136475
0.566651821136475
0.566651821136475
0.566651821136475
0.566651821136475
0.566651821136475
0.566651821136475
0.566651821136475
0.566651880741119
0.566651880741119
0.566651880741119
0.566651880741119
0.566651880741119
0.566651880741119
0.566651880741119
0.566651880741119
0.566651880741119
0.566651880741119
0.566651880741119
0.566651940345764
0.566651940345764
0.566651940345764
0.566651940345764
0.566651940345764
0.566651940345764
0.566651940345764
0.566651940345764
0.566651940345764
0.566651940345764
0.566651999950409
0.566651999950409
0.566651999950409
0.566651999950409
0.566651999950409
0.566651999950409
0.566651999950409
0.566651999950409
0.566651999950409
0.566651999950409
0.566651999950409
0.566652059555054
0.566652059555054
0.566652059555054
0.566652059555054
0.566652059555054
0.566652059555054
0.566652059555054
0.566652059555054
0.566652059555054
0.566652059555054
0.566652119159698
0.566652119159698
0.566652119159698
0.566652119159698
0.566652119159698
0.566652119159698
0.566652119159698
