0.0
0.00120000005699694
0.00240000011399388
0.00359999993816018
0.00389999989420176
0.00435000006109476
0.00502499984577298
0.00570000009611249
0.00637499988079071
0.00705000013113022
0.0072187501937151
0.00738749979063869
0.00755624985322356
0.00780937494710088
0.00818906258791685
0.00875859335064888
0.00890097673982382
0.00904335919767618
0.0092569338157773
0.00957729481160641
0.0100578367710114
0.0107786497101188
0.01104895491153
0.0114544117823243
0.0120625980198383
0.0122906677424908
0.0126327723264694
0.0131459292024374
0.0132742188870907
0.0134025076404214
0.0135949412360787
0.0138835925608873
0.0139918364584446
0.0141542023047805
0.0143977515399456
0.0144890826195478
0.0146260783076286
0.014831573702395
0.0149086341261864
0.0150242242962122
0.0151976104825735
0.0154576897621155
0.0158478077501059
0.0162379257380962
0.0165305156260729
0.0166036617010832
0.0166768096387386
0.0167865306138992
0.0168276764452457
0.0168893933296204
0.0169125385582447
0.016921216621995
0.0169342365115881
0.0169537644833326
0.0169830564409494
0.0170269943773746
0.0170929003506899
0.0171917602419853
0.017340051010251
0.0175624862313271
0.0178961399942636
0.018396619707346
0.0188970994204283
0.0193975809961557
0.0198980607092381
0.0203985404223204
0.0208990201354027
0.021399499848485
0.022150220349431
0.0224317405372858
0.022854020819068
0.0234874412417412
0.0237249732017517
0.0237843561917543
0.0237880684435368
0.0237894598394632
0.023789981380105
0.0237901769578457
0.0237902496010065
0.0237902775406837
0.0237902775406837
0.0237902775406837
0.0237902775406837
0.0237902775406837
0.0237902775406837
0.0237902775406837
0.0237902775406837
