0.0
-2.54334567110175e-19
3.29326394421514e-06
1.79254438990029e-05
4.44934667029884e-05
7.74962099967524e-05
0.000120168013381772
0.000178559377673082
0.000250082783168182
0.000328380410792306
0.000418016134062782
0.000528097385540605
0.000657307216897607
0.000800951675046235
0.000959140306804329
0.0011331137502566
0.00132270145695657
0.00152665690984577
0.00174492108635604
0.00197810470126569
0.0022251068148762
0.00248574046418071
0.00276019191369414
0.00304209068417549
0.00305971805937588
0.00308607378974557
0.00312551180832088
0.00318453158251941
0.00327278859913349
0.00340401800349355
0.00359673611819744
0.00385888991877437
0.00411246716976166
0.00435856590047479
0.00459669809788465
0.00482606654986739
0.00504681887105107
0.00525912409648299
0.00546242529526353
0.00565604725852609
0.00584002397954464
0.00601448630914092
0.00617957953363657
0.00633546523749828
0.00648225238546729
0.00662007927894592
0.00674910843372345
0.00686944276094437
0.00698121124878526
0.00708459597080946
0.00717974221333861
0.0072667608037591
0.00734577188268304
0.00741690630093217
0.00748030375689268
0.00753607461228967
0.00758428312838078
0.00762501079589128
0.0076583893969655
0.00768454419448972
0.00770358694717288
0.00771556701511145
0.00772036612033844
0.00772094214335084
0.00772094307467341
0.0077209435403347
0.0077209435403347
0.0077209435403347
0.0077209435403347
0.0077209435403347
