0.0
0.00120000005699694
0.00240000011399388
0.00359999993816018
0.00480000022798777
0.00600000005215406
0.00719999987632036
0.00839999970048666
0.00960000045597553
0.0108000002801418
0.0120000001043081
0.0131999999284744
0.0132750002667308
0.0133499996736646
0.0134624997153878
0.0136312497779727
0.01388437487185
0.0141374999657273
0.0143906250596046
0.0144855473190546
0.0145211424678564
0.0145745361223817
0.0146546261385083
0.0147747620940208
0.0148948971182108
0.0150150330737233
0.0151952365413308
0.0153754390776157
0.0154204899445176
0.0154880667105317
0.0155894309282303
0.0157414767891169
0.0158935245126486
0.0160455703735352
0.0162736400961876
0.0166157446801662
0.0171289015561342
0.0178986378014088
0.0190532393753529
0.0202532391995192
0.0214532390236855
0.0226532407104969
0.0238532405346632
0.0250532403588295
0.0262532401829958
0.0274532400071621
0.0286532398313284
0.0298532396554947
0.031053239479661
0.0322532393038273
0.0334532409906387
0.0335282385349274
0.0336407385766506
0.0338094905018806
0.0340626165270805
0.0344423018395901
0.0350118353962898
0.035866130143404
0.0370661318302155
0.0382661297917366
0.039466131478548
0.0406661294400692
0.0418661311268806
0.0430661290884018
0.0442661307752132
0.0454661287367344
0.0466661304235458
0.0478661321103573
0.0490661300718784
0.0502661317586899
0.051466129720211
0.0526661314070225
0.0538661293685436
0.0550661310553551
0.0562661290168762
0.0574661307036877
0.0586661286652088
0.0598661303520203
0.0610661320388317
0.0622661300003529
0.0634661316871643
0.0646661296486855
0.0658661276102066
0.0670661330223083
0.0682661309838295
0.0694661289453506
0.0706661269068718
0.0718661323189735
0.0730661302804947
0.0742661282420158
0.0754661336541176
0.0766661316156387
0.0778661295771599
0.079066127538681
0.0802661329507828
0.0814661309123039
0.0826661288738251
0.0838661268353462
0.085066132247448
0.0862661302089691
0.0874661281704903
0.088666133582592
0.0889661312103271
0.0894161313772202
0.0894161313772202
