0
0.0011999998241663
0.00240000011399389
0.00359999993816018
0.00479999976232648
0.00599999958649278
0.00720000034198165
0.00840000016614792
0.00959999999031422
0.0107999998144805
0.0119999996386468
0.0131999994628131
0.0143999992869794
0.0155999991111457
0.0168000007979572
0.0180000006221235
0.0192000004462898
0.0204000002704561
0.0216000000946224
0.0227999999187887
0.023999999742955
0.0251999995671213
0.0263999993912875
0.0275999992154538
0.0287999990396201
0.0300000007264316
0.0302999983541667
0.0303749996237457
0.0304500008933246
0.0304781231097877
0.0305062490515411
0.0305343749932945
0.0305765639059245
0.0305923814885318
0.030616111587733
0.030625011306256
0.0306383590213954
0.0306583824567497
0.0306784058921039
0.0306984293274581
0.0307284626178443
0.0307397241704166
0.0307509857229888
0.0307622510008514
0.0307791451923549
0.030804484616965
0.0308424974791705
0.0308995130471885
0.0309048588387668
0.0309128793887794
0.0309208962135017
0.030928913038224
0.0309409420005977
0.0309454496018588
0.0309522147290408
0.0309623661451042
0.0309725138358772
0.0309826615266502
0.0309928092174232
0.0310080307535827
0.031030863057822
0.031047988217324
0.031065113376826
0.0310822348110378
0.0310993599705398
0.0311164851300418
0.0311336102895439
0.0311592961661517
0.0311978268437087
0.0312556209973991
0.0312772947363555
0.031298968475312
0.0313206422142684
0.0313423159532249
0.0313748265616596
0.0314235906116664
0.0314967366866767
0.0315241659991443
0.0315515990369022
0.0315790283493697
0.0316201741807163
0.0316818910650909
0.031774468254298
0.0319133321754634
0.0321216317825019
0.0323299313895404
0.0325382272712886
0.0327465268783271
0.0330589744262397
0.0335276457481086
0.0342306490056217
0.0352851594798267
0.0364851611666381
0.0376851591281593
0.0388851608149707
0.0400851587764919
0.0412851604633033
0.0424851584248245
0.0436851601116359
0.0448851580731571
0.0460851597599685
0.0472851614467799
0.0484851594083011
0.0496851610951125
0.0508851590566337
0.0520851607434451
0.0532851587049663
0.0544851603917777
0.0556851583532989
0.0568851600401103
0.0580851580016315
0.0592851596884429
0.0604851576499641
0.0616851630620658
0.062885161023587
0.0640851589851081
0.0652851569466293
0.066485162358731
0.0676851603202522
0.0688851582817733
0.0700851562432945
0.0703851613216102
