-0.0
1.38339828481548e-09
1.01149453257676e-08
1.51085259858519e-08
7.03994373907335e-09
-5.50517142983153e-09
1.9353296920599e-07
5.96564859733917e-08
2.81286247627577e-08
2.49792719841935e-08
2.30759269470582e-08
2.0154857338639e-08
8.11132849776186e-09
5.47152012586594e-09
-9.70749169937335e-09
-1.72353793459479e-08
-2.57377905654721e-08
-2.34722392633557e-08
-2.61461536865681e-08
-2.29256329475902e-08
-3.64798324881122e-09
1.1026713764295e-08
3.87844920624048e-08
5.86478563491255e-08
6.87869032844901e-08
3.83843143936247e-08
-1.34714355226606e-08
1.82262738235295e-08
3.63233993994072e-08
4.72100509796292e-08
7.08951120031998e-08
7.44803401175886e-08
6.93180481903255e-08
3.00515239359811e-08
2.37756466958672e-07
2.92868207907304e-07
3.11341864289716e-07
3.18328602588736e-07
3.38986865244806e-07
3.66599124390632e-07
4.08697815146297e-07
4.38409188063815e-07
4.69777660327964e-07
5.3847543313168e-08
-9.1342008090578e-07
-2.38957181863952e-06
-3.41883605869953e-06
-4.43791395809967e-06
-5.36953302798793e-06
-6.06570574746002e-06
-6.20988612354267e-06
-6.32363662589341e-06
-6.33380477665924e-06
-6.1647569964407e-06
-5.79650622967165e-06
-5.47291529073846e-06
-5.29706085217185e-06
-5.21291985933203e-06
-5.32098056282848e-06
-5.62080822419375e-06
-6.38992787571624e-06
-8.0544068623567e-06
-1.13713813334471e-05
-1.71598949236795e-05
-2.68547955784015e-05
-3.67369575542398e-05
-4.50509251095355e-05
-4.1330604290124e-05
-2.02623359655263e-05
2.42321766563691e-06
6.60426849208307e-06
1.69608356372919e-05
2.07778339245124e-05
2.74898411589675e-05
4.46020931121893e-05
5.32304693479091e-05
-1.29342988657299e-05
-1.37986953632208e-05
-1.40774172905367e-05
-1.43224533530883e-05
-1.45859557960648e-05
-1.47005157487001e-05
-1.49085408338578e-05
-1.50054074765649e-05
-1.5182544302661e-05
-1.55392954184208e-05
-1.59482206072425e-05
-1.64834273164161e-05
-1.66470581461908e-05
-1.67875550687313e-05
-1.68567421496846e-05
-1.68841106642503e-05
-1.69204740814166e-05
-1.69401282619219e-05
-1.6924654119066e-05
-1.69145532709081e-05
-1.69291488418821e-05
-1.70167950273026e-05
-1.6982652596198e-05
-1.69563318195287e-05
-1.67951202456607e-05
-1.65291185112437e-05
-1.71114679687889e-05
-1.69342038134346e-05
-1.6588470316492e-05
-1.56890419020783e-05
-1.43466040753992e-05
-1.30825028463732e-05
-1.15958901005797e-05
-1.12841862573987e-05
-9.67492815107107e-06
-7.03892510500737e-06
-4.77109824714717e-06
-2.08814617508324e-06
-7.08232619217597e-07
1.03696947917342e-07
4.81025381304789e-07
4.39307768829167e-07
7.09017513145227e-07
3.60593730874825e-07
9.71655936155003e-07
1.97474037122447e-07
-1.82750682142796e-06
-2.85112628262141e-06
-3.82883536076406e-06
-3.43709325534292e-06
-2.52960217039799e-06
-1.51818585436558e-06
-9.92971763480455e-07
-7.89564182923641e-07
9.61053956416436e-08
-6.04815795668401e-07
-5.62012792215683e-06
1.41783320941613e-05
1.47536266013049e-05
4.70293662147014e-06
2.07737826940502e-09
9.35889055142525e-09
-1.4175876117406e-07
-2.15602575792673e-08
-7.99360577730113e-14
1.3855583347322e-13
1.17239551400417e-13
3.01980662698043e-14
3.01980662698043e-14
