-0.0
5.14946805196814e-08
7.68545760365669e-08
-3.82209691451862e-07
-1.59784758579917e-06
1.75677996594459e-07
1.40238626045175e-06
1.56386340677273e-06
-4.96847860631533e-08
2.13526072911918e-06
4.89113790536067e-06
-4.24949939770158e-06
-5.39018037670758e-06
-1.67449434229638e-06
-5.73036231799051e-07
3.41244958690368e-06
-5.70311021874659e-06
1.08238455140963e-05
4.6592322178185e-07
-7.43689815863036e-06
-1.33591238409281e-05
-1.79900016519241e-05
-3.11572439386509e-05
-3.40690312441438e-05
-3.64014485967346e-05
-3.88470143661834e-05
-4.15903996326961e-05
-4.63978794869035e-05
-5.24972856510431e-05
-6.03244843659922e-05
-7.11104075890034e-05
-8.78883874975145e-05
-0.000119827825983521
-0.000153054570546374
-0.000171317544300109
-0.000185903321835212
-0.000198256660951301
-0.000212599959922954
-0.000228270364459604
-0.000241389527218416
-0.00025512115098536
-0.00027086227783002
-0.000287620758172125
-0.000306654925225303
-0.000347501656506211
-0.000415796850575134
-0.000514389073941857
-0.000541047193109989
-0.000572881253901869
-0.000614325341302902
-0.000667259097099304
-0.000728089886251837
-0.000799640954937786
-0.000922415580134839
-0.00107499409932643
-0.00134223105851561
-0.00190859148278832
-0.00251795072108507
-0.00308444094844162
-0.00355433649383485
-0.00409028446301818
-0.00474627036601305
-0.00519108073785901
-0.0054313912987709
-0.00559388846158981
-0.00573300197720528
-0.00586712220683694
-0.00603571441024542
-0.00621888600289822
-0.0063000968657434
-0.0063360296189785
-0.00636487314477563
-0.00638779392465949
-0.0064130499958992
-0.00643386272713542
-0.00645285611972213
-0.00646517658606172
-0.00646063592284918
-0.00745038129389286
-0.00739323208108544
-0.00721103837713599
-0.00703558884561062
-0.00701854377985001
-0.00700541120022535
-0.00699273683130741
-0.00698078190907836
-0.00696317665278912
-0.00693677132949233
-0.00691517209634185
-0.00689271604642272
-0.00686593214049935
-0.00683567626401782
-0.00680948421359062
-0.00677691632881761
-0.00674646580591798
-0.00671200361102819
-0.00667412020266056
-0.00663305073976517
-0.00658982759341598
-0.00654113059863448
-0.0064881737343967
-0.00641958601772785
-0.00633172271773219
-0.00618799170479178
-0.00615283427760005
-0.00611298158764839
-0.00606505339965224
-0.00600304594263434
-0.00590697908774018
-0.0057307556271553
-0.00530673051252961
-0.00507829058915377
-0.00489863660186529
-0.00468482309952378
-0.00448701158165932
-0.00434251921251416
-0.004244405310601
-0.00417363783344626
-0.0040993494912982
-0.00404165405780077
-0.00399540178477764
-0.00395673746243119
-0.00392285129055381
-0.00389248691499233
-0.00386435585096478
-0.00383684900589287
-0.00381124787963927
-0.00379013479687274
-0.00377146154642105
-0.00374603923410177
-0.00372039852663875
-0.00369529239833355
-0.00365821621380746
-0.00360388983972371
-0.003548952518031
-0.00349530298262835
-0.00345709081739187
-0.00342135597020388
-0.00336867244914174
-0.00329266325570643
-0.00318160722963512
-0.00302582769654691
-0.00281404168345034
-0.00257836701348424
-0.00224391301162541
-0.0018058167770505
-0.00117113732267171
-0.000348349218256772
0.000342393934261054
0.000972559035290033
0.00136421085335314
1.30285734485369e-05
1.34556375996908e-05
1.36399976327084e-05
1.38011664603255e-05
1.38122450152878e-05
1.38291052280692e-05
1.36845874294522e-05
1.35716300064814e-05
1.35595828396617e-05
1.3373387446336e-05
1.37780862132786e-05
1.4664466107206e-05
1.53946966747753e-05
1.59931350935949e-05
1.62975302373525e-05
1.66324462043121e-05
1.65216224559117e-05
1.63727308972739e-05
1.61389416462043e-05
1.57312606461346e-05
1.51045014717965e-05
1.53494747792138e-05
1.57744998432463e-05
1.64337834576145e-05
1.69136801559944e-05
1.73505632119486e-05
1.76231551449746e-05
1.78540485649137e-05
1.79005801328458e-05
1.79071594175184e-05
1.76921384991147e-05
1.72672498592874e-05
1.68051974469563e-05
1.62928845384158e-05
1.57064678205643e-05
1.50182622746797e-05
1.43447223308613e-05
1.44126252052956e-05
1.47149439726491e-05
1.46924849104835e-05
1.41669888762408e-05
1.37547021950013e-05
1.32276973090484e-05
1.23712852655444e-05
1.1567667570489e-05
1.06616116681835e-05
9.51970196183538e-06
8.44754231366096e-06
7.24522578821052e-06
5.96780409978237e-06
4.69228143629152e-06
3.50469736076775e-06
2.39689620684658e-06
1.56056523792358e-06
1.0141899338123e-06
3.18447746394668e-07
1.32027395238765e-07
-1.36731301836335e-08
-1.36731301836335e-08
