0
0.00120000005699694
0.00239999988116324
0.00360000017099083
0.00479999999515712
0.00599999981932342
0.00719999964348972
0.00840000039897859
0.00869999988935888
0.00915000005625186
0.00982500030659136
0.0108374997507781
0.0118500001262874
0.0128624995704741
0.0131156246643514
0.0133687497582287
0.013558593345806
0.013748437864706
0.0139382814522833
0.0141281250398606
0.0144128908868879
0.0146976558025927
0.0149824225809426
0.0149913204368204
0.0150002201553435
0.0150091180112213
0.0150224675890059
0.015042489161715
0.0150725243147463
0.0150800326373429
0.015085663413629
0.0150912941899151
0.0150923503097147
0.0150934064295143
0.0150949896778912
0.0150965747889132
0.01509815803729
0.0150997412856669
0.0151013245340437
0.0151029096450657
0.0151044928934426
0.015106869628653
0.0151104328688235
0.0151139961089939
0.0151175593491644
0.0151229051407427
0.0151309238281101
0.0151429509278387
0.015160990646109
0.0151880511548371
0.0152286437805742
0.0152895299252123
0.0153808610048145
0.0154721920844168
0.015563523164019
0.0157005188520998
0.0159060133155436
0.0162142568733544
0.0166766194161028
0.0173701622989029
0.0184104794170708
0.0196104792412371
0.0208104790654034
0.0220104788895697
0.023210478713736
0.0244104785379023
0.0256104783620686
0.0268104781862349
0.0280104780104012
0.0292104796972126
0.0304104776587338
0.0316104793455452
0.0328104773070664
0.0331104786600918
0.0332229787018151
0.0333917306270451
0.0336448529269547
0.0337397770490498
0.033882157644257
0.0340957322623581
0.0344160923268646
0.0348966361489147
0.0356174500193447
0.0366986670996994
0.0378986687865109
0.039098666748032
0.0402986684348435
0.0414986701216549
0.0426986680831761
0.0438986697699875
0.0450986677315087
0.0462986694183201
0.0474986673798413
0.0486986690666527
0.0498986670281738
0.0510986687149853
0.0522986704017967
0.0534986683633179
0.0546986700501293
0.0558986680116505
0.0570986696984619
0.0582986676599831
0.0594986693467945
0.0606986673083157
0.0618986689951271
0.0630986669566483
0.0642986649181694
0.0654986703302712
0.0666986682917923
0.0678986662533135
0.0690986716654152
0.0693986692931503
0.0698486694600434
0.0705236697103829
0.0707767957355828
0.0707767957355828
