-0.0
-9.9475983006414e-14
-1.25746737467125e-08
3.2517436920898e-07
2.91129254037514e-07
-1.53967994265258e-06
-5.46700175618753e-06
4.30743966717273e-07
3.39542020810768e-06
-2.59043008554727e-05
-2.50141820288263e-05
-1.17029776447453e-05
-1.18438038043678e-05
-1.24760772450827e-05
-1.44769655889831e-05
-5.0686503527686e-07
8.5914543888066e-06
1.85150202014484e-06
-6.4744981500553e-06
3.47077912010718e-06
1.91665749298409e-05
1.787101609807e-05
-1.26092381833587e-05
-7.9328783613164e-06
-1.17543459055014e-06
8.12827420304529e-06
1.86173201655038e-05
7.2526527219452e-06
-6.12755684414878e-06
1.78696282091551e-05
2.1286410628818e-05
1.42873468575999e-05
1.65473175002262e-05
1.22178098536097e-05
1.43586657941341e-06
-1.09722168417647e-06
-3.81799327442423e-06
1.81647192221135e-06
1.02493359008804e-05
1.10391556518152e-05
1.15665243356489e-05
1.05665676528588e-05
1.0341580491513e-05
1.02234844234772e-05
1.1370655556675e-05
1.18605894385837e-05
1.25494552776217e-05
3.22185951517895e-06
-3.40753686032258e-05
-6.15044991718605e-05
-5.90385097893886e-05
-5.35137951374054e-05
-4.88570076413453e-05
-6.08484333497472e-05
-6.02734944550321e-05
-6.42337399767712e-05
-6.05778986937366e-05
-5.94034499954432e-05
-5.79345432925038e-05
-5.58125830139033e-05
-2.86116628558375e-05
-2.38210413954221e-05
-1.2970129319001e-05
-2.94755227514543e-05
-8.6347819888033e-05
-9.26801076275297e-05
-9.87729363259859e-05
-0.000109253662230913
-0.000100244367786217
-7.50406397855841e-05
-3.83964797947556e-05
-9.54876304604113e-06
8.38957930682227e-06
-2.09022546187043e-05
-7.95074738562107e-05
-4.74456828669645e-05
-5.39473112439737e-05
-7.12449837010354e-05
-8.46889888634905e-05
-8.14085287856869e-05
-7.19310919521376e-05
-3.52742790710181e-05
-2.65154012595303e-05
-2.43132017203607e-05
-1.71530627994798e-05
5.32736885361373e-06
5.29057433595881e-06
9.02080500964075e-07
-9.78530442807823e-06
-2.47155549004674e-05
-3.5236582334619e-05
-4.4187247112859e-05
-4.37663766206242e-05
-3.64156367140822e-05
-2.8869319066871e-05
-2.19009452848695e-05
-2.35621118918061e-05
-6.38276833342388e-06
3.47083550877869e-06
6.24762469669804e-06
5.51935227122158e-06
1.279498974327e-06
4.25667531089857e-06
2.93820630759001e-06
-5.86036185268313e-06
-1.3091012078803e-05
-1.72716463566758e-05
-2.57305146078579e-05
-1.79512207978405e-05
-7.02265970176086e-06
-1.00752804428339e-05
-1.306070771534e-05
2.94516212306917e-07
-3.79797711502761e-07
1.03420461528003e-06
3.30994225805625e-06
7.83533323556185e-07
7.08161678630859e-07
1.1729498510249e-06
4.21001459471881e-07
-2.30169825954363e-06
-3.94791277358308e-06
-5.52924757357687e-06
-1.01945915957913e-05
-7.67703022575006e-06
-1.39461844810285e-05
-1.0610070603434e-05
-1.47060782182962e-05
-4.9072114052251e-06
-7.47729791328311e-06
-4.69709630124271e-06
-3.9139631553553e-06
-3.47172317560762e-06
-3.22790583595634e-06
-6.53344613965601e-07
1.46286038216203e-06
5.15139254275709e-06
2.3165121092461e-06
-3.08699964080006e-06
5.1450333558023e-06
-9.44419298321009e-09
4.49239450972527e-07
