0
0.0011999998241663
0.00240000011399389
0.00359999993816018
0.00479999976232648
0.00599999958649278
0.00720000034198165
0.00840000016614792
0.00959999999031422
0.0107999998144805
0.0119999996386468
0.0131999994628131
0.0143999992869794
0.0147000006400049
0.0148499994538724
0.0148593741469085
0.0148664056323469
0.0148734371177852
0.0148839834146201
0.0148945315741002
0.0149050778709352
0.0149156241677701
0.0149261723272502
0.0149367186240852
0.0149472649209201
0.0149551755748689
0.0149566582404077
0.0149581427685916
0.0149596254341304
0.0149618494324386
0.0149640752933919
0.0149662992917001
0.0149685232900083
0.0149707491509616
0.0149729731492698
0.0149751990102231
0.0149774230085313
0.0149796470068395
0.0149829848669469
0.0149879897944629
0.0149954981170595
0.0150030083023012
0.0150105166248977
0.0150180249474943
0.0150255332700908
0.0150330415926874
0.0150443031452596
0.0150611973367631
0.0150865386240184
0.0151245514862239
0.015181568916887
0.0152670941315591
0.0153953838162124
0.0155878174118697
0.0155998445115983
0.0156118716113269
0.0156238987110555
0.015641940291971
0.015648705419153
0.015655470546335
0.015662235673517
0.015669000800699
0.0156740746460855
0.0156778800301254
0.015680733602494
0.0156835871748626
0.0156864426098764
0.0156885827891528
0.0156907229684293
0.0156928631477058
0.0156960743479431
0.015700891148299
0.0157057079486549
0.0157105228863656
0.0157153396867215
0.0157201564870775
0.0157249714247882
0.0157321966253221
0.0157430334948003
0.0157592887990177
0.0157836708240211
0.0158202438615262
0.0158751043491065
0.0159573960117996
0.0160808316431939
0.0162659860216081
0.0165437157265842
0.0165567356161773
0.0165664977394044
0.0165762617252767
0.016586025711149
0.0165957896970212
0.0166104356758296
0.0166324055753648
0.016665359493345
0.0167147885076701
0.0167889348231256
0.0168167385272682
0.0168584450148046
0.016900151502341
0.0169418579898774
0.0169835644774139
0.0170461251400411
0.0171399652026594
0.0172807252965867
0.0174918654374778
0.0178085747174918
0.0182836405001581
0.0189962382428348
0.0200651339255273
0.0212651337496936
0.0224651335738599
0.0236651352606714
0.0248651350848377
0.026065134909004
0.0272651347331703
0.0284651345573366
0.0296651343815028
0.0308651360683143
0.0320651340298354
0.0332651357166469
0.034465133678168
0.0356651353649795
0.0368651333265006
0.0380651350133121
0.0392651329748332
0.0404651346616447
0.0416651326231658
0.0428651343099773
0.0440651359967887
0.0452651339583099
0.0464651356451213
0.0476651336066425
0.0488651352934539
0.0500651332549751
0.0512651349417865
0.0524651329033077
0.0536651345901191
0.0548651325516403
0.0560651342384517
0.0572651359252631
0.0584651338867843
0.0596651355735957
0.0608651372604072
0.0620651352219283
0.0632651331834495
0.0644651311449706
0.0656651365570724
0.0668651345185935
0.0680651324801147
0.0692651378922164
0.0695651355199516
0.0700151356868446
0.0706901359371841
0.071702632587403
0.0729026379995048
0.0741026359610259
0.0753026339225471
0.0765026318840682
0.07770263729617
0.0789026352576911
0.0801026332192123
0.0813026311807334
0.0825026365928352
0.0837026345543563
0.0849026325158775
0.0861026379279792
0.0873026358895004
0.0885026338510215
0.0897026318125427
0.0909026372246444
0.0921026351861656
0.0933026331476867
0.0945026311092079
0.0957026365213096
0.0969026344828307
0.0981026324443521
0.0993026378564541
0.100502635817975
0.101702633779496
0.102902631741017
0.104102637153119
0.10530263511464
0.106502633076161
0.107702631037682
0.108902636449784
0.110102634411305
0.111302632372826
0.112502637784928
0.113702635746449
0.11490263370797
0.116102631669491
0.117302637081593
0.117599997203797
