0.0
0.00120000005699694
0.00240000011399388
0.00359999993816018
0.00480000022798777
0.00600000005215406
0.00630000000819564
0.00659999996423721
0.00689999992027879
0.00719999987632036
0.00749999983236194
0.00779999978840351
0.00824999995529652
0.00892500020563602
0.00993749964982271
0.0111375004053116
0.0123375002294779
0.0135375000536442
0.0147374998778105
0.0159374997019768
0.0171374995261431
0.0183374993503094
0.0195374991744757
0.0197624992579222
0.0199874993413687
0.0202124994248152
0.0205499995499849
0.0210562497377396
0.0218156240880489
0.0229546874761581
0.0241546873003244
0.0253546871244907
0.026554686948657
0.0277546867728233
0.0289546865969896
0.0301546882838011
0.0313546881079674
0.0325546860694885
0.0337546877563
0.0349546857178211
0.0361546874046326
0.037354689091444
0.0385546870529652
0.0397546887397766
0.0409546867012978
0.0421546883881092
0.0433546863496304
0.0445546880364418
0.045754685997963
0.0469546876847744
0.0481546856462955
0.049354687333107
0.0505546890199184
0.0517546869814396
0.052954688668251
0.0541546866297722
0.0553546883165836
0.0565546862781048
0.0577546879649162
0.0589546859264374
0.0601546876132488
0.0604546889662743
0.0609046891331673
0.061073437333107
0.061136718839407
0.0612316392362118
0.0613740235567093
0.0615875981748104
0.0619079582393169
0.062388502061367
0.063109315931797
0.064190536737442
0.0653905346989632
0.0665905326604843
0.0677905306220055
0.0689905360341072
0.0701905339956284
0.0713905319571495
0.0725905299186707
0.0737905353307724
0.0749905332922935
0.0761905312538147
0.0773905366659164
0.0785905346274376
0.0797905325889587
0.0809905305504799
0.0821905359625816
0.0833905339241028
0.0845905318856239
0.0857905298471451
0.0869905352592468
0.088190533220768
0.0893905311822891
0.0905905365943909
0.091790534555912
0.0929905325174332
0.0941905304789543
0.0953905358910561
0.0965905338525772
0.0977905318140984
0.0989905297756195
0.100190535187721
0.101390533149242
0.102590531110764
0.103790536522865
0.104990534484386
0.106190532445908
0.106265529990196
0.10637803375721
0.10654678195715
0.106799907982349
0.107179597020149
0.107749126851559
0.108603425323963
0.109803423285484
0.111003421247005
0.112203426659107
0.113403424620628
0.11460342258215
0.114903427660465
0.115353420376778
0.116028420627117
0.117040924727917
0.118240922689438
0.119440920650959
0.119999997317791
