0.0
7.11315308876692e-08
5.49862932075484e-07
1.6056101230788e-05
4.09201602451503e-05
6.44173633190803e-05
8.97701102076098e-05
0.000116155475552659
0.000155507150338963
0.000206632190383971
0.000294952653348446
0.000396486168028787
0.000474293250590563
0.000550101278349757
0.000643310078885406
0.00071989611024037
0.000806201016530395
0.000841086904983968
0.000873151002451777
0.00090318894945085
0.000944500847253948
0.00101597118191421
0.00111926987301558
0.00121520669199526
0.00130000279750675
0.00137950771022588
0.00147456850390881
0.00154059869237244
0.0015914844116196
0.00163503200747073
0.00168452295474708
0.00172958010807633
0.00174538255669177
0.0017501839902252
0.00174688606057316
0.00173443998210132
0.00171384320128709
0.00168446567840874
0.00164624897297472
0.00159731798339635
0.00154119578655809
0.00147610227577388
0.0014028053265065
0.00132121494971216
0.00123217364307493
0.00113457115367055
0.00103047594893724
0.000917988363653421
0.000798302935436368
0.000670748937409371
0.000533833634108305
0.000389708467992023
0.000235717205214314
6.68293141643517e-05
5.17992048116866e-05
5.18252309120726e-05
5.18443739565555e-05
5.18548731633928e-05
5.18481647304725e-05
5.18396300321911e-05
5.18215929332655e-05
5.17874250363093e-05
5.1749808335444e-05
5.1725743105635e-05
5.1700379117392e-05
5.16777436132543e-05
5.16611362399999e-05
5.16638356202748e-05
5.16801592311822e-05
5.16937398060691e-05
5.17286534886807e-05
5.17718690389302e-05
5.18118213221896e-05
5.18673659826163e-05
5.19190798513591e-05
5.19447785336524e-05
5.19621899002232e-05
5.19719469593838e-05
5.19583409186453e-05
5.19551067554858e-05
5.19489476573654e-05
5.19147615705151e-05
5.18820670549758e-05
5.18651722813956e-05
5.1822167733917e-05
5.17899243277498e-05
5.17860280524474e-05
5.17645821673796e-05
5.17300504725426e-05
5.17242515343241e-05
5.17655062139966e-05
5.17865773872472e-05
5.17973567184526e-05
5.18321867275517e-05
5.18590095452964e-05
5.18658525834326e-05
5.18818815180566e-05
5.19074346811976e-05
5.18880879099015e-05
5.18799097335432e-05
5.19057030032855e-05
5.19291024829727e-05
5.19049135618843e-05
5.19068416906521e-05
5.19127024745103e-05
