0.0
0.0
0.0
0.0
1.84332797914522e-08
1.49174422858778e-06
5.0528515203041e-06
7.88557463238249e-06
1.12588886622689e-05
1.22456995086395e-05
1.36213329824386e-05
1.40360089062597e-05
1.43177248901338e-05
1.49217839862104e-05
1.64749253599439e-05
1.83381198439747e-05
2.03026374947513e-05
2.08923956961371e-05
2.1540841771639e-05
2.25594631046988e-05
2.41280777117936e-05
2.47679963649716e-05
2.57165120274294e-05
2.71722692559706e-05
2.94731071335264e-05
3.20177023240831e-05
3.29329559463076e-05
3.51055641658604e-05
3.90896857425105e-05
4.06271065003239e-05
4.14304922742303e-05
4.31216030847281e-05
4.51954074378591e-05
4.73989566671662e-05
4.76805616926868e-05
4.77640169265214e-05
4.78898436995223e-05
4.80696726299357e-05
4.83500443806406e-05
4.84492302348372e-05
4.86038661620114e-05
4.88358091388363e-05
4.91854952997528e-05
4.97253458888736e-05
5.05177667946555e-05
5.06004398630466e-05
5.07154363731388e-05
5.08960001752712e-05
5.11579564772546e-05
5.14164566993713e-05
5.16841391799971e-05
5.17815133207478e-05
5.19295754202176e-05
5.21511574333999e-05
5.2490704547381e-05
5.29944009031169e-05
5.31916848558467e-05
5.34781720489264e-05
5.35899962414987e-05
5.37570085725747e-05
5.40088767593261e-05
5.43894129805267e-05
5.49705036974046e-05
5.58553474547807e-05
5.61872693651821e-05
5.66825729038101e-05
5.75220874452498e-05
5.77849968976807e-05
5.8073452237295e-05
5.83689725317527e-05
5.86667010793462e-05
5.9126534324605e-05
5.98127626290079e-05
6.00754465267528e-05
6.0484522691695e-05
6.1099708545953e-05
6.20281643932685e-05
6.33989402558655e-05
6.35636388324201e-05
6.37844204902649e-05
6.41054502921179e-05
6.45747422822751e-05
6.5312793594785e-05
6.64336839690804e-05
6.81404344504699e-05
7.08756342646666e-05
7.40564792067744e-05
7.68845711718313e-05
7.94407897046767e-05
8.36946346680634e-05
9.0155350335408e-05
9.78892494458705e-05
0.000107448031485546
0.000123499718029052
0.000151819418533705
0.000181318071554415
0.000211875551030971
0.000241674584685825
0.000271841650828719
0.000301892985589802
0.000332283147145063
0.000362507125828415
0.000393152993638068
0.000425239093601704
0.000458971480838954
0.000491852988488972
0.000521046225912869
0.000551180855836719
0.000583273766096681
0.000615394441410899
0.000647939741611481
0.000680862052831799
0.000714897352736443
0.000723442703019828
0.000736479298211634
0.000749598548281938
0.000763146148528904
0.000776617380324751
0.000789776269812137
0.000801920716185123
0.000814069528132677
0.00083361950237304
0.000863830849993974
0.000899931823369116
0.000936806609388441
0.000945051200687885
0.000956340751145035
0.000960454053711146
0.000961980840656906
0.000964267295785248
0.000964490871410817
0.000964576902333647
0.000964724633377045
0.000964810489676893
0.000964905426371843
0.000965008919592947
0.000965176674071699
0.000965346698649228
0.000965525454375893
0.000965703278779984
0.000965883140452206
0.000965952349361032
0.000966054096352309
0.000966208055615425
0.00096626696176827
0.000966353691183031
0.000966486055403948
0.000966681574936956
0.000966756953857839
0.000966867199167609
0.000967033964116126
0.00096709793433547
0.000967191648669541
0.000967335130553693
0.000967545493040234
0.000967627682257444
0.000967748463153839
0.000967928150203079
0.000967996602412313
0.000968098000157624
0.000968252192251384
0.000968480424489826
0.000968568376265466
0.00096869672415778
0.000968891603406519
0.000968966051004827
0.000969075364992023
0.000969242828432471
0.000969303830061108
0.000969397951848805
0.000969536486081779
0.000969748885836452
0.000969957618508488
0.000970172754023224
0.000970250694081187
0.000970370136201382
0.000970547611359507
0.00097061536507681
0.000970715656876564
0.000970868160948157
0.000971094064880162
0.000971180910710245
0.000971308152657002
0.000971500412560999
0.00097179610747844
0.00097190379165113
0.000972067646216601
0.000972312351223081
0.000972405367065221
0.000972543493844569
0.000972751469817013
0.000972830748651177
0.000972947746049613
0.000973126268945634
0.000973191694356501
0.000973292160779238
0.000973440532106906
0.000973667716607451
0.000973750778939575
0.000973878952208906
0.000974069989752024
0.00097435392672196
0.000974795373622328
0.000974952767137438
0.000975198403466493
0.000975287111941725
0.00097542442381382
0.000975627452135086
0.000975930772256106
0.000976050039753318
0.000976225070189685
0.000976488343439996
0.000976889976300299
0.000977037823759019
0.000977260642684996
0.000977594754658639
0.00097784970421344
0.00097794272005558
0.000978084630332887
0.000978299649432302
0.000978618510998785
0.000978859956376255
0.000978952157311141
0.000979087548330426
0.000979292090050876
0.000979599077254534
0.000980071374215186
0.000980240292847157
0.000980500248260796
0.000980764976702631
0.000981028424575925
0.000981420511379838
0.000981571152806282
0.000981791061349213
0.000981877092272043
0.000982003170065582
0.000982191530056298
0.000982477213256061
0.000982900382950902
0.000983061967417598
0.00098330422770232
0.000983667327091098
0.000984217505902052
0.000985030434094369
0.000985345337539911
0.00098565814550966
0.000985972001217306
0.000986439641565084
0.000986616942100227
0.000986882485449314
0.000987281906418502
0.000987881794571877
0.000988790881820023
0.000990145024843514
0.000990662374533713
0.000991181121207774
0.000991695793345571
0.000992481713183224
0.000992767629213631
0.000993203604593873
0.000993861467577517
0.000994867412373424
0.000995232257992029
0.000995791517198086
0.000996359973214567
0.00099691771902144
0.000997764174826443
0.000998412142507732
0.000999044277705252
0.000999685260467231
0.00100032764021307
0.00100125034805387
0.00100161682348698
0.00100214325357229
0.0010026665404439
0.00100318877957761
0.00100397085770965
0.00100511487107724
0.0010068683186546
0.00100749894045293
0.0010081147775054
0.00100874749477953
0.00100897718220949
0.00100932503119111
0.0010098482016474
0.00101063691545278
0.00101182004436851
0.00101360352709889
0.0010163156548515
0.00101897609420121
0.00102165876887739
0.00102234049700201
0.00102258997503668
0.00102297100238502
0.0010235442314297
0.00102441699709743
0.00102473574224859
0.00102522096130997
0.00102571526076645
0.00102619850076735
0.00102669361513108
0.00102718570269644
0.00102767115458846
0.00102785928174853
0.00102813716512173
0.00102854974102229
0.00102917302865535
0.00102980795782059
0.00103043671697378
0.00103090237826109
0.0010313744423911
0.00103209097869694
0.00103314651641995
0.0010335601400584
0.00103416841011494
0.00103506748564541
0.00103645445778966
0.00103678822051734
0.0010371298994869
0.00103764899540693
0.00103841710370034
0.0010395769495517
0.00104137125890702
0.00104201002977788
0.00104266603011638
0.00104334275238216
0.00104434066452086
0.00104583241045475
0.00104811694473028
0.00105156854260713
0.00105681153945625
0.00106450461316854
0.00107672763988376
0.00108938384801149
0.00110218545887619
0.00112187012564391
0.00112871231976897
0.00113924581091851
0.00114275969099253
0.00114792177919298
0.00115577667020261
0.00116731890011579
0.00117165024857968
0.00117801281157881
0.00118757074233145
0.00120208307635039
0.00120772258378565
0.00120980781503022
0.00121290353126824
0.00121412868611515
0.00121459388174117
0.00121528550516814
0.00121631775982678
0.00121785642113537
0.00122012675274163
0.0012210316490382
0.00122231978457421
0.00122422247659415
0.00122698931954801
0.00122803461272269
0.00122956314589828
0.00123012135736644
0.00123094895388931
0.00123218900989741
0.00123406760394573
0.00123674620408565
0.00124055845662951
0.00124580622650683
0.00124774465803057
0.00125053978990763
0.00125154200941324
0.00125305342953652
0.00125363445840776
0.00125450815539807
0.0012558177113533
0.00125781109090894
0.00126087141688913
0.00126545084640384
0.00127258896827698
0.00127531553152949
0.00127943290863186
0.00128097913693637
0.0012833169894293
0.00128683797083795
0.00129224464762956
0.00130042235832661
0.00131316704209894
0.00131816510111094
0.0013255620142445
0.00133719365112484
0.00135542615316808
0.00136185949668288
0.00137214455753565
0.00137620407622308
0.00138218235224485
0.001391461933963
0.00140576926060021
0.00142723263707012
0.00143550429493189
0.00143853935878724
0.00144319434184581
0.00144363753497601
0.00144430494401604
0.00144455884583294
0.00144493614789099
0.00144550832919776
0.00144637387711555
0.0014476515352726
0.00144813966471702
0.001448875060305
0.00144998752512038
0.00145040673669428
0.00145103794056922
0.00145127915311605
0.00145163631532341
0.00145217892713845
0.00145299988798797
0.00145420990884304
0.00145607360173017
0.00145677907858044
0.00145704462192953
0.00145744846668094
0.00145805499050766
0.00145897432230413
0.00146032765042037
0.00146241683978587
0.00146561791189015
0.00147058570291847
0.00147786131128669
0.00148859596811235
0.00150485115591437
0.00152911548502743
0.00156590482220054
0.00156937225256115
0.00157067901454866
0.00157117482740432
0.00157191348262131
0.00157302606385201
0.00157469836995006
0.00157531839795411
0.00157625996507704
0.00157767604105175
0.00157976849004626
0.00158292788546532
0.00158409238792956
0.00158452242612839
0.00158517411909997
0.00158614036627114
0.00158757716417313
0.00158975250087678
0.00159055425319821
0.00159174809232354
0.00159352517221123
0.0015961603494361
0.00159713567700237
0.00159749714657664
0.0015980446478352
0.00159885885659605
0.00160007423255593
0.00160188309382647
0.00160258437972516
0.00160360091831535
0.00160512106958777
0.00160739710554481
0.00160826940555125
0.00160956394392997
0.00161150877829641
0.00161445222329348
0.00161884189583361
0.00162051350343972
0.00162302679382265
0.00162680097855628
0.00163248681928962
0.00163458858150989
0.00163778814021498
0.00164260563906282
0.0016498836921528
0.00166087748948485
0.00167723058257252
0.0016833646222949
0.00168340350501239
0.00168345775455236
0.00168353866320103
0.0016836600843817
0.00168384204152972
0.00168411491904408
0.00168452423531562
0.0016851396067068
0.00168606627266854
0.00168745708651841
0.00168797746300697
0.00168875977396965
0.00168993405532092
0.00169169658329338
0.00169434223789722
0.00169830117374659
0.00170429097488523
0.00171332026366144
0.00171666347887367
0.00171793566551059
0.00171985547058284
