0.0
5.11632947564067e-07
-2.83642069831558e-08
-1.51793915392773e-06
-2.32583101933415e-06
-1.84882787834795e-06
-1.84420264304208e-06
-3.39064717991278e-06
-6.18084823145182e-06
-1.12227926365449e-05
-1.8998278392246e-05
-2.43651265918743e-05
-2.68336043518502e-05
-2.56126022577519e-05
-2.46182644332293e-05
-2.4723643946345e-05
-2.74570811598096e-05
-3.97326984966639e-05
-6.08657901466358e-05
-6.10973220318556e-05
-6.12714284216054e-05
-6.14475065958686e-05
-6.16254619671963e-05
-6.18939593550749e-05
-6.22955485596322e-05
-6.29520654911175e-05
-6.42099257675e-05
-6.44761094008572e-05
-6.47546621621586e-05
-6.5052583522629e-05
-6.53836978017353e-05
-6.57613345538266e-05
-6.61700250930153e-05
-6.65844927425496e-05
-6.70364825055003e-05
-6.75559058436193e-05
-6.80625817039981e-05
-6.85467384755611e-05
-6.90158121869899e-05
-6.96372881066054e-05
-7.0171918196138e-05
-7.06897480995394e-05
-7.11943721398711e-05
-7.19277013558894e-05
-7.29764797142707e-05
-7.40343675715849e-05
-7.53823551349342e-05
-7.6479664130602e-05
-7.80343907536007e-05
-7.97308603068814e-05
-8.23520895210095e-05
-8.50210199132562e-05
-8.82478343555704e-05
-8.9171968284063e-05
-9.01771200005896e-05
-9.2053844127804e-05
-9.45410793065093e-05
-9.78067400865257e-05
-0.000101768324384466
-0.000106375344330445
-0.000111050867417362
-0.000115710980026051
-0.00012019528367091
-0.000126597515190952
-0.00013494590530172
-0.000142091070301831
-0.0001466366375098
-0.000149836399941705
-0.000152414533658884
-0.000154624853166752
-0.000157570859300904
-0.000161659758305177
-0.000165928417118266
-0.000170592931681313
-0.00017456419300288
-0.000177876689122058
-0.000181426163180731
-0.000184987715329044
-0.00018769501184579
-0.000189787431736477
-0.000191485130926594
-0.000192950523342006
-0.000194296255358495
-0.000196165827219374
-0.000198992711375467
-0.000203408839297481
-0.00021049621864222
-0.000222802860662341
-0.000244991504587233
-0.000286196358501911
-0.000329474336467683
-0.000337998615577817
-0.000346607499523088
-0.000355194293661043
-0.000363772414857522
-0.000376847950974479
-0.000382003549020737
-0.000387178151868284
-0.000392484449548647
-0.000398260628571734
-0.000403003243263811
-0.000403944781282917
-0.00040494225686416
-0.00040604078094475
-0.000407318526413292
-0.000408703199354932
-0.000410146516514942
-0.00041238873382099
-0.000413259491324425
-0.000414673122577369
-0.000416300987126306
-0.000416730792494491
-0.000417184899561107
-0.000417935021687299
-0.000419423478888348
-0.000421072356402874
-0.000422830227762461
-0.000425535370595753
-0.000429384934250265
-0.000432940752943978
-0.000436232687206939
-0.000439194060163572
-0.000441873795352876
-0.000444311852334067
-0.000447590748080984
-0.000451908708782867
-0.000457026937510818
-0.000461258343420923
-0.000464920827653259
-0.000468276819447055
-0.000471434002975002
-0.000475983310025185
-0.000482728588394821
-0.000491457991302013
-0.000499288726132363
-0.000506693962961435
-0.000513841805513948
-0.000524445378687233
-0.000540157372597605
-0.000563308072742075
-0.000597351929172873
-0.000646954926196486
-0.000717995688319206
-0.00082089623901993
-0.000977370887994766
-0.00123119947966188
-0.00156173785217106
-0.00187625526450574
-0.00217822543345392
-0.00247274362482131
-0.00276822037994862
-0.00305889081209898
-0.00334016373381019
-0.00361132365651429
-0.00387269631028175
-0.00412711780518293
-0.00437355367466807
-0.00460788561031222
-0.00482973922044039
-0.00504017993807793
-0.00523916864767671
-0.00542596867308021
-0.00560024799779058
-0.00576215796172619
-0.00591179728507996
-0.00604873802512884
-0.00617361161857843
-0.00628587510436773
-0.00638595223426819
-0.00647417921572924
-0.00655030598863959
-0.00661436421796679
-0.00666635576635599
-0.00670664943754673
-0.00673520285636187
-0.00675228517502546
-0.00675865355879068
-0.0067590638063848
-0.00675904052332044
-0.00675901863723993
-0.00675899675115943
-0.00675899395719171
-0.00675901025533676
-0.00675902282819152
-0.00675904378294945
-0.006759078707546
-0.00675908848643303
-0.00675909733399749
-0.00675910897552967
-0.00675908150151372
-0.00675906334072351
-0.00675905169919133
-0.00675903121009469
-0.00675900606438518
-0.00675899581983685
-0.00675898883491755
-0.00675898883491755
-0.00675899209454656
-0.00675901863723993
-0.00675906613469124
-0.0067591299302876
-0.00675916904583573
-0.00675920955836773
-0.00675925426185131
-0.00675927707925439
-0.00675932783633471
-0.00675936648622155
-0.00675936182960868
-0.00675937021151185
-0.00675937067717314
-0.00675933854654431
-0.0067593134008348
-0.00675928918644786
-0.00675926310941577
-0.00675922958180308
-0.00675921980291605
-0.00675920164212584
-0.00675917416810989
-0.00675913318991661
-0.00675912201404572
-0.00675914110615849
-0.00675918767228723
-0.00675922399386764
-0.00675926543772221
-0.00675930455327034
