0.0
7.44264525565086e-08
6.11010705142689e-07
4.80356391108216e-07
9.47066155276843e-07
1.15557395474752e-06
1.41408725085057e-06
1.73282955984178e-06
2.11897872759437e-06
2.59217631537467e-06
3.19091986966669e-06
4.41876136392239e-06
5.34266746399226e-06
6.3475076785835e-06
6.34734124105307e-06
6.34730440651765e-06
6.34728803561302e-06
6.34727120996104e-06
6.34725984127726e-06
6.34725074633025e-06
6.34724392511998e-06
6.34723664916237e-06
6.34722982795211e-06
6.34722482573125e-06
6.34721936876304e-06
6.34721936876304e-06
6.34721845926833e-06
6.34721982351039e-06
6.34721800452098e-06
6.34721982351039e-06
6.34721664027893e-06
6.34721754977363e-06
6.34721618553158e-06
6.34721527603688e-06
6.34721664027893e-06
6.34721527603688e-06
6.34721800452098e-06
6.34721300230012e-06
6.34721482128953e-06
6.34721391179482e-06
6.34721254755277e-06
6.34721618553158e-06
6.34721118331072e-06
6.34721072856337e-06
6.34721436654218e-06
6.34721209280542e-06
6.34721118331072e-06
6.34721391179482e-06
6.34721118331072e-06
6.34721072856337e-06
6.34721118331072e-06
6.34721118331072e-06
6.34721118331072e-06
6.34721027381602e-06
6.34721163805807e-06
6.34720936432132e-06
6.34721027381602e-06
6.34721072856337e-06
6.34721072856337e-06
6.34720981906867e-06
6.34720709058456e-06
6.34720572634251e-06
6.34720890957396e-06
6.34720572634251e-06
6.34720481684781e-06
6.34720754533191e-06
6.34720572634251e-06
6.34720481684781e-06
6.34720709058456e-06
6.34720481684781e-06
6.34720436210046e-06
6.34720572634251e-06
6.34720800007926e-06
6.34720390735311e-06
6.34720481684781e-06
6.34720390735311e-06
6.34720481684781e-06
6.34720345260575e-06
6.34720345260575e-06
6.34720436210046e-06
6.34720390735311e-06
6.3472029978584e-06
6.347201178869e-06
6.34720163361635e-06
6.34720072412165e-06
6.34720072412165e-06
6.34720163361635e-06
6.34719981462695e-06
6.3471993598796e-06
6.34719845038489e-06
6.34719981462695e-06
6.34719799563754e-06
6.34719981462695e-06
6.34719708614284e-06
6.34719708614284e-06
6.34719799563754e-06
6.34719663139549e-06
6.34719708614284e-06
6.34719708614284e-06
6.34719663139549e-06
6.34719390291139e-06
6.34719299341668e-06
6.34719481240609e-06
6.34719390291139e-06
6.34719617664814e-06
6.34719208392198e-06
6.34719162917463e-06
6.34719481240609e-06
6.34719253866933e-06
6.34719617664814e-06
6.34719435765874e-06
6.34719253866933e-06
6.34719208392198e-06
6.34719162917463e-06
6.34719117442728e-06
6.34719117442728e-06
6.34719117442728e-06
6.34719026493258e-06
6.34719162917463e-06
6.34718799119582e-06
6.34718662695377e-06
6.34718890069053e-06
6.34718799119582e-06
6.34718799119582e-06
6.34718753644847e-06
6.34718753644847e-06
6.34718708170112e-06
6.34718708170112e-06
6.34718662695377e-06
6.34718662695377e-06
6.34718617220642e-06
6.34718708170112e-06
6.34718708170112e-06
6.34718662695377e-06
6.34718253422761e-06
6.34718071523821e-06
6.34718207948026e-06
6.34718298897496e-06
6.34718253422761e-06
6.34718253422761e-06
6.34718162473291e-06
6.34718116998556e-06
6.34718071523821e-06
6.34718071523821e-06
6.34718071523821e-06
6.34717980574351e-06
6.34717889624881e-06
6.34717889624881e-06
6.34717844150146e-06
6.3471779867541e-06
6.34717935099616e-06
6.3471770772594e-06
6.3471779867541e-06
6.34718026049086e-06
6.34717571301735e-06
6.34717753200675e-06
6.34718071523821e-06
6.3471743487753e-06
6.34717389402795e-06
6.34717571301735e-06
6.34717935099616e-06
6.34717252978589e-06
6.34717753200675e-06
6.3471761677647e-06
6.34717571301735e-06
6.34717298453324e-06
6.34717207503854e-06
6.34717298453324e-06
6.34717252978589e-06
6.34717298453324e-06
6.3471734392806e-06
6.34717252978589e-06
6.34717252978589e-06
6.34717298453324e-06
6.34717252978589e-06
6.34717162029119e-06
6.34717116554384e-06
6.34717071079649e-06
6.34717071079649e-06
6.34716980130179e-06
6.34717071079649e-06
6.34716934655444e-06
6.34716889180709e-06
6.34717116554384e-06
6.34716752756503e-06
6.34716889180709e-06
6.34717071079649e-06
6.34716661807033e-06
6.34716798231238e-06
6.34717071079649e-06
6.34716525382828e-06
6.34716843705974e-06
6.34716980130179e-06
6.34716570857563e-06
6.34716661807033e-06
6.34716889180709e-06
6.34716434433358e-06
6.34716388958623e-06
6.34716525382828e-06
6.34716843705974e-06
6.34716252534417e-06
6.34716207059682e-06
6.34716479908093e-06
6.34716889180709e-06
6.34716434433358e-06
6.34716298009153e-06
6.34716116110212e-06
6.34716207059682e-06
6.34716252534417e-06
6.34716207059682e-06
6.34716434433358e-06
6.34715979686007e-06
6.34716116110212e-06
6.34716070635477e-06
6.34716343483888e-06
6.34715888736537e-06
6.34716161584947e-06
6.34715979686007e-06
6.34715888736537e-06
6.34716116110212e-06
6.34715888736537e-06
6.34715797787067e-06
6.34715888736537e-06
6.34716070635477e-06
6.34715797787067e-06
6.34715979686007e-06
6.34715752312331e-06
6.34715706837596e-06
6.34715843261802e-06
6.34715661362861e-06
6.34715570413391e-06
6.34715797787067e-06
6.34715706837596e-06
6.34715706837596e-06
6.34715433989186e-06
6.34715479463921e-06
6.34715433989186e-06
6.34715433989186e-06
6.34715388514451e-06
6.34715388514451e-06
6.34715297564981e-06
6.34715479463921e-06
6.3471511566604e-06
6.34715343039716e-06
6.34715297564981e-06
6.34715297564981e-06
6.34715161140775e-06
6.3471511566604e-06
6.3471511566604e-06
6.34714979241835e-06
6.347149337671e-06
6.34714979241835e-06
6.3471502471657e-06
6.34714797342895e-06
6.34714660918689e-06
6.3471475186816e-06
6.3471484281763e-06
6.34714797342895e-06
6.3471502471657e-06
6.34714888292365e-06
6.34714706393424e-06
6.34714569969219e-06
6.34714660918689e-06
6.34714660918689e-06
6.34714660918689e-06
6.3471484281763e-06
6.3471475186816e-06
6.34714524494484e-06
6.34714479019749e-06
6.34714569969219e-06
6.34714433545014e-06
6.34714706393424e-06
6.34714206171338e-06
6.34714342595544e-06
6.34714342595544e-06
6.34714342595544e-06
6.34714251646074e-06
6.34714297120809e-06
6.34714206171338e-06
6.34714433545014e-06
6.34714024272398e-06
6.34714297120809e-06
6.34714297120809e-06
6.34714206171338e-06
6.34714160696603e-06
6.34714069747133e-06
6.34714024272398e-06
6.34713978797663e-06
6.34713978797663e-06
6.34713933322928e-06
6.34713933322928e-06
6.34714024272398e-06
6.34714024272398e-06
6.34713978797663e-06
6.34713887848193e-06
6.34713705949252e-06
6.34713751423988e-06
6.34713660474517e-06
6.34713660474517e-06
6.34713614999782e-06
6.34713660474517e-06
6.34713569525047e-06
6.34713569525047e-06
6.34713387626107e-06
6.34713296676637e-06
6.34713433100842e-06
6.34713342151372e-06
6.34713342151372e-06
6.34713251201902e-06
6.34713342151372e-06
6.34713205727166e-06
6.34713342151372e-06
6.34713160252431e-06
6.34713342151372e-06
6.34713023828226e-06
6.34713251201902e-06
6.34713342151372e-06
6.34713251201902e-06
6.34713069302961e-06
6.34712887404021e-06
6.34713251201902e-06
6.34713069302961e-06
6.34712796454551e-06
6.34712750979816e-06
6.34712841929286e-06
6.34712932878756e-06
6.34712660030345e-06
6.34712705505081e-06
6.34712660030345e-06
6.3471261455561e-06
6.34712569080875e-06
6.3471252360614e-06
6.34712750979816e-06
6.34712296232465e-06
6.3471243265667e-06
6.34712387181935e-06
6.3471252360614e-06
6.347123417072e-06
6.347123417072e-06
6.347123417072e-06
6.3471225075773e-06
6.34712478131405e-06
6.34711932434584e-06
6.34712159808259e-06
6.34712068858789e-06
6.34712205282995e-06
6.34712068858789e-06
6.34712068858789e-06
6.34712068858789e-06
6.34711977909319e-06
6.34711886959849e-06
6.34711932434584e-06
6.34711886959849e-06
6.34712023384054e-06
6.34711705060909e-06
6.34711796010379e-06
6.34711705060909e-06
6.34711568636703e-06
6.34711659586173e-06
6.34711659586173e-06
6.34711568636703e-06
6.34711659586173e-06
6.34711568636703e-06
6.34711750535644e-06
6.34711432212498e-06
6.34711432212498e-06
6.34711432212498e-06
6.34711477687233e-06
6.34711386737763e-06
6.34711341263028e-06
6.34711250313558e-06
6.34711432212498e-06
6.34711159364088e-06
6.34711068414617e-06
6.34711113889352e-06
6.34711386737763e-06
6.34711022939882e-06
6.34711022939882e-06
6.34711068414617e-06
6.34711113889352e-06
6.34710795566207e-06
6.34710750091472e-06
6.34710886515677e-06
6.34710886515677e-06
6.34710886515677e-06
6.34710659142002e-06
6.34710568192531e-06
6.34710841040942e-06
6.34710704616737e-06
6.34710704616737e-06
6.34710613667266e-06
6.34710568192531e-06
6.34710704616737e-06
6.34710431768326e-06
6.34710340818856e-06
6.34710522717796e-06
6.34710568192531e-06
6.34710477243061e-06
6.34710431768326e-06
6.34710295344121e-06
6.34710659142002e-06
6.34709977020975e-06
6.34710386293591e-06
6.34710431768326e-06
6.34710158919916e-06
6.34710295344121e-06
6.34710249869386e-06
6.34710204394651e-06
6.34710204394651e-06
6.34710158919916e-06
6.34710067970445e-06
6.3470993154624e-06
6.34710067970445e-06
6.34709886071505e-06
6.34710158919916e-06
6.34709795122035e-06
6.3470984059677e-06
6.34709886071505e-06
6.347097496473e-06
6.34709567748359e-06
6.3470965869783e-06
6.3470965869783e-06
6.3470965869783e-06
6.34709613223094e-06
6.34709613223094e-06
6.34709567748359e-06
6.34709613223094e-06
6.34709567748359e-06
6.34709476798889e-06
6.34709431324154e-06
6.34709476798889e-06
6.34709385849419e-06
6.34709476798889e-06
6.34709340374684e-06
6.34709340374684e-06
6.34709567748359e-06
6.34709158475744e-06
6.34709158475744e-06
6.34709203950479e-06
6.34709476798889e-06
6.34709022051538e-06
6.34709294899949e-06
6.34709249425214e-06
6.34709249425214e-06
6.34709067526273e-06
6.34708976576803e-06
6.34709022051538e-06
6.34708976576803e-06
6.34708931102068e-06
6.34709158475744e-06
6.34708840152598e-06
6.34708794677863e-06
6.34708931102068e-06
6.34708749203128e-06
6.34708703728393e-06
6.34708840152598e-06
6.34708703728393e-06
6.34708612778923e-06
6.34708703728393e-06
6.34708840152598e-06
6.34708476354717e-06
6.34708703728393e-06
6.34708430879982e-06
6.34708339930512e-06
6.34708612778923e-06
6.34708567304187e-06
6.34708339930512e-06
6.34708294455777e-06
6.34708339930512e-06
6.34708248981042e-06
6.34708476354717e-06
6.34708067082101e-06
6.34708385405247e-06
6.34708294455777e-06
6.34708203506307e-06
6.34708112556837e-06
6.34708067082101e-06
6.34708112556837e-06
6.34708112556837e-06
6.34708203506307e-06
6.34708112556837e-06
6.34708067082101e-06
6.34707885183161e-06
6.34708248981042e-06
6.34707657809486e-06
6.34707794233691e-06
6.34707794233691e-06
6.34707839708426e-06
6.34707794233691e-06
6.34707794233691e-06
6.34707703284221e-06
6.34707748758956e-06
6.34707657809486e-06
6.34707794233691e-06
6.34707566860016e-06
6.3470752138528e-06
6.34707612334751e-06
6.34707703284221e-06
6.3470752138528e-06
6.34707475910545e-06
6.3470743043581e-06
