-0.000000
0.378359
1.103127
1.676792
2.104513
2.615032
3.139109
3.762684
4.608924
5.341826
6.206587
6.837391
7.330209
7.994571
8.171780
8.312950
8.433688
8.462776
8.491318
8.532711
8.571920
8.601203
8.630568
8.659612
8.688306
8.730625
8.792864
8.884052
9.016345
9.049259
9.051176
9.052627
9.054092
9.056306
9.059629
9.060865
9.062093
9.063308
9.064500
9.065657
9.066784
9.067907
9.069006
9.070136
9.071401
9.072684
9.073969
9.075256
9.076543
9.077831
9.079767
9.082667
9.087010
9.093516
9.103261
9.117847
9.139800
9.173448
9.222179
9.240044
9.265895
9.267016
9.267857
9.268705
9.269966
9.271205
9.272404
9.273516
9.274472
9.275353
9.276678
9.278026
9.279407
9.280774
9.282149
9.283520
9.284890
9.286941
9.290004
9.294588
9.301444
9.311704
9.327157
9.350378
9.405122
9.532463
9.645450
9.746720
9.834012
9.907476
9.911660
9.915745
9.919933
9.922198
9.917320
9.914315
9.910244
9.904973
9.898270
9.889549
9.878190
9.864395
9.849844
9.836126
9.818955
9.801957
9.790774
9.770785
9.757092
9.750521
9.746151
9.743663
9.741818
9.740355
9.738223
9.734187
9.733165
9.732136
9.731019
9.728858
9.726033
9.722424
9.718406
9.714133
9.709582
9.702317
9.690794
9.667818
9.661406
9.654673
9.644190
9.617798
9.544599
9.481952
9.458268
9.447119
9.441083
9.438055
9.436955
9.437548
9.440348
9.445360
9.450181
9.454986
9.462084
9.472229
9.475523
9.478891
9.481846
9.485479
9.488001
9.489426
9.490522
9.491172
9.490248
9.488496
9.485488
9.477979
9.467611
9.456414
9.443955
9.431501
9.418988
9.401379
9.394337
9.383579
9.366717
9.338767
9.309971
9.303602
9.296916
9.295077
9.292369
9.289370
9.286466
9.283029
9.278437
9.277144
9.275678
9.272923
9.268999
9.265052
9.261466
9.256322
9.249172
9.239623
9.231067
9.223257
9.213795
9.205996
9.199462
9.193886
9.188962
9.184502
9.178280
9.169390
9.157430
9.142097
9.120050
9.087570
9.040606
8.973245
8.880096
8.769412
8.672959
8.543766
8.129252
7.501623
6.934824
6.391471
5.797045
5.147012
4.465767
3.770260
3.043236
2.274339
1.500568
0.717062
0.518280
0.231221
0.118775
0.078135
0.062756
0.014095
0.013863
0.013077
0.012673
0.011851
0.010272
0.007877
0.005109
0.002960
0.001744
0.001378
0.001275
0.001229
0.001193
0.001154
0.001111
0.001049
0.000954
0.000826
0.000657
0.000625
0.000626
0.000628
0.000632
0.000639
0.000648
0.000657
0.000661
0.000662
0.000659
0.000653
0.000646
0.000635
0.000637
0.000638
0.000637
0.000637
0.000624
0.000605
0.000582
0.000558
0.000532
0.000506
0.000484
0.000462
0.000442
0.000425
0.000415
0.000406
0.000403
0.000396
0.000384
0.000362
0.000338
0.000306
0.000274
0.000240
0.000202
0.000165
0.000125
0.000084
0.000025
0.000015
0.000003
-0.000001
-0.000001
