0.0
0.0
8.60059117258061e-07
6.53705501463264e-06
8.88785689312499e-06
1.29173977256869e-05
2.08583551284391e-05
4.03935555368662e-05
6.97912328178063e-05
0.000102736128610559
0.000143556826515123
0.000192978215636685
0.000258544838288799
0.000278003426501527
0.000278779451036826
0.000279142870567739
0.000279267784208059
0.000279396481346339
0.000279522762866691
0.000279583036899567
0.000279633386526257
0.000279697094811127
0.000279721163678914
0.000279714906355366
0.000279714149655774
0.000279719009995461
0.000279721658444032
0.000279730214970186
0.000279723317362368
0.000279716739896685
0.00027971193776466
0.000279733998468146
0.000279720668913797
0.000279706524452195
0.000279691303148866
0.000279684725683182
0.000279670872259885
0.000279658968793228
0.000279648549621925
0.000279640109511092
0.0002796272165142
0.000279614963801578
0.000279612606391311
0.000279602827504277
0.000279598229099065
0.000279591593425721
0.000279579049674794
0.000279571977443993
0.000279557221801952
0.000279547937680036
0.000279534229775891
0.000279521045740694
0.000279510393738747
0.000279494881397113
0.000279489380773157
0.000279484665952623
0.000279483065241948
0.000279462052276358
0.000279450789093971
0.000279431260423735
0.000279418425634503
0.000279402564046904
0.000279389088973403
0.000279370637144893
0.000279356958344579
0.000279338390100747
0.00027932261582464
0.000279311236226931
0.000279297528322786
0.000279286410659552
0.000279272615443915
0.00027926210896112
0.000279246683930978
0.000279229541774839
0.000279219588264823
0.000279209984000772
0.00027920538559556
0.000279188476270065
0.000279172818409279
0.000279156200122088
0.000279139814665541
0.000279130996204913
0.000279129773844033
0.000279129657428712
0.000279129133559763
0.000279129191767424
0.000279130937997252
0.000279132393188775
0.000279133848380297
0.000279134343145415
0.000279134081210941
0.000279132887953892
0.000279130967101082
0.000279145315289497
0.000279145286185667
0.000279147992841899
0.000279148167464882
0.00027914674137719
0.000279143947409466
0.000279143394436687
0.000279145053355023
0.000279145984677598
0.000279145926469937
0.000279143976513296
0.000279145315289497
0.000279145955573767
0.000279146159300581
0.000279145897366107
