0.0
5.0598989621629e-19
5.58056569843757e-08
2.73641148851311e-07
3.59679773964672e-07
4.65883459810357e-07
9.47862019984314e-07
1.99347914531245e-06
3.85704834116041e-06
8.43913949211128e-06
1.53410928760422e-05
2.3744052668917e-05
4.020733103971e-05
0.000128322251839563
0.000264920352492481
0.000400642631575465
0.000534913560841233
0.000665642321109772
0.000797910615801811
0.000928668712731451
0.00105251208879054
0.00117277202662081
0.00130269094370306
0.00142515648622066
0.00153740926180035
0.00164602836593986
0.00175126548856497
0.00185286754276603
0.00195121136493981
0.00204346398822963
0.00213464652188122
0.00223238975740969
0.0023150600027293
0.00239361077547073
0.00246893428266048
0.00255586532875896
0.00262875272892416
0.00269115110859275
0.00275825103744864
0.0028309803456068
0.00288370554335415
0.0029365997761488
0.0030067537445575
0.00305015197955072
0.00311005883850157
0.00315744080580771
0.00318618002347648
0.00324891763739288
0.00327196903526783
0.00333036505617201
0.00334766786545515
0.00336786545813084
0.00341363344341516
0.00342330476269126
0.00347012165002525
0.00347373844124377
0.00351753435097635
0.00350832217372954
0.00354827614501119
0.00353391910903156
0.00356995314359665
0.00355751812458038
0.00358283193781972
0.00355892232619226
0.00358727411366999
0.0035765019711107
0.003583520418033
0.00360026326961815
0.00357221276499331
0.00358494138345122
0.00354277505539358
0.00355932884849608
0.0035086355637759
0.00351927196606994
0.00353109114803374
0.00347214401699603
0.00348070915788412
0.00341818830929697
0.003423624439165
0.0034164609387517
0.00336023746058345
0.00336122326552868
0.00329276407137513
0.00329150957986712
0.00328844808973372
0.00320889032445848
0.00320889730937779
0.00320890615694225
0.00312628643587232
0.00312629225663841
0.00312628271058202
0.00304364576004446
0.0030436406377703
0.00304363365285099
0.00303119421005249
0.0029621054418385
0.00296097691170871
0.00296096852980554
0.00296095851808786
0.00296095688827336
0.002913614269346
0.00287830294109881
0.00287830014713109
0.00287829479202628
0.00279941130429506
0.00279564806260169
0.0027956475969404
0.00279564945958555
