0.0
-3.85741079350425e-33
-8.59258636131252e-34
2.86663086990529e-33
1.11166669734577e-32
1.77018428974298e-32
1.66040413763571e-32
2.67808881267049e-32
2.08546553975534e-32
3.24547995240844e-32
3.05598203459544e-32
4.56844036341498e-32
-9.4732132538411e-07
-1.12732493562362e-06
-2.04816342375125e-06
-5.19340710525285e-06
-6.79743061482441e-06
-8.38358482724288e-06
-1.16085902845953e-05
-1.45853864523815e-05
-1.61514362844173e-05
-2.02866012841696e-05
-2.8658092560363e-05
-3.94760427298024e-05
-4.65790435555391e-05
-6.06501052970998e-05
-0.000102281403087545
-0.000209504869417287
-0.000331274146446958
-0.0004648131725844
-0.000603993888944387
-0.000742406467907131
-0.000877996499184519
-0.0010005448712036
-0.00113286904525012
-0.00126424548216164
-0.00139365659561008
-0.00152967718895525
-0.00165465334430337
-0.00178976682946086
-0.00192285561934114
-0.00205330271273851
-0.00218038773164153
-0.00230479845777154
-0.00242703151889145
-0.00254688574932516
-0.00266507896594703
-0.00278100674040616
-0.00289336824789643
-0.00300111970864236
-0.00310861179605126
-0.00321385939605534
-0.00331628671847284
-0.00341838458552957
-0.00351655320264399
-0.00361405475996435
-0.0037104869261384
-0.00380181428045034
-0.00389160332269967
-0.00397918233647943
-0.00406404351815581
-0.00414573960006237
-0.00422484148293734
-0.00430313684046268
-0.00437865266576409
-0.00445447769016027
-0.00452644657343626
-0.00459770997986197
-0.0046658986248076
-0.00473380926996469
-0.00479892548173666
-0.00486324727535248
-0.00492637837305665
-0.00498874532058835
-0.00504904566332698
-0.00510799046605825
-0.00516604539006948
-0.00522107537835836
-0.00527515169233084
-0.00532681168988347
-0.00537786819040775
-0.00542663270607591
-0.00547430431470275
-0.00552118849009275
-0.00556587427854538
-0.00560978194698691
-0.00565206026658416
-0.00569283030927181
-0.00573202967643738
-0.0057692863047123
-0.00580575875937939
-0.00584123469889164
-0.00587572576478124
-0.005909388884902
-0.00594127271324396
-0.00597232906147838
-0.00600200984627008
-0.00603071972727776
-0.0060592838563025
-0.0060867783613503
-0.00611224723979831
