0.0
-1.24495090858545e-06
-2.12631107388006e-06
-4.08780670113629e-06
-6.19159118286916e-06
-1.05641038317117e-05
-1.20829454317573e-05
-1.36346188810421e-05
-1.5770770914969e-05
-1.78362806764198e-05
-1.83768843271537e-05
-1.90256851055892e-05
-1.954729850695e-05
-2.00197973754257e-05
-2.07518496608827e-05
-2.19389203266473e-05
-2.31812919082586e-05
-2.45501432800665e-05
-2.59204098256305e-05
-2.72996876446996e-05
-2.76396804110846e-05
-2.7725185645977e-05
-2.78090137726394e-05
-2.78922325378517e-05
-2.79762662103167e-05
-2.81061529676663e-05
-2.81584234471666e-05
-2.81584798358381e-05
-2.81584834738169e-05
-2.81584852928063e-05
-2.81584871117957e-05
-2.81584907497745e-05
-2.81584943877533e-05
-2.81584998447215e-05
-2.81585016637109e-05
-2.81585034827003e-05
-2.81585053016897e-05
-2.81585071206791e-05
-2.81585071206791e-05
-2.81585089396685e-05
-2.81585125776473e-05
-2.81585162156262e-05
-2.81585180346156e-05
-2.81585180346156e-05
-2.8158519853605e-05
-2.81585234915838e-05
-2.81585271295626e-05
-2.81585325865308e-05
-2.81585344055202e-05
-2.8158538043499e-05
-2.8158538043499e-05
-2.81585398624884e-05
-2.81585416814778e-05
-2.81585435004672e-05
-2.81585453194566e-05
-2.8158547138446e-05
-2.81585507764248e-05
-2.81585507764248e-05
-2.81585525954142e-05
-2.8158556233393e-05
-2.81585580523824e-05
-2.81585580523824e-05
-2.81585598713718e-05
-2.81585616903612e-05
-2.81585635093506e-05
-2.815856532834e-05
-2.81585671473294e-05
-2.81585689663189e-05
-2.81585707853083e-05
-2.81585744232871e-05
-2.81585762422765e-05
-2.81585780612659e-05
-2.81585798802553e-05
-2.81585835182341e-05
-2.81585853372235e-05
-2.81585853372235e-05
-2.81585889752023e-05
-2.81585907941917e-05
-2.81585907941917e-05
-2.81585944321705e-05
-2.81585962511599e-05
-2.81585980701493e-05
-2.81585998891387e-05
-2.81586035271175e-05
-2.81586035271175e-05
-2.81586053461069e-05
-2.81586071650963e-05
-2.81586108030751e-05
-2.81586126220645e-05
-2.81586144410539e-05
-2.81586180790327e-05
-2.81586198980222e-05
-2.81586198980222e-05
-2.8158623536001e-05
-2.8158623536001e-05
-2.81586253549904e-05
-2.81586271739798e-05
-2.81586308119586e-05
-2.8158632630948e-05
-2.81586344499374e-05
-2.81586362689268e-05
-2.81586399069056e-05
-2.81586453638738e-05
-2.81586471828632e-05
-2.81586471828632e-05
-2.81586471828632e-05
-2.81586490018526e-05
-2.8158650820842e-05
-2.81586526398314e-05
-2.81586544588208e-05
-2.81586562778102e-05
-2.81586580967996e-05
-2.8158659915789e-05
-2.81586635537678e-05
-2.81586653727572e-05
-2.81586671917466e-05
-2.81586708297255e-05
-2.81586726487149e-05
-2.81586726487149e-05
-2.81586762866937e-05
-2.81586799246725e-05
-2.81586817436619e-05
-2.81586835626513e-05
-2.81586835626513e-05
-2.81586853816407e-05
-2.81586872006301e-05
-2.81586890196195e-05
-2.81586944765877e-05
-2.81586962955771e-05
-2.81586962955771e-05
-2.81586981145665e-05
-2.81586999335559e-05
-2.81587035715347e-05
-2.81587053905241e-05
-2.81587053905241e-05
-2.81587072095135e-05
-2.81587090285029e-05
-2.81587126664817e-05
-2.81587126664817e-05
-2.81587144854711e-05
-2.81587181234499e-05
-2.81587199424393e-05
-2.81587253994076e-05
-2.8158727218397e-05
-2.81587290373864e-05
-2.81587308563758e-05
-2.81587344943546e-05
-2.8158736313344e-05
-2.81587381323334e-05
-2.81587381323334e-05
-2.81587399513228e-05
-2.81587417703122e-05
-2.81587435893016e-05
-2.81587435893016e-05
-2.8158745408291e-05
-2.81587472272804e-05
-2.81587490462698e-05
-2.81587508652592e-05
-2.81587526842486e-05
-2.81587563222274e-05
-2.81587581412168e-05
-2.81587617791956e-05
-2.81587617791956e-05
-2.8158763598185e-05
-2.81587654171744e-05
-2.81587690551532e-05
-2.81587708741426e-05
-2.81587726931321e-05
-2.81587763311109e-05
-2.81587763311109e-05
-2.81587781501003e-05
-2.81587799690897e-05
-2.81587799690897e-05
-2.81587817880791e-05
-2.81587836070685e-05
-2.81587872450473e-05
-2.81587872450473e-05
-2.81587890640367e-05
-2.81587908830261e-05
-2.81587927020155e-05
-2.81587945210049e-05
-2.81587963399943e-05
-2.81587981589837e-05
-2.81587981589837e-05
-2.81588017969625e-05
-2.81588036159519e-05
-2.81588054349413e-05
-2.81588054349413e-05
-2.81588090729201e-05
-2.81588108919095e-05
-2.81588163488777e-05
-2.81588181678671e-05
-2.81588199868565e-05
-2.81588218058459e-05
-2.81588254438248e-05
-2.81588290818036e-05
-2.8158830900793e-05
-2.81588327197824e-05
-2.81588363577612e-05
-2.81588381767506e-05
-2.81588381767506e-05
-2.815883999574e-05
-2.81588418147294e-05
-2.81588454527082e-05
-2.81588472716976e-05
-2.8158849090687e-05
-2.81588509096764e-05
-2.81588527286658e-05
-2.81588545476552e-05
-2.81588563666446e-05
-2.81588600046234e-05
-2.81588618236128e-05
-2.81588654615916e-05
-2.8158867280581e-05
-2.81588690995704e-05
-2.81588709185598e-05
-2.81588709185598e-05
-2.81588745565386e-05
-2.81588763755281e-05
-2.81588781945175e-05
-2.81588781945175e-05
-2.81588818324963e-05
-2.81588818324963e-05
-2.81588836514857e-05
-2.81588854704751e-05
-2.81588872894645e-05
-2.81588927464327e-05
-2.81588945654221e-05
-2.81588963844115e-05
-2.81589000223903e-05
-2.81589018413797e-05
-2.81589036603691e-05
-2.81589036603691e-05
-2.81589054793585e-05
-2.81589072983479e-05
-2.81589091173373e-05
-2.81589109363267e-05
-2.81589127553161e-05
-2.81589145743055e-05
-2.81589182122843e-05
-2.81589218502631e-05
-2.81589254882419e-05
-2.81589254882419e-05
-2.81589273072314e-05
-2.81589309452102e-05
-2.8158934583189e-05
-2.81589364021784e-05
-2.81589382211678e-05
-2.81589418591466e-05
-2.81589418591466e-05
-2.8158943678136e-05
-2.81589454971254e-05
-2.81589473161148e-05
-2.81589509540936e-05
-2.81589509540936e-05
-2.8158952773083e-05
-2.81589545920724e-05
-2.81589582300512e-05
-2.81589600490406e-05
-2.815896186803e-05
-2.81589655060088e-05
-2.81589673249982e-05
-2.81589691439876e-05
-2.8158970962977e-05
-2.81589746009558e-05
-2.81589764199452e-05
-2.81589800579241e-05
-2.81589818769135e-05
-2.81589836959029e-05
-2.81589855148923e-05
-2.81589891528711e-05
-2.81589909718605e-05
-2.81589909718605e-05
-2.81589946098393e-05
-2.81589964288287e-05
-2.81590018857969e-05
-2.81590037047863e-05
-2.81590037047863e-05
-2.81590055237757e-05
-2.81590073427651e-05
-2.81590091617545e-05
-2.81590127997333e-05
-2.81590146187227e-05
-2.81590164377121e-05
-2.81590200756909e-05
-2.81590255326591e-05
-2.81590273516485e-05
-2.8159029170638e-05
-2.81590328086168e-05
-2.81590346276062e-05
-2.81590364465956e-05
-2.8159038265585e-05
-2.81590400845744e-05
-2.81590437225532e-05
-2.8159047360532e-05
-2.81590491795214e-05
-2.81590509985108e-05
-2.81590528175002e-05
-2.81590546364896e-05
-2.81590546364896e-05
-2.8159056455479e-05
-2.81590600934578e-05
-2.81590619124472e-05
-2.81590637314366e-05
-2.81590673694154e-05
-2.81590691884048e-05
-2.81590710073942e-05
-2.81590728263836e-05
-2.8159074645373e-05
-2.81590764643624e-05
-2.81590764643624e-05
-2.81590801023412e-05
-2.81590819213307e-05
-2.81590819213307e-05
-2.81590837403201e-05
-2.81590873782989e-05
-2.81590873782989e-05
-2.81590891972883e-05
-2.81590928352671e-05
-2.81590946542565e-05
-2.81590964732459e-05
-2.81590982922353e-05
-2.81591001112247e-05
-2.81591001112247e-05
-2.81591019302141e-05
-2.81591055681929e-05
-2.81591092061717e-05
-2.81591110251611e-05
-2.81591110251611e-05
-2.81591128441505e-05
-2.81591146631399e-05
-2.81591183011187e-05
-2.81591219390975e-05
-2.81591237580869e-05
-2.81591255770763e-05
-2.81591255770763e-05
-2.81591273960657e-05
-2.81591292150551e-05
-2.81591292150551e-05
-2.8159132853034e-05
-2.81591346720234e-05
-2.81591383100022e-05
-2.81591383100022e-05
-2.81591401289916e-05
-2.81591401289916e-05
-2.8159141947981e-05
-2.81591455859598e-05
-2.81591455859598e-05
-2.81591474049492e-05
-2.81591492239386e-05
-2.81591528619174e-05
-2.81591546809068e-05
-2.81591546809068e-05
-2.81591583188856e-05
-2.81591619568644e-05
-2.81591637758538e-05
-2.81591655948432e-05
-2.8159169232822e-05
-2.8159169232822e-05
-2.81591728708008e-05
-2.81591746897902e-05
-2.81591765087796e-05
-2.8159178327769e-05
-2.81591801467584e-05
-2.81591801467584e-05
-2.81591819657478e-05
-2.81591837847373e-05
-2.81591856037267e-05
-2.81591856037267e-05
-2.81591874227161e-05
-2.81591892417055e-05
-2.81591946986737e-05
-2.81592001556419e-05
-2.81592019746313e-05
-2.81592056126101e-05
-2.81592092505889e-05
-2.81592110695783e-05
-2.81592147075571e-05
-2.81592183455359e-05
-2.81592201645253e-05
-2.81592219835147e-05
-2.81592238025041e-05
-2.81592238025041e-05
-2.81592256214935e-05
-2.81592292594723e-05
-2.81592328974511e-05
-2.81592347164406e-05
-2.81592347164406e-05
-2.815923653543e-05
-2.81592401734088e-05
-2.81592438113876e-05
-2.81592474493664e-05
-2.81592510873452e-05
-2.81592529063346e-05
-2.81592583633028e-05
-2.81592601822922e-05
-2.81592601822922e-05
-2.81592620012816e-05
-2.81592656392604e-05
-2.81592674582498e-05
-2.81592710962286e-05
-2.8159272915218e-05
-2.81592747342074e-05
-2.81592765531968e-05
-2.81592783721862e-05
-2.8159282010165e-05
-2.8159282010165e-05
-2.81592838291544e-05
-2.81592856481439e-05
-2.81592874671333e-05
-2.81592892861227e-05
-2.81592911051121e-05
-2.81592929241015e-05
-2.81592983810697e-05
-2.81592983810697e-05
-2.81593002000591e-05
-2.81593020190485e-05
-2.81593038380379e-05
-2.81593074760167e-05
-2.81593092950061e-05
-2.81593129329849e-05
-2.81593147519743e-05
-2.81593165709637e-05
-2.81593183899531e-05
-2.81593202089425e-05
-2.81593220279319e-05
-2.81593238469213e-05
-2.81593256659107e-05
-2.81593293038895e-05
-2.81593311228789e-05
-2.81593311228789e-05
-2.81593347608577e-05
-2.81593365798471e-05
-2.81593365798471e-05
-2.8159340217826e-05
-2.81593438558048e-05
-2.81593456747942e-05
-2.81593456747942e-05
-2.81593474937836e-05
-2.8159349312773e-05
-2.81593511317624e-05
-2.81593529507518e-05
-2.81593547697412e-05
-2.81593547697412e-05
-2.81593565887306e-05
-2.815935840772e-05
-2.815935840772e-05
-2.81593602267094e-05
-2.81593638646882e-05
-2.8159367502667e-05
-2.81593693216564e-05
-2.81593711406458e-05
-2.81593747786246e-05
-2.81593802355928e-05
-2.81593820545822e-05
-2.8159385692561e-05
-2.81593875115504e-05
-2.81593875115504e-05
-2.81593911495293e-05
-2.81593947875081e-05
-2.81593966064975e-05
-2.81593984254869e-05
-2.81593984254869e-05
-2.81594002444763e-05
-2.81594020634657e-05
-2.81594038824551e-05
-2.81594057014445e-05
-2.81594075204339e-05
-2.81594093394233e-05
-2.81594129774021e-05
-2.81594147963915e-05
-2.81594147963915e-05
-2.81594184343703e-05
-2.81594202533597e-05
-2.81594202533597e-05
-2.81594220723491e-05
-2.81594238913385e-05
-2.81594257103279e-05
-2.81594275293173e-05
-2.81594311672961e-05
-2.81594348052749e-05
-2.81594366242643e-05
-2.81594366242643e-05
-2.81594384432537e-05
-2.81594420812326e-05
-2.81594457192114e-05
-2.81594475382008e-05
-2.81594493571902e-05
-2.8159452995169e-05
-2.81594566331478e-05
-2.81594584521372e-05
-2.8159462090116e-05
-2.81594657280948e-05
-2.81594675470842e-05
-2.81594675470842e-05
-2.81594693660736e-05
-2.8159471185063e-05
-2.81594748230418e-05
-2.81594766420312e-05
-2.81594784610206e-05
-2.815948028001e-05
