-0.0
-1.07080389797006e-16
1.02374855259768e-08
3.95933170693752e-08
4.76726995657373e-08
-6.06178218731657e-08
-5.11170128447702e-09
-3.5504285733623e-08
-1.74777596839704e-08
2.9369175535976e-08
8.86464022187283e-08
2.29056240641512e-07
3.72072918253252e-07
4.39956693298882e-07
4.22414814238437e-07
4.23025085183326e-07
3.5874927561963e-07
1.71465217135847e-07
1.70020030054729e-07
1.05726940091699e-07
-6.09907147008926e-09
-2.48774085775949e-08
1.03545062302146e-07
4.03147168981377e-07
5.08243829244748e-07
4.64868207927793e-07
4.0632403397467e-07
3.64310835720971e-07
5.50062395632267e-08
-7.64739525038749e-08
-2.32976162806153e-07
-4.31249645771459e-07
-5.80736013944261e-07
-7.50347680877894e-07
-7.90161720942706e-07
-8.3461418398656e-07
-4.33694367529824e-07
-5.37234882358462e-07
-9.00796294445172e-07
-1.19327160064131e-06
-1.09664870251436e-06
-6.13315023656469e-07
-4.6631339500891e-07
-2.0364677766338e-07
-6.2551953305956e-07
-7.98782821220811e-07
-1.33840603666613e-06
-7.4253784987377e-07
-5.79919287702069e-07
-3.21918378176633e-07
-4.50829247711226e-07
-4.57360329164658e-07
-6.64493200019933e-07
-4.77371941087767e-07
-2.18933564610779e-07
-4.47131242253818e-07
-1.78442860487849e-09
8.77571437740698e-09
-4.437879397301e-07
-2.52121026278473e-07
-3.39770849677734e-07
-6.29892383585684e-07
-5.44054728379706e-07
-2.76473656413145e-07
5.8021214499604e-09
2.46832314587664e-08
7.834387361072e-09
-8.89353941602167e-08
5.8950263337465e-08
-2.74908870778745e-07
-3.84587110602297e-07
2.1424511942314e-08
1.5722616808489e-07
2.87476723315194e-07
-6.48917648504721e-08
-1.85483486347948e-07
-4.61886884295382e-08
-4.206003723084e-08
7.13075678504538e-08
-2.95626364277268e-07
-1.38009681904805e-07
5.78131675865734e-09
3.06999936583452e-08
-8.93369929144683e-08
-3.34439391735941e-08
-2.89064132630301e-08
-6.72562237014063e-08
1.32165496324887e-08
-5.12241626893228e-08
-2.38406983044115e-09
-1.39823441713816e-08
-1.56802570927539e-08
4.98226881973096e-08
-5.0275843932468e-08
-2.80065250990447e-08
-3.60868739335274e-08
-3.79255311599991e-08
-4.55816575595236e-08
-2.49709160016209e-08
-1.22715277939278e-08
-2.6817588150152e-09
6.74015154800145e-09
2.97129076898273e-08
1.59461137627659e-08
2.78697598332656e-08
-1.23220047498762e-08
-2.68818212134647e-09
-4.48568471256294e-09
-4.66809524368728e-09
-2.73832370112359e-08
-1.02432409221365e-08
-1.37309257297602e-08
4.3011141315219e-09
8.6658928921679e-09
1.97242684407684e-08
7.96933363744756e-09
8.25821189209819e-10
9.83385461950093e-09
8.51628101372626e-10
4.32009983342141e-10
