-0.0
2.92450327607944e-16
-9.95568143480341e-08
1.97793951883796e-07
3.15621036861558e-07
2.58080490311841e-07
4.21146523876814e-07
1.06069364846917e-06
1.52849588630488e-06
1.73922126123216e-06
2.15980344364652e-06
2.43017075263197e-06
3.22437881550286e-06
2.93831908493303e-06
2.5251947590732e-06
2.69440715783276e-06
1.93947380466852e-06
1.84617238119245e-06
-6.00132807448972e-06
-6.15480712440331e-06
-1.16163082566345e-05
-9.91024171526078e-06
-9.98898576654028e-06
-7.0790065365145e-06
-5.16143700224347e-06
-4.62189927930012e-06
-2.85347778117284e-06
-2.56183921010233e-06
-2.47828575083986e-06
-2.4411674530711e-06
-2.36722189583816e-06
-2.28322824114002e-06
-2.29105717153288e-06
-2.22104790736921e-06
-2.07096672966145e-06
-1.88966805581003e-06
-1.75003879121505e-06
-1.67291727848351e-06
-1.67997131939046e-06
-1.6534722817596e-06
-1.61450589075685e-06
-1.58949478645809e-06
-1.56767418957315e-06
-1.53815562953241e-06
-1.52993743540719e-06
-1.55371526489034e-06
-1.52899519889615e-06
-1.49332481669262e-06
-1.48376784636639e-06
-1.47505488712341e-06
-1.46893216879107e-06
-1.46273669088259e-06
-1.45850572152995e-06
-1.4588949852623e-06
-1.45954982144758e-06
-1.46224920172244e-06
-1.46534512168728e-06
-1.45701051224023e-06
-1.43453871714883e-06
-1.44844307214953e-06
-1.35659865918569e-06
-1.22016353998333e-06
-1.1822376109194e-06
-1.15040893433616e-06
-1.11449480755255e-06
-1.12612906377763e-06
-1.14969589048997e-06
-1.16652881843038e-06
-1.15877628559247e-06
-1.14980139187537e-06
-1.14623617264442e-06
-1.14089925773442e-06
-1.13293208414689e-06
-1.1205265764147e-06
-1.10115433926694e-06
-1.09435495687649e-06
-1.08275344246067e-06
-1.07118466985412e-06
-1.05919025372714e-06
-1.05445724329911e-06
-1.04737773654051e-06
-1.03672573459335e-06
-1.02116246125661e-06
-1.0168987500947e-06
-1.01282421383075e-06
-1.00642137113027e-06
-9.96697053778917e-07
-9.81726770987734e-07
-9.76175215328112e-07
-9.67094820225611e-07
-9.53910785028711e-07
-9.48824890656397e-07
-9.41188773140311e-07
-9.29598172660917e-07
-9.11888491827995e-07
-8.9361856225878e-07
-8.79736035130918e-07
-8.64714820636436e-07
-8.42555891722441e-07
-8.33868398331106e-07
-8.20720742922276e-07
-8.01217538537458e-07
-7.81175913289189e-07
-7.5987190939486e-07
-7.38724338589236e-07
-7.1795511757955e-07
-6.95359631208703e-07
-6.73382601235062e-07
-6.49491994408891e-07
-6.12701114732772e-07
-5.58015017304569e-07
-4.71030944027007e-07
-3.28207534039393e-07
-2.33449100051075e-07
-2.26391421165317e-07
-2.10595317184925e-07
-2.03701347345486e-07
-2.00929207494482e-07
-2.00448994291946e-07
-2.14549800148234e-07
-2.36668711295351e-07
-2.65939888777211e-07
-3.70942871086299e-07
-6.1362879932858e-07
-6.21323124505579e-07
-6.36973709333688e-07
-6.54072209727019e-07
-6.42048689769581e-07
-6.44566171104088e-07
-6.48487912258133e-07
-6.31625880487263e-07
-6.63247192278504e-07
-5.59764885110781e-07
-4.19775460613891e-07
-5.29089447809383e-07
1.49942934513092e-07
-2.52230893238448e-06
-3.51493144989945e-06
-2.95002610073425e-06
-4.00469252781477e-06
-4.99307498103008e-06
-5.13747727381997e-06
-3.31683077092748e-06
-3.09228744299617e-06
-3.14637873088941e-07
2.50542507274076e-06
-6.65108018438332e-07
-4.05303762818221e-06
-3.48736102750991e-06
-2.27595864998875e-06
-3.15153420160641e-06
-2.38131497098948e-06
1.1190877557965e-06
5.27799556948594e-07
1.37174720293842e-06
-1.49101060742396e-06
-1.72588352143066e-06
-2.77735011877667e-06
-2.64395407612028e-06
-2.22277913053404e-06
-1.1609240573307e-06
-5.50260210729903e-08
3.64977722711046e-07
1.6021255078158e-06
1.29749457755679e-06
1.05192202681792e-06
1.02390379197459e-06
-1.13567898551992e-06
-1.07943833427271e-06
-1.35056757244456e-06
-1.17650097308797e-06
-1.88287822311395e-06
-5.45663169759791e-07
-4.38944653069484e-07
5.54013013243093e-07
8.22505967335019e-07
1.18933144221955e-06
1.87348200597626e-06
3.09323695546482e-08
2.85747205452935e-07
5.43439227840281e-07
-6.06436628913798e-07
-4.37897142546717e-07
-9.71025428952998e-07
-8.11088511909475e-07
-6.48627519694855e-07
-5.12032556798658e-07
-7.49791979615111e-08
3.79512471226917e-07
8.00594307293068e-07
1.0938794048343e-06
5.42197994946036e-07
8.07972242000687e-07
7.0635428528476e-07
-4.76448917652306e-07
1.15430907499103e-07
5.85844190936768e-08
3.90931859328703e-07
-9.96958533505676e-08
-1.82736130227568e-07
-6.75321643939242e-07
-4.12748249800643e-07
-3.07127493215376e-07
-3.92802121496061e-07
-2.00381236936664e-07
4.31426656177791e-07
6.6323445935268e-07
3.82753114536172e-07
5.45465468348993e-07
3.79735297428851e-07
-2.14002511711442e-07
4.79451500723371e-09
3.76805132873415e-07
6.50209699415427e-07
-4.58434442407452e-07
1.89988782040018e-07
3.90455738852324e-07
1.48042317960062e-07
-5.86009718972491e-07
-2.32223555940436e-08
-1.56489932123804e-08
-4.71586872663465e-07
-3.43493866239442e-07
-2.17989509110339e-07
