0.0
5.18559861717449e-09
1.29635009216145e-06
3.48618755197094e-06
4.72778629045933e-06
6.01993633608799e-06
8.28114389150869e-06
1.06064899227931e-05
1.44749583341763e-05
1.6525558748981e-05
1.5975312635419e-05
1.71811079781037e-05
1.76484973053448e-05
1.83776974154171e-05
2.00032136490336e-05
2.04678581212647e-05
2.12434479180956e-05
2.22405196836917e-05
2.40468980337027e-05
2.69064858002821e-05
2.76592381851515e-05
2.86510839941911e-05
3.0385237550945e-05
3.2944753911579e-05
3.68333348887973e-05
3.79011871700641e-05
3.87603686249349e-05
4.05685022997204e-05
4.27214727096725e-05
4.53254324384034e-05
4.96278153150342e-05
5.17522603331599e-05
5.33911952516064e-05
5.61786036996637e-05
5.70742377021816e-05
5.82780012337025e-05
5.86985297559295e-05
5.92847354710102e-05
5.99873419560026e-05
6.02531872573309e-05
6.06934481766075e-05
6.08189475315157e-05
6.10035131103359e-05
6.12836520303972e-05
6.17123660049401e-05
6.23708983766846e-05
6.26349574304186e-05
6.3037579820957e-05
6.36440745438449e-05
6.46584885544144e-05
6.62918537273072e-05
6.85289778630249e-05
6.89359148964286e-05
6.95367198204622e-05
7.05249767634086e-05
7.22924232832156e-05
7.4527197284624e-05
7.68541794968769e-05
7.9090561484918e-05
7.96099848230369e-05
8.01450951257721e-05
8.08969925856218e-05
8.20115528767928e-05
8.32529331091791e-05
8.43024390633218e-05
8.52641751407646e-05
8.63203094922937e-05
8.73659155331552e-05
8.86047346284613e-05
8.95282864803448e-05
9.02372194104828e-05
9.04545959201641e-05
9.05326087377034e-05
9.05577835510485e-05
9.05665947357193e-05
9.05697015696205e-05
9.05751512618735e-05
9.05772831174545e-05
9.05774868442677e-05
9.05774868442677e-05
9.05774795683101e-05
9.05774795683101e-05
9.05774795683101e-05
9.05774795683101e-05
9.05774795683101e-05
9.05774795683101e-05
9.05774795683101e-05
9.05774868442677e-05
9.05774868442677e-05
9.05774868442677e-05
9.05774795683101e-05
9.05774795683101e-05
9.05774795683101e-05
9.05774941202253e-05
9.05774941202253e-05
9.05774868442677e-05
9.05774868442677e-05
9.05774868442677e-05
9.05774941202253e-05
9.05774941202253e-05
9.05774941202253e-05
9.05774941202253e-05
9.05774941202253e-05
9.05774941202253e-05
9.05774941202253e-05
9.05774941202253e-05
9.05774941202253e-05
9.05774868442677e-05
9.05774868442677e-05
9.05774868442677e-05
9.05775013961829e-05
9.05775013961829e-05
9.05774941202253e-05
9.05774941202253e-05
9.05774941202253e-05
9.05774868442677e-05
9.05774868442677e-05
9.05774941202253e-05
9.05775013961829e-05
9.05775086721405e-05
9.05775013961829e-05
9.05775013961829e-05
9.05775013961829e-05
9.05775013961829e-05
9.05775013961829e-05
9.05775013961829e-05
9.05775086721405e-05
9.05775159480982e-05
9.05775086721405e-05
9.05775013961829e-05
9.05775013961829e-05
9.05775013961829e-05
9.05775086721405e-05
9.05775013961829e-05
9.05775013961829e-05
9.05775013961829e-05
9.05775086721405e-05
9.05775086721405e-05
9.05775086721405e-05
9.05775086721405e-05
9.05775086721405e-05
9.05775086721405e-05
9.05775013961829e-05
9.05775159480982e-05
9.05775159480982e-05
9.05775159480982e-05
9.05775086721405e-05
9.05775086721405e-05
9.05775086721405e-05
9.05775013961829e-05
9.05775086721405e-05
9.05775159480982e-05
9.05775159480982e-05
9.05775159480982e-05
9.05775159480982e-05
9.05775086721405e-05
9.05775159480982e-05
9.05775232240558e-05
9.05775159480982e-05
9.05775159480982e-05
9.05775159480982e-05
9.05775159480982e-05
9.05775159480982e-05
9.05775159480982e-05
9.05775232240558e-05
9.05775159480982e-05
9.05775159480982e-05
9.05775232240558e-05
9.05775232240558e-05
9.05775232240558e-05
9.05775232240558e-05
9.05775232240558e-05
9.05775159480982e-05
9.05775232240558e-05
9.05775159480982e-05
9.05775232240558e-05
9.05775232240558e-05
9.05775232240558e-05
9.05775232240558e-05
9.05775232240558e-05
9.05775232240558e-05
9.05775305000134e-05
9.05775305000134e-05
9.05775232240558e-05
9.05775232240558e-05
9.05775232240558e-05
9.05775232240558e-05
9.05775305000134e-05
9.05775305000134e-05
9.05775305000134e-05
9.05775305000134e-05
9.05775305000134e-05
9.05775305000134e-05
9.05775305000134e-05
9.05775305000134e-05
9.05775305000134e-05
9.05775305000134e-05
9.05775305000134e-05
9.0577537775971e-05
9.05775305000134e-05
9.05775305000134e-05
9.05775305000134e-05
9.05775305000134e-05
9.05775305000134e-05
9.05775305000134e-05
9.0577537775971e-05
9.0577537775971e-05
9.0577537775971e-05
9.0577537775971e-05
9.0577537775971e-05
9.05775305000134e-05
9.0577537775971e-05
9.0577537775971e-05
9.05775305000134e-05
9.05775305000134e-05
9.05775305000134e-05
9.05775305000134e-05
9.0577537775971e-05
9.05775450519286e-05
9.05775450519286e-05
9.0577537775971e-05
9.05775450519286e-05
9.05775450519286e-05
9.05775450519286e-05
9.0577537775971e-05
9.0577537775971e-05
9.0577537775971e-05
9.0577537775971e-05
9.05775450519286e-05
9.05775450519286e-05
9.05775450519286e-05
9.05775450519286e-05
9.05775450519286e-05
9.05775450519286e-05
9.05775450519286e-05
9.05775450519286e-05
9.05775523278862e-05
9.05775450519286e-05
9.05775450519286e-05
9.05775450519286e-05
9.05775523278862e-05
9.05775523278862e-05
9.05775523278862e-05
9.05775523278862e-05
9.05775450519286e-05
9.05775450519286e-05
9.05775450519286e-05
9.05775450519286e-05
9.05775523278862e-05
9.05775596038438e-05
9.05775596038438e-05
9.05775596038438e-05
9.05775523278862e-05
9.05775523278862e-05
9.05775596038438e-05
9.05775596038438e-05
9.05775596038438e-05
9.05775596038438e-05
9.05775523278862e-05
9.05775596038438e-05
9.05775668798015e-05
9.05775596038438e-05
9.05775596038438e-05
9.05775596038438e-05
9.05775596038438e-05
9.05775596038438e-05
9.05775668798015e-05
9.05775668798015e-05
9.05775668798015e-05
9.05775596038438e-05
9.05775596038438e-05
9.05775668798015e-05
9.05775668798015e-05
9.05775668798015e-05
9.05775668798015e-05
9.05775596038438e-05
9.05775596038438e-05
9.05775596038438e-05
9.05775596038438e-05
9.05775668798015e-05
9.05775668798015e-05
9.05775668798015e-05
9.05775668798015e-05
9.05775668798015e-05
9.05775668798015e-05
9.05775668798015e-05
9.05775741557591e-05
9.05775741557591e-05
9.05775741557591e-05
9.05775741557591e-05
9.05775741557591e-05
9.05775668798015e-05
9.05775741557591e-05
9.05775814317167e-05
9.05775741557591e-05
9.05775741557591e-05
9.05775741557591e-05
9.05775668798015e-05
9.05775814317167e-05
9.05775814317167e-05
9.05775814317167e-05
9.05775741557591e-05
9.05775741557591e-05
9.05775741557591e-05
9.05775741557591e-05
9.05775814317167e-05
9.05775814317167e-05
9.05775814317167e-05
9.05775741557591e-05
9.05775741557591e-05
9.05775814317167e-05
9.05775814317167e-05
9.05775814317167e-05
9.05775814317167e-05
9.05775814317167e-05
9.05775814317167e-05
9.05775814317167e-05
9.05775814317167e-05
9.05775814317167e-05
9.05775814317167e-05
9.05775814317167e-05
9.05775814317167e-05
9.05775814317167e-05
9.05775887076743e-05
9.05775887076743e-05
9.05775887076743e-05
9.05775887076743e-05
9.05775887076743e-05
9.05775814317167e-05
9.05775887076743e-05
9.05775959836319e-05
9.05775887076743e-05
9.05775887076743e-05
9.05775887076743e-05
9.05775887076743e-05
9.05775887076743e-05
9.05775959836319e-05
9.05775959836319e-05
9.05775959836319e-05
9.05775887076743e-05
9.05775887076743e-05
9.05775959836319e-05
9.05775959836319e-05
9.05775959836319e-05
9.05775959836319e-05
9.05775959836319e-05
9.05775959836319e-05
9.05775959836319e-05
9.05775959836319e-05
9.05775887076743e-05
9.05775887076743e-05
9.05776032595895e-05
9.05776032595895e-05
9.05775959836319e-05
9.05775959836319e-05
9.05776032595895e-05
9.05776032595895e-05
9.05776032595895e-05
9.05776032595895e-05
9.05775959836319e-05
9.05776032595895e-05
9.05776105355471e-05
9.05776032595895e-05
9.05776032595895e-05
9.05776032595895e-05
9.05776032595895e-05
9.05776032595895e-05
9.05776032595895e-05
9.05776032595895e-05
9.05776032595895e-05
9.05775959836319e-05
9.05775959836319e-05
9.05776032595895e-05
9.05776032595895e-05
9.05776032595895e-05
9.05776105355471e-05
9.05776105355471e-05
9.05776105355471e-05
9.05776105355471e-05
9.05776105355471e-05
9.05776105355471e-05
9.05776105355471e-05
9.05776105355471e-05
9.05776105355471e-05
9.05776105355471e-05
9.05776105355471e-05
9.05776105355471e-05
9.05776105355471e-05
9.05776105355471e-05
9.05776105355471e-05
9.05776178115048e-05
9.05776178115048e-05
9.05776105355471e-05
9.05776178115048e-05
9.05776250874624e-05
9.05776178115048e-05
9.05776178115048e-05
9.05776178115048e-05
9.05776178115048e-05
9.05776178115048e-05
9.05776178115048e-05
9.05776105355471e-05
9.05776105355471e-05
9.05776105355471e-05
9.05776105355471e-05
9.05776178115048e-05
9.05776250874624e-05
9.05776250874624e-05
9.05776178115048e-05
9.05776178115048e-05
9.05776178115048e-05
9.05776250874624e-05
9.05776178115048e-05
9.05776178115048e-05
9.05776178115048e-05
9.05776178115048e-05
9.05776250874624e-05
9.05776250874624e-05
9.05776250874624e-05
9.05776250874624e-05
9.05776250874624e-05
9.05776250874624e-05
9.05776250874624e-05
9.05776250874624e-05
9.057763236342e-05
9.057763236342e-05
9.05776250874624e-05
9.057763236342e-05
9.057763236342e-05
9.057763236342e-05
9.057763236342e-05
9.057763236342e-05
9.057763236342e-05
9.057763236342e-05
9.057763236342e-05
9.057763236342e-05
9.057763236342e-05
9.05776396393776e-05
9.05776396393776e-05
9.057763236342e-05
9.05776396393776e-05
9.05776396393776e-05
9.05776396393776e-05
9.05776396393776e-05
9.05776396393776e-05
9.057763236342e-05
9.057763236342e-05
9.057763236342e-05
9.05776396393776e-05
9.057763236342e-05
9.05776396393776e-05
9.05776469153352e-05
9.05776396393776e-05
9.05776396393776e-05
9.05776396393776e-05
9.05776396393776e-05
9.05776396393776e-05
9.057763236342e-05
9.057763236342e-05
9.05776396393776e-05
9.05776396393776e-05
9.05776396393776e-05
9.05776396393776e-05
9.05776469153352e-05
9.05776469153352e-05
9.05776469153352e-05
9.05776469153352e-05
9.05776469153352e-05
9.05776469153352e-05
9.05776469153352e-05
9.05776469153352e-05
9.05776541912928e-05
9.05776541912928e-05
9.05776469153352e-05
9.05776469153352e-05
9.05776541912928e-05
9.05776541912928e-05
9.05776541912928e-05
9.05776541912928e-05
9.05776541912928e-05
9.05776469153352e-05
9.05776541912928e-05
9.05776541912928e-05
9.05776541912928e-05
9.05776541912928e-05
9.05776541912928e-05
9.05776541912928e-05
9.05776541912928e-05
9.05776541912928e-05
9.05776541912928e-05
9.05776541912928e-05
9.05776469153352e-05
9.05776469153352e-05
9.05776541912928e-05
9.05776614672504e-05
9.05776614672504e-05
9.05776614672504e-05
9.05776614672504e-05
9.05776614672504e-05
9.05776614672504e-05
9.05776614672504e-05
