0
0.00762693444266915
0.0153990872204304
0.01702581346035
0.0187914185225964
0.019739942625165
0.0241030640900135
0.0295936428010464
0.0362400747835636
0.0483583100140095
0.0642848759889603
0.0825739353895187
0.0993455350399017
0.116664066910744
0.136296287178993
0.145341798663139
0.15713070333004
0.182044208049774
0.194915264844894
0.209751516580582
0.222713872790337
0.229060471057892
0.230142384767532
0.231459930539131
0.233466491103172
0.237079635262489
0.238040626049042
0.237596645951271
0.236552342772484
0.23498472571373
0.237072587013245
0.233669698238373
0.229988604784012
0.226372271776199
0.227728381752968
0.224356427788734
0.221216961741447
0.217891976237297
0.217847168445587
0.217830866575241
0.217830494046211
0.217829942703247
0.217829003930092
0.217827796936035
0.217827647924423
0.217827469110489
0.217827469110489
0.217827439308167
0.217827439308167
0.217827439308167
0.217827439308167
0.217827439308167
0.217827439308167
0.217827439308167
0.217827439308167
0.217827439308167
0.217827439308167
0.217827439308167
0.217827439308167
0.217827439308167
0.217827439308167
