0.0
0.0
2.0103438203023e-07
7.92751166045491e-07
9.90644480225455e-07
1.07308676433604e-06
1.50804248733039e-06
2.36605592363048e-06
2.36966320699139e-06
2.37345307141368e-06
2.37732979257999e-06
2.38117058870557e-06
2.38509983319091e-06
2.38905749938567e-06
2.39502446675033e-06
2.40402619056113e-06
2.41304860537639e-06
2.42204987443984e-06
2.43095450969122e-06
2.43765020968567e-06
2.44431953433377e-06
2.45100636675488e-06
2.45768251261325e-06
2.46439708462276e-06
2.47109346673824e-06
2.47782259066298e-06
2.48452761297813e-06
2.49463005275175e-06
2.50950529334659e-06
2.51319397648331e-06
2.51680899054918e-06
2.52029713010415e-06
2.5236549845431e-06
2.52687982538191e-06
2.53004577643878e-06
2.53280768447439e-06
2.5353501769132e-06
2.53758958024264e-06
2.53941379924072e-06
2.54061137638928e-06
2.53947337114369e-06
2.53510029324389e-06
2.52745235229668e-06
2.5179078875226e-06
2.512279252187e-06
2.50865377893206e-06
2.50715629590559e-06
2.50839934778924e-06
2.51108644988562e-06
2.51467372436309e-06
2.51856636168668e-06
2.52257109423226e-06
2.5287465632573e-06
2.53817643169896e-06
2.55284703598591e-06
2.57578790296975e-06
2.61141963164846e-06
2.66467804976855e-06
2.74190711024858e-06
2.8565484626597e-06
3.03393881040392e-06
3.21680454362649e-06
3.34821493197524e-06
3.45113653565932e-06
3.56160671799444e-06
3.63980507245287e-06
3.65228311238752e-06
3.66350923286518e-06
3.67485154129099e-06
3.67714847016032e-06
3.6788596844417e-06
3.68046403309563e-06
3.68207406609145e-06
3.68345786228019e-06
3.68485461876844e-06
3.68595829058904e-06
3.68703945241577e-06
3.68790165339306e-06
3.68818723472941e-06
3.68754490409628e-06
3.68613768841897e-06
3.68337282452558e-06
3.67720122085302e-06
3.66625999959069e-06
3.6572600947693e-06
3.65059895557351e-06
3.64625702786725e-06
3.64414336218033e-06
3.64432571586804e-06
3.64552715836908e-06
3.64723450729798e-06
3.64914490091905e-06
3.65115397471527e-06
3.65419759873475e-06
3.65857931683422e-06
3.66502467841201e-06
3.67442635251791e-06
3.68661858374253e-06
3.70035400010238e-06
3.71766236639814e-06
3.73833495359577e-06
3.74594355889712e-06
3.73955981558538e-06
3.75079048353655e-06
3.75150398213009e-06
3.70637849300692e-06
3.62446553481277e-06
3.6148219351162e-06
3.71315991287702e-06
3.82284360966878e-06
3.9082910916477e-06
3.92550873584696e-06
3.91021148971049e-06
3.82597681891639e-06
3.67604457096604e-06
3.46208048540575e-06
3.26761164615164e-06
2.81875236396445e-06
2.31604599321145e-06
1.89784680060257e-06
1.30763055494754e-06
1.9407482909628e-07
2.62040433796074e-09
2.66405653093216e-09
2.66629940348651e-09
2.63953348067503e-09
2.57257992686277e-09
2.42359909918832e-09
2.23174412283811e-09
1.9809993645481e-09
1.77000991641307e-09
1.94883531534629e-09
2.11409267869556e-09
2.41643460796581e-09
2.48181830642125e-09
2.48081311049475e-09
2.37337416386652e-09
2.2600796789618e-09
2.13877093813153e-09
2.0493930996679e-09
1.82505621726392e-09
1.70519975917216e-09
1.53461021668022e-09
1.57948176759959e-09
1.64855917805795e-09
1.98453009581101e-09
2.17153139914217e-09
2.25152629873548e-09
2.4621864547214e-09
2.60901300563887e-09
2.64555732876204e-09
2.65171018476451e-09
2.54908094632356e-09
2.46970532913338e-09
2.30836794123945e-09
2.09926098726498e-09
1.79519910048498e-09
1.61050828229037e-09
1.46779277621079e-09
1.35294286884857e-09
1.34808741947268e-09
1.39443956381768e-09
1.49633039292496e-09
1.58269275463141e-09
1.61341384696811e-09
1.6258522306245e-09
1.67962643793373e-09
1.61667024212164e-09
1.56668422679473e-09
1.50600887316443e-09
1.36390632121675e-09
1.21702903310705e-09
1.09479869614404e-09
9.23047971390645e-10
8.33614011153117e-10
7.22527593310929e-10
6.27326635083136e-10
5.73679215243317e-10
5.33430077886976e-10
5.48767975505626e-10
5.24600307638678e-10
5.12450082368332e-10
5.26898136232745e-10
5.45676337448953e-10
5.59994051130275e-10
5.59806589972567e-10
5.42821509963431e-10
4.98965313511235e-10
4.57549748089647e-10
4.18851536787557e-10
3.82360476613997e-10
3.5545982823848e-10
3.300903161918e-10
3.0737565270833e-10
2.98805175047434e-10
2.83404272272136e-10
2.77456640995766e-10
2.76549533273496e-10
2.81277751090769e-10
2.83051776461818e-10
2.75368255975295e-10
2.71595607115316e-10
2.71986960731496e-10
