0.0
0.00120000005699694
0.00240000011399388
0.00359999993816018
0.00480000022798777
0.00600000005215406
0.00719999987632036
0.00839999970048666
0.0084046870470047
0.00840937532484531
0.00841406267136335
0.00841875001788139
0.00842343736439943
0.00842812471091747
0.00843515619635582
0.00844570342451334
0.00845624972134829
0.00846679694950581
0.00847734417766333
0.00848525390028954
0.00849316362291574
0.00850107427686453
0.00850898399949074
0.00851689465343952
0.00852480437606573
0.00853271503001451
0.00854062475264072
0.00855248980224133
0.0085702883079648
0.00857473723590374
0.00857918709516525
0.00858363602310419
0.0085880858823657
0.00859253574162722
0.00859698466956615
0.00860143452882767
0.00860588345676661
0.00861033331602812
0.00861478317528963
0.00861923210322857
0.00862368196249008
0.00862701889127493
0.00862952135503292
0.00863202475011349
0.00863452721387148
0.00863702967762947
0.00864078383892775
0.00864641554653645
0.00865204725414515
0.00865767803043127
0.00866330973803997
0.00866894144564867
0.00867738761007786
0.0086900582537055
0.00870906468480825
0.00873757340013981
0.00878033600747585
0.00884448084980249
0.00894069764763117
0.00908502284437418
0.00930151157081127
0.00951799936592579
0.00973448716104031
0.00995097495615482
0.0101674636825919
0.0103839514777064
0.0104380734264851
0.0104921953752637
0.0105463173240423
0.0105598485097289
0.0105699962005019
0.0105801438912749
0.0105902915820479
0.0106004392728209
0.0106105878949165
0.0106207355856895
0.0106308832764626
0.0106410309672356
0.0106511786580086
0.0106587894260883
0.0106644984334707
0.0106702065095305
0.0106759145855904
0.0106801958754659
0.0106834061443806
0.0106866173446178
0.0106898285448551
0.0106946444138885
0.0106994602829218
0.0107042770832777
0.010709092952311
0.010713909752667
0.0107187256217003
0.0107259498909116
0.0107367867603898
0.0107530420646071
0.0107774240896106
0.0108139980584383
0.0108688585460186
0.010951149277389
0.0110745849087834
0.011259738355875
0.0115374699234962
0.0118152005597949
0.0120929311960936
0.0125095276162028
0.0131344217807055
0.0137593168765306
0.0143842110410333
0.0150091052055359
0.0156340003013611
0.0157902240753174
0.0159464478492737
0.016180781647563
0.0165322851389647
0.0170595403760672
0.0178504232317209
0.0190367456525564
0.0202367454767227
0.021436745300889
0.0226367451250553
0.0238367449492216
0.0250367447733879
0.0262367445975542
0.0274367462843657
0.028636746108532
0.0298367459326982
0.0310367457568645
0.0322367437183857
0.0334367454051971
0.0346367470920086
0.0358367450535297
0.0370367467403412
0.0382367447018623
0.0394367463886738
0.0406367443501949
0.0418367460370064
0.0430367439985275
0.044236745685339
0.0454367436468601
0.0466367453336716
0.047836747020483
0.0490367449820042
0.0502367466688156
0.0514367446303368
0.0526367463171482
0.0538367442786694
0.0550367459654808
0.056236743927002
0.0574367456138134
0.0586367435753345
0.059836745262146
0.0610367469489574
0.0622367449104786
0.06343674659729
0.0646367445588112
0.0658367425203323
0.0670367479324341
0.0682367458939552
0.0694367438554764
0.0706367418169975
0.0718367472290993
0.0730367451906204
0.0742367431521416
0.0754367485642433
0.0766367465257645
0.0778367444872856
0.0790367424488068
0.0802367478609085
0.0814367458224297
0.0826367437839508
0.083836741745472
0.0850367471575737
0.0862367451190948
0.087436743080616
0.0886367484927177
0.0898367464542389
0.09103674441576
0.0922367423772812
0.0934367477893829
0.0946367457509041
0.0958367437124252
0.0970367416739464
0.0982367470860481
0.0994367450475693
0.10063674300909
0.101836748421192
0.103036746382713
0.104236744344234
0.105436742305756
0.106636747717857
0.107836745679379
0.1090367436409
0.110236749053001
0.111436747014523
0.112636744976044
0.113836742937565
0.115036748349667
0.116236746311188
0.117436744272709
0.11863674223423
0.119836747646332
0.119999997317791
