0.0
1.40553447636194e-06
1.66091581377259e-06
2.10308439818618e-06
2.76518449027208e-06
4.02805380872451e-06
5.59390718990471e-06
7.12186465534614e-06
1.07415271486389e-05
1.71959654835518e-05
1.77764068212127e-05
1.84055916179204e-05
1.85674925887724e-05
1.87293007911649e-05
1.89841848623473e-05
1.90590853890171e-05
1.91185754374601e-05
1.91811868717195e-05
1.92469051398803e-05
1.93157848116243e-05
1.93881442100974e-05
1.94637177628465e-05
1.95485190488398e-05
1.9642677216325e-05
1.97478639165638e-05
1.98681755136931e-05
2.00339345610701e-05
2.02240662474651e-05
2.04857369681122e-05
2.07911671168404e-05
2.10312191484263e-05
2.12068407563493e-05
2.13309958780883e-05
2.14366882573813e-05
2.1519625079236e-05
2.15918298636097e-05
2.16593307413859e-05
2.17573979170993e-05
2.1900870706304e-05
2.21115260501392e-05
2.2480235202238e-05
2.25585317821242e-05
2.26381907850737e-05
2.27248892770149e-05
2.28238241106737e-05
2.29069773922674e-05
2.29979214054765e-05
2.30977730097948e-05
2.3207685444504e-05
2.33319096878404e-05
2.34850285778521e-05
2.36377381952479e-05
2.39451674133306e-05
2.42732294282177e-05
2.45220180659089e-05
2.47226544161094e-05
2.49006461672252e-05
2.50329194386723e-05
2.51272031164262e-05
2.52045756496955e-05
2.52748795901425e-05
2.53425296250498e-05
2.54438473348273e-05
2.55969735007966e-05
2.58251220657257e-05
2.61682325799484e-05
2.6682258976507e-05
2.75549518846674e-05
2.89831132249674e-05
3.11913354380522e-05
3.34265096171293e-05
3.57744429493323e-05
3.8164209399838e-05
4.07144289056305e-05
4.31324224337004e-05
4.53714710602071e-05
4.73498694191221e-05
5.04266463394742e-05
5.48269817954861e-05
5.90262097830418e-05
6.3658291765023e-05
6.85116974636912e-05
7.29452876839787e-05
7.71919367252849e-05
8.15310995676555e-05
8.59533465700224e-05
9.09345544641837e-05
9.60004836088046e-05
0.000101745616120752
0.000108061089122202
0.000114458925963845
0.000123156569316052
0.000134625806822442
0.000159002156578936
0.000167544421856292
0.000177079054992646
0.000190050574019551
0.000194692533113994
0.000199941277969629
0.000208021418075077
0.000220327594433911
0.000239234737819061
0.00025840153102763
0.000277156505035236
0.000295504287350923
0.000321641156915575
0.000360313832061365
0.000417082716012374
0.00050090835429728
0.000625071057584137
0.00082134100375697
0.00110545102506876
0.00137897918466479
0.00164784863591194
0.00191399874165654
0.00217909039929509
0.0024325477425009
0.00268019642680883
0.0029224930331111
0.00315963407047093
0.00339178089052439
0.00359945348463953
0.00377965765073895
0.00394824938848615
0.00410913396626711
0.00426324876025319
0.00441159773617983
0.00454788887873292
0.00467162672430277
0.0047929473221302
0.00490274513140321
0.00495844148099422
0.00502967834472656
0.00506461737677455
0.00511747226119041
0.00518168043345213
0.00523069128394127
0.00526675023138523
0.00530474772676826
0.00533172162249684
0.00534747401252389
0.00529136881232262
0.00523694651201367
0.00519433198496699
0.00516323745250702
0.00514818914234638
0.00512862391769886
0.00512250466272235
0.00511430017650127
0.0051040262915194
0.00509042805060744
0.00507507054135203
0.00505722314119339
0.00498090498149395
0.00485411193221807
0.00481030344963074
0.00478942645713687
0.00475937081500888
0.00475102989003062
0.00474185030907393
0.00473061390221119
0.0047167893499136
0.00469922041520476
0.00468095671385527
0.00467631500214338
0.0046685142442584
0.00465635396540165
0.00463514309376478
0.00461097015067935
0.00458180159330368
0.00436184601858258
0.00433056941255927
0.00430515687912703
0.00428431248292327
0.0042693093419075
0.0042535001412034
0.00423432141542435
0.00421363953500986
0.00418790150433779
0.00415959162637591
0.00413094647228718
0.00410328898578882
0.00406836671754718
0.00403334200382233
0.00399819016456604
0.00395803386345506
0.00391933228820562
0.00377692002803087
0.00365163921378553
0.00363068375736475
0.0036027617752552
0.00357615924440324
0.00355936260893941
0.00353931845165789
0.00351580092683434
0.00349165312945843
0.00348017085343599
