0
0.000578096078243107
0.00692147947847843
0.0144230863079429
0.0197145491838455
0.0229764096438885
0.0240934211760759
0.0266700834035873
0.0308865830302238
0.0366900935769081
0.0450669042766094
0.0625093802809715
0.084258459508419
0.0960655882954597
0.110509224236012
0.124150618910789
0.125562429428101
0.126892507076263
0.127218663692474
0.127459049224854
0.127695068717003
0.128039017319679
0.128373682498932
0.128693968057632
0.128929376602173
0.129154413938522
0.129320278763771
0.129478126764297
0.129632487893105
0.129783362150192
0.130002811551094
0.130287855863571
0.130459919571877
0.130482777953148
0.130501672625542
0.130512028932571
0.130510091781616
0.130475208163261
0.13037109375
0.130283385515213
0.130241021513939
0.130225673317909
0.130230739712715
0.130249410867691
0.130293235182762
0.130367338657379
0.130512908101082
0.130760878324509
0.130999118089676
0.131233558058739
0.131571829319
0.132052853703499
0.13273449242115
0.133680820465088
0.134532570838928
0.135388001799583
0.136237844824791
0.137047812342644
0.137885078787804
0.139098256826401
0.141167998313904
0.144796252250671
0.149040952324867
0.150092959403992
0.150817424058914
0.150987505912781
0.151154816150665
0.151318669319153
0.151563048362732
0.151933580636978
0.152201667428017
0.152403295040131
0.152602955698967
0.152796030044556
0.152976259589195
0.153151273727417
0.153364583849907
0.153381109237671
0.153404042124748
0.153430193662643
0.153450235724449
0.153462320566177
0.153461292386055
0.153451681137085
0.153406456112862
0.153349384665489
0.153281092643738
0.153170719742775
0.153000444173813
0.152733400464058
0.152362883090973
0.151836559176445
0.151005297899246
0.150086283683777
0.149749368429184
0.149224385619164
0.147924184799194
0.147467866539955
0.147116094827652
0.146957397460938
0.147158682346344
0.147731810808182
0.148425236344337
0.147320061922073
0.145130649209023
0.141554236412048
0.138614311814308
0.136772856116295
0.132010638713837
0.127582117915154
0.125404834747314
0.120739676058292
0.115770056843758
0.110804587602615
0.105869449675083
0.100975148379803
0.0960651636123657
0.091172955930233
0.0863083600997925
0.0814215019345284
0.0765560418367386
0.0717676430940628
0.0669505149126053
0.0622537471354008
0.0575828216969967
0.0529322102665901
0.0483286269009113
0.0437374636530876
0.039125919342041
0.0345076471567154
0.0299688465893269
0.0253908764570951
0.0208787154406309
0.0164604410529137
0.0120781688019633
0.00773534225299954
0.00356106925755739
0.00252255494706333
0.000959942524787039
2.1032064978499e-12
0
0
1.54193458001828e-09
3.5170018009012e-09
8.4469604644255e-09
1.88052524663362e-08
4.36512976875747e-08
5.53019390281406e-08
8.29253963274823e-08
7.97326009660537e-08
8.49649381962081e-08
7.40507530849754e-08
5.53096839439604e-08
3.83001008685824e-08
3.00374480843857e-08
1.09257385361161e-08
1.53161749949504e-09
4.49503545496555e-10
-1.22805943192361e-09
-1.22805943192361e-09
