0.0
4.85608435583863e-15
1.6228947439384e-12
2.34504581551886e-12
3.4441969675586e-12
3.80336083807831e-12
4.28208380212625e-12
7.0670999434419e-12
1.63421914889383e-11
5.18465825827263e-11
7.67993516004317e-11
1.29157268213831e-10
2.17214496389673e-10
5.81947601219213e-10
2.89850388135449e-09
3.42974288969344e-08
2.08996553396901e-07
3.81499432933197e-07
4.83889152746997e-07
5.52462040559476e-07
6.01677299982839e-07
6.37949369775015e-07
6.67934500597767e-07
6.91559648657858e-07
7.06910952885664e-07
7.1930685408006e-07
7.28996553789329e-07
7.36311221771757e-07
7.42060933589528e-07
7.46141438412451e-07
7.491518090319e-07
7.5126848742002e-07
7.52423545691272e-07
7.52688208649488e-07
7.52621417632326e-07
7.51955951727723e-07
7.5070767024954e-07
7.48962634133932e-07
7.46721525501925e-07
7.44264241347992e-07
7.41476696930476e-07
7.38736332550616e-07
7.35615856228833e-07
7.32034891370859e-07
7.27731901406514e-07
7.23468076557765e-07
7.1936523227123e-07
7.14625457476359e-07
7.09201685822336e-07
7.0363438453569e-07
6.98337316862307e-07
6.92309299665794e-07
6.90697163463483e-07
6.87674116761627e-07
6.87373642449529e-07
6.8692054355779e-07
6.86693340412603e-07
6.86687030793109e-07
6.86678447436861e-07
6.86675207361986e-07
6.8667401365019e-07
6.86672194660787e-07
6.8667151253976e-07
6.86671285166085e-07
6.86670887262153e-07
6.86670830418734e-07
6.86670830418734e-07
6.86670830418734e-07
6.86670773575315e-07
6.86670773575315e-07
6.86670773575315e-07
6.86670773575315e-07
6.86670773575315e-07
6.86670773575315e-07
6.86670773575315e-07
6.86670773575315e-07
6.86670716731896e-07
6.86670716731896e-07
6.86670716731896e-07
6.86670716731896e-07
6.86670716731896e-07
6.86670716731896e-07
6.86670716731896e-07
6.86670716731896e-07
6.86670716731896e-07
6.86670659888478e-07
6.86670659888478e-07
6.86670659888478e-07
6.86670659888478e-07
6.86670659888478e-07
6.86670659888478e-07
6.86670659888478e-07
6.86670659888478e-07
6.86670603045059e-07
6.86670659888478e-07
6.86670603045059e-07
6.86670603045059e-07
6.86670603045059e-07
6.86670603045059e-07
6.86670603045059e-07
6.86670603045059e-07
6.86670603045059e-07
6.86670603045059e-07
6.86670603045059e-07
6.86670603045059e-07
6.8667054620164e-07
6.8667054620164e-07
6.8667054620164e-07
6.8667054620164e-07
6.8667054620164e-07
6.8667054620164e-07
6.8667054620164e-07
6.8667054620164e-07
6.8667054620164e-07
6.86670489358221e-07
6.86670489358221e-07
6.86670489358221e-07
6.86670489358221e-07
6.86670489358221e-07
6.86670489358221e-07
6.86670489358221e-07
6.86670489358221e-07
6.86670489358221e-07
6.86670432514802e-07
6.86670432514802e-07
6.86670432514802e-07
6.86670432514802e-07
6.86670432514802e-07
6.86670432514802e-07
6.86670432514802e-07
6.86670432514802e-07
6.86670432514802e-07
6.86670432514802e-07
6.86670375671383e-07
6.86670375671383e-07
6.86670375671383e-07
6.86670375671383e-07
6.86670375671383e-07
6.86670375671383e-07
6.86670375671383e-07
6.86670375671383e-07
6.86670375671383e-07
6.86670318827964e-07
6.86670318827964e-07
6.86670318827964e-07
6.86670318827964e-07
6.86670318827964e-07
6.86670318827964e-07
6.86670318827964e-07
6.86670318827964e-07
6.86670318827964e-07
6.86670261984546e-07
6.86670261984546e-07
6.86670261984546e-07
6.86670261984546e-07
6.86670261984546e-07
6.86670261984546e-07
6.86670261984546e-07
6.86670261984546e-07
6.86670261984546e-07
6.86670205141127e-07
6.86670205141127e-07
6.86670205141127e-07
6.86670205141127e-07
6.86670205141127e-07
6.86670205141127e-07
6.86670205141127e-07
6.86670205141127e-07
6.86670205141127e-07
6.86670205141127e-07
6.86670148297708e-07
6.86670148297708e-07
6.86670148297708e-07
6.86670148297708e-07
6.86670148297708e-07
6.86670148297708e-07
6.86670148297708e-07
6.86670148297708e-07
6.86670148297708e-07
6.86670091454289e-07
6.86670091454289e-07
6.86670091454289e-07
6.86670091454289e-07
6.86670091454289e-07
6.86670091454289e-07
6.86670091454289e-07
6.86670091454289e-07
6.86670091454289e-07
6.8667003461087e-07
6.8667003461087e-07
6.8667003461087e-07
6.8667003461087e-07
6.8667003461087e-07
6.8667003461087e-07
6.8667003461087e-07
6.8667003461087e-07
6.8667003461087e-07
6.8667003461087e-07
6.86669977767451e-07
6.86669977767451e-07
6.86669977767451e-07
6.86669977767451e-07
6.86669977767451e-07
6.86669977767451e-07
6.86669977767451e-07
6.86669977767451e-07
6.86669977767451e-07
6.86669920924032e-07
6.86669920924032e-07
6.86669920924032e-07
6.86669920924032e-07
6.86669920924032e-07
6.86669920924032e-07
6.86669920924032e-07
6.86669920924032e-07
6.86669920924032e-07
6.86669864080613e-07
6.86669864080613e-07
6.86669864080613e-07
6.86669864080613e-07
6.86669864080613e-07
6.86669864080613e-07
6.86669864080613e-07
6.86669864080613e-07
6.86669864080613e-07
6.86669807237195e-07
6.86669807237195e-07
6.86669807237195e-07
6.86669807237195e-07
6.86669807237195e-07
6.86669807237195e-07
6.86669807237195e-07
6.86669807237195e-07
6.86669807237195e-07
6.86669807237195e-07
6.86669750393776e-07
6.86669750393776e-07
6.86669750393776e-07
6.86669750393776e-07
6.86669750393776e-07
6.86669750393776e-07
6.86669750393776e-07
6.86669750393776e-07
6.86669693550357e-07
6.86669693550357e-07
6.86669693550357e-07
6.86669693550357e-07
6.86669693550357e-07
6.86669693550357e-07
6.86669693550357e-07
6.86669693550357e-07
6.86669693550357e-07
6.86669636706938e-07
6.86669636706938e-07
6.86669636706938e-07
6.86669636706938e-07
6.86669636706938e-07
6.86669636706938e-07
6.86669636706938e-07
6.86669636706938e-07
6.86669636706938e-07
6.86669636706938e-07
6.86669579863519e-07
6.86669579863519e-07
6.86669579863519e-07
6.86669579863519e-07
6.86669579863519e-07
6.86669579863519e-07
6.86669579863519e-07
6.86669579863519e-07
6.866695230201e-07
6.866695230201e-07
6.866695230201e-07
6.866695230201e-07
6.866695230201e-07
6.866695230201e-07
6.866695230201e-07
6.866695230201e-07
6.866695230201e-07
6.866695230201e-07
6.866695230201e-07
6.86669466176681e-07
6.86669466176681e-07
6.86669466176681e-07
6.86669466176681e-07
6.86669466176681e-07
6.86669466176681e-07
6.86669466176681e-07
6.86669466176681e-07
6.86669409333263e-07
6.86669409333263e-07
6.86669409333263e-07
6.86669409333263e-07
6.86669409333263e-07
6.86669409333263e-07
6.86669409333263e-07
6.86669409333263e-07
6.86669409333263e-07
6.86669352489844e-07
6.86669352489844e-07
6.86669352489844e-07
6.86669352489844e-07
6.86669352489844e-07
6.86669352489844e-07
6.86669352489844e-07
6.86669352489844e-07
6.86669352489844e-07
6.86669295646425e-07
6.86669295646425e-07
6.86669295646425e-07
6.86669295646425e-07
6.86669295646425e-07
6.86669295646425e-07
6.86669295646425e-07
6.86669295646425e-07
6.86669295646425e-07
6.86669295646425e-07
6.86669238803006e-07
6.86669238803006e-07
6.86669238803006e-07
6.86669238803006e-07
6.86669238803006e-07
6.86669238803006e-07
6.86669238803006e-07
6.86669238803006e-07
6.86669238803006e-07
6.86669238803006e-07
6.86669181959587e-07
6.86669181959587e-07
6.86669181959587e-07
6.86669181959587e-07
6.86669181959587e-07
6.86669181959587e-07
6.86669181959587e-07
6.86669181959587e-07
6.86669125116168e-07
6.86669125116168e-07
6.86669125116168e-07
6.86669125116168e-07
6.86669125116168e-07
6.86669125116168e-07
6.86669125116168e-07
6.86669125116168e-07
6.86669125116168e-07
6.86669125116168e-07
6.86669068272749e-07
6.86669068272749e-07
6.86669068272749e-07
6.86669068272749e-07
6.86669068272749e-07
6.86669068272749e-07
6.86669068272749e-07
6.86669068272749e-07
6.86669011429331e-07
6.86669011429331e-07
6.86669011429331e-07
6.86669011429331e-07
6.86669011429331e-07
6.86669011429331e-07
6.86669011429331e-07
6.86669011429331e-07
6.86669011429331e-07
6.86669011429331e-07
6.86668954585912e-07
6.86668954585912e-07
6.86668954585912e-07
6.86668954585912e-07
6.86668954585912e-07
6.86668954585912e-07
6.86668954585912e-07
6.86668954585912e-07
6.86668897742493e-07
6.86668897742493e-07
6.86668897742493e-07
6.86668897742493e-07
6.86668897742493e-07
6.86668897742493e-07
6.86668897742493e-07
6.86668897742493e-07
6.86668897742493e-07
6.86668897742493e-07
6.86668840899074e-07
6.86668840899074e-07
6.86668840899074e-07
6.86668840899074e-07
6.86668840899074e-07
6.86668840899074e-07
6.86668840899074e-07
6.86668840899074e-07
6.86668840899074e-07
6.86668784055655e-07
6.86668784055655e-07
6.86668784055655e-07
6.86668784055655e-07
6.86668784055655e-07
6.86668784055655e-07
6.86668784055655e-07
6.86668784055655e-07
6.86668784055655e-07
6.86668727212236e-07
6.86668727212236e-07
6.86668727212236e-07
6.86668727212236e-07
6.86668727212236e-07
6.86668727212236e-07
6.86668727212236e-07
6.86668727212236e-07
6.86668727212236e-07
6.86668670368817e-07
6.86668670368817e-07
6.86668670368817e-07
6.86668670368817e-07
6.86668670368817e-07
6.86668670368817e-07
6.86668670368817e-07
6.86668670368817e-07
6.86668670368817e-07
6.86668613525399e-07
6.86668613525399e-07
6.86668613525399e-07
6.86668613525399e-07
6.86668613525399e-07
6.86668613525399e-07
6.86668613525399e-07
6.86668613525399e-07
6.86668613525399e-07
6.86668613525399e-07
6.8666855668198e-07
6.8666855668198e-07
6.8666855668198e-07
6.8666855668198e-07
6.8666855668198e-07
6.8666855668198e-07
6.8666855668198e-07
6.8666855668198e-07
6.8666855668198e-07
6.86668499838561e-07
6.86668499838561e-07
6.86668499838561e-07
