0.0
2.458718384446e-08
3.08001062876428e-07
5.60955811579333e-07
1.30142370835529e-06
1.59554667789052e-06
2.09627341973828e-06
3.47101808984007e-06
5.80260348215234e-06
8.93764627107885e-06
1.00852575997123e-05
1.19854275908438e-05
1.54437184392009e-05
2.31018093472812e-05
3.72323229385074e-05
8.16907122498378e-05
0.000196246634004638
0.00032222195295617
0.00046989694237709
0.000614261487498879
0.000755205517634749
0.000889257877133787
0.00101932394318283
0.00114319252315909
0.00125466124154627
0.00135925656650215
0.00145671190693974
0.00154725927859545
0.00163179484661669
0.00170919694937766
0.00178055418655276
0.00184603536035866
0.0019054600270465
0.00195882190018892
0.0020070499740541
0.00204971246421337
0.00208668899722397
0.00211811764165759
0.00214394344948232
0.00216520298272371
0.00218153861351311
0.0021946516353637
0.00220301747322083
0.00220637186430395
0.0022037704475224
0.00219811988063157
0.00218997290357947
0.00217640656046569
0.00215798220597208
0.00213626027107239
0.00211266288533807
0.00208386033773422
0.00207596062682569
0.00206291675567627
0.00206175283528864
0.00206011650152504
0.00205933698453009
0.00205931556411088
0.00205928599461913
0.00205927505157888
0.00205927086062729
0.00205926457419991
0.00205926224589348
0.00205926154740155
0.00205926015041769
0.00205926015041769
0.00205925991758704
0.00205925991758704
0.00205925991758704
0.00205925991758704
0.00205925991758704
0.00205925991758704
0.0020592596847564
0.0020592596847564
0.0020592596847564
0.0020592596847564
0.0020592596847564
0.0020592596847564
0.0020592596847564
0.0020592596847564
0.0020592596847564
0.0020592596847564
0.00205925945192575
0.00205925945192575
0.00205925945192575
0.00205925945192575
0.00205925945192575
0.00205925945192575
0.00205925945192575
0.00205925945192575
0.00205925945192575
0.00205925945192575
0.00205925945192575
0.00205925921909511
0.00205925921909511
0.00205925921909511
0.00205925921909511
0.00205925921909511
0.00205925921909511
0.00205925921909511
0.00205925921909511
0.00205925921909511
0.00205925921909511
0.00205925921909511
0.00205925921909511
0.00205925921909511
0.00205925898626447
0.00205925898626447
0.00205925898626447
0.00205925898626447
0.00205925898626447
0.00205925898626447
0.00205925898626447
0.00205925898626447
0.00205925898626447
0.00205925898626447
0.00205925898626447
0.00205925875343382
0.00205925875343382
0.00205925875343382
0.00205925875343382
0.00205925875343382
0.00205925875343382
0.00205925875343382
0.00205925875343382
0.00205925875343382
0.00205925875343382
0.00205925875343382
0.00205925875343382
0.00205925852060318
0.00205925852060318
0.00205925852060318
0.00205925852060318
0.00205925852060318
0.00205925852060318
0.00205925852060318
0.00205925852060318
0.00205925852060318
0.00205925852060318
0.00205925852060318
0.00205925828777254
0.00205925828777254
0.00205925828777254
0.00205925828777254
0.00205925828777254
0.00205925828777254
0.00205925828777254
0.00205925828777254
0.00205925828777254
0.00205925828777254
0.00205925828777254
0.00205925805494189
0.00205925805494189
0.00205925805494189
0.00205925805494189
0.00205925805494189
0.00205925805494189
0.00205925805494189
0.00205925805494189
0.00205925805494189
0.00205925805494189
0.00205925782211125
0.00205925782211125
0.00205925782211125
0.00205925782211125
0.00205925782211125
0.00205925782211125
0.00205925782211125
0.00205925782211125
0.00205925782211125
0.00205925782211125
0.00205925782211125
0.00205925782211125
0.00205925758928061
0.00205925758928061
0.00205925758928061
0.00205925758928061
0.00205925758928061
0.00205925758928061
0.00205925758928061
0.00205925758928061
0.00205925758928061
0.00205925758928061
0.00205925758928061
0.00205925735644996
0.00205925735644996
0.00205925735644996
0.00205925735644996
0.00205925735644996
0.00205925735644996
0.00205925735644996
0.00205925735644996
0.00205925735644996
0.00205925735644996
0.00205925735644996
0.00205925712361932
0.00205925712361932
0.00205925712361932
0.00205925712361932
0.00205925712361932
0.00205925712361932
0.00205925712361932
0.00205925712361932
0.00205925712361932
0.00205925712361932
0.00205925712361932
0.00205925689078867
0.00205925689078867
0.00205925689078867
0.00205925689078867
0.00205925689078867
0.00205925689078867
0.00205925689078867
0.00205925689078867
0.00205925689078867
0.00205925689078867
0.00205925689078867
0.00205925665795803
0.00205925665795803
0.00205925665795803
0.00205925665795803
0.00205925665795803
0.00205925665795803
0.00205925665795803
0.00205925665795803
0.00205925665795803
0.00205925665795803
0.00205925665795803
0.00205925642512739
0.00205925642512739
0.00205925642512739
0.00205925642512739
0.00205925642512739
0.00205925642512739
0.00205925642512739
0.00205925642512739
0.00205925642512739
0.00205925642512739
0.00205925642512739
0.00205925642512739
0.00205925619229674
0.00205925619229674
0.00205925619229674
0.00205925619229674
0.00205925619229674
0.00205925619229674
0.00205925619229674
0.00205925619229674
0.00205925619229674
0.00205925619229674
0.0020592559594661
0.0020592559594661
0.0020592559594661
0.0020592559594661
0.0020592559594661
0.0020592559594661
0.0020592559594661
0.0020592559594661
0.0020592559594661
0.0020592559594661
0.0020592559594661
0.00205925572663546
0.00205925572663546
0.00205925572663546
0.00205925572663546
0.00205925572663546
0.00205925572663546
0.00205925572663546
0.00205925572663546
0.00205925572663546
0.00205925572663546
0.00205925572663546
0.00205925549380481
0.00205925549380481
0.00205925549380481
0.00205925549380481
0.00205925549380481
0.00205925549380481
0.00205925549380481
0.00205925549380481
0.00205925549380481
0.00205925549380481
0.00205925549380481
0.00205925526097417
0.00205925526097417
0.00205925526097417
0.00205925526097417
0.00205925526097417
0.00205925526097417
0.00205925526097417
0.00205925526097417
0.00205925526097417
0.00205925526097417
0.00205925526097417
0.00205925502814353
0.00205925502814353
0.00205925502814353
0.00205925502814353
0.00205925502814353
0.00205925502814353
0.00205925502814353
0.00205925502814353
0.00205925502814353
0.00205925502814353
0.00205925502814353
0.00205925479531288
0.00205925479531288
0.00205925479531288
0.00205925479531288
0.00205925479531288
0.00205925479531288
0.00205925479531288
0.00205925479531288
0.00205925479531288
0.00205925479531288
0.00205925479531288
0.00205925456248224
0.00205925456248224
0.00205925456248224
0.00205925456248224
0.00205925456248224
0.00205925456248224
0.00205925456248224
0.00205925456248224
0.00205925456248224
0.00205925456248224
0.00205925456248224
0.00205925456248224
0.00205925432965159
0.00205925432965159
0.00205925432965159
0.00205925432965159
0.00205925432965159
0.00205925432965159
0.00205925432965159
0.00205925432965159
0.00205925432965159
0.00205925432965159
0.00205925432965159
0.00205925409682095
0.00205925409682095
0.00205925409682095
0.00205925409682095
0.00205925409682095
0.00205925409682095
0.00205925409682095
0.00205925409682095
0.00205925409682095
0.00205925409682095
0.00205925386399031
0.00205925386399031
0.00205925386399031
0.00205925386399031
0.00205925386399031
0.00205925386399031
0.00205925386399031
0.00205925386399031
0.00205925386399031
0.00205925386399031
0.00205925386399031
0.00205925363115966
0.00205925363115966
0.00205925363115966
0.00205925363115966
0.00205925363115966
0.00205925363115966
0.00205925363115966
0.00205925363115966
0.00205925363115966
0.00205925363115966
0.00205925339832902
0.00205925339832902
0.00205925339832902
0.00205925339832902
0.00205925339832902
0.00205925339832902
0.00205925339832902
0.00205925339832902
0.00205925339832902
0.00205925339832902
0.00205925339832902
0.00205925339832902
0.00205925316549838
0.00205925316549838
0.00205925316549838
0.00205925316549838
0.00205925316549838
0.00205925316549838
0.00205925316549838
0.00205925316549838
0.00205925316549838
0.00205925316549838
0.00205925316549838
0.00205925293266773
0.00205925293266773
0.00205925293266773
0.00205925293266773
0.00205925293266773
0.00205925293266773
0.00205925293266773
0.00205925293266773
0.00205925293266773
0.00205925293266773
0.00205925293266773
0.00205925269983709
0.00205925269983709
0.00205925269983709
0.00205925269983709
0.00205925269983709
0.00205925269983709
0.00205925269983709
0.00205925269983709
0.00205925269983709
0.00205925269983709
0.00205925246700644
0.00205925246700644
0.00205925246700644
0.00205925246700644
0.00205925246700644
0.00205925246700644
0.00205925246700644
0.00205925246700644
0.00205925246700644
0.00205925246700644
0.00205925246700644
0.00205925246700644
0.00205925246700644
0.0020592522341758
0.0020592522341758
0.0020592522341758
0.0020592522341758
0.0020592522341758
0.0020592522341758
0.0020592522341758
0.0020592522341758
0.0020592522341758
0.0020592522341758
0.00205925200134516
0.00205925200134516
