0.0
-1.05136757611035e-06
-1.40335112064349e-06
-2.21455684368266e-06
-5.45821740161045e-06
-6.19160027781618e-06
-7.14981933924719e-06
-8.52745779411634e-06
-1.04457758425269e-05
-1.14464755824883e-05
-1.07995574580855e-05
-1.08273234218359e-05
-1.58372258738382e-05
-1.96337168745231e-05
-2.93473294732394e-05
-3.64780134987086e-05
-6.08530972385779e-05
-0.000105913728475571
-0.000164427779964171
-0.000250939890975133
-0.000361830898327753
-0.000456489768112078
-0.000542441965080798
-0.000614333956036717
-0.000674090057145804
-0.000720234005711973
-0.000751375628169626
-0.000768626574426889
-0.000772685161791742
-0.000772682076785713
-0.000772680155932903
-0.000772679399233311
-0.000772679049987346
-0.000772680097725242
-0.000772684637922794
-0.000772689236328006
-0.000772694242186844
-0.000772694649640471
-0.000772691739257425
-0.000772685918491334
-0.000772682193201035
-0.00077268248423934
-0.000772684346884489
-0.000772687315475196
-0.000772691273596138
-0.000772696570493281
-0.000772703322581947
-0.000772707455325872
-0.000772709085140377
-0.000772703846450895
-0.000772696745116264
-0.000772689993027598
-0.00077268184395507
-0.000772677827626467
-0.00077267677988857
-0.000772680912632495
-0.000772687140852213
-0.000772691448219121
-0.000772699539083987
-0.000772699655499309
-0.000772699830122292
-0.000772699830122292
-0.000772699830122292
-0.000772699830122292
-0.000772699830122292
-0.000772699830122292
-0.000772699830122292
-0.000772699830122292
-0.000772699830122292
-0.000772699830122292
-0.000772699830122292
-0.000772699830122292
-0.000772699830122292
-0.000772699830122292
-0.000772699830122292
-0.000772699830122292
-0.000772699830122292
-0.000772699830122292
-0.000772699830122292
-0.000772699830122292
-0.000772699830122292
-0.000772699830122292
-0.000772699830122292
-0.000772699830122292
-0.000772699830122292
-0.000772699830122292
-0.000772699830122292
-0.000772699830122292
-0.000772699830122292
-0.000772699830122292
-0.000772699830122292
-0.000772699830122292
-0.000772699830122292
-0.000772699830122292
-0.000772699830122292
-0.000772699830122292
-0.000772699830122292
-0.000772699830122292
-0.000772699830122292
-0.000772699830122292
-0.000772699830122292
-0.000772699830122292
-0.000772699830122292
-0.000772699830122292
-0.000772699830122292
-0.000772699830122292
-0.000772699830122292
-0.000772699830122292
-0.000772699830122292
-0.000772699830122292
-0.000772699830122292
-0.000772699830122292
-0.000772699830122292
-0.000772699830122292
-0.000772699830122292
-0.000772699830122292
-0.000772699830122292
-0.000772699830122292
-0.000772699830122292
-0.000772699830122292
-0.000772699830122292
-0.000772699830122292
-0.000772699830122292
-0.000772699830122292
-0.000772699830122292
-0.000772699830122292
-0.000772699830122292
-0.000772699830122292
-0.000772699830122292
-0.000772699830122292
-0.000772699830122292
-0.000772699830122292
-0.000772699830122292
-0.000772699830122292
-0.000772699830122292
-0.000772699830122292
-0.000772699830122292
-0.000772699830122292
-0.000772699830122292
-0.000772699830122292
-0.000772699830122292
-0.000772699830122292
-0.000772699830122292
-0.000772699830122292
-0.000772699830122292
-0.000772699830122292
-0.000772699830122292
-0.000772699830122292
-0.000772699830122292
-0.000772699830122292
-0.000772699830122292
-0.000772699830122292
-0.000772699830122292
-0.000772699830122292
-0.000772699830122292
-0.000772699830122292
-0.000772699830122292
-0.000772699830122292
-0.000772699830122292
-0.000772699830122292
-0.000772699830122292
-0.000772699830122292
-0.000772699830122292
-0.000772699830122292
-0.000772699830122292
-0.000772699830122292
-0.000772699830122292
-0.000772699830122292
-0.000772699830122292
-0.000772699830122292
-0.000772699830122292
-0.000772699830122292
-0.000772699830122292
-0.000772699830122292
-0.000772699830122292
-0.000772699830122292
-0.000772699830122292
-0.000772699830122292
-0.000772699830122292
-0.000772699830122292
-0.000772699830122292
-0.000772699830122292
-0.000772699830122292
-0.000772699830122292
-0.000772699830122292
-0.000772699830122292
-0.000772699830122292
-0.000772699830122292
-0.000772699830122292
-0.000772699830122292
-0.000772699830122292
-0.000772699830122292
-0.000772699830122292
-0.000772699830122292
-0.000772699830122292
-0.000772699830122292
-0.000772699830122292
-0.000772699830122292
-0.000772699830122292
-0.000772699830122292
-0.000772699830122292
-0.000772699830122292
-0.000772699830122292
-0.000772699830122292
-0.000772699830122292
-0.000772699830122292
-0.000772699830122292
-0.000772699830122292
-0.000772699830122292
-0.000772699830122292
-0.000772699830122292
-0.000772699830122292
-0.000772699830122292
-0.000772699830122292
-0.000772699830122292
-0.000772699830122292
-0.000772699830122292
-0.000772699830122292
-0.000772699830122292
-0.000772699830122292
-0.000772699830122292
-0.000772699830122292
-0.000772699830122292
-0.000772699830122292
-0.000772699830122292
-0.000772699830122292
-0.000772699830122292
-0.000772699830122292
-0.000772699830122292
-0.000772699830122292
-0.000772699830122292
-0.000772699830122292
-0.000772699830122292
-0.000772699830122292
-0.000772699830122292
-0.000772699830122292
-0.000772699830122292
-0.000772699830122292
-0.000772699830122292
-0.000772699830122292
-0.000772699830122292
-0.000772699830122292
-0.000772699830122292
-0.000772699830122292
-0.000772699830122292
-0.000772699830122292
-0.000772699830122292
-0.000772699830122292
-0.000772699830122292
-0.000772699830122292
-0.000772699830122292
-0.000772699830122292
-0.000772699830122292
-0.000772699830122292
-0.000772699830122292
-0.000772699830122292
-0.000772699830122292
-0.000772699830122292
-0.000772699830122292
-0.000772699830122292
-0.000772699830122292
-0.000772699830122292
-0.000772699830122292
-0.000772699830122292
-0.000772699830122292
-0.000772699830122292
-0.000772699830122292
-0.000772699830122292
-0.000772699830122292
-0.000772699830122292
-0.000772699830122292
-0.000772699830122292
-0.000772699830122292
-0.000772699830122292
-0.000772699830122292
-0.000772699830122292
-0.000772699830122292
-0.000772699830122292
-0.000772699830122292
-0.000772699830122292
-0.000772699830122292
-0.000772699830122292
-0.000772699830122292
-0.000772699830122292
-0.000772699830122292
-0.000772699830122292
-0.000772699830122292
-0.000772699830122292
-0.000772699830122292
-0.000772699830122292
-0.000772699830122292
-0.000772699830122292
-0.000772699830122292
-0.000772699830122292
-0.000772699830122292
-0.000772699830122292
-0.000772699830122292
-0.000772699830122292
-0.000772699830122292
-0.000772699830122292
-0.000772699830122292
-0.000772699830122292
-0.000772699830122292
-0.000772699830122292
-0.000772699830122292
-0.000772699830122292
-0.000772699830122292
-0.000772699830122292
-0.000772699830122292
-0.000772699830122292
-0.000772699830122292
-0.000772699830122292
-0.000772699830122292
-0.000772699830122292
-0.000772699830122292
-0.000772699830122292
-0.000772699830122292
-0.000772699830122292
-0.000772699830122292
-0.000772699830122292
-0.000772699830122292
-0.000772699830122292
-0.000772699830122292
-0.000772699830122292
-0.000772699830122292
-0.000772699830122292
-0.000772699830122292
-0.000772699830122292
-0.000772699830122292
-0.000772699830122292
-0.000772699830122292
-0.000772699830122292
-0.000772699830122292
-0.000772699830122292
-0.000772699830122292
-0.000772699830122292
-0.000772699830122292
-0.000772699830122292
-0.000772699830122292
-0.000772699830122292
-0.000772699830122292
-0.000772699830122292
-0.000772699830122292
-0.000772699830122292
-0.000772699830122292
-0.000772699830122292
-0.000772699830122292
-0.000772699830122292
-0.000772699830122292
-0.000772699830122292
-0.000772699830122292
-0.000772699830122292
-0.000772699830122292
-0.000772699830122292
-0.000772699830122292
-0.000772699830122292
-0.000772699830122292
-0.000772699830122292
-0.000772699830122292
-0.000772699830122292
-0.000772699830122292
-0.000772699830122292
-0.000772699830122292
-0.000772699830122292
-0.000772699830122292
-0.000772699830122292
-0.000772699830122292
-0.000772699830122292
-0.000772699830122292
-0.000772699830122292
-0.000772699830122292
-0.000772699830122292
-0.000772699830122292
-0.000772699830122292
-0.000772699830122292
-0.000772699830122292
-0.000772699830122292
-0.000772699830122292
-0.000772699830122292
-0.000772699830122292
-0.000772699830122292
-0.000772699830122292
-0.000772699830122292
-0.000772699830122292
-0.000772699830122292
-0.000772699830122292
-0.000772699830122292
-0.000772699830122292
-0.000772699830122292
-0.000772699830122292
-0.000772699830122292
-0.000772699830122292
-0.000772699830122292
-0.000772699830122292
-0.000772699830122292
-0.000772699830122292
-0.000772699830122292
-0.000772699830122292
-0.000772699830122292
-0.000772699830122292
-0.000772699830122292
-0.000772699830122292
-0.000772699830122292
-0.000772699830122292
-0.000772699830122292
-0.000772699830122292
-0.000772699830122292
-0.000772699830122292
-0.000772699830122292
-0.000772699830122292
-0.000772699830122292
-0.000772699830122292
-0.000772699830122292
-0.000772699830122292
-0.000772699830122292
-0.000772699830122292
-0.000772699830122292
-0.000772699830122292
-0.000772699830122292
-0.000772699830122292
-0.000772699830122292
-0.000772699830122292
-0.000772699830122292
-0.000772699830122292
-0.000772699830122292
-0.000772699830122292
-0.000772699830122292
-0.000772699830122292
-0.000772699830122292
-0.000772699830122292
-0.000772699830122292
-0.000772699830122292
-0.000772699830122292
-0.000772699830122292
-0.000772699830122292
-0.000772699830122292
-0.000772699830122292
-0.000772699830122292
-0.000772699830122292
-0.000772699830122292
-0.000772699830122292
-0.000772699830122292
-0.000772699830122292
-0.000772699830122292
-0.000772699830122292
-0.000772699830122292
-0.000772699830122292
-0.000772699830122292
-0.000772699830122292
-0.000772699830122292
-0.000772699830122292
-0.000772699830122292
-0.000772699830122292
-0.000772699830122292
-0.000772699830122292
-0.000772699830122292
-0.000772699830122292
-0.000772699830122292
-0.000772699830122292
-0.000772699830122292
-0.000772699830122292
-0.000772699830122292
-0.000772699830122292
-0.000772699830122292
-0.000772699830122292
-0.000772699830122292
-0.000772699830122292
-0.000772699830122292
-0.000772699830122292
-0.000772699830122292
-0.000772699830122292
-0.000772699830122292
-0.000772699830122292
-0.000772699830122292
-0.000772699830122292
-0.000772699830122292
-0.000772699830122292
-0.000772699830122292
-0.000772699830122292
-0.000772699830122292
-0.000772699830122292
-0.000772699830122292
-0.000772699830122292
-0.000772699830122292
-0.000772699830122292
-0.000772699830122292
-0.000772699830122292
-0.000772699830122292
-0.000772699830122292
-0.000772699830122292
-0.000772699830122292
-0.000772699830122292
-0.000772699830122292
-0.000772699830122292
-0.000772699830122292
-0.000772699830122292
-0.000772699830122292
-0.000772699830122292
-0.000772699830122292
-0.000772699830122292
-0.000772699830122292
