0.0
2.32190154747514e-06
1.17026802399778e-05
2.90659972961294e-05
5.53540885448456e-05
6.38368946965784e-05
7.82615970820189e-05
0.000103545200545341
0.000150344174471684
0.000218346511246637
0.000297391350613907
0.00038533573388122
0.000483366282423958
0.000509981415234506
0.000551530334632844
0.000567533425055444
0.000591616961173713
0.000626828405074775
0.000677432864904404
0.000748955470044166
0.000839744927361608
0.000920158810913563
0.00099019636400044
0.00104913068935275
0.00109703151974827
0.00113331142347306
0.00115772371646017
0.00116981472820044
0.00117264944128692
0.00117265444714576
0.00117265956941992
0.00117266469169408
0.00117266993038356
0.00117267516907305
0.00117268052417785
0.00117268587928265
0.00117269135080278
0.00117269693873823
0.00117270252667367
0.0011727079981938
0.00117271346971393
0.00117271882481873
0.00117272394709289
0.00117272872012109
0.00117273337673396
0.00117273780051619
0.00117274187505245
0.00117274571675807
0.00117274920921773
0.00117275235243142
0.00117275514639914
0.00117275770753622
0.00117275991942734
0.00117276189848781
0.00117276376113296
0.00117276515811682
0.00117276632227004
0.00117276713717729
0.00117276737000793
0.00117276737000793
0.00117276737000793
0.00117276737000793
0.00117276737000793
0.00117276737000793
0.00117276737000793
0.00117276737000793
0.00117276737000793
0.00117276737000793
0.00117276737000793
0.00117276737000793
0.00117276737000793
0.00117276737000793
0.00117276737000793
0.00117276737000793
0.00117276737000793
0.00117276737000793
0.00117276737000793
0.00117276737000793
0.00117276737000793
0.00117276737000793
0.00117276737000793
0.00117276737000793
0.00117276737000793
0.00117276737000793
0.00117276737000793
0.00117276737000793
0.00117276737000793
0.00117276737000793
0.00117276737000793
0.00117276737000793
0.00117276737000793
0.00117276737000793
0.00117276737000793
0.00117276737000793
0.00117276737000793
0.00117276737000793
0.00117276737000793
0.00117276737000793
0.00117276737000793
0.00117276737000793
0.00117276737000793
0.00117276737000793
0.00117276737000793
0.00117276737000793
0.00117276737000793
0.00117276737000793
0.00117276737000793
0.00117276737000793
0.00117276737000793
0.00117276737000793
0.00117276737000793
0.00117276737000793
0.00117276737000793
0.00117276737000793
0.00117276737000793
0.00117276737000793
0.00117276737000793
0.00117276737000793
0.00117276737000793
0.00117276737000793
0.00117276737000793
0.00117276737000793
0.00117276737000793
0.00117276737000793
0.00117276737000793
0.00117276737000793
0.00117276737000793
0.00117276737000793
0.00117276737000793
0.00117276737000793
0.00117276737000793
0.00117276737000793
0.00117276737000793
0.00117276737000793
0.00117276737000793
0.00117276737000793
0.00117276737000793
0.00117276737000793
0.00117276737000793
0.00117276737000793
0.00117276737000793
0.00117276737000793
0.00117276737000793
0.00117276737000793
0.00117276737000793
0.00117276737000793
0.00117276737000793
0.00117276737000793
0.00117276737000793
0.00117276737000793
0.00117276737000793
0.00117276737000793
0.00117276737000793
0.00117276737000793
0.00117276737000793
0.00117276737000793
0.00117276737000793
0.00117276737000793
0.00117276737000793
0.00117276737000793
0.00117276737000793
0.00117276737000793
0.00117276737000793
0.00117276737000793
0.00117276737000793
0.00117276737000793
0.00117276737000793
0.00117276737000793
0.00117276737000793
0.00117276737000793
0.00117276737000793
0.00117276737000793
0.00117276737000793
0.00117276737000793
0.00117276737000793
0.00117276737000793
0.00117276737000793
0.00117276737000793
0.00117276737000793
0.00117276737000793
0.00117276737000793
0.00117276737000793
0.00117276737000793
0.00117276737000793
0.00117276737000793
0.00117276737000793
0.00117276737000793
0.00117276737000793
0.00117276737000793
0.00117276737000793
0.00117276737000793
0.00117276737000793
0.00117276737000793
0.00117276737000793
0.00117276737000793
0.00117276737000793
0.00117276737000793
0.00117276737000793
0.00117276737000793
0.00117276737000793
0.00117276737000793
0.00117276737000793
0.00117276737000793
0.00117276737000793
0.00117276737000793
0.00117276737000793
0.00117276737000793
0.00117276737000793
0.00117276737000793
0.00117276737000793
0.00117276737000793
0.00117276737000793
0.00117276737000793
0.00117276737000793
0.00117276737000793
0.00117276737000793
0.00117276737000793
0.00117276737000793
0.00117276737000793
0.00117276737000793
0.00117276737000793
0.00117276737000793
0.00117276737000793
0.00117276737000793
0.00117276737000793
0.00117276737000793
0.00117276737000793
0.00117276737000793
0.00117276737000793
0.00117276737000793
0.00117276737000793
0.00117276737000793
0.00117276737000793
0.00117276737000793
0.00117276737000793
0.00117276737000793
0.00117276737000793
0.00117276737000793
0.00117276737000793
0.00117276737000793
0.00117276737000793
0.00117276737000793
0.00117276737000793
0.00117276737000793
0.00117276737000793
0.00117276737000793
0.00117276737000793
0.00117276737000793
0.00117276737000793
0.00117276737000793
0.00117276737000793
0.00117276737000793
0.00117276737000793
0.00117276737000793
0.00117276737000793
0.00117276737000793
0.00117276737000793
0.00117276737000793
0.00117276737000793
0.00117276737000793
0.00117276737000793
0.00117276737000793
0.00117276737000793
0.00117276737000793
0.00117276737000793
0.00117276737000793
0.00117276737000793
0.00117276737000793
0.00117276737000793
0.00117276737000793
0.00117276737000793
0.00117276737000793
0.00117276737000793
0.00117276737000793
0.00117276737000793
0.00117276737000793
0.00117276737000793
0.00117276737000793
0.00117276737000793
0.00117276737000793
0.00117276737000793
0.00117276737000793
0.00117276737000793
0.00117276737000793
0.00117276737000793
0.00117276737000793
0.00117276737000793
0.00117276737000793
0.00117276737000793
0.00117276737000793
0.00117276737000793
0.00117276737000793
0.00117276737000793
0.00117276737000793
0.00117276737000793
0.00117276737000793
0.00117276737000793
0.00117276737000793
0.00117276737000793
0.00117276737000793
0.00117276737000793
0.00117276737000793
0.00117276737000793
0.00117276737000793
0.00117276737000793
0.00117276737000793
0.00117276737000793
0.00117276737000793
0.00117276737000793
0.00117276737000793
0.00117276737000793
0.00117276737000793
0.00117276737000793
0.00117276737000793
0.00117276737000793
0.00117276737000793
0.00117276737000793
0.00117276737000793
0.00117276737000793
0.00117276737000793
0.00117276737000793
0.00117276737000793
0.00117276737000793
0.00117276737000793
0.00117276737000793
0.00117276737000793
0.00117276737000793
0.00117276737000793
0.00117276737000793
0.00117276737000793
0.00117276737000793
0.00117276737000793
0.00117276737000793
0.00117276737000793
0.00117276737000793
0.00117276737000793
0.00117276737000793
0.00117276737000793
0.00117276737000793
0.00117276737000793
0.00117276737000793
0.00117276737000793
0.00117276737000793
0.00117276737000793
0.00117276737000793
0.00117276737000793
0.00117276737000793
0.00117276737000793
0.00117276737000793
0.00117276737000793
0.00117276737000793
0.00117276737000793
0.00117276737000793
0.00117276737000793
0.00117276737000793
0.00117276737000793
0.00117276737000793
0.00117276737000793
0.00117276737000793
0.00117276737000793
0.00117276737000793
0.00117276737000793
0.00117276737000793
0.00117276737000793
0.00117276737000793
0.00117276737000793
0.00117276737000793
0.00117276737000793
0.00117276737000793
0.00117276737000793
0.00117276737000793
0.00117276737000793
0.00117276737000793
0.00117276737000793
0.00117276737000793
0.00117276737000793
0.00117276737000793
0.00117276737000793
0.00117276737000793
0.00117276737000793
0.00117276737000793
0.00117276737000793
0.00117276737000793
0.00117276737000793
0.00117276737000793
0.00117276737000793
0.00117276737000793
0.00117276737000793
0.00117276737000793
0.00117276737000793
0.00117276737000793
0.00117276737000793
0.00117276737000793
0.00117276737000793
0.00117276737000793
0.00117276737000793
0.00117276737000793
0.00117276737000793
0.00117276737000793
0.00117276737000793
0.00117276737000793
0.00117276737000793
0.00117276737000793
0.00117276737000793
0.00117276737000793
0.00117276737000793
0.00117276737000793
0.00117276737000793
0.00117276737000793
0.00117276737000793
0.00117276737000793
0.00117276737000793
0.00117276737000793
0.00117276737000793
0.00117276737000793
0.00117276737000793
0.00117276737000793
0.00117276737000793
0.00117276737000793
0.00117276737000793
0.00117276737000793
0.00117276737000793
0.00117276737000793
0.00117276737000793
0.00117276737000793
0.00117276737000793
0.00117276737000793
0.00117276737000793
0.00117276737000793
0.00117276737000793
0.00117276737000793
0.00117276737000793
0.00117276737000793
0.00117276737000793
0.00117276737000793
0.00117276737000793
0.00117276737000793
0.00117276737000793
0.00117276737000793
0.00117276737000793
0.00117276737000793
0.00117276737000793
0.00117276737000793
0.00117276737000793
0.00117276737000793
0.00117276737000793
0.00117276737000793
0.00117276737000793
0.00117276737000793
0.00117276737000793
0.00117276737000793
0.00117276737000793
0.00117276737000793
0.00117276737000793
0.00117276737000793
0.00117276737000793
0.00117276737000793
0.00117276737000793
0.00117276737000793
0.00117276737000793
0.00117276737000793
0.00117276737000793
0.00117276737000793
0.00117276737000793
0.00117276737000793
0.00117276737000793
0.00117276737000793
0.00117276737000793
0.00117276737000793
0.00117276737000793
0.00117276737000793
0.00117276737000793
0.00117276737000793
0.00117276737000793
0.00117276737000793
0.00117276737000793
0.00117276737000793
0.00117276737000793
0.00117276737000793
0.00117276737000793
0.00117276737000793
0.00117276737000793
0.00117276737000793
0.00117276737000793
0.00117276737000793
0.00117276737000793
0.00117276737000793
0.00117276737000793
0.00117276737000793
0.00117276737000793
0.00117276737000793
0.00117276737000793
0.00117276737000793
0.00117276737000793
0.00117276737000793
0.00117276737000793
0.00117276737000793
0.00117276737000793
0.00117276737000793
0.00117276737000793
0.00117276737000793
