0.0
2.6336911105318e-06
1.23139225252089e-05
3.56701712007634e-05
7.90547637734562e-05
0.000141562355565839
0.000220770598389208
0.000315381825203076
0.000421950593590736
0.000450251012807712
0.000479624257422984
0.000510800688061863
0.000544160371646285
0.000552807759959251
0.000561555905733258
0.000563757726922631
0.000565964903216809
0.000567623588722199
0.000568869349081069
0.000569804629776627
0.000570740608964115
0.000571442942600697
0.000572145567275584
0.000572848482988775
0.00057355168974027
0.000574255187530071
0.000574959034565836
0.000575663289055228
0.000576368009205908
0.000577073136810213
0.000577778730075806
0.000578837876673788
0.000579898071009666
0.000580693711526692
0.000581290747504681
0.000581888016313314
0.000582784356083721
0.000584129826165736
0.000584466324653476
0.000584802939556539
0.000585139612667263
0.000585476285777986
0.00058581301709637
0.000586149806622416
0.0005864865379408
0.000586823269259185
0.000587159942369908
0.000587496557272971
0.000587833055760711
0.000588169612456113
0.000588674505706877
0.000589179631788284
0.000589684932492673
0.000590190466027707
0.000590696232393384
0.000591455318499357
0.000592594791669399
0.000594306038692594
0.000596877303905785
0.000599453749600798
0.000602035317569971
0.000605917244683951
0.000611774972639978
0.000620658742263913
0.000634193362202495
0.000654923671390861
0.000658864446450025
0.000659852114040405
0.00066084077116102
0.000662325590383261
0.00066344061633572
0.000664556864649057
0.000665394763927907
0.000666233245283365
0.000667072366923094
0.000667912012431771
0.000668752240017056
0.000669592991471291
0.000670434383209795
0.000671276298817247
0.000671908084768802
0.000672540161758661
0.000673172529786825
0.000673805247060955
0.000674438255373389
0.000675071554724127
0.000675705203320831
0.00067633914295584
0.000676973373629153
0.00067760789534077
0.000678560172673315
0.000679989869240671
0.00068213720805943
0.00068294326774776
0.000683749851305038
0.000684556842315942
0.000685364298988134
0.000686172279529274
0.000687385036144406
0.000688598840497434
0.000689813692588359
0.00069102953420952
0.000691333611030132
0.000691637804266065
0.000691941997501999
0.000692246307153255
0.00069255061680451
0.000692854984663427
0.000693159410730004
0.000693463895004243
0.000693768379278481
0.000694072863552719
0.000694529677275568
0.000694986549206078
0.000695443479344249
0.000695900584105402
0.000696357805281878
0.000696815142873675
0.000697501469403505
0.000698531570378691
0.000700078089721501
0.000702401041053236
0.000705892569385469
0.000711145345121622
0.000716417387593538
0.000721710501238704
0.000723701086826622
0.000726692378520966
0.000729689898435026
0.000732694112230092
0.000735708163119853
0.000740252027753741
0.000744823017157614
0.000749420607462525
0.000756364723201841
0.000763364660087973
0.000770419370383024
0.000772191386204213
0.000773966545239091
0.000775744789279997
0.000777525943703949
0.000779310066718608
0.000781097041908652
0.000783782918006182
0.000784791773185134
0.000786306743975729
0.000786875374615192
0.0007874442380853
0.000788013334386051
0.000788582663517445
0.000789152167271823
0.000789721787441522
0.000790291524026543
0.000790861377026886
0.000791431171819568
0.00079200096661225
0.000792570936027914
0.000793141138274223
0.000793711631558836
0.000794282474089414
0.000795139232650399
0.000796425680164248
0.000798358116298914
0.000801263144239783
0.000805634539574385
0.000812222366221249
0.00082217191811651
0.000837251893244684
0.000860210799146444
0.000883556029293686
0.000895365606993437
0.000904276501387358
0.000905952125322074
0.00090720976004377
0.000907524256035686
0.000907996145542711
0.000908704067114741
0.000909235212020576
0.000909766356926411
0.000910297560039908
0.000910828763153404
0.0009113599662669
0.000911891052965075
0.000912422023247927
0.00091295299353078
0.000913484080228955
0.000914015283342451
0.00091454666107893
0.000915078213438392
0.000915875833015889
0.000917072989977896
0.000918870326131582
0.000921569822821766
0.000925627129618078
0.000931731367018074
0.00094092806102708
0.000954813149292022
0.000975836825091392
0.000997083727270365
0.00101854314561933
0.00104020594153553
0.00107305985875428
0.00108548789285123
0.00110423553269356
0.00110467639751732
0.0011051173787564
0.00110555835999548
0.00110599945764989
0.00110666127875447
0.00110765418503433
0.0011091441847384
0.00111138063948601
0.00111194001510739
0.00111249950714409
0.00111305911559612
0.00111361872404814
0.0011141785653308
0.00111473840661347
0.00111529848072678
0.00111585855484009
0.00111641874536872
0.00111725926399231
0.00111852039117366
0.00112041318789124
0.0011232546530664
0.00112752185668796
0.00113393389619887
0.00114357669372112
0.00115809519775212
0.00117999291978776
0.00121310236863792
0.00126330321654677
0.00133963767439127
0.00135889789089561
0.00137822015676647
0.00137942971196026
0.00138033705297858
0.00138124451041222
0.00138215196784586
0.00138305954169482
0.0013839672319591
0.00138487492222339
0.00138578261248767
0.00138669041916728
0.00138759822584689
0.00138827890623361
0.00138878938741982
0.00138929940294474
0.00138980871997774
0.0013903173385188
0.00139082549139857
0.0013913334114477
0.00139184109866619
0.0013923489023
0.00139285682234913
0.00139336485881358
0.00139387312810868
0.00139463564846665
0.00139578001108021
0.00139749748632312
0.00140007538720965
0.0014039451489225
0.00140975462272763
0.00141847878694534
0.00143158505670726
0.00145128543954343
0.00148091767914593
0.00152551790233701
0.00157026096712798
0.00161510601174086
0.00166001543402672
0.00170496560167521
0.00174994522240013
0.0017951336922124
0.00184100191108882
0.00188775104470551
0.00189955963287503
0.00191734696272761
0.00192403804976493
0.00193409295752645
0.00193660974036902
0.00193849788047373
0.00193897006101906
0.00193944224156439
0.0019399143056944
0.0019406225765124
0.00194133073091507
0.00194150779861957
0.00194168486632407
0.00194195040967315
0.00194221583660692
0.00194248114712536
0.00194274622481316
0.00194301118608564
0.0019432760309428
0.00194367277435958
0.00194426730740815
0.00194486149121076
0.00194545567501336
0.00194604974240065
0.00194664404261857
0.0019472383428365
0.00194783287588507
0.00194872508291155
0.00195006420835853
0.00195207446813583
0.00195509265176952
0.00195811316370964
0.00196113577112556
0.00196567317470908
0.00197248626500368
0.00198271917179227
0.00199809414334595
0.00200386648066342
0.00201253220438957
0.00201578461565077
0.00202066707424819
0.00202799797989428
0.00203901040367782
0.00205555954016745
0.00205659493803978
0.00205737166106701
0.00205814838409424
0.00205892487429082
0.00205970159731805
0.00206047832034528
0.00206164317205548
0.00206251698546112
0.00206339056603611
0.00206426414661109
0.00206513772718608
0.00206601130776107
0.00206732214428484
0.00206928863190114
0.00207224115729332
0.00207667564973235
0.00208333949558437
0.00209336169064045
0.00210845028050244
0.00211412482894957
0.00212265155278146
0.002122851787135
0.0021230517886579
0.0021232517901808
0.00212355190888047
0.0021240022033453
0.00212445249781013
0.00212490279227495
0.00212557823397219
0.00212659151293337
0.00212811212986708
0.00213039387017488
0.00213381857611239
0.00213467516005039
0.00213553197681904
0.00213638879358768
0.00213724561035633
0.00213788822293282
0.00213837018236518
0.00213873153552413
0.00213909242302179
0.00213945261202753
0.00213981186971068
0.00214017066173255
0.00214070756919682
0.00214124377816916
0.00214177905581892
0.00214231410063803
0.00214284867979586
0.00214338325895369
0.00214391783811152
0.00214445241726935
0.00214525451883674
0.00214645778760314
0.00214826408773661
0.00215007201768458
0.00215188111178577
0.00215459777973592
0.00215867883525789
0.00216481322422624
0.00217403820715845
0.00218792026862502
0.00219052867032588
0.00219248584471643
0.00219297525472939
0.00219346489757299
0.00219395430758595
0.00219468888826668
0.00219542323611677
0.00219615804962814
0.00219689263030887
0.00219762767665088
0.00219836249016225
0.00219909753650427
0.00219964887946844
0.00220019998960197
0.00220075156539679
0.00220130290836096
0.00220185425132513
0.00220240582711995
0.00220295740291476
0.00220350921154022
0.00220406078733504
0.0022046125959605
0.00220544030889869
0.00220668222755194
0.0022085455711931
0.00221134210005403
0.00221553957089782
0.00222184183076024
0.00223130756057799
0.00223152968101203
0.00223175156861544
0.00223191804252565
0.00223208474926651
0.00223225122317672
0.00223241769708693
0.00223266752436757
0.00223304214887321
0.00223341700620949
0.00223379186354578
0.00223435391671956
0.00223491620272398
0.0022354784887284
0.00223604077473283
0.00223660306073725
0.00223744660615921
0.00223871204070747
0.00224061054177582
0.00224345875903964
0.00224630744196475
0.00224844412878156
0.0022489782422781
0.00224937894381583
0.00224977964535356
0.00225018011406064
0.00225078104995191
0.00225138198584318
0.0022519831545651
0.00225258385762572
0.00225318479351699
0.00225378572940826
0.00225438666529953
0.00225498760119081
0.00225558830425143
0.0022561892401427
0.00225678994320333
0.00225739064626396
0.00225799134932458
0.00225859205238521
0.00225919275544584
0.00226009357720613
0.00226144469343126
0.00226279580965638
0.00226380908861756
0.0022648221347481
0.00226558209396899
0.00226634182035923
0.00226748129352927
0.00226862099952996
0.00226976023986936
0.00227061496116221
0.00227125571109354
0.00227189646102488
0.00227237725630403
0.0022727376781404
0.00227309809997678
0.00227336841635406
0.00227357121184468
0.00227372325025499
0.00227387528866529
0.00227410322986543
0.0022744454909116
0.00227478751912713
0.00227512954734266
0.00227547180838883
0.00227581383660436
0.00227615586481988
0.0022766690235585
0.00227718218229711
0.00227769510820508
0.002278464846313
0.00227961898781359
0.0022813503164798
0.00228308141231537
0.00228481250815094
0.00228740856982768
0.00228935526683927
0.00229081534780562
0.00229227519594133
0.00229446450248361
0.00229665380902588
0.00229675625450909
0.00229676114395261
0.00229676486924291
0.00229676743037999
0.00229677022434771
0.00229677418246865
0.00229678023606539
0.00229678954929113
0.00229680328629911
