0.0
0.0
0.0
0.0
0.0
1.60267713813708e-13
1.81172600793172e-12
2.31589552222855e-12
1.06298145396977e-07
5.89338696954655e-07
7.50734784560336e-07
9.82777578428795e-07
1.31927072288818e-06
1.91318395081908e-06
2.92077675112523e-06
3.91903950003325e-06
5.45289367437363e-06
7.45032139093382e-06
1.02978256109054e-05
1.14041804408771e-05
1.29349828057457e-05
1.48661420098506e-05
1.65159908647183e-05
1.72912132256897e-05
1.9055862139794e-05
2.11828319152119e-05
2.33812024816871e-05
2.68037620116957e-05
3.20602557621896e-05
4.00285753130447e-05
4.59763105027378e-05
5.03029514220543e-05
5.13897866767365e-05
5.24967981618829e-05
5.27825286553707e-05
5.30712386535015e-05
5.33639577042777e-05
5.36619299964514e-05
5.39675202162471e-05
5.42844900337514e-05
5.46190967725124e-05
5.49827309441753e-05
5.54048710910138e-05
5.59252548555378e-05
5.64644142286852e-05
5.698580207536e-05
5.74511868762784e-05
5.78445979044773e-05
5.81873719056603e-05
5.84883346164133e-05
5.87577887927182e-05
5.90057352383155e-05
5.93537042732351e-05
5.98522674408741e-05
6.05888526479248e-05
6.17143086856231e-05
6.28738780505955e-05
6.40760626993142e-05
6.53407187201083e-05
6.55893672956154e-05
6.58452263451181e-05
6.6109758336097e-05
6.63855898892507e-05
6.66793348500505e-05
6.70050940243527e-05
6.73570248181932e-05
6.76887575536966e-05
6.80018420098349e-05
6.83010803186335e-05
6.85880295350216e-05
6.88608415657654e-05
6.91184977767989e-05
6.93648034939542e-05
6.96022834745236e-05
6.99369848007336e-05
7.02581091900356e-05
7.05699130776338e-05
7.10319145582616e-05
7.17220391379669e-05
7.27528968127444e-05
7.42826232453808e-05
7.65269724070095e-05
7.98635519458912e-05
8.47364572109655e-05
9.20740785659291e-05
0.000103356571344193
0.000119990378152579
0.00014504672435578
0.000182734787813388
0.00024308793945238
0.000311257521389052
0.000385863211704418
0.000457054760772735
0.000527897151187062
0.000597265199758112
0.000665050640236586
0.000731597712729126
0.00079717772314325
0.00086386821931228
0.00092862534802407
0.000992650515399873
0.00105500116478652
0.00111323269084096
0.00114286364987493
0.00113269884604961
0.00113269884604961
