-0.0
-1.70530256582424e-13
-1.13686837721616e-13
-4.54747350886464e-13
-1.70530256582424e-13
0.0
5.6843418860808e-14
1.70530256582424e-13
-1.13686837721616e-13
-5.6843418860808e-14
-5.6843418860808e-14
-2.57425199379213e-07
-4.17483533965424e-07
-4.76886270917021e-07
-2.94232449959964e-07
-7.8557786764577e-07
-2.39839027926791e-06
-2.16823536902666e-09
5.93296135775745e-06
9.75324655883014e-06
-3.34630021825433e-06
-1.77133188117296e-06
1.7663260223344e-06
1.60461058840156e-05
1.98080379050225e-05
2.47925345320255e-05
3.0626033549197e-05
2.45725532295182e-05
4.67447025584988e-05
4.35487199865747e-05
2.95096106128767e-05
1.29960208141711e-05
1.4322064089356e-05
1.48232575156726e-05
1.530005101813e-05
1.57244103320409e-05
1.64055963978171e-05
1.73682055901736e-05
1.88077210623305e-05
2.1761647076346e-05
2.51933561230544e-05
2.60670130955987e-05
2.66770621237811e-05
2.72850811597891e-05
2.87530601781327e-05
3.16732403007336e-05
3.81027857656591e-05
4.32382475992199e-05
4.11338369303849e-05
3.42163366440218e-05
3.16484802169725e-05
3.18494130624458e-05
3.19332611979917e-05
3.15867328026798e-05
3.07949958369136e-05
1.93965388461947e-05
1.79425787791843e-05
1.51102904055733e-05
1.51991935126716e-05
1.65124874911271e-05
1.76850153366104e-05
1.87897167052142e-05
5.94956181885209e-05
1.47368700709194e-05
1.30986445583403e-05
1.53258297359571e-05
2.66057759290561e-05
5.54036960238591e-05
0.000171556806890294
4.04899183195084e-05
4.59856237284839e-05
7.38948292564601e-05
3.69345652870834e-05
4.34429384768009e-05
1.90382997971028e-05
-6.60293153487146e-06
-1.04145146906376e-06
1.17503805086017e-06
-6.66332198306918e-06
7.81662165536545e-05
5.44207723578438e-05
3.79342382075265e-05
2.45879637077451e-05
1.19765754789114e-05
-2.63414403889328e-06
-7.70922633819282e-06
-1.3636497897096e-05
-1.54992012539878e-05
-1.73680309671909e-05
-1.92667648661882e-05
-2.14601459447294e-05
-2.34182953136042e-05
-2.58907239185646e-05
-2.8539405320771e-05
-3.18887032335624e-05
-3.45473672496155e-05
-3.65497980965301e-05
-3.69510526070371e-05
-3.74833034584299e-05
-3.83644073735923e-05
-3.96678224205971e-05
-4.00940189138055e-05
-4.03307640226558e-05
-4.0810598875396e-05
-4.13786910939962e-05
-4.18974086642265e-05
-4.34992980444804e-05
-4.48616629000753e-05
-3.62562277587131e-05
-1.87620316864923e-05
-1.08876411104575e-05
-3.1084637157619e-06
-3.83547740057111e-06
-4.74913395009935e-06
-4.92930121254176e-06
-4.19172283727676e-06
-2.55322083830833e-06
-1.10625114757568e-06
1.63046934176236e-06
1.02858757600188e-06
-1.3437238521874e-07
-1.3521930668503e-06
-2.60812521446496e-06
-4.49114304501563e-06
-7.33729393687099e-06
-1.15917064249516e-05
-1.79402850335464e-05
-2.76898208539933e-05
-3.52341594407335e-05
-3.98704578401521e-05
-4.10534266848117e-05
-4.13801171816885e-05
-4.17074479628354e-05
-4.20254073105752e-05
-4.24099125666544e-05
-4.28822677349672e-05
-4.33311070082709e-05
-4.4055501348339e-05
-4.50454390374944e-05
-4.71831153845415e-05
-4.91363753098994e-05
-5.11760590597987e-05
-5.09811798110604e-05
-5.0727030611597e-05
-5.05028874613345e-05
-5.03003539051861e-05
-5.00793539686128e-05
-4.98399313073605e-05
-4.95563872391358e-05
-4.95129352202639e-05
-4.94899286422879e-05
-4.94988198624924e-05
-5.07196236867458e-05
-4.89217054564506e-05
-5.58234460186213e-05
-8.109409827739e-05
-8.93325923243538e-05
-8.73820681590587e-05
-0.000107589905383065
-0.000114712936920114
-0.00012432258517947
-0.000125856109661981
-0.000128726402181201
-0.000132224944536574
-0.000135938214953057
-0.000140061092679389
-0.000144539022585377
-0.000148966748383828
-0.000153360146214254
-0.000157440692419186
-0.000160979820066132
-0.000165357952937484
-0.000169581602676772
-0.000173386302776635
-0.000176916917553172
-0.000180322473170236
-0.000185383134521544
-0.000191652696230449
-0.000199674002942629
-0.000201603281311691
-0.000202449082280509
-0.000203080096980557
-0.000203671865165234
-0.000204388401471078
-0.000205097239813767
-0.000205840027774684
-0.000206632059416734
-0.000207480043172836
-0.000208387093152851
-0.000209374295081943
-0.000210220401640981
-0.000211299324291758
-0.00021267935517244
-0.000214244515518658
-0.000216618675040081
-0.000217810869798996
-0.000220457062823698
-0.000221467940718867
-0.000222738279262558
-0.000223618248128332
-0.000224541130592115
-0.000225827592657879
-0.000227861091843806
-0.000230303339776583
-0.000234131628531031
-0.000240828783717006
-0.000250428449362516
-0.000265466165728867
-0.000271488330326974
-0.000273665005806834
-0.000277526152785867
-0.000278531340882182
-0.000279004714684561
-0.000279042345937341
-0.000279040919849649
-0.000279044033959508
-0.000279040774330497
-0.000279045401839539
-0.000279049563687295
-0.000279047701042145
-0.000279047060757875
-0.000279046013019979
-0.000279044732451439
-0.000279041880276054
-0.000279046245850623
-0.000279045692877844
-0.000279039901215583
-0.000279046362265944
-0.000279046362265944
