0.0
0.0
0.0
0.0
0.0
5.75559944756415e-13
1.10328080005218e-10
3.46749740032237e-09
1.1756044138167e-08
4.20206518469968e-08
8.34727060805562e-08
1.49115905401231e-07
2.09783266313934e-07
2.7436524874247e-07
3.30742352616653e-07
3.73699521105664e-07
4.02824241518829e-07
4.25307661089391e-07
4.50126293571884e-07
4.67116819891089e-07
4.80316714401852e-07
4.91239234179375e-07
4.9976256377704e-07
5.06953824697121e-07
5.13877012053854e-07
5.19905711371393e-07
5.24949484770332e-07
5.2938901262678e-07
5.33223840193386e-07
5.35742572083109e-07
5.39032953383867e-07
5.43417115750344e-07
5.44724116480211e-07
5.45565683296445e-07
5.45997409062693e-07
5.46331023087987e-07
5.4648057812301e-07
5.49614981082414e-07
5.48354194052081e-07
5.46997853234643e-07
5.46595572359365e-07
5.48867546967813e-07
5.46867511275195e-07
5.44710815120197e-07
5.4390983450503e-07
5.44309614269878e-07
5.40568748874648e-07
5.36766719960724e-07
5.36225627456588e-07
5.35960907654953e-07
5.35842730187142e-07
5.35842502813466e-07
5.35843071247655e-07
5.35843867055519e-07
5.32185595147894e-07
5.28947964539839e-07
5.26839016856684e-07
5.22050584095268e-07
5.16380850967835e-07
5.06996912008617e-07
5.06996968852036e-07
5.06996968852036e-07
5.06996968852036e-07
5.06996968852036e-07
5.06996968852036e-07
5.06996968852036e-07
5.06996912008617e-07
5.06996855165198e-07
5.06717128700984e-07
4.98842155138846e-07
4.98842894103291e-07
4.9068910357164e-07
4.90689842536085e-07
4.82167081372609e-07
4.82169355109363e-07
4.73647503440588e-07
4.55044158798046e-07
4.55044130376336e-07
4.55044130376336e-07
4.55044130376336e-07
4.55044130376336e-07
4.55044130376336e-07
4.55044130376336e-07
4.55044130376336e-07
4.55043675628986e-07
4.46375452156644e-07
4.44960960521712e-07
4.44960249978976e-07
4.34880320199227e-07
4.34880234934099e-07
4.24221582306927e-07
4.24222719175305e-07
4.231461616655e-07
4.13566453971725e-07
4.13566624501982e-07
4.13566624501982e-07
