0.0
0.00999999977648258
0.0199999995529652
0.0299999993294477
0.0324999988079071
0.0362499989569187
0.0418750010430813
0.0503125004470348
0.0603124983608723
0.0703125
0.0803124979138374
0.0903125032782555
0.100312501192093
0.11031249910593
0.120312497019768
0.130312502384186
0.140312492847443
0.150312498211861
0.160312503576279
0.162812501192093
0.166562497615814
0.172187507152557
0.180625006556511
0.189062505960464
0.197500005364418
0.207499995827675
0.217500001192093
0.227500006556511
0.237499997019768
0.247500002384186
0.257499992847443
0.267500013113022
0.277500003576279
0.287499994039536
0.297500014305115
0.307500004768372
0.317499995231628
0.327499985694885
0.337500005960464
0.347499996423721
0.357499986886978
0.367500007152557
0.377499997615814
0.387499988079071
0.39750000834465
0.407499998807907
0.417499989271164
0.417656242847443
0.417890638113022
0.418242186307907
0.418769538402557
0.419560551643372
0.420747071504593
0.422526866197586
0.425196528434753
0.426197648048401
0.427699357271194
0.429951906204224
0.430796593427658
0.432063639163971
0.433964222669601
0.434676945209503
0.435746043920517
0.437349647283554
0.439755082130432
0.440657109022141
0.442010164260864
0.444039732217789
0.444800823926926
0.445942461490631
0.447654902935028
0.448297083377838
0.449260324239731
0.450705230236053
0.451247036457062
0.451450228691101
0.451526433229446
0.451640725135803
0.451812148094177
0.452069312334061
0.452455043792725
0.453033655881882
0.453901559114456
0.45520344376564
0.457156240940094
0.457888543605804
0.458986967802048
0.460634648799896
0.463106155395508
0.464032977819443
0.465423196554184
0.467508524656296
0.468290537595749
0.469463527202606
0.471223026514053
0.471882849931717
0.47287255525589
0.473243713378906
0.473800420761108
0.474635481834412
0.475888103246689
0.476357847452164
0.477062433958054
0.478119313716888
0.478515654802322
0.479110151529312
0.480001926422119
0.480336308479309
0.480837941169739
0.481590360403061
0.481872498989105
0.482295751571655
0.482930600643158
0.483882874250412
0.483972132205963
0.484106063842773
0.484306931495667
0.48438224196434
0.484495252370834
0.484664738178253
0.48491895198822
0.485300302505493
0.48587229847908
0.486730337142944
0.487052083015442
0.487534701824188
0.48825865983963
0.489344596862793
0.489751815795898
0.490362644195557
0.491278916597366
0.491622507572174
0.492137879133224
0.492910981178284
0.493200898170471
0.49363574385643
0.49428802728653
0.49526646733284
0.496734142303467
0.497284501791
0.497490882873535
0.497800469398499
0.498264849185944
0.498961418867111
0.500006258487701
0.500398099422455
0.50098580121994
0.501867413520813
0.501950025558472
0.502074003219604
0.502259969711304
0.502538919448853
0.502957344055176
0.503584921360016
0.504526376724243
0.504879415035248
0.505408942699432
0.505607545375824
0.505905389785767
0.506352245807648
0.507022440433502
0.508027732372284
0.508404731750488
0.508970260620117
0.509818494319916
0.510136544704437
0.510613679885864
0.511329412460327
0.511597812175751
0.512000381946564
0.512604236602783
0.512830674648285
0.51317036151886
0.5136798620224
0.51387095451355
0.51415753364563
0.514265060424805
0.514426231384277
0.514486730098724
0.514577388763428
0.514713406562805
0.514917433261871
0.515223503112793
0.515682578086853
0.516371190547943
0.517404139041901
0.518953561782837
0.519534587860107
0.520406126976013
0.521713435649872
0.522203683853149
0.522939026355743
0.523214817047119
0.52362847328186
0.524248898029327
0.525179624557495
0.525528609752655
0.526052117347717
0.526248455047607
0.526322066783905
0.526432514190674
0.526598155498505
0.526846587657928
0.526939749717712
0.527079522609711
0.527289152145386
0.527603626251221
0.528075337409973
0.528782904148102
0.529048204421997
0.529446184635162
0.530043184757233
0.530267059803009
0.530602872371674
0.53110659122467
0.531862139701843
0.532995522022247
0.534695506095886
0.535333037376404
0.536289274692535
0.536647915840149
0.537185788154602
0.537992656230927
0.539202928543091
0.539316356182098
0.539358913898468
0.539422750473022
0.539518475532532
0.539662063121796
0.539877474308014
0.540200591087341
0.54068523645401
0.541412234306335
0.542502701282501
0.544138371944427
0.544751763343811
0.545671880245209
0.547052025794983
0.549122214317322
0.54931628704071
0.549607396125793
0.550044059753418
0.5506991147995
0.551681637763977
0.552050054073334
0.552602767944336
0.55281001329422
0.552887737751007
0.553004324436188
0.553179204463959
0.55344146490097
0.553834915161133
0.554425120353699
0.555310428142548
0.555393397808075
0.555517911911011
0.555704653263092
0.555984735488892
0.556404888629913
0.557035148143768
0.557980477809906
0.55833500623703
0.558866798877716
0.5596644282341
0.559963524341583
0.560075700283051
0.560243964195251
0.56049633026123
0.560874938964844
0.561016917228699
0.561070144176483
0.561150014400482
0.561269760131836
0.561449468135834
0.561718940734863
0.562123239040375
0.562729597091675
0.563639223575592
0.563724517822266
0.563852429389954
0.564044296741486
0.564116239547729
0.564224123954773
0.564386069774628
0.564628899097443
0.564993143081665
0.565539479255676
0.566359043121338
0.56758838891983
0.568049430847168
0.568740904331207
0.569778203964233
0.571334064006805
0.571917533874512
0.572792708873749
0.574105501174927
0.574597775936127
0.575336217880249
0.575613141059875
0.576028525829315
0.576651573181152
0.57758617401123
0.57793664932251
0.578462362289429
0.579250931739807
0.58043372631073
0.580877304077148
0.581542670726776
0.581792175769806
0.581885755062103
0.582026064395905
0.582236588001251
0.582315564155579
0.582433938980103
0.582611560821533
0.582877993583679
0.583277702331543
0.583877146244049
0.584101974964142
0.584439218044281
0.58456563949585
0.584755301475525
0.584826469421387
0.584933161735535
0.585093200206757
0.585153222084045
0.585243225097656
0.585378289222717
0.585428893566132
0.58550488948822
0.585618793964386
0.585789740085602
0.586046099662781
0.586142182350159
0.586286425590515
0.586502730846405
0.586583852767944
0.586705505847931
0.586888015270233
0.587161779403687
0.587572395801544
0.588188350200653
0.589112281799316
0.590498208999634
0.59101790189743
0.591212809085846
0.591505169868469
0.591943681240082
0.592601418495178
0.593588054180145
0.595068037509918
0.595623016357422
0.596455514431
0.597704231739044
0.5981724858284
0.598874926567078
0.599928498268127
0.601508915424347
0.602101564407349
0.602323830127716
0.602407157421112
0.602532207965851
0.602719724178314
0.602790057659149
0.602895498275757
0.603053748607635
0.603291034698486
0.603380084037781
0.603513538837433
0.603713810443878
0.603788912296295
0.603901505470276
0.604070484638214
0.60413384437561
0.604228913784027
0.604371428489685
0.604585289955139
0.604906022548676
0.605387151241302
0.606108903884888
0.607191443443298
0.608815252780914
0.609424233436584
0.610337615013123
0.610423266887665
0.610551714897156
0.61074435710907
0.611033380031586
0.611466884613037
0.612117171287537
0.612178087234497
0.612200975418091
0.612235248088837
0.612286686897278
0.612363874912262
0.612479567527771
0.612653195858002
0.612913608551025
0.613304197788239
0.613890111446381
0.614109814167023
0.614192187786102
0.614315807819366
0.614501178264618
0.614779233932495
0.615196347236633
0.615352749824524
0.615411400794983
0.615499436855316
0.615631401538849
0.615680873394012
0.615699470043182
0.615727305412292
0.615737736225128
0.615741610527039
0.615743100643158
0.615745306015015
0.615748584270477
0.615753591060638
0.615760982036591
0.615772128105164
0.615788877010345
0.615813970565796
0.615851581096649
0.615908026695251
0.615992665290833
0.616119623184204
0.616310119628906
0.616595864295959
0.617024421691895
0.617667257785797
0.618631541728973
0.618993163108826
0.619535565376282
0.620349168777466
0.620654284954071
0.621111929416656
0.621283531188965
0.62154096364975
0.621637523174286
0.62178236246109
0.621999561786652
0.622080981731415
0.622203171253204
0.622386455535889
0.622455179691315
0.622558236122131
0.622712910175323
0.622944831848145
0.623292744159698
0.623814642429352
0.624010384082794
0.624083757400513
0.624193847179413
0.624358952045441
0.624606668949127
0.624978184700012
0.625117540359497
0.62532651424408
0.625640034675598
0.626110255718231
0.626286566257477
0.626352727413177
0.626451909542084
0.626600682735443
0.626823842525482
0.627158641815186
0.627660751342773
0.6284139752388
0.628696441650391
0.629120111465454
0.629279017448425
0.629517316818237
0.6298748254776
0.6300088763237
0.630209982395172
0.630511581897736
0.630964040756226
0.631133675575256
0.631197333335876
0.631292760372162
0.631435930728912
0.631650626659393
0.631731152534485
0.631851971149445
0.632033169269562
0.632304906845093
0.632712543010712
0.632865428924561
0.633094727993011
0.63343870639801
0.633954644203186
0.63472855091095
0.635018765926361
0.635454118251801
0.63561737537384
0.635862231254578
0.636229515075684
0.63636726140976
0.636573851108551
0.636883795261383
