-0.0
1.98951966012828e-13
0.000492923427373171
0.0238561518490314
0.0453630611300468
0.056544229388237
0.0639889314770699
0.0695747584104538
0.0756756961345673
0.0824597254395485
0.0915073305368423
0.104100614786148
0.121282450854778
0.136547937989235
0.15130203962326
0.164958745241165
0.177113741636276
0.179857954382896
0.182460576295853
0.183377414941788
0.18471771478653
0.186448380351067
0.186802625656128
0.187122598290443
0.187140464782715
0.187159225344658
0.187180504202843
0.187213942408562
0.187258347868919
0.187275543808937
0.187291532754898
0.187307476997375
0.187330991029739
0.187360689043999
0.187385559082031
0.1872418820858
0.18700435757637
0.186454176902771
0.18599271774292
0.185484617948532
0.184967279434204
0.184415966272354
0.183518305420876
0.182834357023239
0.18215537071228
0.181504547595978
0.180598229169846
0.179710075259209
0.178852319717407
0.177627474069595
0.1758813560009
0.173371106386185
0.172354757785797
0.171365842223167
0.170376256108284
0.16687647998333
0.165875241160393
0.165007248520851
0.162815988063812
0.162131756544113
0.161734327673912
0.161371812224388
0.161022961139679
0.160503804683685
0.159708693623543
0.15832893550396
0.155441090464592
0.149692386388779
0.140970259904861
0.127544939517975
0.108716197311878
0.0888045057654381
0.0668129771947861
0.044066809117794
0.0194767098873854
0.0126487426459789
0.00144968321546912
0.00121096835937351
0.00089283735724166
0.000792495557107031
0.000759964110329747
0.000709964777342975
0.00068870309041813
0.000650851812679321
0.000636274868156761
0.000603200169280171
0.000526787131093442
0.000432747969171032
0.000329151749610901
0.000298776314593852
0.00028813214157708
0.000273487676167861
0.000198732886929065
1.48080462167854e-05
5.27141810380272e-06
5.25897075931425e-06
5.25414270668989e-06
5.25085170011153e-06
5.24664073964232e-06
5.2418881750782e-06
5.23545668329461e-06
5.22662685398245e-06
5.21460515301442e-06
5.19958211953053e-06
5.18604429089464e-06
5.1874594646506e-06
5.20847061125096e-06
5.23623020853847e-06
5.31509385837126e-06
5.45517377759097e-06
5.56406530449749e-06
5.62967125006253e-06
5.8711971178127e-06
6.06117782808724e-06
6.20662012806861e-06
6.35213655186817e-06
6.4670853134885e-06
6.61239437249606e-06
6.70599456498167e-06
6.75504406899563e-06
6.78185824654065e-06
6.75717592457659e-06
6.70697363602812e-06
6.58872204439831e-06
6.45590716885636e-06
6.39213885733625e-06
6.15671024206677e-06
5.87630120207905e-06
5.57461089556455e-06
5.27834163221996e-06
5.01149861520389e-06
4.81103234051261e-06
4.62203342976863e-06
4.43135331806843e-06
4.23671099269995e-06
4.01425586460391e-06
3.91810135624837e-06
3.64313132195093e-06
3.48257117366302e-06
3.21394918501028e-06
3.01663885693415e-06
2.78092829830712e-06
2.58516888607119e-06
2.3887757834018e-06
2.22528819904255e-06
2.02359638024063e-06
1.73906835243542e-06
1.4177063576426e-06
8.99681310784217e-07
6.21956701252202e-07
-8.92095819438055e-09
-8.92095819438055e-09
