0.0
0.0
9.25138454732632e-09
7.1505176890696e-08
1.96372667460309e-07
1.89188483545877e-07
2.11908457004029e-07
1.96070729430176e-07
1.34034820575835e-07
2.24218609901072e-07
4.02309666469591e-07
4.86503267893568e-07
5.91519039971899e-07
7.04467083778582e-07
9.31511976887123e-07
1.09290431282716e-06
1.43104989547282e-06
1.83404949893884e-06
2.23068377636082e-06
2.50514631261467e-06
2.71531689577387e-06
3.7991298995621e-06
4.14936812376254e-06
4.31510807175073e-06
4.32354909207788e-06
4.3233758333372e-06
4.24317886427161e-06
4.17769933847012e-06
4.14397663917043e-06
4.04739921577857e-06
3.99655482397065e-06
3.90913282899419e-06
3.83391034119995e-06
3.75115223505418e-06
3.6571980217559e-06
3.56783539245953e-06
3.48321873389068e-06
3.38151448886492e-06
3.31455999003083e-06
3.25475843965251e-06
3.18862748827087e-06
3.09842994283827e-06
3.00445981338271e-06
2.92299387183448e-06
2.81166808235866e-06
2.74630633612105e-06
2.69882048087311e-06
2.64917161985068e-06
2.58835257227474e-06
2.52625250141136e-06
2.47306275014125e-06
2.39978544414043e-06
2.30607292905916e-06
2.23482265937491e-06
2.19862772610213e-06
2.15829595617834e-06
2.10423058888409e-06
2.05774222195032e-06
2.02910291591252e-06
1.98706516130187e-06
1.91751905731508e-06
1.86260365353519e-06
1.82438395768258e-06
1.79074913830846e-06
1.74742638137104e-06
1.68229837527178e-06
1.64318566930888e-06
1.59864532633947e-06
1.55136069679429e-06
1.4849848639642e-06
1.42538669933856e-06
1.38650386816153e-06
1.34196091039485e-06
1.29510533497523e-06
1.25226995351113e-06
1.21907157790702e-06
1.19594892566965e-06
1.16307387543202e-06
1.10579037482239e-06
1.02947785762808e-06
9.85290284916118e-07
9.70395035437832e-07
9.67258301898255e-07
9.57531483436469e-07
9.3825934754932e-07
9.41541770771437e-07
9.61069986260554e-07
9.84949792837142e-07
1.01251475825848e-06
1.00849524642399e-06
1.00888212273276e-06
1.00891952570237e-06
1.00019030924159e-06
9.89717818811187e-07
9.57521820055263e-07
9.25040581023495e-07
8.97925019671675e-07
8.99825636224705e-07
9.09503455659433e-07
9.27041526210814e-07
9.49297543684224e-07
9.7535848908592e-07
9.98640302896092e-07
1.00764168564638e-06
1.00898841992603e-06
1.01447960787482e-06
1.0104419061463e-06
9.91267143035657e-07
9.63683191912423e-07
9.10995424874272e-07
9.05045283161598e-07
