0.0
-1.26959321278264e-06
-1.33375624500331e-06
-1.44252851441706e-06
-1.97351596398221e-06
-3.21982338391535e-06
-5.63048888579942e-06
-8.35844912216999e-06
-1.14319309432176e-05
-1.31705837702611e-05
-1.9127364794258e-05
-2.5845758500509e-05
-2.70376931439387e-05
-2.81879638350802e-05
-2.9708789952565e-05
-3.2287192880176e-05
-3.51990820490755e-05
-3.8258389395196e-05
-4.10327884310391e-05
-4.6746434236411e-05
-5.28274140378926e-05
-6.10116621828638e-05
-7.0149457314983e-05
-7.89429977885447e-05
-8.21198700577952e-05
-8.67454727995209e-05
-8.87227142811753e-05
-9.27200962905772e-05
-9.84540674835443e-05
-0.000106527557363734
-0.000109501233964693
-0.000114960421342403
-0.000124196812976152
-0.000137448470923118
-0.000159066446940415
-0.000160646086442284
-0.000161044197739102
-0.000161439558723941
-0.000161587391630746
-0.000161808682605624
-0.000161891672178172
-0.00016192281327676
-0.000161925723659806
-0.000161926451255567
-0.000161927193403244
-0.000161927368026227
-0.000161927440785803
-0.000161927440785803
-0.000161927455337718
-0.000161927455337718
-0.000161927455337718
-0.000161927455337718
-0.000161927455337718
-0.000162200958584435
-0.000162200885824859
-0.000162200885824859
-0.000162200885824859
-0.000162200885824859
-0.000162200885824859
-0.000162200885824859
-0.000162200900376774
-0.000162200900376774
-0.000162200900376774
-0.00016220091492869
-0.00016220091492869
-0.000162200929480605
-0.000162200958584435
-0.000162201002240181
-0.000162201060447842
-0.000162201133207418
-0.000162201264174655
-0.000162201438797638
-0.000162201729835942
-0.000162202137289569
-0.000162202763021924
-0.000162203694344498
-0.000162205105880275
-0.000162207201356068
-0.000162210330017842
-0.000162215001182631
-0.000162221942446195
-0.000162232230650261
-0.000162247393745929
-0.000162269599968567
-0.000162301745149307
-0.000162347918376327
-0.000162413634825498
-0.000162506927154027
-0.000162639495101757
-0.000162829368491657
-0.000163105927640572
-0.000163515578606166
-0.000164127428433858
-0.000165042991284281
-0.000166408048244193
-0.000168476850376464
-0.000172247062437236
-0.000178209025762044
-0.000187598692718893
-0.000206476441235282
-0.000213771025300957
-0.00021658549667336
-0.000221096386667341
-0.000228309974772856
-0.000238976805121638
-0.000242850306676701
-0.000244289432885125
-0.000246442301431671
-0.000247259245952591
-0.000247562158619985
-0.000247591233346611
-0.00024761981330812
-0.000247621617745608
-0.000247623393079266
-0.000247625168412924
-0.000247625226620585
-0.000247625284828246
-0.000247625284828246
-0.000247625284828246
-0.000247625313932076
-0.000247625313932076
-0.000247625313932076
-0.000247625313932076
