0.0
0.00120000005699694
0.00240000011399388
0.00359999993816018
0.00389999989420176
0.00419999985024333
0.0044999998062849
0.00494999997317791
0.00562500022351742
0.00663750013336539
0.00689062522724271
0.00714374985545874
0.00752343749627471
0.00809296872466803
0.00866250041872263
0.00880488287657499
0.00894726533442736
0.00908964872360229
0.00923203118145466
0.00937441363930702
0.00958798825740814
0.00980156287550926
0.0100151365622878
0.0103354984894395
0.0106558594852686
0.0109762204810977
0.0112965824082494
0.0117771243676543
0.0118221752345562
0.0118672261014581
0.0119122760370374
0.0119291702285409
0.0119307544082403
0.0119331302121282
0.0119340205565095
0.0119343549013138
0.0119348559528589
0.0119349034503102
0.0119349732995033
0.011935000307858
0.0119350021705031
0.0119350058957934
0.0119350077584386
0.0119350077584386
0.0119350086897612
0.0119350086897612
0.0119350086897612
0.0119350086897612
