0.0
0.0
0.0
0.0
0.0
0.0
0.0
0.0
0.0
0.0
0.0
2.31948593665265e-08
4.64725111726239e-08
6.33877021982698e-08
2.47361100491617e-07
8.9981188011734e-07
1.96464111468231e-06
3.77913465854363e-06
6.77111574987066e-06
9.96130438579712e-06
1.28563879115973e-05
1.40908359753666e-05
1.4921653928468e-05
1.63967779371887e-05
1.75042805494741e-05
1.86089964699931e-05
1.97861445485614e-05
2.12354843824869e-05
2.31557914958103e-05
2.36630676226923e-05
2.44318525801646e-05
2.51617784670088e-05
2.59168500633677e-05
2.67523882939713e-05
2.80564163404051e-05
2.94319761451334e-05
3.11912954202853e-05
3.33926618623082e-05
3.58902470907196e-05
3.86984793294687e-05
4.26702572440263e-05
4.77243738714606e-05
5.28012860741001e-05
5.78913386561908e-05
6.53978058835492e-05
7.64583819545805e-05
9.28697845665738e-05
0.000115501461550593
0.000136774629936554
0.000142128657898866
0.000150073887198232
0.000150261228554882
0.000150541003677063
0.000150645995745435
0.000150672101881355
0.000150672101881355
