0.0
1.61788224579945e-31
2.36051391766523e-06
7.90347712609218e-06
1.27953771880129e-05
2.90929747279733e-05
4.79705486213788e-05
8.03727816673927e-05
0.000118336676678155
0.000167178091942333
0.000223012000788003
0.000285819551208988
0.000333167903590947
0.000391817098716274
0.000502265349496156
0.000530428194906563
0.000557189516257495
0.000566879112739116
0.000581103377044201
0.000586435315199196
0.000594679499045014
0.000600852246861905
0.000606963876634836
0.000608558882959187
0.000610096147283912
0.000611641735304147
0.0006131756817922
0.000615490775089711
0.000618933874648064
0.000624114065431058
0.000629283138550818
0.000634455180261284
0.000642214610707015
0.000645174412056804
0.000648103363346308
0.000651051115710288
0.000653988681733608
0.00065845501376316
0.000661799567751586
0.000665178697090596
0.00066642404999584
0.000668322085402906
0.000670204404741526
0.000672097259666771
0.000674941285979003
0.000679185672197491
0.000680788012687117
0.000683184538502246
0.000686781655531377
0.000692167726811022
0.000694225251208991
0.00069724750937894
0.000700302771292627
0.000703378929756582
0.000706448860000819
0.000709517800714821
0.00071409810334444
0.000718611350748688
0.000723105215001851
0.000727545935660601
0.000731968728359789
0.000736344663891941
0.000742917996831238
0.000752729421947151
0.000767356366850436
0.000788969220593572
0.000797023589257151
0.000809322402346879
0.000811686797533184
0.000813523656688631
0.000815383333247155
0.00081725005293265
0.000819127424620092
0.000821931753307581
0.000826128758490086
0.000827706069685519
0.000830082804895937
0.000833622820209712
0.000834968115668744
0.000836996186990291
0.000840035791043192
0.000841183180455118
0.000842900248244405
0.000845484610181302
0.000848080613650382
0.000850693788379431
0.000853293226100504
0.000855914782732725
0.000859824009239674
0.000865722831804305
0.000874488148838282
0.000886987312696874
0.000905958411749452
0.00093382503837347
0.00097329675918445
0.00103079876862466
0.00110737583599985
0.00121206138283014
0.00127830158453435
0.00133258197456598
0.00139045261312276
0.00144371169153601
0.00146612932439893
0.00147640111390501
0.00147741846740246
0.00146842806134373
0.00144631392322481
0.00142104376573116
0.0013846755027771
0.00133476115297526
0.00127577956300229
0.00120794819667935
0.00113342504482716
0.00105116108898073
0.000959819997660816
0.000855308549944311
0.000742874632123858
0.000619361409917474
0.000487926445202902
0.000347824243362993
0.000198933805222623
4.05873288400471e-05
2.98465311061591e-05
2.98850409308216e-05
2.98915801977273e-05
2.98925351671642e-05
2.98607137665385e-05
2.98260238196235e-05
2.97958631563233e-05
2.97425685857888e-05
2.97204642265569e-05
2.97180649795337e-05
2.97228634735802e-05
2.97681308438769e-05
2.97685674013337e-05
2.97934238915332e-05
2.9826354875695e-05
2.98640043183696e-05
2.98691411444452e-05
2.98302620649338e-05
2.98324503091862e-05
2.9829032428097e-05
2.97754104394699e-05
2.97572023555404e-05
2.97299375233706e-05
2.97111128020333e-05
2.97354617941892e-05
2.97069000225747e-05
2.97048336506123e-05
2.97328042506706e-05
2.97227506962372e-05
2.97537626465783e-05
2.97740280075232e-05
2.9816037567798e-05
2.98738104902441e-05
2.98776612908114e-05
2.98310060315998e-05
2.98027844110038e-05
2.97773076454177e-05
2.97243605018593e-05
2.96912348858314e-05
2.9649989301106e-05
2.9646518669324e-05
2.96683592750924e-05
2.96762518701144e-05
2.96999078273075e-05
2.97066253551748e-05
2.97056631097803e-05
2.96955713565694e-05
2.970572495542e-05
2.96580856229411e-05
2.96979142149212e-05
2.97442002192838e-05
2.975936877192e-05
2.98130635201233e-05
2.98597296932712e-05
2.98894883599132e-05
2.98868635582039e-05
