0.0
1.81023136189458e-33
5.39768677754182e-07
2.88160413219885e-06
6.12094163443544e-06
9.73199075815501e-06
9.24100822885521e-06
7.78758203523466e-06
1.01439354693866e-05
1.68319984368281e-05
2.59815278695896e-05
3.43228130077478e-05
4.40232361142989e-05
5.25207615282852e-05
5.92267424508464e-05
6.46597181912512e-05
6.46663393126801e-05
6.46790649625473e-05
6.46954649710096e-05
6.47210836177692e-05
6.47644774289802e-05
6.48087952868082e-05
6.48538771201856e-05
6.49220892228186e-05
6.4990745158866e-05
6.50588481221348e-05
6.51262671453878e-05
6.52225062367506e-05
6.52908856864087e-05
6.53401802992448e-05
6.53867464279756e-05
6.5398940932937e-05
6.54092509648763e-05
6.54159011901356e-05
6.54185205348767e-05
6.54101895634085e-05
6.53856041026302e-05
6.53208699077368e-05
6.5303931478411e-05
6.52846065349877e-05
6.52612943667918e-05
6.52143280603923e-05
6.51452719466761e-05
6.50742804282345e-05
6.49785142741166e-05
6.48812638246454e-05
6.47878478048369e-05
6.46756743662991e-05
6.45926993456669e-05
6.45585023448803e-05
6.45500549580902e-05
6.45493346382864e-05
6.45547115709633e-05
6.45798572804779e-05
6.46112021058798e-05
6.46449479972944e-05
6.46965418127365e-05
6.47762499283999e-05
6.48973655188456e-05
6.50769652565941e-05
6.53498718747869e-05
6.57472337479703e-05
6.63557002553716e-05
6.71738453092985e-05
6.82474201312289e-05
6.97890282026492e-05
7.12978799128905e-05
7.13892150088213e-05
7.15153582859784e-05
7.16946306056343e-05
7.19578893040307e-05
7.21910473657772e-05
7.22477416275069e-05
7.22884869901463e-05
7.23297125659883e-05
7.23708653822541e-05
7.24319907021709e-05
7.25231948308647e-05
7.26583602954634e-05
7.27100414223969e-05
7.27598817320541e-05
7.2810216806829e-05
7.28606974007562e-05
7.29115708963946e-05
7.29857420083135e-05
7.30132960597984e-05
7.30532774468884e-05
7.3111274105031e-05
7.32010084902868e-05
7.33153792680241e-05
7.33984052203596e-05
7.34766581445001e-05
7.35199500923045e-05
7.35348294256255e-05
7.355726120295e-05
7.35617431928404e-05
7.35351059120148e-05
7.34749919502065e-05
7.33928245608695e-05
7.32948101358488e-05
7.31415639165789e-05
7.29008024791256e-05
7.254870433826e-05
7.20295793144032e-05
7.12181208655238e-05
6.99389638612047e-05
6.7823042627424e-05
6.54630057397299e-05
6.20181308477186e-05
5.44967806490604e-05
4.33541972597595e-05
2.5306128009106e-05
7.51497191231465e-06
3.02130820273305e-06
1.7493198356533e-06
3.13850563316009e-08
3.13997681189448e-08
3.11829744248371e-08
3.22498578952946e-08
3.33159704268837e-08
3.46312312160535e-08
3.47528157362831e-08
3.47909896447618e-08
3.48055024801397e-08
3.48011610640242e-08
3.47983366566496e-08
3.4793099956687e-08
3.47910820153174e-08
3.47903110764491e-08
3.47891351282215e-08
3.47886874862979e-08
3.47880160234126e-08
3.47879520745664e-08
3.47879520745664e-08
3.47879485218527e-08
3.47879485218527e-08
