0
0.000499475921969861
0.0067634554579854
0.00900222454220057
0.0102728474885225
0.0115372631698847
0.012935415841639
0.0141822025179863
0.0153051689267159
0.0163367260247469
0.0173142962157726
0.018894026055932
0.0196544583886862
0.0205855574458838
0.0218500699847937
0.0235512778162956
0.0257986932992935
0.0277900956571102
0.0295016169548035
0.0309145916253328
0.0318641625344753
0.0322235226631165
0.0320409387350082
0.031633585691452
0.0313213653862476
0.032814584672451
0.037747398018837
0.0511297322809696
0.0666882693767548
0.0748489275574684
0.0843600109219551
0.0855862647294998
0.0867345333099365
0.0878135561943054
0.0892900675535202
0.0911834463477135
0.0932481810450554
0.0951293632388115
0.0986132770776749
0.104299142956734
0.10822656750679
0.110931977629662
0.112833946943283
0.11416057497263
0.116162955760956
0.131017073988914
0.145618543028831
0.155196353793144
0.171618491411209
0.185136318206787
0.194599151611328
0.196210071444511
0.19902104139328
0.204787403345108
0.208732321858406
0.206366822123528
0.191657885909081
0.18808214366436
0.178748369216919
0.156825706362724
0.12224817276001
0.10918901860714
0.0921981483697891
0.0863565430045128
0.0834762677550316
0.0791272819042206
0.077496200799942
0.0768847316503525
0.0759695917367935
0.0758834853768349
0.0757545083761215
0.0757222548127174
0.0756899863481522
0.0756577551364899
0.0756335556507111
0.0756275281310081
0.0756214708089828
0.0756169408559799
0.0756135359406471
0.0756134912371635
0.0756134763360023
0.07561344653368
0.0756134390830994
0.0756134241819382
0.075613409280777
0.0756133943796158
0.0756133794784546
0.0756133422255516
0.0756133198738098
0.075613297522068
0.0756132677197456
0.0756132379174232
0.0756132304668427
0.0756132081151009
0.0756131783127785
0.0756131634116173
0.0756131336092949
0.0756130889058113
0.0756130814552307
0.0756130591034889
0.0756130367517471
0.0756130293011665
0.0756130144000053
0.0756129994988441
0.0756129920482635
0.075612984597683
0.0756129696965218
0.0756129547953606
0.0756129398941994
0.0756129324436188
0.0756129175424576
0.0756128877401352
0.0756128430366516
0.0756128281354904
0.0756127834320068
0.0756127238273621
0.0756126940250397
0.0756126791238785
0.0756126716732979
0.0756126642227173
0.0756126567721367
0.0756126567721367
0.0756126493215561
0.0756126344203949
0.0756126046180725
0.0756125897169113
0.0756125748157501
0.0756125599145889
0.0756125301122665
0.0756125003099442
0.075612485408783
0.075612485408783
0.0756124705076218
0.0756124556064606
0.0756124258041382
0.0756124183535576
0.075612410902977
0.0756123811006546
0.0756123661994934
0.0756123438477516
0.075612336397171
0.0756123289465904
0.0756123214960098
0.0756123140454292
0.0756123065948486
0.0756122767925262
0.0756122544407845
0.0756122395396233
0.0756122395396233
0.0756122246384621
0.0756122246384621
0.0756122097373009
0.0756122022867203
0.0756121873855591
0.0756121799349785
0.0756121575832367
0.0756121501326561
0.0756121277809143
0.0756121203303337
0.0756121054291725
0.0756120979785919
0.0756120905280113
0.0756120830774307
0.0756120681762695
0.0756120532751083
0.0756120458245277
0.0756120234727859
0.075611986219883
0.07561194896698
0.0756119266152382
0.0756119191646576
0.0756119042634964
0.0756118968129158
0.0756118297576904
0.0756118223071098
0.0756118074059486
0.075611799955368
0.0756117925047874
0.0756117925047874
0.0756117850542068
0.0756117701530457
0.0756117627024651
0.0756117552518845
0.0756117403507233
0.0756117179989815
0.0756117105484009
0.0756116956472397
0.0756116881966591
0.0756116807460785
0.0756116732954979
0.0756116732954979
0.0756116658449173
0.0756116509437561
0.0756116062402725
0.0756115913391113
0.0756115764379501
0.0756115466356277
0.075611524283886
0.075611524283886
0.0756115093827248
0.0756115019321442
0.075611487030983
0.0756114721298218
0.0756114646792412
0.07561144977808
0.0756114348769188
0.0756114274263382
0.0756113901734352
0.0756113529205322
0.0756113082170486
0.0756112784147263
0.0756112709641457
0.0756112486124039
0.0756112411618233
0.0756112337112427
0.0756112262606621
0.0756112113595009
0.0756111964583397
0.0756111741065979
0.0756111666560173
0.0756111666560173
0.0756111592054367
0.0756111443042755
0.0756111294031143
0.0756111145019531
0.0756111070513725
0.0756110846996307
0.0756110548973083
0.0756110399961472
0.0756110399961472
0.075611025094986
0.075611025094986
0.0756110101938248
0.0756109952926636
0.075610987842083
0.0756109729409218
0.07561095058918
0.0756109282374382
0.0756109058856964
0.0756108835339546
0.0756108537316322
0.0756108090281487
0.0756107643246651
0.0756107345223427
0.0756106972694397
0.0756106823682785
0.0756106600165367
0.0756106600165367
0.0756106525659561
0.0756106451153755
0.0756106376647949
0.0756106302142143
0.0756106227636337
0.0756106227636337
0.0756106078624725
0.0756106004118919
0.0756105706095695
0.0756105482578278
0.0756105408072472
0.075610525906086
0.0756105035543442
0.07561045140028
0.0756104364991188
0.075610414147377
0.0756103992462158
0.0756103619933128
0.0756103172898293
0.0756102800369263
0.0756102353334427
0.0756102055311203
0.0756101682782173
0.0756101608276367
0.0756101608276367
0.0756101533770561
0.0756101533770561
0.0756101533770561
0.0756101533770561
0.0756101459264755
0.0756101459264755
0.0756101310253143
0.0756101086735725
0.0756100937724113
0.0756100863218307
0.0756100788712502
0.0756100714206696
0.0756100490689278
0.0756100341677666
0.075610026717186
0.075610026717186
0.0756100192666054
0.0756100118160248
0.0756100043654442
0.0756099969148636
0.0756099820137024
0.07560995221138
0.0756099447607994
0.0756099298596382
0.0756099298596382
0.0756099224090576
0.0756099075078964
0.0756098851561546
0.0756098479032516
0.0756098330020905
0.0756098181009293
0.0756097808480263
0.0756097659468651
0.0756097584962845
0.0756097361445427
0.0756096839904785
0.0756096690893173
0.0756096541881561
0.0756096467375755
0.0756096318364143
0.0756096020340919
0.0756095945835114
0.0756095796823502
0.0756095498800278
0.0756095349788666
0.0756095349788666
0.075609527528286
0.0756095200777054
0.0756095200777054
0.0756095126271248
0.0756095051765442
0.0756094977259636
0.0756094828248024
0.0756094381213188
0.0756094083189964
0.0756094008684158
0.0756093859672546
0.0756093561649323
0.0756093263626099
0.0756093114614487
0.0756092667579651
0.0756092444062233
0.0756092295050621
0.0756092146039009
0.0756091922521591
0.0756091624498367
0.0756091400980949
0.0756091326475143
0.0756091177463531
0.0756090953946114
0.0756090581417084
0.0756090357899666
0.0756090059876442
0.075608991086483
0.0756089836359024
0.0756089761853218
0.0756089240312576
0.0756089091300964
0.0756089091300964
0.0756088942289352
0.0756088867783546
0.0756088867783546
0.075608879327774
0.075608879327774
0.0756088718771935
0.0756088569760323
0.0756088569760323
0.0756088495254517
0.0756088495254517
0.0756088420748711
0.0756088346242905
0.0756088197231293
0.0756088122725487
0.0756087973713875
0.0756087824702263
0.0756087675690651
0.0756087526679039
0.0756087526679039
0.0756087377667427
0.0756087303161621
0.0756087079644203
0.0756086781620979
0.0756086409091949
0.0756086334586143
0.0756086111068726
0.0756085813045502
0.0756085589528084
0.0756085366010666
0.0756084993481636
0.075608491897583
0.0756084769964218
0.0756084471940994
0.075608417391777
0.0756084099411964
0.0756084099411964
0.0756084024906158
0.0756083801388741
0.0756083726882935
0.0756083652377129
0.0756083652377129
0.0756083428859711
0.0756083354353905
0.0756083205342293
0.0756083130836487
0.0756082981824875
0.0756082609295845
0.0756082311272621
0.0756081938743591
0.0756081640720367
0.0756081342697144
0.0756081193685532
0.075608104467392
0.0756080821156502
0.0756080448627472
0.0756080374121666
0.0756080076098442
0.0756079778075218
0.07560795545578
0.075607918202877
0.0756079033017159
0.0756078809499741
0.0756078734993935
0.0756078585982323
0.0756078585982323
0.0756078511476517
0.0756078436970711
0.0756078436970711
0.0756078436970711
0.0756078436970711
0.0756078436970711
0.0756078362464905
0.0756078213453293
0.0756078213453293
0.0756078138947487
0.0756078138947487
0.0756078064441681
0.0756077989935875
0.0756077989935875
0.0756077766418457
0.0756077542901039
0.0756077021360397
0.0756076946854591
0.0756076872348785
0.075607642531395
0.0756076127290726
0.0756075754761696
0.075607568025589
0.0756075456738472
0.0756075382232666
0.0756075084209442
0.0756075084209442
0.0756074860692024
0.0756074711680412
0.07560745626688
0.0756074190139771
0.0756074041128159
0.0756073743104935
0.0756073370575905
0.0756073370575905
0.0756073370575905
0.0756073296070099
0.0756073147058487
0.0756072849035263
0.0756072849035263
0.0756072700023651
0.0756072402000427
0.0756071954965591
0.0756071880459785
0.0756071880459785
0.0756071731448174
0.0756071731448174
0.0756071656942368
0.0756071582436562
0.075607143342495
0.0756071358919144
0.0756071209907532
0.0756070911884308
0.0756070911884308
0.0756070837378502
0.0756070837378502
0.0756070762872696
0.0756070539355278
0.0756070464849472
0.0756070390343666
0.075607031583786
0.0756070241332054
0.0756070166826248
0.0756070092320442
0.0756070017814636
0.0756070017814636
0.075606994330883
0.0756069719791412
0.0756069719791412
0.07560695707798
0.07560695707798
0.07560695707798
0.0756069421768188
0.0756069421768188
0.0756069347262383
0.0756069347262383
0.0756069347262383
0.0756069347262383
0.0756069272756577
0.0756069198250771
0.0756068974733353
0.0756068602204323
0.0756068527698517
