0.0
0.00120000005699694
0.00240000011399388
0.00270000007003546
0.00315000000409782
0.00382500002160668
0.00483749993145466
0.00603750022128224
0.00723750004544854
0.00843750033527613
0.00963750015944242
0.0108374999836087
0.0110625000670552
0.0112875001505017
0.0115125002339482
0.0117375003173947
0.0119625004008412
0.0121874995529652
0.0124124996364117
0.0126374997198582
0.0128624998033047
0.0130874998867512
0.0132562499493361
0.0134250000119209
0.0135093750432134
0.0135251954197884
0.013537060469389
0.0135489255189896
0.0135607905685902
0.0135726565495133
0.0135845215991139
0.0135963866487145
0.0136082516983151
0.0136201167479157
0.0136319827288389
0.0136408815160394
0.0136497803032398
0.0136564541608095
0.0136631289497018
0.0136698028072715
0.0136764766648412
0.0136831514537334
0.013693162240088
0.0137081798166037
0.0137231964617968
0.0137382131069899
0.0137532306835055
0.0137682473286986
0.0137832639738917
0.0137982815504074
0.0138132981956005
0.0138283148407936
0.0138433314859867
0.0138461478054523
0.0138489631935954
0.0138517785817385
0.0138545949012041
0.0138574102893472
0.0138602256774902
0.0138630419969559
0.0138658573850989
0.013868672773242
0.0138714890927076
0.0138743044808507
0.0138771198689938
0.0138813434168696
0.0138876792043447
0.0138971814885736
0.0139114363119006
0.0139256902039051
0.0139399450272322
0.0139426179230213
0.0139452898874879
0.013947962783277
0.0139506356790662
0.0139533085748553
0.0139559805393219
0.013958653435111
0.0139613263309002
0.0139653356745839
0.0139693440869451
0.0139733534306288
0.0139773627743125
0.0139813711866736
0.0139873847365379
0.0139964055269957
0.0140099357813597
0.0140302320942283
0.0140606751665473
0.0141063407063484
0.0141520062461495
0.0141976717859507
0.0142319211736321
0.0142661696299911
0.0142918564379215
0.014317543245852
0.0143432300537825
0.0143689168617129
0.0144074475392699
0.0144652426242828
0.0145519357174635
0.0146819753572345
0.0148770343512297
0.0151696233078837
0.0156085062772036
0.0162668321281672
0.0172543190419674
0.0184543188661337
0.0196543186903
0.0208543185144663
0.0220543183386326
0.023254320025444
0.0244543198496103
0.0256543196737766
0.0268543194979429
0.0280543193221092
0.0292543191462755
0.0304543189704418
0.0316543206572533
0.0328543186187744
0.0340543203055859
0.035254318267107
0.0364543199539185
0.0376543179154396
0.0388543196022511
0.0400543175637722
0.0412543192505836
0.0424543209373951
0.0436543188989162
0.0448543205857277
0.0460543185472488
0.0472543202340603
0.0484543181955814
0.0496543198823929
0.050854317843914
0.0520543195307255
0.0532543174922466
0.0544543191790581
0.0556543208658695
0.0568543188273907
0.0571543201804161
0.0572668202221394
0.0574355684220791
0.0574988499283791
0.0575225800275803
0.0575581751763821
0.0575615130364895
0.0575618259608746
0.0575622953474522
0.0575623400509357
0.0575624071061611
0.0575624294579029
0.0575624406337738
0.057562455534935
0.0575624592602253
0.0575624592602253
0.0575624592602253
0.0575624629855156
0.0575624629855156
0.0575624629855156
0.0575624629855156
0.0575624629855156
0.0575624629855156
0.0575624629855156
0.0575624629855156
0.0575624667108059
0.0575624704360962
0.0575624741613865
0.0575624778866768
0.0575624890625477
0.0575625002384186
0.0575625076889992
0.0575625151395798
0.0575625263154507
0.0575625412166119
0.057562567293644
0.0575626045465469
0.0575626194477081
0.0575626268982887
0.0575626343488693
0.0575626455247402
0.0575626492500305
0.0575626567006111
0.0575626567006111
0.0575626567006111
0.0575626567006111
0.0575626604259014
0.0575626604259014
