0.0
0.0
0.0
0.0
0.0
0.0
0.0
0.0
0.0
0.0
4.70384486916942e-09
7.64345315928949e-08
3.35841349397015e-07
1.39808730637014e-06
3.11705116473604e-06
6.36708773527062e-06
9.56506301008631e-06
1.33065468617133e-05
2.31651501962915e-05
3.6585406633094e-05
6.26936816843227e-05
0.000109597036498599
0.000171883904840797
0.000189185011549853
0.000210930011235178
0.000242154826992191
0.000298899278277531
0.000375528208678588
0.000458687223726884
0.000546901079360396
0.000636058452073485
0.000723658711649477
0.000824517337605357
0.000928995723370463
0.00095509976381436
0.00096493901219219
0.000979594187811017
0.000980973360128701
0.000983034959062934
0.000983227975666523
0.000983232515864074
0.00098323926795274
0.00098324182908982
0.000983242760412395
0.000983242876827717
0.000983242993243039
0.00098324310965836
0.000983243226073682
0.000983243342489004
0.000983243575319648
0.00098324369173497
0.000983243808150291
0.000983243924565613
0.000983244040980935
0.000983244040980935
0.000983244157396257
0.000983244157396257
