0.0
2.34295750660939e-14
6.66839170548883e-08
3.28152367501389e-07
7.97450070422201e-07
9.7202928373008e-07
1.31449826312746e-06
1.82344058430317e-06
1.69187285337102e-06
1.70669170529436e-06
1.72489365013462e-06
1.75025218140945e-06
1.76827450104611e-06
1.79769028818555e-06
1.83303586709371e-06
1.87301884579938e-06
1.91860158338386e-06
1.96780206351832e-06
2.04839307116345e-06
2.1349642338464e-06
2.22820085582498e-06
2.38454003920197e-06
2.43229715124471e-06
2.48298238147981e-06
2.53607345257478e-06
2.59139233094174e-06
2.64831260210485e-06
2.70660575552029e-06
2.76590071734972e-06
2.82619657809846e-06
2.88737805931305e-06
2.91829451271042e-06
2.93374478133046e-06
2.94918390864041e-06
2.96464327220747e-06
2.97620795208786e-06
2.98755526273453e-06
2.99896942124178e-06
3.00185683954624e-06
3.0062358291616e-06
3.0128792332107e-06
3.01951922665467e-06
3.02615762848291e-06
3.03283013636246e-06
3.03957403957611e-06
3.04979971588182e-06
3.06542438011093e-06
3.08125868286879e-06
3.09746314997028e-06
3.11398071062285e-06
3.13067653223698e-06
3.14844646709389e-06
3.16587056659046e-06
3.18283946398878e-06
3.19958508043783e-06
3.22441974276444e-06
3.26124995808641e-06
3.2977050068439e-06
3.33404068442178e-06
3.37027654495614e-06
3.40625001626904e-06
3.44196382684459e-06
3.47736795447418e-06
3.51247945218347e-06
3.54727649209963e-06
3.5818873129756e-06
3.61616525879072e-06
3.64981042366708e-06
3.68272662853997e-06
3.71465762327716e-06
3.71465762327716e-06
