0.0
-1.70500641161198e-07
2.14030855261171e-08
-1.97316103367484e-06
-2.13229873224918e-06
-2.36066398429102e-06
-2.70595955953468e-06
-3.24361167258758e-06
-4.0977138269227e-06
-5.41298459211248e-06
-6.70959343551658e-06
-8.0687723311712e-06
-9.70768633123953e-06
-1.11176877908292e-05
-1.23386107588885e-05
-1.33641851789434e-05
-1.35952250275295e-05
-1.38153664011043e-05
-1.40242700581439e-05
-1.42209446494235e-05
-1.44050709423027e-05
-1.44922223626054e-05
-1.45762141983141e-05
-1.46570910146693e-05
-1.47348118844093e-05
-1.48452927533071e-05
-1.49487395901815e-05
-1.49973502630019e-05
-1.50437226693612e-05
-1.50877558553475e-05
-1.51194353747997e-05
-1.51194371937891e-05
-1.51194381032838e-05
-1.51194390127785e-05
-1.51194408317679e-05
-1.51194399222732e-05
-1.51194408317679e-05
-1.51194408317679e-05
-1.51194417412626e-05
-1.51194426507573e-05
-1.51194426507573e-05
-1.51194426507573e-05
-1.51194426507573e-05
-1.5119443560252e-05
-1.5119443560252e-05
-1.5119443560252e-05
-1.51194444697467e-05
-1.51194444697467e-05
-1.51194453792414e-05
-1.51194453792414e-05
-1.51194471982308e-05
-1.51194471982308e-05
-1.51194462887361e-05
-1.51194462887361e-05
-1.51194462887361e-05
-1.51194462887361e-05
-1.51194471982308e-05
-1.51194471982308e-05
-1.51194481077255e-05
-1.51194490172202e-05
-1.51194490172202e-05
-1.51194499267149e-05
-1.51194508362096e-05
-1.51194517457043e-05
-1.51194517457043e-05
-1.5119452655199e-05
-1.51194535646937e-05
-1.51194544741884e-05
-1.51194553836831e-05
-1.51194553836831e-05
-1.51194572026725e-05
-1.51194572026725e-05
-1.51194572026725e-05
-1.51194553836831e-05
-1.51194562931778e-05
-1.51194562931778e-05
-1.51194562931778e-05
-1.51194581121672e-05
-1.51194572026725e-05
-1.51194581121672e-05
-1.51194581121672e-05
-1.51194590216619e-05
-1.51194590216619e-05
-1.51194599311566e-05
-1.51194599311566e-05
-1.51194608406513e-05
-1.5119461750146e-05
-1.51194635691354e-05
-1.51194626596407e-05
-1.51194626596407e-05
-1.51194626596407e-05
-1.51194635691354e-05
-1.51194635691354e-05
-1.51194644786301e-05
-1.51194653881248e-05
-1.51194653881248e-05
-1.51194662976195e-05
-1.51194672071142e-05
-1.51194690261036e-05
-1.5119470845093e-05
-1.5119470845093e-05
