0.0
-3.53392071761845e-18
2.97516834280032e-07
2.11214182854746e-06
8.57232589623891e-06
1.83830343303271e-05
2.98634549835697e-05
4.54789224022534e-05
5.33449929207563e-05
6.24729946139269e-05
7.25204008631408e-05
8.32315781735815e-05
9.45109422900714e-05
0.000112321911728941
0.000140568779897876
0.000188281759619713
0.000269287527771667
0.000366360094631091
0.000472394254757091
0.000579343468416482
0.000685142469592392
0.000789695477578789
0.000893003598321229
0.000994285917840898
0.00109432812314481
0.00119307416025549
0.00128982204478234
0.0013846936635673
0.00147754873614758
0.0015684578102082
0.00165755499619991
0.00174483726732433
0.00183014059439301
0.001913484884426
0.001995061757043
0.0020748705137521
0.00215290300548077
0.00222915806807578
0.00230363104492426
0.00237633381038904
0.00244716601446271
0.00251620379276574
0.00258364016190171
0.00264934869483113
0.00271335011348128
0.00277579296380281
0.00283655221574008
0.00289566349238157
0.00295320292934775
0.00300911138765514
0.00306341703981161
0.00311613897792995
0.00316729443147779
0.00321687711402774
0.0032648912165314
0.00331148784607649
0.00335666537284851
0.00340030272491276
0.00344242877326906
0.00348307029344141
0.00352224428206682
0.00356011791154742
0.00359668862074614
0.00363179109990597
0.00366543396376073
0.00369777670130134
0.00372886960394681
0.00375860324129462
0.00378696783445776
0.00381411798298359
0.0038400765042752
0.00386471045203507
0.00388807896524668
0.00391023932024837
0.00393115961924195
0.00395087711513042
0.00396947050467134
0.00398690486326814
0.00400319416075945
0.00401840498670936
0.0040324991568923
0.00404547806829214
0.00405739294365048
0.00406821211799979
0.0040779635310173
0.00408667884767056
0.0040943305939436
0.00410095974802971
0.00410659797489643
0.00411126995459199
0.00411498406901956
0.00411773333325982
0.00411965604871511
0.00412121927365661
0.00412275502458215
0.00412425957620144
0.00412575295194983
0.00412725238129497
0.00412875832989812
0.00413027079775929
0.00413179351016879
0.00413332460448146
0.00413487013429403
0.00413643289357424
0.0041379970498383
0.00413955468684435
0.00414110580459237
0.00414264108985662
0.00414414796978235
0.00414499081671238
