0.0
3.75448418672201e-35
4.99544171361777e-07
7.23107348221674e-07
1.2367760291454e-06
2.01420175471867e-06
2.50071047958045e-06
1.89070021860971e-06
1.5172820440057e-06
1.49324466747203e-06
1.61713717261591e-06
1.87443072263704e-06
2.27933810492686e-06
3.45451007888187e-06
6.05102104600519e-06
9.56271014729282e-06
1.24916523418506e-05
1.15737220767187e-05
8.19404613139341e-06
8.91344097908586e-06
8.39422409626422e-06
8.34646925795823e-06
9.75849434325937e-06
1.26908325910335e-05
1.35784493977553e-05
1.4863606338622e-05
1.63717231771443e-05
1.76860448846128e-05
1.83327465492766e-05
1.82304647751153e-05
1.82530420715921e-05
1.8350890968577e-05
1.8214308511233e-05
1.79379221663112e-05
1.76096564246109e-05
1.71402007254073e-05
1.64867378771305e-05
1.56597034219885e-05
1.46865868373425e-05
1.39752928589587e-05
1.33198445837479e-05
1.26086561067495e-05
1.19785690912977e-05
1.15960683615413e-05
1.10209730337374e-05
1.0495235073904e-05
1.00434654086712e-05
9.51485162659083e-06
9.01570729183732e-06
8.5189212768455e-06
7.83456016506534e-06
7.23027187632397e-06
6.66672258375911e-06
6.11464975008857e-06
5.59114414500073e-06
5.09328174302937e-06
4.64500908492482e-06
4.23462643084349e-06
3.90007699024864e-06
3.62576975021511e-06
3.38514792019851e-06
3.15996248900774e-06
2.88824276140076e-06
2.63836068370438e-06
2.4121809474309e-06
2.19566481973743e-06
1.92955212696688e-06
1.71170313478797e-06
1.52302413880534e-06
1.35692926050979e-06
1.22729409213207e-06
1.12809016172832e-06
1.04330206340819e-06
9.6235305591108e-07
9.17299246339098e-07
8.94015499852685e-07
8.2907047271874e-07
8.07139713288052e-07
7.718095389464e-07
7.20338903192896e-07
7.07011622580467e-07
6.89315186264139e-07
6.83220719110977e-07
6.74494515351398e-07
6.72080773256312e-07
6.68976554152323e-07
6.66776145408221e-07
6.64020660678943e-07
6.63042385440349e-07
6.6152944100395e-07
6.59245870338054e-07
6.57736904940975e-07
6.57400107684225e-07
6.56714519209345e-07
6.55594703857787e-07
6.55343455946422e-07
6.54825328183506e-07
6.54285827295098e-07
6.54193968330219e-07
6.54115865472704e-07
6.54054645110591e-07
6.54031623525952e-07
6.54019743251411e-07
6.53992231036682e-07
6.53975746445212e-07
6.53933909688931e-07
6.53886843338114e-07
6.53806750960939e-07
6.53621384572034e-07
6.53367067116051e-07
6.53044367027178e-07
6.53151516871731e-07
6.52846495086123e-07
6.52757705665863e-07
6.52359858577256e-07
6.5148293515449e-07
6.51307118459954e-07
6.50696392767713e-07
6.49847152089933e-07
6.48610637199454e-07
6.47076149107306e-07
6.46638682155753e-07
6.46466673970281e-07
6.46395051262516e-07
6.46306261842255e-07
6.46180467356317e-07
6.46135674742254e-07
6.46071669052617e-07
6.45979866931157e-07
6.4582752656861e-07
6.45622549200198e-07
6.45368061213958e-07
6.45240675112291e-07
6.4520179421379e-07
6.45146542410657e-07
6.45063721549377e-07
6.4503763042012e-07
6.44994372578367e-07
6.44905469471269e-07
6.44786496195593e-07
6.44573674435378e-07
6.44506997105054e-07
6.44394617665967e-07
6.4422778223161e-07
6.43865178062697e-07
6.43425266844133e-07
6.42673683159956e-07
6.415806979021e-07
6.39869028873363e-07
6.37209097931191e-07
6.36229970041313e-07
6.34704690583021e-07
6.34108289432334e-07
6.33238130376412e-07
6.31348029855872e-07
6.28789166512433e-07
6.27749841441982e-07
6.27390363661107e-07
6.26824771643442e-07
6.25983830104815e-07
6.24706331109337e-07
6.22860909516021e-07
6.20198591150256e-07
6.19272952917527e-07
6.18626074810891e-07
6.17928151314118e-07
6.16524516772188e-07
6.13984127539879e-07
6.13951442574034e-07
6.1353898672678e-07
6.12915528108715e-07
6.11961468166555e-07
6.10502922882006e-07
6.08331902185455e-07
6.0524348555191e-07
6.04972228757106e-07
6.04838874096458e-07
6.04679883053905e-07
6.04443300744606e-07
6.0408780200305e-07
6.03553360178921e-07
6.02780175995576e-07
6.02712816544226e-07
6.02595548571117e-07
6.02429338414368e-07
6.02180023179244e-07
6.01805936639721e-07
6.01246028963942e-07
6.0026513892808e-07
5.99894690367364e-07
5.99343081830739e-07
5.98517772232299e-07
5.97282337366778e-07
5.96825941556745e-07
5.9613756775434e-07
5.95128369695885e-07
5.94745472426439e-07
5.94169819123636e-07
5.93329218645522e-07
5.93256174852286e-07
5.93129527715064e-07
5.92948879329924e-07
5.92678702560079e-07
5.92274147948046e-07
5.91670527683164e-07
5.91445200370799e-07
5.91106527281227e-07
5.90600279792852e-07
5.89843523357558e-07
5.89559476793511e-07
5.89135538575647e-07
5.88500142839621e-07
5.88263731060579e-07
5.87908346005861e-07
5.87378224281565e-07
5.87179101785296e-07
5.86881924391491e-07
5.86436271987623e-07
5.85771203986951e-07
5.84551628435293e-07
5.82835184559372e-07
5.8023306337418e-07
5.7638345651867e-07
5.75006822600699e-07
5.72934879983222e-07
5.72185911096312e-07
5.71903001400642e-07
5.71477528410469e-07
5.71320924791507e-07
5.71272096294706e-07
5.71215537092939e-07
5.71111911540356e-07
5.70963720747386e-07
5.70739189242886e-07
5.70403869915026e-07
5.69903590985632e-07
5.69715041365271e-07
5.69451003684662e-07
5.69351698231912e-07
5.69205781175697e-07
5.69052701848705e-07
5.68822770219413e-07
5.68492680486088e-07
5.67988990951562e-07
5.67275776575116e-07
5.67018958008703e-07
5.66920846267749e-07
5.66774872368114e-07
5.66555172554217e-07
5.66226333376108e-07
5.6610298315718e-07
5.65917957828788e-07
5.65640846161841e-07
5.65537163765839e-07
5.65381526484998e-07
5.65148354780831e-07
5.65061043289461e-07
5.64930019208987e-07
5.64733682040242e-07
5.64439460504218e-07
5.63999151381722e-07
5.63340222470288e-07
5.62355921829294e-07
5.608875994767e-07
5.58701856334665e-07
5.57891439711966e-07
5.56673342089198e-07
5.56219788450107e-07
5.55561314286024e-07
5.54562461729802e-07
5.53060829133756e-07
5.5251325647987e-07
5.52300434719655e-07
5.51986943264637e-07
5.51512471247406e-07
5.50824836409447e-07
5.49828882867587e-07
5.48427976809762e-07
5.4637530411128e-07
5.43226349236647e-07
5.42188558938506e-07
5.41797305686487e-07
5.41651616003946e-07
5.41412475740799e-07
5.41049814728467e-07
5.40488258593541e-07
5.40288283445989e-07
5.3991749382476e-07
5.39308416591666e-07
5.38508629688295e-07
5.37542860001849e-07
5.35953745384177e-07
5.33512945821712e-07
5.29812382410455e-07
5.28626287632505e-07
5.2803574135396e-07
5.27227314250922e-07
5.26972144143656e-07
5.2689262020067e-07
5.26717713000835e-07
5.26651490417862e-07
5.26623807672877e-07
5.26586291016429e-07
5.26571398040687e-07
5.26565884229058e-07
5.26557698776742e-07
5.2654530691143e-07
5.26526662270044e-07
5.26498638464545e-07
5.26456460647751e-07
5.2639262548837e-07
5.26296048519725e-07
5.2614910828197e-07
5.25924519934051e-07
5.25578172982932e-07
5.25457267031015e-07
5.25258826655772e-07
5.24959148151538e-07
5.24496840625943e-07
5.23811593211576e-07
5.22854577411636e-07
5.21371532613557e-07
5.1923325372627e-07
5.15987551352737e-07
5.11240386913414e-07
5.1107542731188e-07
5.10913082507614e-07
5.10841630330106e-07
5.10817812937603e-07
5.10783138452098e-07
5.10731297254097e-07
5.10712311552197e-07
5.10704637690651e-07
5.10702079736802e-07
5.10700999711844e-07
5.10699464939535e-07
5.10697134359361e-07
5.10693666910811e-07
5.10688494159695e-07
5.10680706611311e-07
5.10669053710444e-07
5.10651602780854e-07
5.1062534112134e-07
5.10586005475488e-07
5.10527002006711e-07
5.10438553646964e-07
5.10306051637599e-07
5.10107554418937e-07
5.0981049071197e-07
5.09366202550154e-07
5.09200901888107e-07
5.08953121425293e-07
5.08861205616995e-07
5.0872273504865e-07
5.08515540786902e-07
5.08438006363576e-07
5.08408959376538e-07
5.08365360474272e-07
5.08349046413059e-07
5.08324490056111e-07
5.08287712364108e-07
5.08232574247813e-07
5.08149867073371e-07
5.08026005263673e-07
5.07840411501093e-07
5.0756261771312e-07
5.07146353356802e-07
5.06990090798354e-07
5.06755043261364e-07
5.06402557221008e-07
5.06271078393183e-07
5.0607314960871e-07
5.0599931000761e-07
5.0588801059348e-07
5.05721402532799e-07
5.05471462020068e-07
5.05096522829263e-07
5.04540537349385e-07
5.03708122323587e-07
5.02429998050502e-07
5.00756300425564e-07
5.00083501719928e-07
4.99223006045213e-07
4.98853978569969e-07
4.98387294101121e-07
4.98351084843307e-07
4.9831800197353e-07
4.98290830819315e-07
4.98282361149904e-07
4.9827860948426e-07
4.98273266202887e-07
4.98271276683226e-07
4.98270537718781e-07
4.98269400850404e-07
4.98267695547838e-07
4.98265194437408e-07
4.98261385928345e-07
4.9825564474304e-07
4.98247118230211e-07
4.98234271617548e-07
4.98215001698554e-07
4.98186011554935e-07
4.98142412652669e-07
4.98076644817047e-07
4.97976884616946e-07
4.97940220611781e-07
4.97883945627109e-07
4.97799987897452e-07
4.97673170229973e-07
4.97484791139868e-07
4.97200403515308e-07
4.96775896863255e-07
4.96138227390475e-07
4.95906647302036e-07
4.95819392654084e-07
4.95686322210531e-07
4.95485551255115e-07
4.95183371640451e-07
4.94729590627685e-07
4.94046503263235e-07
4.93799291234609e-07
4.93415939217812e-07
4.928426733386e-07
4.91985645112436e-07
4.90693935262243e-07
4.88772116113978e-07
4.85891860080301e-07
4.84897498154169e-07
4.84904603581526e-07
4.84860663618747e-07
4.84804218103818e-07
4.84717133986123e-07
4.84593670080358e-07
4.84405006773159e-07
4.8433508936796e-07
4.84229417452298e-07
4.84071279061027e-07
4.83833844100445e-07
4.83478970636497e-07
4.82948166791175e-07
4.8216452341876e-07
4.81057156775933e-07
4.80507139855035e-07
4.79728157642967e-07
4.7978539896576e-07
4.79641073525272e-07
4.79492598515208e-07
4.79211109905009e-07
4.79134257602709e-07
4.78983281482215e-07
4.78757726796175e-07
4.78403080705903e-07
4.77854541713896e-07
4.77012974897661e-07
4.75849020631358e-07
4.7418333792848e-07
4.71362341158965e-07
4.67416299443357e-07
4.6599257075286e-07
4.63771471004293e-07
4.60477650676694e-07
4.59309063671753e-07
4.57459123026638e-07
4.5469963083633e-07
4.53851214388123e-07
4.52473130962971e-07
4.50451494771187e-07
4.49652930001321e-07
4.49631897936342e-07
4.49491835752269e-07
4.49344639719129e-07
4.49096916099734e-07
4.48740195224673e-07
4.48192508883949e-07
4.47372457301753e-07
4.46121504182884e-07
4.44258148490917e-07
4.41434082176784e-07
4.40443415072878e-07
4.38848275052806e-07
4.36466137898606e-07
4.33040753478053e-07
4.3159738538634e-07
4.31476166795619e-07
4.31183792670708e-07
4.30837815201812e-07
4.30713299692798e-07
4.30509231819087e-07
4.30193495049025e-07
4.29712400773496e-07
4.29559094072829e-07
4.29282522418362e-07
4.28870009727689e-07
4.28736541380204e-07
4.28502119120822e-07
4.28159864895861e-07
4.27658278567833e-07
4.2694489366113e-07
4.25893887268103e-07
4.24139358301545e-07
4.21662804228617e-07
