0.0
2.39015139413823e-06
1.41847185659572e-05
4.26222977694124e-05
9.0974077465944e-05
0.000159321891260333
0.000245668896241114
0.000347547669662163
0.000466851255623624
0.000604812521487474
0.00064162869239226
0.000696842849720269
0.000778590503614396
0.000899480190128088
0.00103916449006647
0.00117381731979549
0.00130491284653544
0.00143231370020658
0.00155487982556224
0.00167359795887023
0.00178848137147725
0.00189860863611102
0.00200376939028502
0.00210406305268407
0.00219956133514643
0.00229031196795404
0.00237637432292104
0.00245780730620027
0.00253468751907349
0.00260709854774177
0.00267507694661617
0.00273866369388998
0.00279793818481266
0.00285297655500472
0.00290382979437709
0.00295053492300212
0.00299315713346004
0.0030317809432745
0.00306643918156624
0.00309714232571423
0.00312394788488746
0.00314693618565798
0.00316616194322705
0.0031816684640944
0.00319353258237243
0.00320182996802032
0.00320659996941686
0.00320810824632645
0.00320810987614095
0.00320811150595546
0.00320811290293932
0.00320811406709254
0.00320811523124576
0.00320811616256833
0.00320811686106026
0.00320811779238284
0.00320811849087477
0.0032081191893667
0.00320811988785863
0.00320812058635056
0.00320812128484249
0.00320812175050378
0.00320812221616507
0.00320812244899571
0.00320812268182635
0.00320812268182635
0.00320812268182635
