0.0
4.03059317477528e-07
8.28322356483113e-07
1.0316535963284e-06
1.21387301987852e-06
1.96577184397029e-06
2.86516842606943e-06
3.83702217732207e-06
4.28477778768865e-06
4.3356412788853e-06
4.2374772419862e-06
4.06840945288423e-06
4.02309251512634e-06
3.95505639971816e-06
3.929249032808e-06
3.90456216337043e-06
3.88675016438356e-06
3.88345370083698e-06
3.88264470529975e-06
3.87611680707778e-06
3.86277633879217e-06
3.84405302611412e-06
3.82290591005585e-06
3.79471453015867e-06
3.75607237401709e-06
3.7791228351125e-06
3.73812895304582e-06
3.61417914973572e-06
3.46652427651861e-06
3.38691120305157e-06
3.22516325468314e-06
3.13481200464594e-06
3.02286093756265e-06
2.85906776298361e-06
2.70791247203306e-06
2.57878582488047e-06
2.45494607042929e-06
2.33846321862075e-06
2.22574362851446e-06
2.11199039767962e-06
1.98776592696959e-06
1.84892530796787e-06
1.67903829151328e-06
1.51894187183643e-06
1.35969457915053e-06
1.18143429972406e-06
9.98711811917019e-07
8.31836416637088e-07
6.81441065353283e-07
5.45238890481414e-07
4.23095798396389e-07
3.20587417945717e-07
2.36724559954382e-07
1.71778623325736e-07
1.24659791822523e-07
9.46411873314901e-08
7.92250958170371e-08
7.48956310303583e-08
8.20668830670002e-08
1.01934332974452e-07
1.12558481646374e-07
1.07472672539188e-07
8.9630880495406e-08
7.9176849965279e-08
4.00669293298961e-08
2.59057688495323e-11
2.56425939509919e-11
2.53804009059388e-11
2.49776952593317e-11
2.44277532229775e-11
2.34289115885744e-11
2.09661333433475e-11
1.54109780492462e-11
9.59339812450777e-12
0.0
0.0
