-0.0
9.86373152045417e-08
-1.58198758981598e-07
-4.62836112546938e-07
-1.20342065201839e-07
-7.88946863394813e-07
-8.65918082126882e-07
-7.3879800766008e-07
-2.04499883693643e-06
5.28547388967127e-07
4.67808604298625e-07
4.63854121335316e-07
4.8003039410105e-07
5.17280568601564e-07
5.46582668903284e-07
5.0578273658175e-07
4.69652150059119e-07
4.97784640174359e-07
5.00396708957851e-07
3.61595084541477e-07
6.25183020019904e-07
1.33276807900984e-06
2.39628752751742e-06
3.51322341884952e-06
4.0035793062998e-06
-1.43863871926442e-07
1.30014086607844e-07
1.14416252472438e-06
5.00667738378979e-07
-1.11689405457582e-06
-2.31232479563914e-06
-5.61424531042576e-06
-2.66761526290793e-06
1.65515484695788e-06
3.17547710437793e-06
-3.58231773134321e-08
-2.88957926386502e-06
-3.41699160344433e-06
-3.54380063072313e-06
-2.43455542658921e-06
9.17594661586918e-07
1.11882854980649e-06
-3.82141479349229e-07
-1.40694282890763e-06
-1.8864711819333e-06
-2.27187410928309e-06
-1.02487865660805e-06
1.46254296851112e-06
3.11546500597615e-07
2.39650944422465e-07
-1.08282984001562e-06
-9.47163243836258e-07
-5.28520104126073e-07
-1.18106618174352e-06
-1.66377458299394e-06
-8.53511210152647e-07
5.360234354157e-07
-4.87127636006335e-07
4.36384652857669e-07
4.82664290757384e-07
9.13371422939235e-08
-2.35650077229366e-09
-1.34429200215891e-07
-1.10376547013402e-07
-4.59237980976468e-08
4.47439916229087e-08
4.37836114031143e-08
4.03827513650867e-08
3.36930554567516e-08
1.90870164118451e-08
1.09744888732166e-08
2.73950355733632e-08
1.63828559607282e-08
-1.73331677899569e-08
5.3148441203632e-09
5.3148441203632e-09
