0
0.00120000005699694
0.00239999988116324
0.00360000017099083
0.0039000001270324
0.00434999982826412
0.00502500007860363
0.00527812517248094
0.00537304696626961
0.00551542942412198
0.0057290040422231
0.0060493650380522
0.00652990699745715
0.00725072040222585
0.00833193934522569
0.00953194010071456
0.0107319399248809
0.0119319397490472
0.0131319395732135
0.0143319393973798
0.0146319398190827
0.0149319393094629
0.015381939476356
0.0160569397266955
0.0170694401022047
0.017369439592585
0.017819439759478
0.0184944400098175
0.0195069403853268
0.0205194388981909
0.0215319392737002
0.0227319390978665
0.0239319389220328
0.0251319387461991
0.0263319404330105
0.0275319402571768
0.0287319400813431
0.0299319399055094
0.0311319397296757
0.0323319414164871
0.0335319393780083
0.0347319410648197
0.0359319390263409
0.0371319407131523
0.0383319386746735
0.0395319403614849
0.0407319383230061
0.0419319400098175
0.0431319379713387
0.0443319396581501
0.0455319413449616
0.0467319393064827
0.0479319409932942
0.0491319389548153
0.0503319406416268
0.0515319386031479
0.0527319402899594
0.052806937834248
0.0528819391038269
0.0529944391455502
0.0531631910707802
0.0533319392707199
0.05337412818335
0.0533741877879948
0.0533742362167687
0.0533742697443814
0.053374303271994
0.053374340524897
0.0533743926789612
0.0533744709100575
0.0533745863940567
0.0533747056033463
0.0533748210873455
0.0533749961759896
0.0533752606716007
0.0533756592776627
0.0533760541584343
0.0533760578837246
0.0533760578837246
0.0533760616090149
0.0533760616090149
0.0533760653343052
0.0533760653343052
0.0533760653343052
0.0533760690595955
0.0533760690595955
0.0533760690595955
0.0533760727848858
0.0533760765101761
0.0533760765101761
0.0533760765101761
0.0533760765101761
0.0533760802354664
0.0533760802354664
0.0533760802354664
0.0533760802354664
0.0533760802354664
0.0533760802354664
0.0533760839607567
0.0533760839607567
0.0533760839607567
0.0533760839607567
0.053376087686047
0.053376087686047
0.053376087686047
0.053376087686047
0.053376087686047
0.053376087686047
0.053376087686047
0.053376087686047
0.0533760914113373
0.0533760914113373
0.0533760914113373
0.0533760914113373
0.0533760914113373
0.0533760951366276
0.0533760951366276
0.0533760951366276
0.0533760951366276
0.0533760951366276
0.0533760988619179
0.0533760988619179
0.0533760988619179
0.0533760988619179
0.0533760988619179
0.0533760988619179
0.0533760988619179
0.0533761025872082
0.0533761025872082
0.0533761025872082
0.0533761025872082
0.0533761025872082
0.0533761025872082
0.0533761063124985
0.0533761063124985
0.0533761063124985
0.0533761063124985
0.0533761063124985
0.0533761063124985
0.0533761100377888
0.0533761100377888
0.0533761100377888
0.0533761100377888
0.0533761100377888
0.0533761100377888
0.0533761137630791
0.0533761137630791
0.0533761137630791
0.0533761137630791
0.0533761137630791
0.0533761137630791
0.0533761174883694
0.0533761174883694
0.0533761174883694
0.0533761174883694
0.0533761174883694
0.0533761174883694
0.0533761212136597
0.0533761212136597
0.0533761212136597
0.0533761212136597
0.0533761212136597
0.0533761212136597
0.05337612493895
0.05337612493895
0.05337612493895
0.05337612493895
0.05337612493895
0.05337612493895
0.0533761286642403
0.0533761286642403
0.0533761286642403
0.0533761286642403
0.0533761286642403
0.0533761286642403
0.0533761323895306
0.0533761323895306
0.0533761323895306
0.0533761323895306
0.0533761323895306
0.0533761323895306
0.0533761361148209
0.0533761361148209
0.0533761361148209
0.0533761361148209
0.0533761361148209
0.0533761361148209
0.0533761361148209
0.0533761398401112
0.0533761398401112
0.0533761398401112
0.0533761398401112
0.0533761398401112
0.0533761398401112
0.0533761435654015
0.0533761435654015
0.0533761435654015
0.0533761435654015
0.0533761435654015
0.0533761472906918
0.0533761472906918
0.0533761472906918
0.0533761472906918
0.0533761472906918
0.0533761472906918
0.0533761510159821
0.0533761510159821
0.0533761510159821
0.0533761510159821
0.0533761510159821
0.0533761510159821
0.0533761510159821
0.0533761547412724
0.0533761547412724
0.0533761547412724
0.0533761547412724
0.0533761547412724
0.0533761547412724
0.0533761584665627
0.0533761584665627
0.0533761584665627
0.0533761584665627
0.0533761584665627
0.053376162191853
0.053376162191853
0.053376162191853
0.053376162191853
0.0533761659171433
0.0533761659171433
0.0533761659171433
0.0533761659171433
0.0533761659171433
0.0533761659171433
0.0533761659171433
0.0533761696424336
0.0533761696424336
0.0533761696424336
0.0533761696424336
0.0533761696424336
0.0533761733677239
0.0533761733677239
0.0533761733677239
0.0533761733677239
0.0533761733677239
0.0533761733677239
0.0533761770930142
0.0533761770930142
0.0533761770930142
0.0533761770930142
0.0533761770930142
0.0533761770930142
0.0533761770930142
0.0533761808183045
0.0533761808183045
0.0533761808183045
0.0533761808183045
0.0533761808183045
0.0533761808183045
0.0533761808183045
0.0533761808183045
0.0533761845435948
0.0533761845435948
0.0533761845435948
0.0533761845435948
0.0533761845435948
0.0533761845435948
0.0533761882688851
0.0533761882688851
0.0533761882688851
0.0533761882688851
0.0533761882688851
0.0533761882688851
0.0533761919941754
0.0533761919941754
0.0533761919941754
0.0533761919941754
0.0533761957194657
0.0533761957194657
0.0533761957194657
0.0533761957194657
0.0533761957194657
0.053376199444756
0.053376199444756
0.053376199444756
0.053376199444756
0.053376199444756
0.053376199444756
0.053376199444756
0.0533762031700463
0.0533762031700463
0.0533762031700463
0.0533762031700463
0.0533762031700463
0.0533762031700463
0.0533762068953366
0.0533762068953366
0.0533762068953366
0.0533762068953366
0.0533762068953366
0.0533762068953366
0.0533762068953366
0.0533762068953366
0.0533762106206268
0.0533762106206268
0.0533762106206268
0.0533762106206268
0.0533762106206268
0.0533762106206268
0.0533762143459171
0.0533762143459171
0.0533762143459171
0.0533762143459171
0.0533762143459171
0.0533762143459171
0.0533762180712074
0.0533762180712074
0.0533762180712074
0.0533762180712074
0.0533762180712074
0.0533762180712074
0.0533762217964977
0.0533762217964977
0.0533762217964977
0.0533762217964977
0.0533762217964977
0.0533762217964977
0.053376225521788
0.053376225521788
0.053376225521788
0.053376225521788
0.053376225521788
0.053376225521788
0.053376225521788
0.0533762292470783
0.0533762292470783
0.0533762292470783
0.0533762292470783
0.0533762292470783
0.0533762292470783
0.0533762329723686
0.0533762329723686
0.0533762329723686
0.0533762329723686
0.0533762329723686
0.0533762329723686
0.0533762329723686
0.0533762366976589
0.0533762366976589
0.0533762366976589
0.0533762366976589
0.0533762366976589
0.0533762366976589
0.0533762404229492
0.0533762404229492
0.0533762404229492
0.0533762404229492
0.0533762404229492
0.0533762441482395
0.0533762441482395
0.0533762441482395
0.0533762441482395
0.0533762441482395
0.0533762441482395
0.0533762478735298
0.0533762478735298
0.0533762478735298
0.0533762478735298
0.0533762478735298
0.0533762478735298
0.0533762478735298
0.0533762515988201
0.0533762515988201
0.0533762515988201
0.0533762515988201
0.0533762515988201
0.0533762515988201
0.0533762553241104
0.0533762553241104
0.0533762553241104
0.0533762553241104
0.0533762553241104
0.0533762590494007
0.0533762590494007
0.0533762590494007
0.0533762590494007
0.0533762590494007
0.0533762590494007
0.053376262774691
0.053376262774691
0.053376262774691
0.053376262774691
0.0533762664999813
0.0533762664999813
0.0533762664999813
0.0533762664999813
0.0533762664999813
0.0533762664999813
0.0533762702252716
0.0533762702252716
0.0533762702252716
0.0533762702252716
0.0533762702252716
0.0533762702252716
0.0533762739505619
0.0533762739505619
0.0533762739505619
0.0533762739505619
0.0533762739505619
0.0533762739505619
0.0533762776758522
0.0533762776758522
0.0533762776758522
0.0533762776758522
0.0533762776758522
0.0533762776758522
0.0533762814011425
0.0533762814011425
0.0533762814011425
0.0533762814011425
0.0533762814011425
0.0533762851264328
0.0533762851264328
0.0533762851264328
0.0533762851264328
0.0533762851264328
0.0533762851264328
0.0533762888517231
0.0533762888517231
0.0533762888517231
0.0533762888517231
0.0533762925770134
0.0533762925770134
0.0533762925770134
0.0533762925770134
0.0533762925770134
0.0533762963023037
0.0533762963023037
0.0533762963023037
0.0533762963023037
0.0533762963023037
0.053376300027594
0.053376300027594
0.053376300027594
0.053376300027594
0.053376300027594
0.0533763037528843
0.0533763037528843
0.0533763037528843
0.0533763037528843
0.0533763074781746
0.0533763074781746
0.0533763074781746
0.0533763074781746
0.0533763074781746
0.0533763112034649
0.0533763112034649
0.0533763112034649
0.0533763112034649
0.0533763112034649
0.0533763112034649
0.0533763149287552
0.0533763149287552
0.0533763149287552
0.0533763149287552
0.0533763149287552
0.0533763186540455
0.0533763186540455
0.0533763186540455
0.0533763186540455
0.0533763186540455
0.0533763186540455
0.0533763186540455
0.0533763223793358
0.0533763223793358
0.0533763223793358
0.0533763223793358
0.0533763223793358
0.0533763261046261
0.0533763261046261
0.0533763261046261
0.0533763261046261
0.0533763261046261
0.0533763261046261
0.0533763261046261
0.0533763298299164
0.0533763298299164
0.0533763298299164
0.0533763298299164
0.0533763298299164
0.0533763298299164
0.0533763335552067
0.0533763335552067
0.0533763335552067
0.0533763335552067
0.0533763335552067
0.0533763335552067
0.0533763335552067
0.0533763335552067
0.053376337280497
0.053376337280497
