0
0.00029999995604158
0.00074999989010394
0.0014249999076128
0.00243750005029142
0.002737500006333
0.00285000004805625
0.00301875011064112
0.00327187473885715
0.00365156237967312
0.00422109360806644
0.00507539068348706
0.00627539050765336
0.00657539046369493
0.00702539063058794
0.00770039088092745
0.00837539019994438
0.00905039045028386
0.00972539070062336
0.0104003909509629
0.0110753902699799
0.0117503905203194
0.0124253907706589
0.0134378902148456
0.0146378909703345
0.0158378907945008
0.017037890618667
0.0182378904428333
0.0194378902669996
0.0206378900911659
0.0209378914441914
0.0212378909345717
0.0216878911014647
0.0223628913518042
0.0225316414143891
0.0227003914769739
0.0229535156395287
0.0231433601584286
0.0233332028146834
0.0234755852725357
0.0236179695930332
0.0238315423484892
0.0241519042756409
0.0244722662027926
0.0247926262672991
0.0251129881944508
0.0254333501216025
0.025753710186109
0.0262342521455139
0.0269550660159439
0.0271352694835514
0.0273154729511589
0.0274956764187664
0.0277659797575325
0.0280362849589438
0.028306590160355
0.0285768953617663
0.0288472005631775
0.0292526574339718
0.0293540207203478
0.029455385869369
0.0296074317302555
0.029835501452908
0.0301776060368866
0.030305897584185
0.0304983311798424
0.0307869815733284
0.0308591441716999
0.0309313067700714
0.0310034693684429
0.0310756319668144
0.0311026924755425
0.0311026924755425
