0
0.00141790451016277
0.00977022107690573
0.0259472858160734
0.0307340547442436
0.0324260964989662
0.0349446646869183
0.0358651950955391
0.0372015200555325
0.037686824798584
0.0378663577139378
0.0381330586969852
0.0385263338685036
0.0390975326299667
0.0399089902639389
0.0410549640655518
0.0427765585482121
0.0451903380453587
0.0485096462070942
0.0512293577194214
0.0561458244919777
0.06004424020648
0.063784047961235
0.0682745575904846
0.0744935274124146
0.0785343125462532
0.080835148692131
0.0816817656159401
0.0818454101681709
0.0819560140371323
0.082123875617981
0.0833795294165611
0.0836814492940903
0.0837642252445221
0.0838640704751015
0.0840083509683609
0.084111675620079
0.0841872319579124
0.0843097120523453
0.0844437777996063
0.0846471190452576
0.0848509296774864
0.0850575193762779
0.0852674171328545
0.0854783654212952
0.0856897681951523
0.0860060602426529
0.0864782556891441
0.0871661081910133
0.0878342986106873
0.08848487585783
0.0891303047537804
0.0897684618830681
0.0904010981321335
0.0913419425487518
0.0927311182022095
0.0940928086638451
0.0954358652234077
0.0967216044664383
0.0980428755283356
0.0981230661273003
0.0981829166412354
0.0982424318790436
0.0983311906456947
0.0984638035297394
0.0986625924706459
0.0989540815353394
0.0991625562310219
0.0993136987090111
0.0994564145803452
0.0995544791221619
0.0996207818388939
0.099687859416008
0.099760428071022
0.0998357608914375
0.099912591278553
0.0999975129961967
0.100085631012917
0.100174903869629
0.100264020264149
0.100352346897125
0.100482694804668
0.100674889981747
0.100959055125713
0.101379737257957
0.102002047002316
0.102912880480289
0.104232780635357
0.105479143559933
0.106638535857201
0.10774988681078
0.108809858560562
0.110275484621525
0.112343192100525
0.115166321396828
0.117756068706512
0.121089525520802
0.125142648816109
0.127859756350517
0.127814874053001
0.120986960828304
0.109161242842674
0.0968305021524429
0.0646449029445648
0.0516084395349026
0.0451637282967567
0.0344949588179588
0.030322378501296
0.0278127007186413
0.0234692394733429
0.021858237683773
0.00233087921515107
0.00139894022140652
0.00127531925681978
0.00113634415902197
0.000945656560361385
0.000715675705578178
0.000479556911159307
0.000252469239057973
1.7703277990222e-05
5.15358351549366e-08
9.39900814955763e-08
1.67250362892446e-07
2.51001239348625e-07
1.85338933533785e-07
1.03001411844161e-07
4.76981938390963e-08
1.33970274873718e-08
1.09384359348041e-08
6.44189412923879e-09
2.94636492981226e-09
1.33886146613804e-09
7.0909322857915e-10
4.64382310383371e-10
9.21716036828002e-11
5.47686340723885e-11
3.12638803734444e-13
-8.07176547823474e-11
-8.07176547823474e-11
