0.0
-5.7683693340448e-19
4.27788017987041e-06
1.77270467247581e-05
2.25892763410229e-05
3.07259579130914e-05
4.63952856080141e-05
8.07910109870136e-05
0.00012785178842023
0.000188805774087086
0.00026505216374062
0.000355486641637981
0.000458948459709063
0.000602386542595923
0.00076519075082615
0.000938845332711935
0.00112356955651194
0.00131644192151725
0.00151238997932523
0.00170751044061035
0.00189860549289733
0.00208544358611107
0.00226997095160186
0.00245211506262422
0.00262979161925614
0.00280333566479385
0.00297419168055058
0.00314216804690659
0.00330603425391018
0.00346551765687764
0.0036205523647368
0.00377140380442142
0.0039180088788271
0.0040602725930512
0.00419820565730333
0.00433212984353304
0.00446219556033611
0.00458832178264856
0.00471048010513186
0.00482865842059255
0.00494298338890076
0.00505343824625015
0.00515975244343281
0.00526226405054331
0.00536119984462857
0.00545624177902937
0.005547686945647
0.00563567224889994
0.00571997137740254
0.00580089073628187
0.00587859144434333
0.00595297897234559
0.00602410594001412
0.00609181076288223
0.00615612138062716
0.00621694000437856
0.00627439888194203
0.00632858602330089
0.00637952517718077
0.0064273439347744
0.00647188117727637
0.00651333900168538
0.00655189715325832
0.00658752769231796
0.00662032468244433
0.00665015494450927
0.00667685782536864
0.00670050736516714
0.00672115664929152
0.00673882616683841
0.0067536081187427
0.00676557002589107
0.00677470024675131
0.0067810220643878
0.00678575364872813
0.00679033482447267
0.00679490296170115
0.00679945247247815
0.00680406065657735
0.00680873775854707
0.00681345770135522
0.00681820744648576
0.0068228910677135
0.00682749506086111
0.00683206180110574
0.00683651491999626
0.00684087164700031
0.00684518273919821
0.00684943748638034
0.00685370340943336
0.00685804383829236
0.00686243176460266
0.00686684902757406
0.00687129516154528
0.00687573477625847
0.00688014505431056
0.00688452832400799
0.00688889948651195
0.00689334888011217
0.00689788814634085
0.00690248748287559
0.00690722512081265
0.00691205309703946
0.00691562425345182
