0.0
0.0
0.0
0.0
0.0
0.0
0.0
0.0
3.67234443004552e-18
7.9549322580153e-18
3.55692030911436e-17
1.89579740794699e-11
1.39815575783686e-10
5.27203614097971e-10
1.48004175581917e-09
1.46111238663593e-08
1.52568748745807e-08
1.59433213298144e-08
1.69790848048024e-08
1.8071295571076e-08
1.84143882364651e-08
1.87585182942485e-08
1.91107929481404e-08
1.94585414448056e-08
1.99662917310661e-08
2.07172483612794e-08
2.18522213657479e-08
2.35777282142635e-08
2.61962362912982e-08
2.7098188581931e-08
2.79978973338757e-08
2.86569132867953e-08
2.92921313871375e-08
2.9916140675823e-08
3.08392245074174e-08
3.22225623961003e-08
3.41509327483891e-08
3.69614667761198e-08
3.76815876279579e-08
3.84625487015455e-08
3.93769532536226e-08
4.03896684986194e-08
4.1466361011544e-08
4.19076364721604e-08
4.25699511197308e-08
4.36872511500042e-08
4.54689832452004e-08
4.87291025308423e-08
4.95777996434299e-08
5.04095822861927e-08
5.16440046283151e-08
5.34431379151101e-08
5.60620136980106e-08
5.70506593078335e-08
5.8029719696151e-08
5.89926010263753e-08
6.04010921279041e-08
6.24762961365377e-08
6.32836716363272e-08
6.40772910287524e-08
6.48699014504928e-08
6.56436540680261e-08
6.68676136683644e-08
6.87256189735308e-08
7.19866761755839e-08
7.62472183168938e-08
8.19745125113513e-08
8.9452967699799e-08
9.16989293386905e-08
9.53895806787841e-08
9.83799353093673e-08
1.01652304351774e-07
1.05595091781652e-07
1.1025089463601e-07
1.15472538197992e-07
1.20951256121771e-07
1.26504744457634e-07
1.34786461103431e-07
1.46897093600273e-07
1.64256718448996e-07
1.88192913697094e-07
2.2072110539284e-07
2.61864016692925e-07
3.11955687948284e-07
3.72524908698324e-07
4.48056027835264e-07
5.34434718701959e-07
6.34218338291248e-07
7.50106039504317e-07
8.39675465158507e-07
9.11367635580973e-07
9.80580580289825e-07
1.02412423075293e-06
1.06227264495828e-06
1.10788778329152e-06
1.1512219089127e-06
1.17599506666011e-06
1.19777030249679e-06
1.21799632779584e-06
1.23544202779158e-06
1.25049064081395e-06
1.26409906897607e-06
1.27567966501374e-06
1.28666886212159e-06
1.29523709802015e-06
1.30299144984747e-06
1.31107401557529e-06
1.31738204345311e-06
1.32271873098944e-06
1.32855598167225e-06
1.3315597016117e-06
1.33578328131989e-06
1.33918695155444e-06
1.34014214836498e-06
1.34333583901025e-06
1.34363972392748e-06
1.34464016809943e-06
1.34655931560701e-06
1.34701508613944e-06
1.3483889915733e-06
1.34891649850033e-06
1.3487714340954e-06
1.34850267841102e-06
1.34839785914664e-06
1.34838774101809e-06
1.3483838756656e-06
1.34838239773671e-06
1.34837910081842e-06
1.34837705445534e-06
1.34837830501056e-06
1.34837887344474e-06
1.34837910081842e-06
1.3483793281921e-06
1.34837944187893e-06
1.34837944187893e-06
1.34837944187893e-06
1.34837944187893e-06
1.34837944187893e-06
1.34837944187893e-06
1.34837944187893e-06
1.34837944187893e-06
1.34837944187893e-06
1.34837944187893e-06
1.34837944187893e-06
1.34837944187893e-06
1.34837944187893e-06
1.34837944187893e-06
1.34837944187893e-06
1.34837944187893e-06
1.34837944187893e-06
1.34837944187893e-06
1.34837944187893e-06
1.34837944187893e-06
1.34837944187893e-06
1.34837944187893e-06
1.34837944187893e-06
1.34837944187893e-06
1.34837944187893e-06
1.34837944187893e-06
1.34837955556577e-06
1.34837955556577e-06
1.34837955556577e-06
1.34837955556577e-06
1.34837955556577e-06
1.34837955556577e-06
1.34837955556577e-06
1.34837955556577e-06
1.34837955556577e-06
1.34837955556577e-06
1.34837955556577e-06
1.34837955556577e-06
1.34837955556577e-06
1.34837955556577e-06
1.34837955556577e-06
1.34837955556577e-06
1.34837955556577e-06
1.34837955556577e-06
1.34837955556577e-06
1.34837955556577e-06
1.34837955556577e-06
1.34837955556577e-06
1.34837955556577e-06
1.34837955556577e-06
1.34837955556577e-06
1.34837955556577e-06
1.34837955556577e-06
1.34837955556577e-06
1.34837955556577e-06
1.34837955556577e-06
1.34837955556577e-06
1.34837955556577e-06
1.34837955556577e-06
1.34837955556577e-06
1.34837955556577e-06
1.34837955556577e-06
1.34837955556577e-06
1.34837955556577e-06
1.34837955556577e-06
1.34837955556577e-06
1.34837955556577e-06
1.34837955556577e-06
1.34837955556577e-06
1.34837955556577e-06
1.34837955556577e-06
1.34837955556577e-06
1.34837955556577e-06
1.34837955556577e-06
1.34837955556577e-06
1.34837955556577e-06
1.34837955556577e-06
1.34837955556577e-06
1.34837955556577e-06
1.34837955556577e-06
1.34837955556577e-06
1.34837955556577e-06
1.34837955556577e-06
1.34837955556577e-06
1.34837955556577e-06
1.34837955556577e-06
1.34837955556577e-06
1.34837955556577e-06
1.34837955556577e-06
1.34837955556577e-06
1.34837955556577e-06
1.34837955556577e-06
1.34837955556577e-06
1.34837955556577e-06
1.34837955556577e-06
1.34837955556577e-06
1.34837955556577e-06
1.34837955556577e-06
1.34837955556577e-06
1.34837955556577e-06
1.34837955556577e-06
1.34837955556577e-06
1.34837955556577e-06
1.34837955556577e-06
1.34837955556577e-06
1.34837955556577e-06
1.34837955556577e-06
1.34837955556577e-06
1.34837955556577e-06
1.34837955556577e-06
1.34837955556577e-06
1.34837955556577e-06
1.34837955556577e-06
1.34837955556577e-06
1.34837955556577e-06
1.34837955556577e-06
1.34837955556577e-06
1.34837955556577e-06
1.34837955556577e-06
1.34837955556577e-06
1.34837955556577e-06
1.34837955556577e-06
1.34837955556577e-06
1.34837955556577e-06
1.34837955556577e-06
1.34837955556577e-06
1.34837955556577e-06
1.34837955556577e-06
1.34837955556577e-06
1.34837955556577e-06
1.34837955556577e-06
1.34837955556577e-06
1.34837955556577e-06
1.34837955556577e-06
1.34837955556577e-06
1.34837955556577e-06
1.34837955556577e-06
1.34837955556577e-06
1.34837955556577e-06
1.34837955556577e-06
1.34837955556577e-06
1.34837955556577e-06
1.34837955556577e-06
1.34837955556577e-06
1.34837955556577e-06
1.34837955556577e-06
1.34837955556577e-06
1.34837955556577e-06
1.34837955556577e-06
1.34837955556577e-06
1.34837955556577e-06
1.34837955556577e-06
1.34837966925261e-06
1.34837966925261e-06
1.34837966925261e-06
1.34837966925261e-06
1.34837966925261e-06
1.34837966925261e-06
1.34837966925261e-06
1.34837966925261e-06
1.34837966925261e-06
1.34837966925261e-06
1.34837966925261e-06
1.34837966925261e-06
1.34837966925261e-06
1.34837966925261e-06
1.34837966925261e-06
1.34837966925261e-06
1.34837966925261e-06
1.34837966925261e-06
1.34837966925261e-06
1.34837966925261e-06
1.34837966925261e-06
1.34837966925261e-06
1.34837966925261e-06
1.34837966925261e-06
1.34837966925261e-06
1.34837966925261e-06
1.34837966925261e-06
1.34837966925261e-06
1.34837966925261e-06
1.34837966925261e-06
1.34837966925261e-06
1.34837966925261e-06
1.34837966925261e-06
1.34837966925261e-06
1.34837966925261e-06
1.34837966925261e-06
1.34837966925261e-06
1.34837966925261e-06
1.34837966925261e-06
1.34837966925261e-06
1.34837966925261e-06
1.34837966925261e-06
1.34837966925261e-06
1.34837966925261e-06
1.34837966925261e-06
1.34837966925261e-06
1.34837966925261e-06
1.34837966925261e-06
1.34837966925261e-06
1.34837966925261e-06
1.34837966925261e-06
1.34837966925261e-06
1.34837966925261e-06
1.34837966925261e-06
1.34837966925261e-06
1.34837966925261e-06
1.34837966925261e-06
1.34837966925261e-06
1.34837966925261e-06
1.34837966925261e-06
1.34837966925261e-06
1.34837966925261e-06
1.34837966925261e-06
1.34837966925261e-06
1.34837966925261e-06
1.34837966925261e-06
1.34837966925261e-06
1.34837966925261e-06
1.34837966925261e-06
1.34837966925261e-06
1.34837966925261e-06
1.34837966925261e-06
1.34837966925261e-06
1.34837966925261e-06
1.34837966925261e-06
1.34837966925261e-06
1.34837966925261e-06
1.34837966925261e-06
1.34837966925261e-06
1.34837966925261e-06
1.34837966925261e-06
1.34837966925261e-06
1.34837966925261e-06
1.34837966925261e-06
1.34837966925261e-06
1.34837966925261e-06
1.34837966925261e-06
1.34837966925261e-06
1.34837966925261e-06
1.34837966925261e-06
1.34837966925261e-06
1.34837966925261e-06
1.34837966925261e-06
1.34837966925261e-06
1.34837966925261e-06
1.34837966925261e-06
1.34837966925261e-06
1.34837966925261e-06
1.34837966925261e-06
1.34837966925261e-06
1.34837966925261e-06
1.34837966925261e-06
1.34837966925261e-06
1.34837966925261e-06
1.34837966925261e-06
1.34837966925261e-06
1.34837966925261e-06
1.34837966925261e-06
1.34837966925261e-06
1.34837966925261e-06
1.34837966925261e-06
1.34837966925261e-06
1.34837966925261e-06
1.34837966925261e-06
1.34837966925261e-06
1.34837966925261e-06
1.34837966925261e-06
1.34837966925261e-06
1.34837966925261e-06
1.34837966925261e-06
1.34837966925261e-06
1.34837966925261e-06
1.34837966925261e-06
1.34837966925261e-06
1.34837966925261e-06
1.34837966925261e-06
1.34837978293945e-06
1.34837978293945e-06
1.34837978293945e-06
1.34837978293945e-06
1.34837978293945e-06
1.34837978293945e-06
1.34837978293945e-06
1.34837978293945e-06
1.34837978293945e-06
1.34837978293945e-06
1.34837978293945e-06
1.34837978293945e-06
1.34837978293945e-06
1.34837978293945e-06
1.34837978293945e-06
1.34837978293945e-06
1.34837978293945e-06
1.34837978293945e-06
1.34837978293945e-06
1.34837978293945e-06
1.34837978293945e-06
1.34837978293945e-06
1.34837978293945e-06
1.34837978293945e-06
1.34837978293945e-06
1.34837978293945e-06
1.34837978293945e-06
1.34837978293945e-06
1.34837978293945e-06
1.34837978293945e-06
1.34837978293945e-06
1.34837978293945e-06
1.34837978293945e-06
1.34837978293945e-06
1.34837978293945e-06
1.34837978293945e-06
1.34837978293945e-06
1.34837978293945e-06
1.34837978293945e-06
1.34837978293945e-06
1.34837978293945e-06
1.34837978293945e-06
1.34837978293945e-06
1.34837978293945e-06
1.34837978293945e-06
1.34837978293945e-06
1.34837978293945e-06
1.34837978293945e-06
1.34837978293945e-06
1.34837978293945e-06
1.34837978293945e-06
1.34837978293945e-06
1.34837978293945e-06
1.34837978293945e-06
1.34837978293945e-06
1.34837978293945e-06
1.34837978293945e-06
1.34837978293945e-06
1.34837978293945e-06
1.34837978293945e-06
1.34837978293945e-06
1.34837978293945e-06
1.34837978293945e-06
1.34837978293945e-06
1.34837978293945e-06
1.34837978293945e-06
1.34837978293945e-06
1.34837978293945e-06
1.34837978293945e-06
1.34837978293945e-06
1.34837978293945e-06
1.34837978293945e-06
1.34837978293945e-06
1.34837978293945e-06
1.34837978293945e-06
1.34837978293945e-06
1.34837978293945e-06
1.34837978293945e-06
1.34837978293945e-06
1.34837978293945e-06
1.34837978293945e-06
1.34837978293945e-06
1.34837978293945e-06
1.34837978293945e-06
1.34837978293945e-06
1.34837978293945e-06
1.34837978293945e-06
1.34837978293945e-06
1.34837978293945e-06
1.34837978293945e-06
