-0.0
-1.07080389797006e-16
6.8001213548996e-09
1.93767846212722e-08
2.46850504481699e-08
4.51213963970076e-08
5.56424311071169e-08
1.30557964439504e-08
1.44359546538908e-08
3.25260316458298e-08
1.47260379890213e-07
2.34243088925723e-07
2.9073180485284e-07
3.90941750083584e-07
3.32688614435028e-07
2.33349965128582e-07
4.23277924710419e-07
7.93977960711345e-07
6.9316774897743e-07
2.20856236410327e-07
2.02928276848979e-07
6.26932887826115e-08
4.95838321512565e-08
3.6015990190208e-10
-8.28731572255492e-09
-2.18431523535401e-07
-3.96903487853706e-07
-3.49331457982771e-07
-2.08394340006635e-07
7.23794073564932e-08
1.08304448076524e-07
4.98665031045675e-07
2.40721419686452e-07
-1.15109287435189e-07
-7.26922735339031e-08
3.26836925523821e-07
1.53539758684929e-08
-1.3352706673686e-07
2.51169808507257e-07
-8.70624603521719e-08
-9.60089892032556e-08
2.33183129694225e-07
5.06103162933869e-07
4.22805157995754e-07
5.66983601402171e-07
-6.87132455823303e-07
-6.3941860162231e-07
3.84014811061206e-08
2.11050860343676e-07
3.96498137433809e-07
5.37538483058597e-07
2.91916535388737e-08
-7.03621026332257e-07
-5.70738677652116e-07
1.89445472642547e-08
8.54997779242694e-08
4.72315605293261e-07
7.86941484420822e-07
-6.97593804943608e-09
-2.56958458066947e-07
-4.94777054882434e-07
-2.65215192030155e-07
2.02054707187926e-07
5.19511559105013e-07
5.43433486654976e-07
1.17089598461462e-07
2.93438915832667e-07
-7.94911443335877e-08
-2.98802547149535e-07
-8.89888838173647e-08
2.84026327790343e-07
3.61530396730814e-07
5.87927502238017e-07
-7.94585730545805e-09
-1.8190769424109e-07
1.03034381027101e-09
-7.53223048377549e-08
1.12494547011011e-07
1.00454712992359e-07
1.47381911119737e-07
1.545701024952e-07
3.20172262036067e-07
-3.09110646412591e-07
1.29161890072282e-08
1.53716769091261e-07
1.4123833125268e-07
1.53828523252741e-07
1.49719369346712e-07
2.03065724235785e-07
2.21147615775408e-08
3.11198391500511e-08
-1.42806470648793e-07
-7.30230453882541e-08
-4.19649950345047e-08
6.34528305454296e-08
2.13781902402843e-07
1.13759654141177e-07
-4.58906299627415e-07
-1.63886966220161e-08
1.9953768060077e-07
-3.18318029712827e-08
5.35509343535523e-08
-1.00757858945144e-07
3.64005927622202e-08
-3.09290157929354e-08
1.0605623401716e-07
4.58640556644241e-08
-2.80175925126969e-07
9.45692590903491e-09
-9.24503069654747e-08
7.073941787894e-08
-5.70554448131588e-08
2.00942395167658e-07
2.1373466552177e-08
-2.14246256291517e-08
1.45148533192696e-08
-1.49273091665236e-08
1.11391159407503e-07
-9.15225655262475e-08
-3.9155622744147e-08
5.34872128810093e-08
