0.0
3.56176309324558e-35
4.54752864698094e-07
5.1848979865099e-07
1.59708133651293e-06
1.15559237201524e-06
1.1176525731571e-06
1.40632448619726e-06
1.87963814823888e-06
2.52675431511307e-06
3.55726592715655e-06
5.14523753736285e-06
7.16240765541443e-06
9.25042513699736e-06
9.7780539363157e-06
9.98043833533302e-06
1.01030491350684e-05
1.01188816188369e-05
9.51192396314582e-06
9.47843091125833e-06
9.38898938329658e-06
8.97659901966108e-06
8.66394748300081e-06
7.34913601263543e-06
5.20826233696425e-06
2.39254177358816e-06
3.35749831492649e-07
1.05895786361998e-07
7.23024839999198e-08
7.25518773947442e-08
7.27741422679173e-08
7.31392830743971e-08
7.36917513677326e-08
7.45275130498158e-08
7.47140234125254e-08
7.47812407553283e-08
7.49191571003394e-08
7.46421733310854e-08
7.39209014000153e-08
7.34403968749575e-08
7.13213665903822e-08
6.72720048555675e-08
6.30063894391242e-08
6.8087764759639e-08
6.73096494097081e-08
6.61546835090121e-08
6.85838017489004e-08
7.00685234278353e-08
6.92728789886132e-08
7.49026369817329e-08
7.37944816364688e-08
7.23134974123241e-08
6.84812988538397e-08
6.62920385252619e-08
6.5254504022505e-08
6.27600940106277e-08
6.89811301413101e-08
6.81327989582314e-08
6.78877256632404e-08
6.8817698206658e-08
6.84112606563758e-08
6.79969573980088e-08
6.67849562319134e-08
6.73589681809972e-08
7.33946450282019e-08
7.62234719786647e-08
7.69845769355015e-08
7.31915932306038e-08
6.82720013855942e-08
6.44217905687583e-08
6.06956120918767e-08
5.67937057383006e-08
5.64701210237217e-08
5.55692167836241e-08
6.05334307124394e-08
6.41709121396161e-08
7.04255000982812e-08
7.27020221802377e-08
7.78688047375908e-08
7.62898437756121e-08
7.41206278576101e-08
7.1270434887083e-08
6.89039296730698e-08
6.47376694473678e-08
6.39063415519558e-08
5.9758662018794e-08
5.83609818249897e-08
5.7140976394976e-08
5.80389105664381e-08
5.6259278125026e-08
5.86385624501418e-08
5.9719639011746e-08
6.20832949493888e-08
6.22877607270311e-08
6.22304128228279e-08
6.18916828898364e-08
6.02434298002663e-08
5.94093485517533e-08
5.93159690254197e-08
5.95947184933721e-08
6.06769745559177e-08
6.20739371015588e-08
6.44644870817501e-08
6.68046240548392e-08
6.59124737012462e-08
6.85378509501788e-08
6.65302266611434e-08
6.44269206873105e-08
6.72045956662259e-08
6.48755928978062e-08
5.94764664185732e-08
5.18657579107185e-08
4.77054271641464e-08
4.40951097857578e-08
3.98113364497021e-08
3.89928906940895e-08
4.21650554471853e-08
4.39747651626021e-08
4.58696582938956e-08
4.97421126510744e-08
5.43331779567779e-08
5.67740485735158e-08
5.97232840959805e-08
6.46248778934932e-08
6.55494005741275e-08
6.74487097285237e-08
7.07262799437558e-08
7.00347300153226e-08
6.99567834772097e-08
7.33172811351324e-08
