0.0
0.0
8.70055941959436e-07
6.63210175844142e-06
9.03664385987213e-06
1.31744791360688e-05
2.11195529118413e-05
4.04689999413677e-05
7.00707532814704e-05
0.000103688129456714
0.000145820900797844
0.00019704268197529
0.000257421430433169
0.000309997441945598
0.000386974832508713
0.000480649818200618
0.000563085661269724
0.000633861753158271
0.000653841299936175
0.000655900978017598
0.000656623742543161
0.000657029973808676
0.000657184107694775
0.000657241092994809
0.000657291151583195
0.000657317577861249
0.000657314551062882
0.000657323922496289
0.000657343713101
0.000657342083286494
0.000657383294310421
0.000657362688798457
0.00065734883537516
0.000657338823657483
0.000657335505820811
0.000657333002891392
0.000657310651149601
0.000657296157442033
0.000657288997899741
0.0006572634447366
0.000657247321214527
0.00065722584258765
0.000657197728287429
0.000657174445223063
0.000657155062071979
0.000657150580082089
0.000657143595162779
0.000657157157547772
0.000657181546557695
0.000657090917229652
0.000657015130855143
0.000656912627164274
0.000656844058539718
0.000656714255455881
0.000656628282740712
0.000656543474178761
0.000656443473417312
0.00065641658147797
0.000656419550068676
0.000656413089018315
0.000656433752737939
0.000656446442008018
0.000656465883366764
0.000656482123304158
0.000656493881251663
0.000656500807963312
0.000656499003525823
0.000656509539112449
0.000656505406368524
0.000656509364489466
0.000656498654279858
0.000656505057122558
0.00065649050520733
0.000656493240967393
0.000656487769447267
0.000656482705380768
0.000656505988445133
0.000656502554193139
0.000656516174785793
0.00065652112243697
0.00065650831675157
0.000656548538245261
0.000656543823424727
0.000656540330965072
0.000656577642075717
0.000656566175166517
0.000656567048281431
0.000656586431432515
0.000656582822557539
0.000656599178910255
0.000656595162581652
0.000656592426821589
0.000656602554954588
0.000656626303680241
0.000656616990454495
0.000656602089293301
0.000656609307043254
0.000656588876154274
0.000656613730825484
0.000656605116091669
0.000656591146253049
0.00065659312531352
0.000656602904200554
0.0006565943476744
0.000656591262668371
