0.0
0.0
5.34302159849176e-07
1.83041720447363e-06
2.68657549895579e-06
2.17138176594744e-06
1.52277152665192e-06
1.61982086410717e-06
2.32854131354543e-06
3.50542154592404e-06
4.7192256715789e-06
5.99001941736788e-06
7.34555169401574e-06
8.53642086440232e-06
8.42348617879907e-06
8.27413532533683e-06
7.76361594034825e-06
7.07307117409073e-06
6.53005690764985e-06
6.13510019320529e-06
5.4428533076134e-06
4.78731953990064e-06
4.40512576460605e-06
4.04204820370069e-06
3.56073860530159e-06
3.09162442135857e-06
2.63314291260031e-06
2.18220429815119e-06
1.73762407484901e-06
1.26249960885616e-06
8.44220323870104e-07
6.61039848637301e-07
5.30245927166106e-07
4.32790557169938e-07
3.67421250757616e-07
3.3117811426564e-07
3.29029859358343e-07
3.65422948789274e-07
4.45589165565252e-07
5.74066064018552e-07
7.42014321986062e-07
9.68805125012295e-07
1.25694964481227e-06
1.5732463225504e-06
1.85566864274733e-06
1.95958955373499e-06
1.50121923070401e-06
3.06741128497379e-07
3.3311454927798e-08
3.01143804337656e-10
2.93998159150988e-10
2.52231013853077e-10
2.4587010205579e-10
2.41464820360804e-10
2.32632482721762e-10
2.16470272262903e-10
2.04417954785541e-10
1.91097374035998e-10
1.84298548644435e-10
1.70874800420329e-10
1.58527718729928e-10
1.47531362126863e-10
1.35358085850967e-10
1.19734014369932e-10
1.07548074612662e-10
9.66431379367805e-11
8.52210593760283e-11
7.66961563702928e-11
6.73607072898541e-11
5.60759078060968e-11
4.42684083834521e-11
3.66288423203631e-11
2.68171283790419e-11
3.10385467328089e-11
2.83887097857205e-11
2.87157936318394e-11
2.87756676126127e-11
2.88658159874888e-11
2.82184761668525e-11
2.63552339674344e-11
2.50031835513642e-11
1.5918882531607e-11
1.16210478739998e-11
5.46996475891959e-12
0.0
0.0
