-0.0
5.6843418860808e-14
-7.10417680238606e-09
-6.66279902361566e-08
9.73159330897033e-11
2.1516370907193e-08
6.44899955659639e-08
7.50502522350871e-08
-8.90520368557191e-08
-2.33312675845809e-08
-3.39621237799292e-07
-3.80447204406664e-07
-5.19260993314674e-07
-5.97626240050886e-07
-1.55958696268499e-06
-2.06043114303611e-06
-1.23051904665772e-06
-1.74833985511214e-07
1.46971979120281e-06
1.96791734197177e-06
3.2220905268332e-06
4.47546699433587e-06
-3.56893906428013e-06
-3.68856490240432e-06
-1.27746716316324e-06
-6.73760587233119e-06
-5.19824970979244e-06
-2.48361902777106e-06
-1.92506013263483e-06
-2.58951331488788e-08
4.66437995783053e-07
2.53021426033229e-07
1.85372118721716e-06
2.4215696612373e-06
4.29008105129469e-06
2.86605791188776e-06
-2.62494722846895e-06
-9.57681550062262e-07
-9.94106812868267e-07
-1.60836134455167e-06
-1.39386611408554e-06
-2.67812538368162e-06
-2.6284578780178e-06
-1.10056134872139e-06
-4.28903149440885e-07
-9.24846972338855e-08
-5.08371158502996e-08
1.38052200782113e-08
-3.31074261339381e-08
-1.22122344237141e-07
6.62059207456878e-08
-6.09804260420788e-08
-9.67765174664237e-08
-1.35803503553689e-07
-1.08151766653464e-07
-7.63005090220759e-08
-1.16546004846896e-07
-1.25081768942437e-07
-1.1376448583178e-07
-5.51066960952085e-08
-1.72945675558367e-08
-1.73205449982561e-08
-2.16877111824942e-08
-6.22108586867398e-09
1.07320374809206e-09
-3.74806745639944e-08
-7.68831398545444e-08
-1.05174677855757e-07
-1.06562694668355e-07
-5.86324944151784e-08
-4.74643719883261e-08
-4.30798259287712e-08
-7.78340805140942e-08
-4.71429757453734e-08
-6.02741891952974e-08
-6.82103546978396e-08
-5.76689807019193e-08
-3.80745639461111e-08
-5.94726259350864e-08
-3.44535813212588e-08
-2.13090221024004e-08
-9.674751311195e-08
-7.08506320279412e-08
-3.33427045973167e-08
2.70804605406738e-08
2.70804605406738e-08
