0.0
0.0
0.0
3.05628905599667e-15
4.40209544841754e-15
3.14056015216077e-15
2.6791378953528e-15
2.07981719242418e-15
1.70457556168078e-15
2.02713026919987e-10
7.14348746821969e-10
9.69855085131144e-10
1.75117553791182e-09
2.08849160188151e-09
2.392015918673e-09
2.46035369855235e-09
2.52505083508936e-09
2.54853493864005e-09
2.59236476729541e-09
2.60552979192141e-09
2.62256172334219e-09
2.64450550346851e-09
2.69090727478272e-09
2.75885314593438e-09
2.85787526976833e-09
3.00082225734855e-09
3.20599768954821e-09
3.5056539893219e-09
3.95349308845994e-09
4.66785765596001e-09
5.98999250200904e-09
8.03288902062604e-09
9.58961621222443e-09
1.05971729169596e-08
1.15723262084089e-08
1.21089964721932e-08
1.23025083453854e-08
1.24143157975709e-08
1.24982060256684e-08
1.2571665486405e-08
1.26774324371581e-08
1.28323875969727e-08
1.30726451885721e-08
1.33378899036529e-08
1.36446312026806e-08
1.40253622049613e-08
1.42126763691408e-08
1.42658809210161e-08
1.42973162198246e-08
1.43241258854232e-08
1.43484655268367e-08
1.43800065188771e-08
1.44235006160898e-08
1.44862610795826e-08
1.45749705637854e-08
1.47201877354064e-08
1.48236232178078e-08
1.48912366881859e-08
1.49486005796007e-08
1.50374006580023e-08
1.51794523617355e-08
1.57457620275636e-08
1.69989160525574e-08
1.72441652068756e-08
1.74962835330916e-08
1.76584880051678e-08
1.77855543626038e-08
1.78988450727502e-08
1.80550721040618e-08
1.82730257591857e-08
1.85929476259616e-08
1.91642648417201e-08
1.94860927393847e-08
1.98303133913669e-08
2.01894430063021e-08
2.12707806923618e-08
2.29782699534553e-08
2.44924720504969e-08
2.59385046774696e-08
2.7972564708989e-08
3.01144957859378e-08
3.06929344162654e-08
3.135765780371e-08
3.20229567307706e-08
3.32692096094434e-08
3.4976000762299e-08
3.70302615237961e-08
3.88842948950696e-08
4.01569550945169e-08
4.10964631214483e-08
4.1671427197798e-08
4.20111945231838e-08
4.22428101387595e-08
4.24318038483307e-08
4.25788719837783e-08
4.27067092800826e-08
4.28127862051042e-08
4.29396145307237e-08
4.30521254202176e-08
4.31575237769266e-08
4.33100488805849e-08
4.35413376465021e-08
4.39288605491583e-08
4.50384725070307e-08
4.64227305485565e-08
4.77134562970605e-08
4.84292996816293e-08
4.88335771819948e-08
4.92311684752167e-08
4.98151884187337e-08
5.0554696429117e-08
5.13221856124346e-08
5.21808800613144e-08
5.28769525942607e-08
5.37658522148377e-08
5.47131904227172e-08
5.56713182220392e-08
5.75671776914533e-08
5.86705297678236e-08
5.95901461508674e-08
6.04302528017797e-08
6.15945197068868e-08
6.35336547816223e-08
6.55650822523057e-08
6.72737314744154e-08
6.85839935954391e-08
7.02336677704807e-08
7.24054771694682e-08
7.55985070099996e-08
8.01464636879246e-08
8.59324202906464e-08
9.53934033987025e-08
9.95105509105088e-08
1.0385762294618e-07
1.0867626798472e-07
1.11302526306645e-07
1.15765182329142e-07
1.22353711162759e-07
1.31558891780514e-07
1.4443254769958e-07
1.50967011336434e-07
1.51814617765922e-07
1.52823062649077e-07
1.53925199697369e-07
1.55644130472865e-07
1.58275895500992e-07
1.59329900384364e-07
1.61042478907802e-07
1.6176510087007e-07
1.62952957794005e-07
1.65180665590015e-07
1.68342126016796e-07
1.72820136867813e-07
1.78442164155967e-07
1.87948344887445e-07
2.03066065296298e-07
2.25768587824859e-07
2.57581973528431e-07
3.00429661592716e-07
3.57184518406939e-07
4.28308680966438e-07
5.1389815780567e-07
6.16797308339301e-07
7.37682512408355e-07
8.74261388617015e-07
1.01421767340071e-06
1.12749410163815e-06
1.21184245926997e-06
1.2872141041953e-06
1.37013785206364e-06
1.4186382486514e-06
1.46372246945248e-06
1.50337325521832e-06
1.57706631398469e-06
1.61524019404169e-06
1.64336881880445e-06
1.66865345363476e-06
1.69143447692477e-06
1.71269107340777e-06
1.73138141690288e-06
1.74999274804577e-06
1.76578521404736e-06
1.77932849965146e-06
1.79323717475199e-06
1.805897113627e-06
1.81952088951221e-06
1.83162694611383e-06
1.84119926416315e-06
1.8532514332037e-06
1.86212673725095e-06
1.87278612884256e-06
1.88016815627634e-06
1.88786486887693e-06
1.89486263479921e-06
1.90244486475422e-06
1.91026242646331e-06
1.91098183677241e-06
1.91054596143658e-06
1.90971559277386e-06
1.90821106116346e-06
1.90597006621829e-06
1.90356240636902e-06
1.90090838714241e-06
1.89330512512242e-06
1.889598024718e-06
1.88491117114609e-06
1.87932494100096e-06
1.87626608294522e-06
1.86941440460942e-06
1.86537590707303e-06
1.85794397111749e-06
1.85445560418884e-06
1.84916018497461e-06
1.84424538929306e-06
1.84099053512909e-06
1.83437202849746e-06
1.83091503913602e-06
1.82269661763712e-06
1.81837197033019e-06
1.81643645191798e-06
1.8086183217747e-06
1.80453605480579e-06
1.80241272573767e-06
1.79459834726003e-06
1.79071901129646e-06
1.78411164597492e-06
1.77933065970137e-06
1.77545268797985e-06
1.76897935943998e-06
1.76430603460176e-06
1.76070557245112e-06
1.75382626821374e-06
1.74925582996366e-06
1.74315732692776e-06
1.73593230101687e-06
1.73043963513919e-06
1.7291099538852e-06
1.72105353613006e-06
1.71576778029703e-06
1.71218368905102e-06
1.70741247984552e-06
1.70102123320248e-06
1.69563350027602e-06
1.6880578641576e-06
1.68105134434882e-06
1.67480368418182e-06
1.67263044659194e-06
1.66309678206744e-06
1.65678216035303e-06
1.65421408837574e-06
1.64617893005925e-06
