0.0
0.0
5.72082910821337e-07
9.04994180928043e-07
1.27579744457762e-06
1.83856445801212e-06
2.3779889488651e-06
1.70062230608892e-06
1.17835429591651e-06
1.36199275857507e-06
1.96998144019744e-06
3.3136482215923e-06
4.24702375312336e-06
4.52973108622245e-06
4.5412730287353e-06
4.52595122624189e-06
4.48355285698199e-06
4.4419311961974e-06
4.42408600065392e-06
4.41004249296384e-06
4.3703694245778e-06
4.32772003478021e-06
4.3123741306772e-06
4.32721299148398e-06
4.29963165515801e-06
4.24889140049345e-06
4.18288254877552e-06
4.11756400353624e-06
4.0565478229837e-06
3.98986412619706e-06
3.93662276110263e-06
3.91732919524657e-06
3.87032923754305e-06
3.82700864065555e-06
3.77520314032154e-06
3.73520992980048e-06
3.65609730579308e-06
3.57352587343485e-06
3.53439577338577e-06
3.48129992744362e-06
3.41283907800971e-06
3.3783981052693e-06
3.34096080223389e-06
3.29158774547977e-06
3.29713202518178e-06
3.24591178468836e-06
3.17046465170279e-06
3.12145493808202e-06
3.02863463730318e-06
2.99726616503904e-06
2.9127438665455e-06
2.88605747300608e-06
2.81498091680987e-06
2.79154482996091e-06
2.7358662464394e-06
2.72363104159012e-06
2.6853124381887e-06
2.63291008195665e-06
2.62020398622553e-06
2.57672854786506e-06
2.50092102760391e-06
2.46138779402827e-06
2.3746417809889e-06
2.34282629207883e-06
2.26764495891985e-06
2.24749055632856e-06
2.17854153561348e-06
2.16381522477604e-06
2.11185329135333e-06
2.09945119422628e-06
2.04934030989534e-06
2.03783019969705e-06
2.04184561880538e-06
1.97221174857987e-06
1.9469396193017e-06
1.91548951988807e-06
1.81776806584821e-06
1.78049435817229e-06
1.68094084074255e-06
1.64255436629901e-06
1.6019467921069e-06
1.51792755787028e-06
1.48746391914756e-06
1.41961720601103e-06
1.38695338591788e-06
1.36523328819749e-06
1.29662134895625e-06
1.28836120438791e-06
1.28370527363586e-06
1.22644087241497e-06
1.22357869258849e-06
1.20501681522001e-06
1.13048281491501e-06
1.1124503771498e-06
1.0878077318921e-06
1.00090994692437e-06
9.79292053671088e-07
9.53489063704183e-07
8.83893392256141e-07
8.63394291172881e-07
8.42121210098412e-07
7.8732631436651e-07
7.70421195284143e-07
7.56091765197198e-07
