0.0
0.0
0.0
9.22425424931816e-09
2.2816441003215e-07
1.145776195699e-06
1.18271179871954e-06
1.23319478007033e-06
1.28326428239234e-06
1.29548664062895e-06
1.30126420572196e-06
1.32509512695833e-06
1.33990658923722e-06
1.41972213896224e-06
1.49919617342675e-06
1.72718569046992e-06
2.38853954215301e-06
2.8484662379924e-06
3.42501698469277e-06
4.3265590647934e-06
5.61518208996858e-06
7.03043860994512e-06
8.79869094205787e-06
1.06852003227687e-05
1.30471071315696e-05
1.62913620442851e-05
2.06305958272424e-05
2.56829680438386e-05
3.15115648845676e-05
3.33867174049374e-05
3.76566240447573e-05
4.614037607098e-05
4.99460002174601e-05
5.46473420399707e-05
6.00788080191705e-05
6.63208193145692e-05
6.77420321153477e-05
7.01954850228503e-05
7.40582036087289e-05
7.85389711381868e-05
8.49276839289814e-05
9.39722667681053e-05
9.70504261204042e-05
0.000101493846159428
0.000108051666757092
0.000115169641503599
0.000120679062092677
0.000129715685034171
0.000146206162753515
0.000175373235833831
0.000224025425268337
0.000275654427241534
0.000329642847646028
0.000384761748136953
0.000398277450585738
0.000418644252931699
0.000447471189545467
0.000517182576004416
0.000563503766898066
0.000604492146521807
0.000628733949270099
0.00065256014931947
0.000676190014928579
0.00070029211929068
0.000706496590282768
0.00070893409429118
0.000712778943125159
0.000714145717211068
0.000717117276508361
0.000717310118488967
0.000717975781299174
0.000718276132829487
0.000718395633157343
0.000718677358236164
0.00071926845703274
0.000720200827345252
0.000721613760106266
0.000723736186046153
0.000726924452465028
0.00073168333619833
0.000738670234568417
0.000748911523260176
0.00076323765097186
0.000782854098360986
0.000813706370536238
0.00086020480375737
0.000924336723983288
0.00102177180815488
0.00114965427201241
0.00127690134104341
0.00141066324431449
0.0015481241280213
0.00168689747806638
0.00181943434290588
0.00194573553744704
0.00207430659793317
0.00219353125430644
0.00231256918050349
0.00243094237521291
0.00254630856215954
0.00266251084394753
0.00277229840867221
0.0028749720659107
0.00297122937627137
0.00306558818556368
0.00316877523437142
0.0032780400943011
0.00339285819791257
0.00351405935361981
0.0036370144225657
0.00376367568969727
0.00388643471524119
0.00389388855546713
0.00390506046824157
0.00390914082527161
0.00391526101157069
0.00391762191429734
0.00392108457162976
0.0039261900819838
0.00392808159813285
0.00393095193430781
0.00393524114042521
0.00394161837175488
0.00394408777356148
0.00394769525155425
0.00394906662404537
0.00395108945667744
0.00395186105743051
0.00395299727097154
0.00395469833165407
0.00395534280687571
0.00395630113780499
0.00395773816853762
0.00395827880129218
0.00395908812060952
0.00396030303090811
0.00396212888881564
0.00396488048136234
0.00396904721856117
0.00397524936124682
0.00397584028542042
0.00397673482075334
0.00397807965055108
0.0039801113307476
0.00398318562656641
0.0039878049865365
0.0039894669316709
0.00399207090958953
0.00399601832032204
0.00399746792390943
0.00399968540295959
0.00400301814079285
0.00400798534974456
0.00401548715308309
0.00402675569057465
0.00404336955398321
0.0040683364495635
0.00407753465697169
0.00409145187586546
0.00411213282495737
0.00412007002159953
0.00413171155378222
0.00414904579520226
0.00415567075833678
0.00416541565209627
0.0041799359023571
0.00420159799978137
0.00420386763289571
0.0042069093324244
0.00421142904087901
0.00421314872801304
0.00421569775789976
0.00421952502802014
0.00422521121799946
0.00422736303880811
0.00422817235812545
0.00422939797863364
0.00423123734071851
0.00423400802537799
0.00423810072243214
0.00424430519342422
0.00425357185304165
0.00425702054053545
0.00425734184682369
0.00425782427191734
0.00425854837521911
0.00425963243469596
0.00426125572994351
0.00426368368789554
0.00426731258630753
0.00427282834425569
0.0042810314334929
0.00428411597386003
0.00428874790668488
0.0042956848628819
0.00430635316297412
0.00431048637256026
0.00431664753705263
0.00432580150663853
0.0043390765786171
0.00434398604556918
0.00435129040852189
0.00435147993266582
0.00435173651203513
0.00435212161391973
0.004352699033916
0.0043535646982491
0.00435486296191812
0.00435680896043777
0.00435972306877375
0.00436409609392285
0.00437064282596111
0.0043730903416872
0.00437676580622792
0.00438226712867618
0.00439050048589706
0.00440280791372061
0.00440746545791626
0.00441435724496841
0.00442467583343387
0.00444007525220513
0.00446329405531287
0.00447187898680568
0.00448471447452903
0.00450396211817861
0.00450582150369883
0.0045065013691783
0.00450751837342978
0.00450904807075858
0.00451135030016303
0.00451483251526952
0.00451605673879385
0.00451652146875858
0.00451669516041875
0.00451695453375578
0.00451734103262424
0.00451791845262051
0.00451878597959876
0.00452009029686451
0.00452057225629687
0.00452130474150181
0.00452240789309144
0.00452406611293554
0.00452655740082264
0.00452747335657477
0.00452886847779155
0.00452939374372363
0.00453018024563789
0.00453135930001736
0.0045331260189414
0.0045357714407146
0.0045397225767374
0.00454568397253752
0.00455450173467398
0.00455779395997524
0.00456272205337882
0.00457011442631483
0.00458123907446861
0.00459787528961897
0.00460421852767467
0.00461365282535553
0.00462779263034463
0.00464902771636844
0.00468003377318382
0.0046826614998281
0.00468655629083514
0.00469244457781315
0.00470133358612657
0.00471482984721661
0.0047198454849422
0.00472751818597317
0.00473916670307517
0.004756900947541
0.00478368252515793
0.00479398295283318
0.00479793548583984
0.00480377255007625
0.00480432761833072
0.00480516301468015
0.00480641750618815
0.00480830715969205
0.00481115840375423
0.00481546390801668
0.00482180900871754
0.00483150454238057
0.00484615052118897
0.00485169375315309
0.00486003095284104
0.00487263221293688
0.00489174108952284
0.00489870086312294
0.00490138959139585
0.00490543432533741
0.00491151353344321
0.00492068193852901
0.00493454840034246
0.00493968976661563
0.00494753057137132
0.00495938770473003
0.00497734174132347
0.00498392386361957
0.00498646590858698
0.00499027362093329
0.00499600870534778
0.00500464905053377
0.00501770246773958
0.0050225374288857
0.00502990232780576
0.00503272237256169
0.00503696454688907
0.00504323653876781
0.0050524459220469
0.00505590485408902
0.00505721662193537
0.0050577144138515
0.00505845993757248
0.00505958078429103
0.00506126508116722
0.00506379874423146
0.00506761437281966
0.00507343374192715
0.0050738244317472
0.00507402652874589
0.00507432920858264
0.00507478322833776
0.00507546542212367
0.00507649034261703
0.00507803121581674
0.00507859978824854
0.00507946358993649
0.00508076371625066
0.00508271949365735
0.00508563593029976
0.00509003782644868
0.00509666232392192
0.00510668708011508
0.00512181548401713
0.00514453276991844
0.00515325786545873
0.00516622746363282
0.00518563808873296
0.00519307423382998
0.0052041313610971
0.00522088399156928
0.00522700464352965
0.00523641146719456
0.00525064719840884
0.00527181942015886
0.00527994288131595
0.00529200676828623
0.00529643381014466
0.00529814511537552
0.00530069647356868
0.00530453957617283
0.0053059826605022
0.00530813913792372
0.00530894845724106
0.0053092516027391
0.00530970608815551
0.00531038781628013
0.00531140854582191
0.00531293777748942
0.00531522464007139
0.00531864026561379
0.00532375695183873
0.00533136073499918
0.00534275965765119
0.00536005012691021
0.00536635937169194
0.00537593616172671
0.00537960603833199
0.00538097508251667
0.00538147799670696
0.00538224400952458
0.0053833955898881
0.00538512691855431
0.00538773415610194
0.00539166713133454
0.0053975130431354
0.00539974356070161
0.00540316663682461
0.00540826609358191
0.00541580514982343
0.00542732700705528
0.00543161854147911
0.00543812476098537
0.00544786406680942
0.00546249793842435
0.00546788331121206
0.00547604588791728
0.00548842595890164
0.00550696393474936
0.00550849875435233
0.00550914695486426
0.00551011878997087
0.00551157677546144
0.00551376398652792
0.00551458168774843
0.00551581103354692
0.00551765598356724
0.00551834609359503
0.00551938312128186
0.00552093982696533
0.00552327418699861
0.00552414683625102
0.00552545813843608
0.00552742695435882
0.00553038017824292
0.00553481187671423
0.00554149178788066
0.00555142993107438
0.00556557485833764
0.00557089503854513
0.00557870464399457
0.00559020927175879
0.00560783315449953
0.00563436932861805
0.00567255262285471
0.00567610375583172
0.00568140484392643
0.00568190170451999
0.0056826458312571
0.00568376248702407
0.0056854379363358
0.00568606564775109
0.0056870081461966
0.00568842422217131
0.00568895321339369
0.00568974995985627
0.00569094764068723
0.00569275068119168
0.00569341890513897
0.00569443218410015
0.0056959604844451
0.00569652719423175
0.00569738540798426
0.00569867808371782
0.00569916050881147
0.00569988926872611
0.00570098916068673
0.00570264924317598
0.00570325646549463
0.00570418778806925
0.00570559967309237
0.00570773473009467
0.00571096921339631
0.00571209518238902
0.00571390287950635
0.00571665680035949
0.00572080444544554
0.0057269586250186
0.00572929717600346
0.00573279615491629
0.00573801435530186
0.00574593897908926
0.00575772533193231
0.00576209742575884
0.00576862506568432
0.005778384860605
0.00579299312084913
0.00581482099369168
0.00582303572446108
0.00583527609705925
0.00585353747010231
0.00588095095008612
0.00589107722043991
0.00590632110834122
0.0059120892547071
0.00592063786461949
0.00592146860435605
0.00592267140746117
0.00592447351664305
0.00592717481777072
0.00593120651319623
0.00593718653544784
0.00594607554376125
0.00594953540712595
0.00595461064949632
0.00596229545772076
0.00597382988780737
0.00599087122827768
0.00599725870415568
0.00600678008049726
0.00602109078317881
0.00604367116466165
0.00605203816667199
0.00605516834184527
0.00605975138023496
0.00606651417911053
0.00607660692185163
0.00609158212319016
0.00609728135168552
0.00610572239384055
0.00611830968409777
0.00613708375021815
0.00614424701780081
0.00615479983389378
0.00617048935964704
0.00619423296302557
0.00620295247063041
0.00621610786765814
