0.0
0.0
0.0
0.0
0.0
0.0
0.0
4.38366924981892e-08
1.90829752000354e-07
9.97035385807976e-07
2.53687630902277e-06
5.42762427357957e-06
8.56343194755027e-06
1.37347196869086e-05
2.207203033322e-05
3.20889739668928e-05
5.34312093805056e-05
5.98371952946763e-05
7.53293934394605e-05
9.68797103269026e-05
0.000138481918838806
0.000152894965140149
0.000177173467818648
0.000218738656258211
0.000275436032097787
0.000372976734070107
0.000492456660140306
0.000621818413492292
0.00075509340967983
0.000908817746676505
0.00106606748886406
0.00122197612654418
0.00139682646840811
0.00155633070971817
0.00171479512937367
0.00187309773173183
0.00203087506815791
0.00218734657391906
0.00234251376241446
0.00249651609919965
0.00264932005666196
0.00280216988176107
0.00295519363135099
0.0031089480035007
0.00326400669291615
0.00341954873874784
0.00357529474422336
0.00373049941845238
0.0038846570532769
0.00403934624046087
0.00419425219297409
0.00434901006519794
0.00435861200094223
0.00437302375212312
0.00439461693167686
0.00438764179125428
0.00443621724843979
0.00445442460477352
0.00448166904971004
0.00452170614153147
0.0045366520062089
0.00454220967367291
0.00455051893368363
0.00456299260258675
0.00456152809783816
0.00454837642610073
0.00455891666933894
0.00456286640837789
0.00456435047090054
0.00456490740180016
0.0045657423324883
0.00456699682399631
0.0045688790269196
0.00455149030312896
0.00455571850761771
0.00454171467572451
0.00454404205083847
0.0045449105091393
0.00454621436074376
0.00454817805439234
0.00454891473054886
0.00455001927912235
0.00455043464899063
0.00455105723813176
0.0045519913546741
0.00455339252948761
0.0045554949901998
0.00455866940319538
0.00456350622698665
0.00457086833193898
0.00457364693284035
0.00457781599834561
0.00457937875762582
0.0045817238278687
0.00458260392770171
0.00458392361178994
0.00458590406924486
0.00458887498825788
0.0045899897813797
0.00459166150540113
0.00459417048841715
0.00459511112421751
0.00459652254357934
0.00459864037111402
0.00460182316601276
0.0046066022478044
0.0046136830933392
0.00462418375536799
0.00462811859324574
0.00462960079312325
0.00463182432577014
0.00463513936847448
0.00463637709617615
0.00463823275640607
0.00464100670069456
0.00464514829218388
0.00465128663927317
0.00466033536940813
0.00467392150312662
0.00467898230999708
0.00468645291402936
0.00468923151493073
0.00469027459621429
0.00469184434041381
0.00469243247061968
0.00469265319406986
0.00469273561611772
0.00469285994768143
0.00469290651381016
0.00469292374327779
0.00469295028597116
0.0046929600648582
0.0046929745003581
0.0046929968520999
0.00469302991405129
0.00469307973980904
0.00469315424561501
0.00469326600432396
0.00469343410804868
0.00469368603080511
0.00469406368210912
0.00469463039189577
0.00469548115506768
0.00469675753265619
0.00469867326319218
0.00470155011862516
0.00470587145537138
0.00471236323937774
0.00472204107791185
0.00472559174522758
0.0047308118082583
0.00473837601020932
0.00474112201482058
0.00474522728472948
0.00475055910646915
0.0047558001242578
0.0047576054930687
0.00475803669542074
0.00475865416228771
0.00475925207138062
0.00475982157513499
0.00476045347750187
0.00476140342652798
0.004762829747051
0.00476336432620883
0.00476414430886507
0.00476530473679304
0.00476700719445944
0.00476764561608434
0.00476860115304589
0.00476895971223712
0.00476949755102396
0.00477030547335744
0.00477151619270444
0.00477196974679828
0.00477264961227775
0.00477366847917438
0.00477376393973827
0.00477390689775348
0.00477412156760693
0.00477444380521774
0.00477492669597268
0.00477564986795187
0.0047767348587513
0.00477827386930585
0.0047804182395339
0.00478120660409331
0.00474783172830939
0.00474825967103243
0.00473019015043974
0.00473114941269159
0.00473123928532004
0.00473137432709336
0.00473157595843077
0.00473187817260623
0.00473230984061956
0.00471753627061844
0.00471759680658579
0.00471768761053681
0.00471782358363271
0.00471802800893784
0.00471833441406488
0.00471844896674156
0.00471862126141787
0.00471868552267551
0.00471878191456199
0.00471892720088363
0.00471914419904351
0.00469853961840272
0.00465711764991283
0.00463684042915702
0.00463711377233267
0.00463752262294292
0.00463767582550645
0.00463790539652109
0.00463824952021241
0.00463876547291875
0.00463953707367182
0.00463982624933124
0.00464025931432843
0.00464090798050165
0.00464115059003234
0.00464151473715901
0.00464205956086516
0.00456200866028666
0.00456231320276856
0.00456276955083013
0.00456294044852257
0.00456300470978022
0.0045631006360054
0.00456324452534318
0.0045634601265192
0.00456377025693655
0.00456422893330455
0.00456439470872283
0.00456464244052768
0.00456501357257366
0.00456556864082813
0.00456638541072607
0.00456668110564351
0.00456710904836655
0.00456714862957597
0.00456720776855946
0.00456729624420404
0.00456742895767093
0.00456762779504061
0.00456770276650786
0.00456781452521682
0.00456798216328025
0.00456823315471411
0.00456832768395543
0.00456846877932549
0.00456868065521121
0.00456899777054787
0.00456911697983742
0.00456929299980402
0.00456954911351204
0.00456993374973536
0.00457050465047359
0.00457070581614971
0.00457100011408329
0.00457144109532237
0.0045714802108705
0.00457153888419271
0.00457162735983729
0.00457176007330418
0.00457195891067386
0.00457225600257516
0.00457236776128411
0.00457240967079997
0.00457247253507376
0.00457256659865379
0.00457260198891163
0.00457265460863709
0.00457273423671722
0.00457276403903961
0.00457280874252319
0.00457282550632954
0.00457285018637776
0.00457288790494204
0.00457294378429651
0.00457302760332823
0.0045731533318758
0.00457320082932711
0.00457327114418149
0.004573377314955
0.00457353657111526
0.00457377452403307
0.00457412982359529
0.00457465974614024
0.00457545462995768
0.00457664439454675
0.00457708956673741
0.00457775639370084
0.00457781879231334
0.0045778420753777
0.00457787699997425
0.00457792961969972
0.00457800831645727
0.00457812659442425
0.00457817083224654
0.00457823742181063
0.00457833660766482
0.00457837386056781
0.00457843020558357
0.00457851402461529
0.00457863975316286
0.00457882788032293
0.00457911053672433
0.00457953382283449
0.00456517143175006
0.00456540938466787
0.00456576514989138
0.00456629833206534
0.00456709647551179
0.00455235689878464
0.00450192159041762
0.00450259121134877
0.00450359331443906
0.00445414800196886
0.00440378207713366
0.00440461887046695
0.00440586963668466
0.00440633716061711
0.00437509408220649
0.00437614088878036
0.00434582028537989
0.00434640375897288
0.00434662215411663
0.0043467041105032
0.00434682704508305
0.00434687314555049
0.00434689037501812
0.00434689689427614
0.00434690667316318
0.00434692110866308
0.00434694299474359
0.00434697605669498
0.00434702495113015
0.00434709899127483
0.00434720935299993
0.00434737512841821
0.00434743752703071
0.00434746081009507
0.00434746965765953
0.00434748269617558
0.00434748735278845
0.00434749480336905
0.00434750597923994
0.004347522277385
0.00434754742309451
0.0043475846759975
0.00434764055535197
0.00434772437438369
0.00434785056859255
0.00434803916141391
0.00434810994192958
0.0043482156470418
0.00434825569391251
0.0043482705950737
0.00434829294681549
0.00434832647442818
0.00434837676584721
0.00434845220297575
0.00434856535866857
0.00434860773384571
0.00434867106378078
0.00434876652434468
0.00434890948235989
0.00434912368655205
0.004349444527179
0.00434956513345242
0.00434961030259728
0.00434967782348394
0.00434977933764458
0.00434993114322424
0.00435015885159373
0.00435050064697862
0.00435101147741079
0.00435105944052339
0.00435113115236163
0.004351238720119
0.0043514003045857
0.00435146084055305
0.00435155117884278
0.00435168715193868
0.00435189111158252
0.00435219658538699
0.00435265386477113
0.00435269670560956
0.00435276096686721
0.00435285735875368
0.00435289368033409
0.00435294769704342
0.00435302872210741
0.00435315072536469
0.00435333326458931
0.00435360707342625
0.00435401732102036
0.00435463199391961
0.00435555120930076
0.00435563735663891
0.00435576634481549
0.00435581477358937
0.00435583246871829
0.00435585994273424
0.00435590045526624
0.00435596192255616
0.00435605365782976
0.00435608811676502
0.00435613933950663
0.00435621663928032
0.00435624597594142
0.00435628928244114
0.00435635447502136
0.0043564522638917
0.00435648905113339
0.0043565439991653
0.00435662642121315
0.00435665715485811
0.00435670372098684
0.00435672095045447
0.0043567274697125
0.00435672979801893
0.00435673072934151
0.00435673212632537
0.00435673445463181
0.00435673724859953
0.0043567419052124
0.00435674889013171
0.00435675960034132
0.0043567749671638
0.00435679871588945
0.004356833640486
0.00435688672587276
0.00435690628364682
0.00435691373422742
0.00435691652819514
0.00435692071914673
0.00435692723840475
0.0043569365516305
0.00435695052146912
0.00435697147622705
0.00435700314119458
0.00435705110430717
0.00435712235048413
0.00435722898691893
0.00435726903378963
0.00435732956975698
0.00435741944238544
0.00435745343565941
0.00435750372707844
0.00435758009552956
0.00435769371688366
0.0043578646145761
0.00435792887583375
0.0043579526245594
0.00435796193778515
0.00435797544196248
0.00435798009857535
0.0043579819612205
0.00435798289254308
0.00435798382386565
0.0043579856865108
0.00435798801481724
0.00435799174010754
0.0043579968623817
0.00435800524428487
0.00435801735147834
0.00435803551226854
0.00435804249718785
0.00435804482549429
0.00435804855078459
0.00435805041342974
0.00435805227607489
0.0043580555357039
0.00435806065797806
0.00435806764289737
0.00435807881876826
0.00435809511691332
0.00435811979696155
0.00435815658420324
0.00435821199789643
0.00435829535126686
0.00435832655057311
0.00435837311670184
0.00435839081183076
0.00435839733108878
0.00435839965939522
0.00435840059071779
0.00435840198770165
0.00435840245336294
0.00435840338468552
0.00435840478166938
0.00435840617865324
0.00435840897262096
0.00435841269791126
0.004358418751508
0.00435842759907246
0.00435844110324979
0.00435846112668514
