0.0
3.33436944721655e-09
3.58719742798996e-09
1.19422429634142e-06
2.55413578997832e-06
3.85344219466788e-06
6.78877540849498e-06
1.12209772851202e-05
1.59640912897885e-05
1.89602615137119e-05
2.35976276599104e-05
2.71589942713035e-05
3.06570218526758e-05
3.40849437634461e-05
3.73111106455326e-05
4.02411751565523e-05
4.02653640776407e-05
4.02830919483677e-05
4.02959994971752e-05
4.03092162741814e-05
4.03225312766153e-05
4.03358935727738e-05
4.03490303142462e-05
4.0361839637626e-05
4.03740632464178e-05
4.03851008741185e-05
4.03930207539815e-05
4.03990452468861e-05
4.04067395720631e-05
4.04191014240496e-05
4.04403399443254e-05
4.04617676394992e-05
4.0483853808837e-05
4.04922902816907e-05
4.05005303036887e-05
4.05085884267464e-05
4.05163227696903e-05
4.05235223297495e-05
4.05293758376502e-05
4.05285827582702e-05
4.05160390073434e-05
4.04985548811965e-05
4.04647980758455e-05
4.04460952267982e-05
4.04292841267306e-05
4.04099700972438e-05
4.03836602345109e-05
4.03643716708757e-05
4.03568119509146e-05
4.03867816203274e-05
4.04572347179055e-05
4.05305545427836e-05
4.05997052439488e-05
4.06666913477238e-05
4.07314691983629e-05
4.0827060729498e-05
4.09548192692455e-05
4.11313521908596e-05
4.13724155805539e-05
4.15819740737788e-05
4.17447517975233e-05
4.19138341385406e-05
4.20899887103587e-05
4.23654309997801e-05
4.27505074185319e-05
4.30902218795381e-05
4.34247813245747e-05
4.38275637861807e-05
4.45498808403499e-05
4.58805916423444e-05
4.76446075481363e-05
4.80893395433668e-05
4.81948663946241e-05
4.82743271277286e-05
4.82892610307317e-05
4.83041476400103e-05
4.8315883759642e-05
4.8322730435757e-05
4.83295734738931e-05
4.83399162476417e-05
4.835565778194e-05
4.8377514758613e-05
4.83823278045747e-05
4.83865333080757e-05
4.83897456433624e-05
4.83916264784057e-05
4.83926596643869e-05
4.83927906316239e-05
4.83936746604741e-05
4.8394278564956e-05
4.8394034820376e-05
4.83935837110039e-05
4.83928051835392e-05
4.83905132568907e-05
4.83860494568944e-05
4.83777330373414e-05
4.83568037452642e-05
4.83357434859499e-05
4.83079493278638e-05
4.82775103591848e-05
4.82531286252197e-05
4.82230498164427e-05
4.81902316096239e-05
4.81651877635159e-05
4.81586357636843e-05
4.81638671772089e-05
4.81755705550313e-05
4.81911229144316e-05
4.82085088151507e-05
4.82262184959836e-05
4.82531868328806e-05
4.82924115203787e-05
4.8345002142014e-05
4.84159791085403e-05
4.85091441078112e-05
4.86513708892744e-05
4.88705773022957e-05
4.92098697577603e-05
4.97180699312594e-05
4.98986555612646e-05
5.01490467286203e-05
5.0226561143063e-05
5.02402763231657e-05
5.02530310768634e-05
5.02687835250981e-05
5.02803450217471e-05
5.02811089972965e-05
5.02622497151606e-05
5.02235307067167e-05
5.01712929690257e-05
5.0110826123273e-05
5.00115565955639e-05
4.99096895509865e-05
4.98069057357498e-05
4.96534812555183e-05
4.9442685849499e-05
4.91483806399629e-05
4.87679717480205e-05
4.84083248011302e-05
4.80561939184554e-05
4.77273897558916e-05
4.7433510189876e-05
4.70916747872252e-05
4.66875899292063e-05
4.62231328128837e-05
4.55854569736402e-05
4.3723495764425e-05
4.07069055654574e-05
3.80684978154022e-05
3.58767101715785e-05
