0.0
9.28705390368378e-10
9.31687282879068e-10
9.3189567174079e-10
9.31920207669634e-10
9.31929755587646e-10
9.31932753189813e-10
9.31933197279022e-10
9.31933308301325e-10
9.31933308301325e-10
9.31933308301325e-10
9.31933308301325e-10
9.31933308301325e-10
9.31933308301325e-10
9.31933308301325e-10
9.31933308301325e-10
9.31933308301325e-10
9.31933308301325e-10
9.31933308301325e-10
9.31933308301325e-10
9.31933308301325e-10
9.31933308301325e-10
9.31933308301325e-10
9.31933308301325e-10
9.31933308301325e-10
9.31933308301325e-10
9.31933308301325e-10
9.31933308301325e-10
9.31933308301325e-10
9.31933308301325e-10
9.31933308301325e-10
9.31933308301325e-10
9.31933308301325e-10
9.31933308301325e-10
9.31933308301325e-10
9.31933308301325e-10
9.31933308301325e-10
9.31933308301325e-10
9.31933308301325e-10
9.31933308301325e-10
9.31933308301325e-10
9.31933308301325e-10
9.31933308301325e-10
9.31933308301325e-10
9.31933308301325e-10
9.31933308301325e-10
9.31933308301325e-10
9.31933308301325e-10
9.31933308301325e-10
9.31933308301325e-10
9.31933308301325e-10
9.31933308301325e-10
9.31933308301325e-10
9.31933308301325e-10
9.31933308301325e-10
9.31933308301325e-10
9.31933308301325e-10
9.31933308301325e-10
9.31933308301325e-10
9.31933308301325e-10
9.31933308301325e-10
9.31933308301325e-10
9.31933308301325e-10
9.31933308301325e-10
9.31933308301325e-10
9.31933308301325e-10
9.31933308301325e-10
9.31933308301325e-10
9.31933308301325e-10
9.31933308301325e-10
9.31933308301325e-10
9.31933308301325e-10
9.31933308301325e-10
9.31933308301325e-10
9.31933308301325e-10
9.31933308301325e-10
9.31933308301325e-10
9.31933308301325e-10
9.31933308301325e-10
9.31933308301325e-10
9.31933308301325e-10
9.31933308301325e-10
9.31933308301325e-10
9.31933308301325e-10
9.31933308301325e-10
9.31933308301325e-10
9.31933308301325e-10
9.31933308301325e-10
9.31933308301325e-10
9.31933308301325e-10
9.31933308301325e-10
9.31933308301325e-10
9.31933308301325e-10
9.31933308301325e-10
9.31933308301325e-10
9.31933308301325e-10
9.31933308301325e-10
9.31933308301325e-10
9.31933308301325e-10
9.31933308301325e-10
9.31933308301325e-10
9.31933308301325e-10
9.31933308301325e-10
9.31933308301325e-10
9.31933308301325e-10
9.31933308301325e-10
9.31933308301325e-10
9.31933308301325e-10
9.31933308301325e-10
9.31933308301325e-10
9.31933308301325e-10
9.31933308301325e-10
9.31933308301325e-10
9.31933308301325e-10
9.31933308301325e-10
9.31933308301325e-10
9.31933308301325e-10
9.31933308301325e-10
9.31933308301325e-10
9.31933308301325e-10
9.31933308301325e-10
9.31933308301325e-10
9.31933308301325e-10
9.31933308301325e-10
9.31933308301325e-10
9.31933308301325e-10
9.31933308301325e-10
9.31933308301325e-10
9.31933308301325e-10
9.31933308301325e-10
9.31933308301325e-10
9.31933308301325e-10
9.31933308301325e-10
9.31933308301325e-10
9.31933308301325e-10
9.31933308301325e-10
9.31933308301325e-10
9.31933308301325e-10
9.31933308301325e-10
9.31933308301325e-10
9.31933308301325e-10
9.31933308301325e-10
9.31933308301325e-10
9.31933308301325e-10
9.31933308301325e-10
9.31933308301325e-10
9.31933308301325e-10
9.31933308301325e-10
9.31933308301325e-10
9.31933308301325e-10
9.31933308301325e-10
9.31933308301325e-10
9.31933308301325e-10
9.31933308301325e-10
9.31933308301325e-10
9.31933308301325e-10
9.31933308301325e-10
9.31933308301325e-10
9.31933308301325e-10
9.31933308301325e-10
9.31933308301325e-10
9.31933308301325e-10
9.31933308301325e-10
9.31933308301325e-10
9.31933308301325e-10
9.31933308301325e-10
9.31933308301325e-10
9.31933308301325e-10
9.31933308301325e-10
9.31933308301325e-10
9.31933308301325e-10
9.31933308301325e-10
9.31933308301325e-10
9.31933308301325e-10
9.31933308301325e-10
9.31933308301325e-10
9.31933308301325e-10
9.31933308301325e-10
9.31933308301325e-10
9.31933308301325e-10
9.31933308301325e-10
9.31933308301325e-10
9.31933308301325e-10
9.31933308301325e-10
9.31933308301325e-10
9.31933308301325e-10
9.31933308301325e-10
9.31933308301325e-10
9.31933308301325e-10
9.31933308301325e-10
9.31933308301325e-10
9.31933308301325e-10
9.31933308301325e-10
9.31933308301325e-10
9.31933308301325e-10
9.31933308301325e-10
9.31933308301325e-10
9.31933308301325e-10
9.31933308301325e-10
9.31933308301325e-10
9.31933308301325e-10
9.31933308301325e-10
9.31933308301325e-10
9.31933308301325e-10
9.31933308301325e-10
9.31933308301325e-10
9.31933308301325e-10
9.31933308301325e-10
9.31933308301325e-10
9.31933308301325e-10
9.31933308301325e-10
9.31933308301325e-10
9.31933308301325e-10
9.31933308301325e-10
9.31933308301325e-10
9.31933308301325e-10
9.31933308301325e-10
9.31933308301325e-10
9.31933308301325e-10
9.31933308301325e-10
9.31933308301325e-10
9.31933308301325e-10
9.31933308301325e-10
9.31933308301325e-10
9.31933308301325e-10
9.31933308301325e-10
9.31933308301325e-10
9.31933308301325e-10
9.31933308301325e-10
9.31933308301325e-10
9.31933308301325e-10
9.31933308301325e-10
9.31933308301325e-10
9.31933308301325e-10
9.31933308301325e-10
9.31933308301325e-10
9.31933308301325e-10
9.31933308301325e-10
9.31933308301325e-10
9.31933308301325e-10
9.31933308301325e-10
9.31933308301325e-10
9.31933308301325e-10
9.31933308301325e-10
9.31933308301325e-10
9.31933308301325e-10
9.31933308301325e-10
9.31933308301325e-10
9.31933308301325e-10
9.31933308301325e-10
9.31933308301325e-10
9.31933308301325e-10
9.31933308301325e-10
9.31933308301325e-10
9.31933308301325e-10
9.31933308301325e-10
9.31933308301325e-10
9.31933308301325e-10
9.31933308301325e-10
9.31933308301325e-10
9.31933308301325e-10
9.31933308301325e-10
9.31933308301325e-10
9.31933308301325e-10
9.31933308301325e-10
9.31933308301325e-10
9.31933308301325e-10
9.31933308301325e-10
9.31933308301325e-10
9.31933308301325e-10
9.31933308301325e-10
9.31933308301325e-10
9.31933308301325e-10
9.31933308301325e-10
9.31933308301325e-10
9.31933308301325e-10
9.31933308301325e-10
9.31933308301325e-10
9.31933308301325e-10
9.31933308301325e-10
9.31933308301325e-10
9.31933308301325e-10
9.31933308301325e-10
9.31933308301325e-10
9.31933308301325e-10
9.31933308301325e-10
9.31933308301325e-10
9.31933308301325e-10
9.31933308301325e-10
9.31933308301325e-10
9.31933308301325e-10
9.31933308301325e-10
9.31933308301325e-10
9.31933308301325e-10
9.31933308301325e-10
9.31933308301325e-10
9.31933308301325e-10
9.31933308301325e-10
9.31933308301325e-10
9.31933308301325e-10
9.31933308301325e-10
9.31933308301325e-10
9.31933308301325e-10
9.31933308301325e-10
9.31933308301325e-10
9.31933308301325e-10
9.31933308301325e-10
9.31933308301325e-10
9.31933308301325e-10
9.31933308301325e-10
9.31933308301325e-10
9.31933308301325e-10
9.31933308301325e-10
9.31933308301325e-10
9.31933308301325e-10
9.31933308301325e-10
9.31933308301325e-10
9.31933308301325e-10
9.31933308301325e-10
9.31933308301325e-10
9.31933308301325e-10
9.31933308301325e-10
9.31933308301325e-10
9.31933308301325e-10
9.31933308301325e-10
9.31933308301325e-10
9.31933308301325e-10
9.31933308301325e-10
9.31933308301325e-10
9.31933308301325e-10
9.31933308301325e-10
9.31933308301325e-10
9.31933308301325e-10
9.31933308301325e-10
9.31933308301325e-10
9.31933308301325e-10
9.31933308301325e-10
9.31933308301325e-10
9.31933308301325e-10
9.31933308301325e-10
9.31933308301325e-10
9.31933308301325e-10
9.31933308301325e-10
9.31933308301325e-10
9.31933308301325e-10
9.31933308301325e-10
9.31933308301325e-10
9.31933308301325e-10
9.31933308301325e-10
9.31933308301325e-10
9.31933308301325e-10
9.31933308301325e-10
9.31933308301325e-10
9.31933308301325e-10
9.31933308301325e-10
9.31933308301325e-10
9.31933308301325e-10
9.31933308301325e-10
9.31933308301325e-10
9.31933308301325e-10
9.31933308301325e-10
9.31933308301325e-10
9.31933308301325e-10
9.31933308301325e-10
9.31933308301325e-10
9.31933308301325e-10
9.31933308301325e-10
9.31933308301325e-10
9.31933308301325e-10
9.31933308301325e-10
9.31933308301325e-10
9.31933308301325e-10
9.31933308301325e-10
9.31933308301325e-10
9.31933308301325e-10
9.31933308301325e-10
9.31933308301325e-10
9.31933308301325e-10
9.31933308301325e-10
9.31933308301325e-10
9.31933308301325e-10
9.31933308301325e-10
9.31933308301325e-10
