0.0
2.82592026223938e-07
2.06935123969743e-06
3.58917441189988e-06
6.53406596029527e-06
1.19544838526053e-05
1.66052614076762e-05
2.15244763239753e-05
2.66649694822263e-05
3.2902153179748e-05
4.21872027800418e-05
5.26359108334873e-05
5.54823491256684e-05
5.75940212002024e-05
6.0179390857229e-05
6.29502610536292e-05
6.58139906590804e-05
6.89165171934292e-05
7.35186404199339e-05
7.80696282163262e-05
8.41574292280711e-05
8.9454828412272e-05
9.39602905418724e-05
9.81198390945792e-05
0.000102391997643281
0.000107540574390441
0.000113485148176551
0.000119603835628368
0.000128805768326856
0.000138547722599469
0.00014961272245273
0.000162965443450958
0.000166073819855228
0.00016909756232053
0.000173464548424818
0.000180174407432787
0.00018987205112353
0.00019334489479661
0.000194597421796061
0.000196477732970379
0.000198326626559719
0.000200163456611335
0.000202874653041363
0.000206809199880809
0.000207207733183168
0.000207768534892239
0.00020832524751313
0.000208861092687584
0.00020907681027893
0.000209283636650071
0.000209489604458213
0.000209798541618511
0.000210264493944123
0.000210962345590815
0.000211222170037217
0.000211595019209199
0.000211963502806611
0.000212320737773553
0.000212868981179781
0.000213279985473491
0.000213691615499556
0.000214307132409886
0.000215222069527954
0.000215573440073058
0.00021607855160255
0.000216285712667741
0.000216477055801079
0.000216678352444433
0.000216877917409874
0.000217077278648503
0.000217376422369853
0.000217825276195072
0.000218494766158983
0.000219579815166071
0.000221267473534681
0.000223751849262044
0.000227445736527443
0.000228915116167627
0.000231154554057866
0.000234401944908313
0.000237641361309215
0.000240929788560607
0.000241282803472131
0.000241402027313598
0.00024157868756447
0.000241842935793102
0.000242241527303122
0.000242650072323158
0.000243050904828124
0.000243452057475224
0.000243856513407081
0.000244456896325573
0.000245379196712747
0.000245708681177348
0.000246053823502734
0.000246389943640679
0.000246731069637462
0.000247244344791397
0.000248019117861986
0.000249258708208799
0.000250435899943113
0.000251632853178307
0.000253423233516514
0.000256091065239161
0.000260062020970508
0.000265996844973415
0.000271937838988379
0.000277882849331945
0.000286733353277668
0.00030011756462045
0.000320019782520831
0.000327260815538466
0.000329938338836655
0.000333970878273249
0.000339955557137728
0.000342159561114386
0.000345467793522403
0.000348796893376857
0.000351280090399086
0.000353774579707533
0.00035627101897262
0.000358746328856796
0.000361193960998207
0.000364809995517135
0.000370183406630531
0.00037848437204957
0.000381570687750354
0.000382349622668698
0.000382541300496086
0.000382590311346576
0.000382663303753361
0.000382736092433333
0.000382808793801814
0.000382917671231553
0.000382958503905684
0.000383019709261134
0.000383111560950056
0.000383249222068116
0.000383386679459363
0.00038352410774678
0.000383626989787444
0.00038372993003577
0.000383832753868774
0.000383935490390286
0.000384089624276385
0.000384320475859568
0.000384407001547515
0.000384493410820141
0.000384579820092767
0.000384709273930639
0.00038483866956085
0.000384967832360417
0.000385097024263814
0.000385193794500083
0.00038529047742486
0.000385435501812026
0.000385652587283403
0.000385734078008682
0.000385815365007147
0.000385896564694121
0.000385977764381096
0.000386099389288574
0.000386145024094731
0.000386213359888643
0.000386315892683342
0.000386469444492832
0.000386584433726966
0.00038669936475344
0.000386871513910592
0.000387128995498642
0.000387225562008098
0.000387321866583079
0.0003874181129504
0.000387514330213889
0.000387658452382311
0.000387712498195469
0.0003877934650518
0.000387914798920974
0.000388096581446007
0.000388368702260777
0.000388772401493043
0.00038940881495364
0.000390313944080845
0.000391219044104218
0.000392127083614469
0.000393073831219226
0.000393414462450892
0.000393446709495038
0.000393495080061257
0.000393567519495264
0.000393712281947955
0.000393799098674208
0.000393884052755311
0.000394012226024643
0.000394139991840348
0.000394268601667136
0.000394317525206134
0.000394391332520172
0.000394502509152517
0.000394669477827847
0.000394794740714133
0.00039492009091191
0.000395108159864321
0.000395390408812091
0.000395813753129914
0.000396450486732647
0.000397399649955332
0.000397764815716073
0.000398300384404138
0.00039847259176895
0.000398650649003685
0.000398703356040642
0.000398781121475622
0.000398857984691858
0.000398934294935316
0.000399048527469859
0.000399091193685308
0.000399155309423804
0.000399251439375803
0.000399395619751886
0.000399611773900688
0.000399936601752415
0.000400057790102437
0.00040014908881858
0.000400240358430892
0.000400331657147035
0.000400467542931437
0.00040066777728498
0.000400966499000788
0.000401411758502945
0.000401855621021241
0.000401967845391482
0.000402135512558743
0.000402301782742143
0.000402467703679577
0.000402530073188245
0.000402623205445707
0.000402803911129013
0.000403017795179039
0.000403125799493864
0.000403229845687747
0.000403334706788883
0.000403439451474696
0.00040354416705668
0.000403701065806672
0.000403794721933082
0.000403887766879052
0.000404022284783423
0.000404122431064025
0.000404222082579508
0.000404321530368179
0.000404392834752798
0.000404453050578013
0.000404541380703449
0.000404667371185496
0.000404856604291126
0.000404903956223279
0.00040495113353245
0.000405058119213209
0.000405169004807249
0.000405330007197335
0.000405450060497969
0.000405569589929655
0.00040568903204985
0.000405867904191837
0.000406136270612478
0.000406537001254037
0.000407133979024366
0.000407361891120672
0.000407699262723327
0.00040820412687026
0.000408999127103016
0.000409283908084035
0.000409354455769062
0.000409424712415785
0.000409530068282038
0.000409687985666096
0.00040992462891154
0.000410052860388532
0.00041019034688361
0.000410391192417592
0.000410466163884848
0.00041057838825509
0.000410746433772147
0.000410997832659632
0.000411376502597705
0.000411939108744264
0.000412776076700538
0.000413139205193147
0.000413257628679276
0.000413477187976241
0.00041361287003383
0.000413746718550101
0.000413946370827034
0.000414289796026424
0.000414788170019165
0.000415237591369078
0.000415684015024453
0.000416350929299369
0.000417350674979389
0.000418886920670047
0.000421246484620497
0.000424573256168514
0.000429625622928143
0.000431514024967328
0.000434248795500025
0.00043850505608134
0.000444611592683941
0.000453589571407065
0.000457091169664636
0.000462215219158679
0.000469413615064695
0.000479680340504274
0.000482181931147352
0.000484606687678024
0.000488285557366908
0.000493435305543244
0.000501501839607954
0.000504450756125152
0.000508768891450018
0.000515213876497
0.000517590262461454
0.000521203211974353
0.000526250281836838
0.000528083124663681
0.000530837802216411
0.000534603255800903
0.000540084030944854
0.000542138586752117
0.000545169925317168
0.0005494948127307
0.000555681996047497
0.000564857386052608
0.00056799512822181
0.000569073599763215
0.000570690433960408
0.000573380617424846
0.000576266786083579
0.000576900027226657
0.000577831524424255
0.000579197192564607
0.000581446569412947
0.000584177148994058
0.000588987313676625
0.000595160410739481
0.00060339062474668
0.000613596464972943
0.000619782949797809
0.000620206294115633
0.000620361242908984
0.000618842197582126
0.000614466669503599
0.000612533825915307
0.000612301810178906
0.0006120286998339
0.000611622468568385
0.000610713090281934
0.000609807611908764
0.000608204281888902
0.000605819514021277
0.000601467210799456
0.000599879655055702
0.000597647915128618
0.0005946378223598
0.000588093011174351
0.000585775473155081
0.000581990578211844
0.000575396756175905
0.000564393645618111
0.000544475624337792
0.000518951041158289
0.000511723745148629
0.000500651600304991
0.000482979201478884
0.00045624392805621
0.000420677737565711
0.000384914572350681
0.000348195637343451
0.00033800138044171
0.000322195701301098
0.000297839636914432
0.000259417603956535
0.000211184727959335
