0.0
0.0
0.0
0.0
0.0
0.0
0.0
0.0
0.0
1.7736208171015e-17
5.2749714635368e-17
1.53006694868147e-16
2.94480453824275e-16
4.55528972137883e-16
5.65640290665627e-16
2.23343197235104e-12
1.9994901567788e-11
8.33213914530617e-11
2.27514784789662e-10
5.45092304626849e-10
1.09687259275404e-09
2.79544121184472e-09
9.49835676777866e-09
2.00846823616985e-08
2.57704826367444e-08
3.4628648393209e-08
4.89524971669653e-08
7.47081472241007e-08
1.00598072094726e-07
1.07312985164754e-07
1.1118088849571e-07
1.11672477487446e-07
1.12213328407051e-07
1.12783290262541e-07
1.13697005588165e-07
1.15120371901867e-07
1.15679149814696e-07
1.16545500361553e-07
1.17870648352891e-07
1.19950286148196e-07
1.232072008861e-07
1.29418197047926e-07
1.31995818719588e-07
1.34868116674625e-07
1.38081645673083e-07
1.43598271051815e-07
1.50322961189886e-07
1.59701798452261e-07
1.68649648912833e-07
1.79089596485937e-07
1.9070969869972e-07
2.03281729227456e-07
2.16618786907929e-07
2.30325355232708e-07
2.44379492642111e-07
2.58506219097399e-07
2.72537647560966e-07
2.93177919274967e-07
3.13356167680467e-07
3.32904733113537e-07
3.5194366887481e-07
3.58889934659601e-07
3.69055612736702e-07
3.83669629400174e-07
3.97750483216441e-07
4.1132480532724e-07
4.30715630272971e-07
4.44682569877841e-07
4.58260046798387e-07
4.63213325474499e-07
4.70424481591181e-07
4.80948074255139e-07
4.96187112730695e-07
5.18199271937192e-07
5.49344349565217e-07
5.92072808558441e-07
6.02032343977044e-07
6.11501207004039e-07
6.20669709405774e-07
6.29534156360023e-07
6.42169368347822e-07
6.51469179047126e-07
6.60360285564821e-07
6.68910502099607e-07
6.77331456699903e-07
6.8037491018913e-07
6.8487270254991e-07
6.91449713485781e-07
7.01227975241636e-07
7.04777335158724e-07
7.1004228630045e-07
7.17710690878448e-07
7.25244944987935e-07
7.32742648779094e-07
7.43702173622296e-07
7.54359518850833e-07
7.64833600896964e-07
7.74979014295241e-07
7.84927067343233e-07
7.94808386217483e-07
8.04407761734183e-07
8.13737415228388e-07
8.22873801098467e-07
8.36379399515863e-07
8.49862601626228e-07
8.62953470459615e-07
8.76028821039654e-07
8.85589770405204e-07
8.95169307568722e-07
9.04559840364527e-07
9.13893472898053e-07
9.23141271869099e-07
9.32300224576466e-07
9.45933663842879e-07
9.65834487942629e-07
9.94715492197429e-07
1.02239130228554e-06
1.04892160379677e-06
1.07217431377649e-06
1.09299367068161e-06
1.11072256459011e-06
1.1362726581865e-06
1.17311481062643e-06
1.22899655252695e-06
1.31327544750093e-06
1.43590250445413e-06
1.60429146944807e-06
1.8080233985529e-06
1.9887972939614e-06
2.14631563721923e-06
2.25896224037569e-06
2.35969946515979e-06
2.50701896220562e-06
2.59098783317313e-06
2.67593418357137e-06
2.70092459686566e-06
2.711512024689e-06
2.71574890575721e-06
2.71801741291711e-06
2.71848398369912e-06
2.72035822490579e-06
2.72198417405889e-06
2.72770080300688e-06
2.76362902695837e-06
2.79084724752465e-06
2.87605143967085e-06
3.34443416249997e-06
3.58362126462453e-06
3.89679007639643e-06
3.99510554416338e-06
3.99914870286011e-06
4.00007365897181e-06
4.00012231693836e-06
4.00020326196682e-06
4.00023009206052e-06
4.00022645408171e-06
4.00021144741913e-06
4.00018916479894e-06
4.00016460844199e-06
4.00013732360094e-06
4.00010321754962e-06
4.00004773837281e-06
3.9999385990086e-06
3.99871032641386e-06
3.99745204049395e-06
3.99529881178751e-06
3.99080045099254e-06
3.9825204112276e-06
3.97456324208179e-06
3.96222185372608e-06
3.94696735384059e-06
3.93543905374827e-06
3.91959929402219e-06
3.90620925827534e-06
3.88943544749054e-06
3.8759721974202e-06
3.85998782803654e-06
3.84866689273622e-06
3.83230690204073e-06
3.8182101889106e-06
3.8002956443961e-06
3.78959339286666e-06
3.7706952298322e-06
3.76112257072236e-06
3.7436623188114e-06
3.73149509869108e-06
3.71339888260991e-06
3.69758299711975e-06
3.68420273844094e-06
3.66665676665434e-06
3.65672099178482e-06
3.63653794011043e-06
3.62575360668416e-06
3.60430021828506e-06
3.58969691660604e-06
3.57666249328759e-06
3.55805559593136e-06
3.54771714228264e-06
3.52967413164151e-06
3.51578887602955e-06
3.50160485140805e-06
3.47972559211485e-06
3.47006471201894e-06
3.45136322721373e-06
3.43885471920657e-06
3.42913313033932e-06
3.40837891599222e-06
3.39808684657328e-06
3.37898109137313e-06
3.36078937834827e-06
3.35004870066768e-06
3.33343950842391e-06
3.31819092025398e-06
3.30733359987789e-06
3.29229442286305e-06
3.27558927892824e-06
3.26448048326711e-06
3.24214101965481e-06
3.22825781040592e-06
3.21916422763024e-06
3.20368462780607e-06
3.19026298711833e-06
3.18103548124782e-06
3.16722139359626e-06
3.15234069603321e-06
3.1428317015525e-06
3.12418865178188e-06
3.1074609978532e-06
3.09673214360373e-06
3.085970547545e-06
3.0712744774064e-06
3.06708579955739e-06
