0.0
0.00999999977648258
0.0199999995529652
0.0299999993294477
0.0399999991059303
0.0500000007450581
0.0599999986588955
0.0700000002980232
0.0799999982118607
0.0900000035762787
0.100000001490116
0.109999999403954
0.119999997317791
0.129999995231628
0.140000000596046
0.142499998211861
0.146249994635582
0.151875004172325
0.160312503576279
0.170312494039536
0.180312499403954
0.190312504768372
0.200312495231628
0.210312500596046
0.220312505960464
0.230312496423721
0.240312501788139
0.250312507152557
0.260312497615814
0.270312488079071
0.28031250834465
0.290312498807907
0.300312489271164
0.302812486886978
0.306562513113022
0.312187492847443
0.320625007152557
0.330624997615814
0.333124995231628
0.33687499165535
0.342500001192093
0.350937485694885
0.360937505960464
0.370937496423721
0.373437494039536
0.377187490463257
0.3828125
0.391250014305115
0.401250004768372
0.411249995231628
0.421249985694885
0.431250005960464
0.441249996423721
0.451249986886978
0.461250007152557
0.471249997615814
0.481249988079071
0.49125000834465
0.501250028610229
0.511250019073486
0.511874973773956
0.512499988079071
0.513437509536743
0.514843761920929
0.516953110694885
0.520117163658142
0.524863302707672
0.531982421875
0.541982412338257
0.551982402801514
0.561982393264771
0.571982443332672
0.581982433795929
0.591982424259186
0.601982414722443
0.611982405185699
0.621982395648956
0.631982445716858
0.641982436180115
0.651982426643372
0.661982417106628
0.671982407569885
0.681982398033142
0.691982448101044
0.701982438564301
0.711982429027557
0.721982419490814
0.731982409954071
0.741982400417328
0.751982450485229
0.761982440948486
0.771982431411743
0.781982421875
0.791982412338257
0.801982402801514
0.811982393264771
0.821982443332672
0.831982433795929
0.841982424259186
0.851982414722443
0.861982405185699
0.871982395648956
0.881982445716858
0.891982436180115
0.901982426643372
0.911982417106628
0.921982407569885
0.924482405185699
0.928232431411743
0.933857440948486
0.942294895648956
0.952294945716858
0.962294936180115
0.972294926643372
0.982294917106628
0.992294907569885
1.0
