-0.0
-2.5326585273433e-10
-2.14643023355165e-08
-6.08179107075557e-09
-1.89315869647544e-08
-6.22276274953038e-09
5.23592461831868e-07
-7.47095327824354e-07
-1.13941496238112e-06
-6.87490683048964e-07
-1.65900564752519e-06
-1.20210461318493e-06
1.56665919348598e-06
1.74451270140707e-06
2.07617995329201e-06
2.54056067205966e-06
3.21722473017871e-06
4.50332299806178e-06
5.65056689083576e-06
7.6579162850976e-06
4.68670623376966e-06
4.58952854387462e-06
5.49113610759377e-06
6.29347050562501e-06
6.90655724611133e-06
7.29637395124882e-06
7.397829904221e-06
7.87976023275405e-06
1.53712480823742e-05
1.83616939466447e-05
1.93242776731495e-05
1.81505602085963e-05
1.63192016771063e-05
1.58067487063818e-05
1.56665264512412e-05
1.57218310050666e-05
1.59028641064651e-05
1.61286516231485e-05
1.64023877005093e-05
1.95552274817601e-05
1.99320493265986e-05
2.0202191080898e-05
2.04603638849221e-05
2.08110213861801e-05
2.11965161724947e-05
2.16489206650294e-05
2.10309299291112e-05
2.26826159632765e-05
2.47907737502828e-05
1.70432249433361e-05
1.52370994328521e-05
1.20377371786162e-05
4.61210584035143e-06
2.23888491746038e-06
-1.55395537149161e-06
1.32357017719187e-05
1.42113713081926e-05
1.23599565995391e-05
2.75137790595181e-06
-9.44324710872024e-06
-1.27244857139885e-05
-1.36508206196595e-05
-1.43864890560508e-05
-1.52121538121719e-05
-1.66117533808574e-05
-1.77452202478889e-05
-1.80424140125979e-05
-1.83587144420017e-05
-1.87058976734988e-05
-1.930463622557e-05
-2.00303875317331e-05
-2.09029130928684e-05
-2.20102447201498e-05
-2.33380633289926e-05
-2.4372071493417e-05
-2.49833501584362e-05
-2.54146252700593e-05
-2.57629544648807e-05
-2.61372115346603e-05
-2.63659567281138e-05
-2.67727155005559e-05
-2.73236946668476e-05
-2.79541163763497e-05
-2.85985297523439e-05
-2.93510565825272e-05
-3.07941809296608e-05
-3.26422414218541e-05
-3.42984021699522e-05
-1.69814884429798e-05
-1.65515957633033e-05
-1.59267401613761e-05
-1.54154513438698e-05
-1.50103696796577e-05
-1.45671438076533e-05
-1.37581155286171e-05
-1.29334985103924e-05
-1.2057316780556e-05
-1.08883832581341e-05
-9.67999221757054e-06
-8.52391167427413e-06
-7.3833143687807e-06
-5.96909012529068e-06
-5.01320027979091e-06
-4.14390888181515e-06
-3.24227949022315e-06
-1.60336276167072e-06
8.20641434984282e-06
5.13246122864075e-05
0.000124978134408593
0.000198575609829277
0.000223800641833805
0.000245565257500857
0.000261934386799112
0.00026937632355839
0.000275258411420509
0.00028115720488131
0.00028600511723198
0.000289656774839386
0.00029362938948907
0.000297713238978758
0.000301900581689551
0.000306151603581384
0.000312542484607548
0.000321982806781307
0.000335667369654402
0.000346439337590709
0.000357713783159852
0.000375935400370508
0.000395384937291965
0.000411510263802484
0.000423818739363924
0.000434246758231893
0.000444432807853445
0.00045456102816388
0.000464344077045098
0.000479098438518122
0.000487809913465753
0.000495184387546033
0.000461840332718566
0.000456515001133084
0.000450095045380294
0.000443924916908145
0.000437588430941105
0.000427026359830052
0.000415404792875051
0.000406313105486333
0.000396679213736206
0.000381967052817345
0.000363748637028039
0.000332129973685369
0.000310065253870562
0.000287894858047366
0.000276943581411615
0.00026595321833156
0.000256040133535862
0.000247050076723099
0.000233959435718134
0.000212489001569338
0.000206202239496633
0.000201982737053186
0.000198521884158254
0.000194321881281212
0.000192724051885307
0.000190727936569601
0.000187740035471506
0.000183574913535267
0.000179512106114998
0.000175462133483961
0.000172489191754721
0.000169498089235276
0.000167254926054738
0.000166958241607063
0.000166155674378388
0.000165706675034016
0.00016509865236003
0.000164077369845472
0.000163919685292058
0.000163252931088209
0.000162562791956589
0.00016199258971028
0.000161086500156671
0.000160352239618078
0.000159759234520607
0.000158837588969618
0.000158091745106503
0.000157501199282706
0.000156749185407534
0.000155822359374724
0.000155237910803407
0.000154441309859976
0.000153503191540949
0.000152867927681655
0.000151890097185969
0.000151091910083778
0.000150423729792237
0.000149414481711574
0.000148269115015864
0.000146684862556867
0.000144910445669666
0.000143134690006264
0.000140278207254596
0.000135294947540388
0.00013220043911133
0.00013025154476054
0.000128109400975518
0.000124278143630363
0.000122057521366514
0.000118844174721744
0.000117978393973317
0.000116949930088595
0.000114733149530366
0.00010957193444483
0.000106792504084297
0.000105122220702469
0.000102364138001576
0.000101502177130897
0.000101785321021453
0.000102380188764073
0.000101074081612751
0.000101127458037809
0.000100927711173426
0.000100330333225429
9.97518291114829e-05
9.90566040854901e-05
9.78774769464508e-05
9.6142161055468e-05
9.326716826763e-05
8.92038806341588e-05
8.27118492452428e-05
7.43196142138913e-05
5.88088769291062e-05
3.24294705933426e-05
-4.4601212721318e-05
-2.6407818950247e-05
3.02459739032201e-05
0.000129708423628472
8.81925807334483e-05
-2.62384764937451e-06
4.52744097856339e-06
-3.04508773751877e-09
-7.34459604245785e-10
-1.57982071868901e-10
-1.64789071277482e-10
-2.21376694753417e-10
-7.41664507586393e-11
-3.14059889205964e-11
-3.43760575560736e-11
-8.30056023914949e-11
-1.1323209037073e-10
-1.93153937289026e-10
-1.33397293211601e-10
-7.30295823814231e-11
-8.12860889709555e-12
1.68540736922296e-11
6.94484469931922e-11
7.13527015250293e-11
2.29647412197664e-11
-7.03579416949651e-11
-8.52793391459272e-11
-1.30413013721409e-10
-2.77026401818148e-10
-4.12811118621903e-10
-4.33615809924959e-10
-4.36799041381164e-10
-3.05220737573109e-10
-2.47723619395401e-10
-1.64135371960583e-10
-1.11441522676614e-10
-6.6620486904867e-11
2.42295072894194e-11
9.12336872715969e-11
1.27442945085932e-10
5.02524244438973e-10
-6.42188524579979e-11
-1.50947698784876e-10
-2.34649633057415e-10
-2.72194711214979e-10
-3.30231841871864e-10
-3.61694674211321e-10
-3.66242147720186e-10
-3.18507886731823e-10
-1.88990156857471e-10
-1.96877181224409e-10
-1.91789695236366e-10
-1.70359726325842e-10
-1.2907719337818e-10
-7.55164819565834e-11
1.22199139696022e-10
7.01732005836675e-11
1.406874616805e-11
2.31921148952097e-11
3.77994524569658e-10
-4.66968685941538e-11
-4.776836703968e-10
-5.57264456801931e-10
-5.53754375687276e-10
-4.48224568572186e-10
-4.39598579760059e-10
-2.98456370728672e-10
-2.53493226409773e-10
-1.9349499780219e-10
-1.3369572116062e-10
-1.30739863379858e-10
-1.27513999359508e-10
-8.01492205937393e-11
-7.12105929778772e-11
-2.94875235340442e-11
-6.75015598972095e-12
1.20365939437761e-11
-4.87432316731429e-12
-2.95017343887594e-11
2.79513301393308e-10
1.75802483681764e-10
-3.75166564481333e-11
