0
0.00120000005699694
0.00240000011399388
0.00359999993816018
0.00480000022798777
0.00600000005215406
0.00719999987632036
0.00839999970048666
0.00960000045597553
0.0108000002801418
0.0120000001043081
0.0131999999284744
0.0143999997526407
0.015599999576807
0.0167999994009733
0.0179999992251396
0.0192000009119511
0.0204000007361174
0.0205499995499849
0.0207000002264977
0.0208500009030104
0.0209999997168779
0.0211500003933907
0.0212999992072582
0.0213070306926966
0.021312303841114
0.0213175788521767
0.0213254876434803
0.0213373526930809
0.021355152130127
0.0213584881275892
0.0213618259876966
0.0213651619851589
0.0213684998452663
0.0213718377053738
0.021375173702836
0.0213785115629435
0.0213818475604057
0.0213851854205132
0.0213885214179754
0.0213918592780828
0.0213951971381903
0.0213976986706257
0.0214002020657063
0.0214039571583271
0.0214077103883028
0.0214114654809237
0.0214152187108994
0.0214189738035202
0.0214227270334959
0.0214283596724272
0.0214368067681789
0.0214452538639307
0.0214536990970373
0.0214621461927891
0.0214748177677393
0.0214874874800444
0.0215001590549946
0.0215128287672997
0.0215255003422499
0.0215381700545549
0.0215508416295052
0.0215603429824114
0.0215698461979628
0.0215793494135141
0.0215888526290655
0.0216031074523926
0.0216244887560606
0.0216565597802401
0.0217046700417995
0.0217136889696121
0.0217227097600698
0.0217317305505276
0.0217452608048916
0.0217587910592556
0.0217723213136196
0.0217858515679836
0.0217993818223476
0.0218129139393568
0.0218264441937208
0.0218399744480848
0.0218535047024488
0.0218670349568129
0.0218873303383589
0.0218949411064386
0.0219025518745184
0.0219101645052433
0.0219215806573629
0.0219258610159159
0.0219322834163904
0.0219419151544571
0.021949140354991
0.0219563636928797
0.0219577196985483
0.0219590738415718
0.0219611059874296
0.0219631362706423
0.0219651684165001
0.0219656769186258
0.0219661854207516
0.0219669472426176
0.0219680890440941
0.0219692327082157
0.0219703763723373
0.0219715181738138
0.0219732336699963
0.0219758041203022
0.0219796616584063
0.0219835191965103
0.0219873767346144
0.0219912342727184
0.0219950918108225
0.0219989493489265
0.0220047347247601
0.0220105201005936
0.0220163073390722
0.0220220927149057
0.0220278799533844
0.0220336653292179
0.0220423433929682
0.0220553632825613
0.0220683813095093
0.0220813993364573
0.0221009273082018
0.0221302192658186
0.0221741572022438
0.0222400650382042
0.0223389249294996
0.0224872156977654
0.0227096509188414
0.023043304681778
0.0235437843948603
0.0242945048958063
0.0254205837845802
0.0266205836087465
0.027820585295558
0.0290205851197243
0.0302205849438906
0.0314205847680569
0.032620582729578
0.0338205844163895
0.0350205861032009
0.0362205840647221
0.0374205857515335
0.0386205837130547
0.0398205853998661
0.0410205833613873
0.0422205850481987
0.0434205830097198
0.0446205846965313
0.0458205826580524
0.0470205843448639
0.0482205860316753
0.0494205839931965
0.0506205856800079
0.0518205836415291
0.0530205853283405
0.0542205832898617
0.0554205849766731
0.0566205829381943
0.0578205846250057
0.0590205863118172
0.0602205842733383
0.0614205859601498
0.0626205876469612
0.0638205856084824
0.0650205835700035
0.0662205815315247
0.0674205869436264
0.0686205849051476
0.0698205828666687
0.0710205808281898
0.0722205862402916
0.0734205842018127
0.0746205821633339
0.0758205875754356
0.0770205855369568
0.0782205834984779
0.0794205814599991
0.0806205868721008
0.081820584833622
0.0830205827951431
0.0842205882072449
0.085420586168766
0.0866205841302872
0.0878205820918083
0.0890205875039101
0.0902205854654312
0.0914205834269524
0.0926205813884735
0.0938205868005753
0.0950205847620964
0.0962205827236176
0.0974205881357193
0.0986205860972404
0.0998205840587616
0.101020582020283
0.102220587432384
0.103420585393906
0.104620583355427
0.105820581316948
0.106120586395264
0.106570586562157
0.107245586812496
0.108258083462715
0.109458081424236
0.110658086836338
0.111858084797859
0.11305808275938
0.114258088171482
0.115458086133003
0.116658084094524
0.117858082056046
0.119058087468147
0.119999997317791
