0.0
5.11273981373961e-07
5.11451332840807e-07
5.42866246178164e-07
9.22345236631372e-07
1.10910355033411e-06
1.36734354327928e-06
2.35376978707791e-06
4.06438539357623e-06
6.46907619739068e-06
1.00246697911643e-05
1.60315812536282e-05
2.33267892326694e-05
3.36709308612626e-05
4.89822814415675e-05
6.94328773533925e-05
9.68287349678576e-05
0.000134773974423297
0.000183701442438178
0.000238882072153501
0.000296110199997202
0.000353953189915046
0.000416413182392716
0.000489446625579149
0.000511195394210517
0.000533922866452485
0.000569867319427431
0.0005723861977458
0.000574297097045928
0.000574777601286769
0.00057525938609615
0.000575745070818812
0.000576492457184941
0.000577271450310946
0.000577878963667899
0.000578523613512516
0.000579193059820682
0.000579929386731237
0.000580123742111027
0.00058032717788592
0.000580544350668788
0.000580778170842677
0.000581034342758358
0.000581305765081197
0.000581580679863691
0.000581977365072817
0.000582528416998684
0.000583035522140563
0.000583506596740335
0.000583943154197186
0.000584355904720724
0.000584743160288781
0.000585118599701673
0.000585481408052146
0.000586005742661655
0.000586774200201035
0.000587920076213777
0.000589680450502783
0.000592419703025371
0.000596731901168823
0.000603567692451179
0.000606660731136799
0.000609939510468394
0.000613308919128031
0.000618765712715685
0.000623505329713225
0.000624482927378267
0.000624733394943178
0.000624986307229847
0.000625381013378501
0.000625809363555163
0.000626289285719395
0.000626839406322688
0.000627442030236125
0.000628092500846833
0.000628786277957261
0.000630167021881789
0.000631391128990799
0.000632658775430173
0.000634595926385373
0.000637355144135654
0.00064067350467667
0.000643076549749821
0.000644968240521848
0.00064655503956601
0.000647943874355406
0.000649226538371295
0.00065041973721236
0.00065213447669521
0.000654642295558006
0.000658375967759639
0.00066407467238605
0.000666334701236337
0.000669936183840036
0.000675628834869713
0.000681617646478117
0.000688758387695998
0.000701615703292191
0.000707274011801928
0.000711608561687171
0.000716040609404445
0.000720510433893651
0.000725185556802899
0.000726391619537026
0.00072761409683153
0.000728860730305314
0.000730142171960324
0.000731472217012197
0.000732875487301499
0.000734401110094041
0.000736159097868949
0.000737501366529614
0.000738811737392098
0.000740685558412224
0.000742461357731372
0.000744136224966496
0.000746493169572204
0.000749658735003322
0.000752624531742185
0.000755496323108673
0.000758249603677541
0.000760993047151715
0.000763712509069592
0.000767755205743015
0.000773773819673806
0.000776042812503874
0.000778297835495323
0.000780545175075531
0.000783911324106157
0.000788948673289269
0.0007964723627083
0.000807803648058325
0.000812134356237948
0.000816557789221406
0.000821088789962232
0.000825850060209632
0.000829757074825466
0.000830524251796305
0.000831318146083504
0.00083215330960229
0.00083305750740692
0.000834117410704494
0.000835136219393462
0.00083622767124325
0.000837348401546478
0.0008385363034904
0.000840556458570063
0.000843457935843617
0.000847240327857435
0.000850500422529876
0.000853225588798523
0.000855488469824195
0.000857386970892549
0.000859685242176056
0.000861624197568744
0.000863340857904404
0.000864940695464611
0.000867136754095554
0.000870306743308902
0.000874997000209987
0.000881991465575993
0.000892338634002954
0.000907641253434122
0.000930159469135106
0.000963156053330749
0.00101104180794209
0.00108048948459327
0.00118185603059828
0.00133625033777207
0.00157548964489251
0.00188752228859812
0.00219413149170578
0.00249766954220831
0.0028001491446048
0.00309223309159279
0.00337454350665212
0.00364902592264116
0.00391553342342377
0.00417597591876984
0.00441415095701814
0.00463375588878989
0.00483926106244326
0.00502979569137096
0.00520606338977814
0.00537140481173992
0.00552415242418647
0.00566471647471189
0.00579241290688515
0.0059095942415297
0.00601210538297892
0.00610092282295227
0.00617293221876025
0.00623243721202016
0.00627574883401394
0.00630982918664813
0.00632655993103981
0.00633610971271992
0.00633196160197258
0.00631598848849535
0.00628463691100478
0.00624930951744318
0.00619660317897797
0.00615652138367295
0.00611438788473606
0.00607270421460271
0.00603190110996366
0.00599033618345857
0.00594869628548622
0.00590284913778305
0.00586159946396947
0.00582107109948993
0.00577576085925102
0.0057367030531168
0.0057367030531168
