-0.000000
-0.000000
0.487650
1.045765
1.173222
1.305050
1.888768
2.410073
3.099898
3.566125
4.219135
4.849865
5.702830
6.449911
6.230672
5.893500
5.387473
4.865171
4.466277
3.951907
3.453962
2.965104
2.520180
2.015245
1.514924
1.029638
0.499065
0.195261
0.195363
0.197553
0.197779
0.194218
0.190260
0.189131
0.187059
0.188568
0.189520
0.192882
0.197332
0.200674
0.203717
0.204479
0.200626
0.194996
0.188486
0.182238
0.180931
0.179193
0.177625
0.181914
0.186394
0.189666
0.194567
0.199718
0.200540
0.199445
0.196013
0.191466
0.188105
0.189742
0.189602
0.189195
0.189430
0.188116
0.186643
0.186496
0.184331
0.181989
0.180454
0.177728
0.175698
0.173375
0.171244
0.173823
0.177663
0.182433
0.187347
0.192646
0.196522
0.198825
0.200045
0.201156
0.201643
0.199403
0.197184
0.190907
0.179471
0.166927
0.152628
0.141605
0.138834
0.143980
0.147586
0.152570
0.161767
0.169654
0.175243
0.182080
0.184426
0.188917
0.191967
0.194383
0.199817
0.204445
0.205986
0.206945
0.207097
0.206902
