-0.0
-5.88986773917177e-15
0.0019114768365398
0.00592926004901528
0.0126662664115429
0.0151212755590677
0.0245342180132866
0.0301244761794806
0.0367569737136364
0.0403581261634827
0.0427288413047791
0.0448088981211185
0.0466649793088436
0.0500578656792641
0.0563139207661152
0.062607578933239
0.0704871714115143
0.0793977603316307
0.0950596034526825
0.102033548057079
0.103283487260342
0.101573511958122
0.0998208224773407
0.0995338782668114
0.0980013906955719
0.097569577395916
0.0960942730307579
0.0943882390856743
0.0926227793097496
0.0910762175917625
0.0895617455244064
0.0878201425075531
0.0863035544753075
0.0847665518522263
0.0832658410072327
0.0816941186785698
0.0799151659011841
0.0784344077110291
0.0769161358475685
0.0754074975848198
0.0738768205046654
0.0724316835403442
0.0710175856947899
0.0696014016866684
0.0682137757539749
0.066798597574234
0.0653141066431999
0.0638066306710243
0.0623194985091686
0.060963436961174
0.0595981553196907
0.0582704581320286
0.0570337139070034
0.0559212975203991
0.0545221269130707
0.0531720705330372
0.0517488978803158
0.0504007078707218
0.049097515642643
0.0479311794042587
0.0469885095953941
0.0457351133227348
0.044425830245018
0.0430876426398754
0.0420907959342003
0.040872298181057
0.0396410338580608
0.038439616560936
0.0374372825026512
0.0364179015159607
0.0352255217730999
0.0339974574744701
0.0330966114997864
0.0318833440542221
0.0306720845401287
0.0297590605914593
0.0287913661450148
0.0277405567467213
0.02669383212924
0.025872403755784
0.0247840583324432
0.0239944010972977
0.0229257214814425
0.0218421034514904
0.0209924187511206
0.0199689939618111
0.0190474074333906
0.01827522367239
0.0173047371208668
0.0165761727839708
0.0156953316181898
0.0148597247898579
0.0140713518485427
0.0131486114114523
0.012369068339467
0.0114695271477103
0.0107042118906975
0.00994002819061279
0.00918343290686607
0.00854275282472372
0.00781168881803751
0.00710923410952091
0.00638331472873688
0.00566193275153637
0.00494922883808613
0.00429087411612272
0.00355892791412771
0.00344412960112095
0.00337083544582129
0.00328031554818153
0.00328233372420073
