0.0
1.05384949342179e-31
2.32042687287048e-08
3.12082192976959e-06
5.37364121555584e-06
7.84687563282205e-06
1.20232189146918e-05
2.07013763429131e-05
2.48021024162881e-05
3.24913598888088e-05
4.72644824185409e-05
5.3847637900617e-05
6.48457862553187e-05
7.72209605202079e-05
9.07139692571945e-05
0.000104938699223567
0.000120375967526343
0.000136606991873123
0.00015428545884788
0.000172795771504752
0.000203860705369152
0.000254189013503492
0.000308725371723995
0.000369502376997843
0.000476468441775069
0.000484653253806755
0.000487735320348293
0.000488895981106907
0.000489331781864166
0.000489495287183672
0.000489740574266762
0.000489763566292822
0.000489772181026638
0.000489785161335021
0.000489803962409496
0.000489832658786327
0.000489832658786327
