0.0
-5.10595550607441e-33
-4.56295737194523e-07
-1.78139725903748e-06
-4.6629015741928e-06
-5.46790579392109e-06
-6.12347912465339e-06
-6.77837624607491e-06
-7.30296824258403e-06
-7.85402335168328e-06
-8.3985732999281e-06
-8.91971376404399e-06
-9.74999693426071e-06
-1.07229197965353e-05
-1.1564611668291e-05
-1.23033305499121e-05
-1.3057728210697e-05
-1.42155795401777e-05
-1.57993490574881e-05
-1.70041548699373e-05
-1.94306448975112e-05
-2.08784840651788e-05
-2.2095424355939e-05
-2.529184348532e-05
-2.96757807518588e-05
-3.34094438585453e-05
-3.64086699846666e-05
-3.96992072637659e-05
-4.49836334155407e-05
-5.16994186909869e-05
-6.25394968665205e-05
-7.84976364229806e-05
-0.000100261902844068
-0.000133640816784464
-0.000193146450328641
-0.000330422655679286
-0.000476542074466124
-0.000510829500854015
-0.000582262058742344
-0.000701787765137851
-0.000824568036478013
-0.00094668404199183
-0.00112895539496094
-0.0013211005134508
-0.00153572042472661
-0.0017464681295678
-0.00179832533467561
-0.00187590403947979
-0.00190477352589369
-0.00194780575111508
-0.00196381215937436
-0.00196968973614275
-0.00197176821529865
-0.00197482947260141
-0.00197596475481987
-0.00197638873942196
-0.00197654729709029
-0.00197678501717746
-0.00197687419131398
-0.00197690748609602
-0.00197692005895078
-0.00197693891823292
-0.00197694590315223
-0.00197694846428931
-0.00197694962844253
-0.00197695102542639
-0.00197695125825703
-0.00197695125825703
-0.00197695125825703
-0.00197695125825703
