-0.0
2.92450327607944e-16
4.76355808132212e-08
2.71155840891879e-07
1.01491878012894e-07
-1.36477410705993e-07
5.0199150791741e-07
9.36937794904225e-07
1.24337839224609e-06
1.52895790961338e-06
1.92100287677022e-06
2.16403986996738e-06
2.91052765533095e-06
2.63129095401382e-06
3.07157552015269e-06
3.14521821564995e-06
3.25962537317537e-06
3.08267590298783e-06
2.3255379346665e-06
1.55110137711745e-06
2.12050690606702e-06
9.99434632831253e-07
3.6281744542066e-07
-1.09055326902308e-06
-6.59735087538138e-06
-5.26578151038848e-06
-3.97220355807804e-06
-3.02328044199385e-06
-2.16144690057263e-06
-1.61658317665569e-06
-1.3008393580094e-06
-5.00949681736529e-07
-5.38573658559471e-07
-4.50309016741812e-07
-9.53084963839501e-07
-7.56834197090939e-07
-7.35493813408539e-07
-1.52483698911965e-06
-1.60106355906464e-06
2.94992787530646e-06
4.89205194753595e-06
5.88811963098124e-06
5.58311148779467e-06
5.37634696229361e-06
2.64562550000846e-06
9.61321347858757e-07
1.27733437693678e-06
2.92975528282113e-06
3.56974851456471e-06
2.97374572255649e-06
1.92856532521546e-06
2.31723970500752e-06
2.81111351796426e-06
3.41308987117372e-06
3.62128776032478e-06
3.69742338079959e-06
3.72662907466292e-06
3.7708341551479e-06
3.78757249563932e-06
3.79379707737826e-06
3.79615084966645e-06
3.79963967134245e-06
3.80097844754346e-06
3.80142955691554e-06
3.80180063075386e-06
3.80192796001211e-06
3.80193159799092e-06
3.80192796001211e-06
3.80192796001211e-06
3.80192796001211e-06
