0.0
0.0
2.74535295829992e-07
9.301828072239e-07
1.34537469875795e-06
1.34537469875795e-06
1.34537469875795e-06
1.35602419959469e-06
1.78482866886043e-06
2.011101514654e-06
2.16124999496969e-06
2.18300078813627e-06
2.18775198845833e-06
2.19221396946523e-06
2.19328262573981e-06
2.19405796997307e-06
2.19544244828285e-06
2.19756930164294e-06
2.19963271774759e-06
2.20163860831235e-06
2.20356741920114e-06
2.20541733142454e-06
2.20717038246221e-06
2.20883975998731e-06
2.21048071580299e-06
2.21205823436321e-06
2.21361051444546e-06
2.2150675249577e-06
2.21637742470193e-06
2.21772734221304e-06
2.21923778553901e-06
2.22071594180306e-06
2.22226412915916e-06
2.22451467379869e-06
2.22951780415315e-06
2.23192432713404e-06
2.23327447201882e-06
2.23430606638431e-06
2.23525512410561e-06
2.2361089122569e-06
2.23696406465024e-06
2.23782490138547e-06
2.23868096327351e-06
2.2399578938348e-06
2.24185191655124e-06
2.24463155973353e-06
2.24880409405159e-06
2.25504209083738e-06
2.26464158004092e-06
2.2737508516002e-06
2.28956605496933e-06
2.32419642998138e-06
2.37901031141519e-06
2.46208628595923e-06
2.64765799329325e-06
2.91148103315209e-06
3.16090199703467e-06
3.32710851580487e-06
3.4881388728536e-06
3.66245058103232e-06
3.90963941754308e-06
4.24734344051103e-06
4.95105814479757e-06
5.20227058586897e-06
5.61015167477308e-06
6.26197333986056e-06
6.27421923127258e-06
6.28445241090958e-06
6.29279020358808e-06
6.30133445156389e-06
6.30984641247778e-06
6.32335286354646e-06
6.33703621133463e-06
6.35008836979978e-06
6.35554806649452e-06
6.36044705970562e-06
6.36539107290446e-06
6.37167067907285e-06
6.38040455669397e-06
6.38546089248848e-06
6.39171821603668e-06
6.39471181784756e-06
6.39597465124098e-06
6.3965521803766e-06
6.39671907265438e-06
6.39681275060866e-06
6.3968354879762e-06
6.3968354879762e-06
6.3968354879762e-06
6.3968354879762e-06
6.3968354879762e-06
6.3968354879762e-06
6.3968354879762e-06
6.3968354879762e-06
6.3968354879762e-06
6.3968354879762e-06
6.3968354879762e-06
6.3968354879762e-06
6.3968354879762e-06
6.3968354879762e-06
6.77881143928971e-06
6.77946127325413e-06
6.77955631545046e-06
6.77963998896303e-06
6.77970274409745e-06
6.77973366691731e-06
6.77974321661168e-06
6.77974321661168e-06
6.77974321661168e-06
6.77974321661168e-06
6.77974321661168e-06
6.77974321661168e-06
6.77974321661168e-06
6.77979915053584e-06
6.77989919495303e-06
6.77998923492851e-06
6.78002743370598e-06
6.78002743370598e-06
6.78002743370598e-06
6.78002743370598e-06
6.78002743370598e-06
6.7800374381477e-06
6.7800374381477e-06
6.78007108945167e-06
6.78007245369372e-06
6.78011201671325e-06
6.78013066135463e-06
6.78015703670098e-06
6.78024252920295e-06
6.78033711665194e-06
6.78039623380755e-06
6.78043534207973e-06
6.78043534207973e-06
6.78043534207973e-06
6.78048127156217e-06
6.78052583680255e-06
6.78052583680255e-06
6.78056721881148e-06
6.78056721881148e-06
6.78056721881148e-06
6.78056721881148e-06
6.78056721881148e-06
6.78056721881148e-06
6.78061360304127e-06
6.78066953696543e-06
6.78066953696543e-06
6.78066953696543e-06
6.78066953696543e-06
6.78066953696543e-06
6.78066953696543e-06
6.78066953696543e-06
6.78066953696543e-06
6.78066953696543e-06
6.78069454806973e-06
6.78069454806973e-06
6.78085416438989e-06
6.78085416438989e-06
6.7809096435667e-06
6.78098967910046e-06
6.7810374275723e-06
6.78110382068553e-06
6.78115111441002e-06
6.78115111441002e-06
