0.0
0.0
1.03321497135767e-06
6.88945556248655e-06
9.04687203728827e-06
1.24777970995638e-05
2.11107872019056e-05
4.10709508287255e-05
7.70978076616302e-05
0.000120938333566301
0.000183417127118446
0.000254588929237798
0.000325180008076131
0.000437281036283821
0.000554301135707647
0.000679524848237634
0.000770638114772737
0.000888907467015088
0.000963087077252567
0.00100288388784975
0.00100747356191278
0.00100836576893926
0.00100884959101677
0.00100930535700172
0.00100974598899484
0.00100992701482028
0.00101020012516528
0.00101050233934075
0.00101049768272787
0.00101049966178834
0.00101050559896976
0.0010105122346431
0.00101047288626432
0.00101040164008737
0.00101032003294677
0.00101023842580616
0.00101015984546393
0.00101003679446876
0.00100978033151478
0.00100955134257674
0.00100949534680694
0.00100947578903288
0.00100946694146842
0.00100947625469416
0.00100949045736343
0.00100949895568192
0.00100949965417385
0.00100950011983514
0.00100949523039162
0.00100948917679489
0.00100948545150459
0.00100949290208519
0.00100949429906905
0.00100950163323432
0.00100950535852462
0.00100951280910522
0.00100952025968581
0.00100952514912933
0.00100952514912933
0.0010095170000568
0.00100950850173831
0.00100949988700449
0.00100949581246823
0.00100948614999652
0.00100948684848845
0.00100948289036751
0.00100948696490377
0.0010094951139763
0.00100951350759715
0.00100953259970993
0.00100954447407275
0.0010095585603267
0.00100956193637103
0.00100956088863313
0.00100957788527012
0.00100957171525806
0.00100957194808871
0.00100956147070974
0.0010095564648509
0.00100954750087112
0.00100954039953649
0.00100953865330666
0.0010095436591655
0.00100954575464129
0.00100955285597593
0.00100955471862108
0.0010095500620082
0.00100954622030258
0.00100959558039904
0.00100960547570139
0.00100961641874164
0.00100965239107609
0.00100965634919703
0.00100966694299132
0.00100968778133392
0.00100968987680972
0.00100970000494272
0.00100970768835396
0.00100970838684589
0.00100971071515232
0.00100969919003546
0.00100967194885015
0.00100965914316475
0.00100963143631816
0.00100959045812488
0.00100962212309241
0.00100962782744318
0.00100960861891508
