0.0
1.60430540359689e-31
2.08915427180045e-08
3.10508244183438e-06
6.59384249956929e-06
9.49189507082338e-06
1.31093556774431e-05
1.62579381139949e-05
1.98164343601093e-05
2.37593430938432e-05
2.83363478956744e-05
3.37827987095807e-05
4.33346685895231e-05
6.07201582170092e-05
6.83122416376136e-05
8.07147152954713e-05
0.000100885350548197
0.000134796078782529
0.000144224512041546
0.00015397030801978
0.000164518089150079
0.000175762630533427
0.000193548228708096
0.000221653783228248
0.000251253048190847
0.0002825150731951
0.000315269891871139
0.000350804504705593
0.000389445718610659
0.000431516295066103
0.000476492336019874
0.000523642171174288
0.000574038305785507
0.000587352376896888
0.000600916624534875
0.000601238512899727
0.000601720181293786
0.0006019007996656
0.000602171872742474
0.000602197251282632
0.000602206797339022
0.000602210348006338
0.000602215703111142
0.000602215819526464
0.000602216052357107
0.000602216052357107
0.000602216110564768
0.000602216110564768
0.000602216110564768
0.000602216110564768
0.000602216110564768
0.000602216110564768
0.000602216110564768
0.000602216110564768
0.000602216110564768
0.000602216110564768
0.000602216110564768
