0
0.226223
0.883845
1.656608
1.996976
2.29135
2.542579
2.602435
2.659276
2.713439
2.764351
2.773467
2.780219
2.786867
2.793336
2.799472
2.80492
2.810336
2.815714
2.821499
2.827047
2.832662
2.838879
2.848736
2.858567
2.868353
2.882917
2.904299
2.935128
2.97946
3.042383
3.166947
3.340587
3.499017
3.638871
3.753695
3.85129
3.935426
3.956272
3.976302
3.990738
4.004588
4.014422
4.016749
4.018946
4.0209
4.022382
4.022623
4.024319
4.026777
4.029394
4.032078
4.034793
4.038798
4.044628
4.053063
4.065284
4.083053
4.108501
4.144591
4.194765
4.262664
4.351591
4.469306
4.575125
4.68306
4.930002
5.472024
5.817521
6.39415
6.599622
6.781202
6.997608
7.146797
7.181974
7.207548
7.226146
7.244097
7.257105
7.269329
7.277957
7.286084
7.293368
7.300073
7.306093
7.313976
7.323299
7.333255
7.343513
7.353773
7.364095
7.379518
7.402391
7.43614
7.485637
7.55831
7.661355
7.802911
7.986807
8.149613
8.188368
8.19806
8.205297
8.212529
8.223088
8.233075
8.240092
8.246707
8.252679
8.257952
8.262382
8.264445
8.265112
8.266404
8.270513
8.27615
8.282489
8.289139
8.295818
8.302476
8.31228
8.326816
8.348334
8.379711
8.424378
8.488123
8.579249
8.704198
8.820341
8.934474
9.129884
9.304102
9.425588
9.373718
9.295618
9.21762
9.112442
8.981773
8.846962
8.759708
8.619021
8.214439
7.692178
7.225217
6.771867
6.222028
5.639302
5.000745
4.325792
3.649456
3.007983
2.372242
1.720962
1.059437
0.397921
0.000135
0.000112
0.000106
0.000102
0.000101
9.2e-05
9e-05
0.000101
0.000127
0.000141
0.000145
0.000146
0.000147
0.000147
0.000147
0.000147
0.000147
0.000147
0.000147
0.000147
0.000147
0.000147
0.000147
0.000147
0.000147
0.000147
0.000147
0.000147
0.000147
0.000147
0.000147
0.000147
0.000147
0.000147
0.000147
0.000147
0.000147
0.000147
0.000147
0.000147
0.000147
0.000147
0.000147
0.000147
0.000147
0.000147
0.000147
0.000147
0.000147
0.000147
0.000147
0.000147
0.000147
0.000147
0.000147
0.000147
0.000147
0.000147
0.000147
0.000147
0.000147
0.000147
0.000147
0.000147
0.000147
0.000147
0.000147
0.000147
0.000147
0.000147
0.000147
0.000147
0.000147
0.000147
0.000147
0.000147
0.000147
0.000147
0.000147
0.000147
0.000147
0.000147
0.000147
0.000147
0.000147
0.000147
0.000147
0.000147
0.000147
0.000147
0.000147
0.000147
0.000147
0.000147
0.000147
0.000147
0.000147
0.000147
0.000147
0.000147
0.000147
0.000147
0.000147
0.000147
0.000147
0.000147
0.000147
0.000147
0.000147
0.000147
0.000147
0.000147
0.000147
0.000147
0.000147
0.000147
0.000147
0.000147
0.000147
0.000147
0.000147
0.000147
0.000147
0.000147
0.000147
0.000147
0.000147
0.000147
0.000147
0.000147
0.000147
0.000147
0.000147
0.000147
0.000147
0.000147
0.000147
0.000147
0.000147
0.000147
0.000147
0.000147
0.000147
0.000147
0.000147
0.000147
0.000147
0.000147
0.000147
0.000147
0.000147
0.000147
0.000147
0.000147
0.000147
0.000147
0.000147
0.000147
0.000147
0.000147
0.000147
0.000147
0.000147
0.000147
0.000147
0.000147
0.000147
0.000147
0.000147
0.000147
0.000147
0.000147
0.000147
0.000147
0.000147
0.000147
0.000147
0.000147
0.000147
0.000147
0.000147
0.000147
0.000147
0.000147
0.000147
0.000147
0.000147
0.000147
0.000147
0.000147
0.000147
0.000147
0.000147
0.000147
0.000147
0.000147
0.000147
0.000147
0.000147
0.000147
0.000147
0.000147
0.000147
0.000147
0.000147
0.000147
0.000147
0.000147
0.000147
0.000147
0.000147
0.000147
0.000147
0.000147
0.000147
0.000147
0.000147
0.000147
0.000147
0.000147
0.000147
0.000147
0.000147
0.000147
0.000147
0.000147
0.000147
0.000147
0.000147
0.000147
0.000147
0.000147
0.000147
0.000147
0.000147
0.000147
0.000147
0.000147
0.000147
0.000147
0.000147
0.000147
0.000147
0.000147
0.000147
0.000147
0.000147
0.000147
0.000147
0.000147
0.000147
0.000147
0.000147
0.000147
0.000147
0.000147
0.000147
0.000147
0.000147
0.000147
0.000147
0.000147
0.000147
0.000147
0.000147
0.000147
0.000147
0.000147
0.000147
0.000147
0.000147
0.000147
0.000147
0.000147
0.000147
0.000147
0.000147
0.000147
0.000147
0.000147
0.000147
0.000147
0.000147
0.000147
0.000147
0.000147
0.000147
0.000147
0.000147
0.000147
0.000147
0.000147
0.000147
0.000147
0.000147
0.000147
0.000147
0.000147
0.000147
0.000147
0.000147
0.000147
0.000147
0.000147
0.000147
0.000147
0.000147
0.000147
0.000147
0.000147
0.000147
0.000147
0.000147
0.000147
0.000147
0.000147
0.000147
0.000147
0.000147
0.000147
0.000147
0.000147
0.000147
0.000147
0.000147
0.000147
0.000147
0.000147
0.000147
0.000147
0.000147
0.000147
0.000147
0.000147
0.000147
0.000147
0.000147
0.000147
0.000147
0.000147
0.000147
0.000147
0.000147
0.000147
0.000147
0.000147
