0
0.00120000005699694
0.00239999988116324
0.00360000017099083
0.00479999999515712
0.00599999981932342
0.006299999775365
0.00659999973140657
0.00690000015310943
0.00719999964348972
0.00727499998174608
0.00735000032000244
0.00742499972693622
0.00750000006519258
0.00753749976865947
0.00754687539301813
0.00755625008605421
0.00756562477909029
0.00757031212560833
0.00757500040344894
0.00757851521484554
0.00758203095756471
0.00758554670028389
0.00758906244300306
0.00758950202725828
0.0075899416115135
0.00759038119576872
0.00759081984870136
0.00759081984870136
