0.0
1.59823699164008e-07
1.60270261062578e-07
1.6144753089975e-07
1.65107891803018e-07
1.68850078807736e-07
1.76199037582592e-07
1.78946322648699e-07
1.82287976713269e-07
1.84440466455271e-07
1.85025683663298e-07
1.89839170161576e-07
1.96313820310934e-07
2.07914879979398e-07
2.17504478428054e-07
2.27065370950186e-07
2.32644140396587e-07
2.53234247793444e-07
3.36997061367583e-07
6.41530050415895e-07
9.72197767623584e-07
1.29031707274407e-06
1.32665206820093e-06
1.33128105517244e-06
1.49914194480516e-06
1.71272199622763e-06
1.88352805707837e-06
2.24587006414367e-06
2.76670971288695e-06
3.33865159518609e-06
3.96076347897178e-06
4.76402192362002e-06
5.54462530999444e-06
6.35921742286882e-06
7.17797820470878e-06
8.11960035207449e-06
9.17858415050432e-06
1.0447971362737e-05
1.25450123960036e-05
1.7133172150352e-05
1.97498338820878e-05
2.060782207991e-05
2.07100820261985e-05
2.07874090847326e-05
2.08620203920873e-05
2.09718800761038e-05
2.11381357075879e-05
2.13053808693076e-05
2.14748251892161e-05
2.17590804822976e-05
2.20160163735272e-05
2.22731778194429e-05
2.25175535888411e-05
2.2741973225493e-05
2.30310524784727e-05
2.32827351283049e-05
2.35918196267448e-05
2.4012637368287e-05
2.45578230533283e-05
2.51168421527836e-05
2.63382971752435e-05
2.76638511422789e-05
2.90556872641901e-05
3.07358459394891e-05
3.27080670103896e-05
3.48563189618289e-05
3.70729721907992e-05
3.91367939300835e-05
4.11072578572202e-05
4.30767577199731e-05
4.49464496341534e-05
4.66552955913357e-05
4.82204995932989e-05
4.97106993861962e-05
5.10577046952676e-05
5.2340194088174e-05
5.35842991666868e-05
5.47735508007463e-05
5.59074651391711e-05
5.70211159356404e-05
5.81317071919329e-05
5.97771213506348e-05
6.2177459767554e-05
6.45308173261583e-05
6.62745005683973e-05
6.77647985867225e-05
6.91604218445718e-05
7.05255879438482e-05
7.25909631000832e-05
7.57999514462426e-05
7.92477949289605e-05
8.35636819829233e-05
8.86644629645161e-05
9.45355568546802e-05
0.00010394358105259
0.000118916839710437
0.00014046199794393
0.000142432822030969
0.000144379067933187
0.000146320118801668
0.000149216473801062
0.000153541637700982
0.000155785572133027
0.000158052978804335
0.000160375333507545
0.000161290052346885
0.00016223375860136
0.000163219316164032
0.000164270488312468
0.000165446093888022
0.000166770769283175
0.000168182537890971
0.000169658247614279
0.000171666251844727
0.000173550259205513
0.000175251116161235
0.000176863119122572
0.00017844169633463
0.000179036360350437
0.000179943803232163
0.000181445968337357
0.000182513816980645
0.00018348527373746
0.000184374934178777
0.000185195764061064
0.000186322868103161
0.000187871599337086
0.000190070291864686
0.000193229774595238
0.00019786880875472
0.000204483061679639
0.000214158615563065
0.000228133707423694
0.000248354626819491
0.000276807637419552
0.000317333731800318
0.000377748947357759
0.000472366606118158
0.000622305262368172
0.000805417075753212
0.000994827132672071
0.0011938395909965
0.00139548222068697
0.00159896211698651
0.00180851144250482
0.00202239211648703
0.00224026455543935
0.00244797626510262
0.00265454640612006
0.00286086765117943
0.00306318351067603
0.00326358643360436
0.00346527737565339
0.00366618321277201
0.00386744295246899
0.0040670745074749
0.00426580011844635
0.0044613485224545
0.00465365732088685
0.00484764203429222
0.00503677036613226
0.00521651422604918
0.00540372496470809
0.00558872800320387
0.00577351450920105
0.00581680191680789
0.00588697008788586
0.00483971368521452
0.00483956281095743
0.00483978260308504
0.00483971601352096
0.00483975512906909
0.00483977049589157
0.00483977980911732
0.00483977887779474
0.00483978306874633
0.00483978120610118
0.00483978260308504
0.00483978167176247
0.00483978260308504
0.00483978213742375
0.00483978213742375
0.00483978213742375
0.00483978213742375
0.00483978213742375
0.00483978213742375
0.00483978213742375
0.00483978213742375
0.00483978213742375
0.00483978213742375
0.00483978213742375
0.00483978213742375
0.00483978213742375
0.00483978213742375
0.00483978213742375
0.00483978213742375
0.00483978213742375
0.00483978213742375
0.00483978213742375
0.00483978213742375
0.00483978213742375
0.00483978213742375
0.00483978213742375
0.00483978213742375
0.00483978213742375
0.00483977096155286
0.00483977096155286
