0.0
1.27678663375264e-06
1.90842592928675e-06
1.06811121440842e-05
3.17976846417878e-05
6.83990001562051e-05
0.00012666147085838
0.000209709294722416
0.000303962733596563
0.000328833848470822
0.000353038165485486
0.000376819487428293
0.000399949232814834
0.000421507284045219
0.000441771757323295
0.000460999202914536
0.000479516689665616
0.00049831293290481
0.000519683526363224
0.000525123556144536
0.000530592165887356
0.000536083767656237
0.000544358394108713
0.000546434835996479
0.000548513955436647
0.000550595810636878
0.000552680750843138
0.000555810460355133
0.000556594226509333
0.00055737845832482
0.000558162690140307
0.000558175030164421
0.000558178056962788
0.000558178231585771
0.000558178348001093
0.000558178522624075
0.000558178639039397
0.000558178697247058
0.000558178755454719
0.00055817881366238
0.00055817881366238
0.000558178871870041
0.000558178871870041
0.000558178871870041
0.000558178930077702
0.000558178930077702
0.000558178930077702
0.000558178930077702
0.000558178988285363
0.000558178988285363
0.000558178988285363
0.000558179046493024
0.000558179104700685
0.000558179104700685
0.000558179104700685
0.000558179104700685
0.000558179162908345
0.000558179162908345
0.000558179162908345
0.000558179221116006
0.000558179221116006
0.000558179221116006
0.000558179221116006
0.000558179279323667
0.000558179279323667
0.000558179279323667
0.000558179337531328
0.000558179337531328
0.000558179337531328
0.000558179395738989
0.000558179395738989
0.000558179395738989
0.00055817945394665
0.00055817945394665
0.00055817945394665
0.000558179512154311
0.000558179512154311
0.000558179570361972
0.000558179570361972
0.000558179570361972
0.000558179570361972
0.000558179628569633
0.000558179628569633
0.000558179628569633
0.000558179686777294
0.000558179686777294
0.000558179686777294
0.000558179686777294
0.000558179744984955
0.000558179744984955
0.000558179744984955
0.000558179744984955
0.000558179803192616
0.000558179803192616
0.000558179803192616
0.000558179861400276
0.000558179861400276
0.000558179919607937
0.000558179919607937
0.000558179919607937
0.000558179919607937
0.000558179977815598
0.000558180036023259
0.000558180036023259
0.000558180036023259
0.000558180036023259
0.00055818009423092
0.00055818009423092
0.000558180152438581
0.000558180210646242
0.000558180210646242
0.000558180268853903
0.000558180268853903
0.000558180327061564
0.000558180327061564
0.000558180385269225
0.000558180385269225
0.000558180443476886
0.000558180443476886
0.000558180443476886
0.000558180501684546
0.000558180501684546
0.000558180501684546
0.000558180501684546
0.000558180559892207
0.000558180559892207
0.000558180618099868
0.000558180618099868
0.000558180618099868
0.000558180676307529
0.000558180676307529
0.000558180676307529
0.00055818073451519
0.00055818073451519
0.00055818073451519
0.000558180792722851
0.000558180792722851
0.000558180792722851
0.000558180850930512
0.000558180850930512
0.000558180850930512
0.000558180909138173
0.000558180909138173
0.000558180909138173
0.000558180967345834
0.000558180967345834
0.000558180967345834
0.000558180967345834
0.000558181025553495
0.000558181025553495
0.000558181025553495
0.000558181083761156
0.000558181083761156
0.000558181083761156
0.000558181141968817
0.000558181141968817
0.000558181200176477
0.000558181200176477
0.000558181200176477
0.000558181258384138
0.000558181258384138
0.000558181258384138
0.000558181316591799
0.000558181316591799
0.00055818137479946
0.00055818137479946
0.00055818137479946
0.000558181433007121
0.000558181433007121
0.000558181491214782
0.000558181491214782
0.000558181491214782
0.000558181549422443
0.000558181549422443
0.000558181549422443
0.000558181549422443
0.000558181607630104
0.000558181607630104
0.000558181607630104
0.000558181665837765
0.000558181665837765
0.000558181665837765
0.000558181724045426
0.000558181724045426
0.000558181724045426
0.000558181782253087
0.000558181782253087
0.000558181782253087
0.000558181840460747
0.000558181840460747
0.000558181840460747
0.000558181840460747
0.000558181898668408
0.000558181898668408
0.000558181898668408
0.000558181956876069
0.000558181956876069
0.000558181956876069
0.00055818201508373
0.00055818201508373
0.00055818201508373
0.000558182073291391
0.000558182073291391
0.000558182073291391
0.000558182131499052
0.000558182131499052
0.000558182131499052
0.000558182189706713
0.000558182189706713
0.000558182247914374
0.000558182306122035
0.000558182306122035
0.000558182364329696
0.000558182364329696
0.000558182364329696
0.000558182422537357
0.000558182422537357
0.000558182422537357
0.000558182480745018
0.000558182480745018
0.000558182480745018
0.000558182538952678
0.000558182538952678
0.000558182597160339
0.000558182597160339
0.000558182597160339
0.000558182655368
0.000558182655368
0.000558182713575661
0.000558182713575661
0.000558182771783322
0.000558182829990983
0.000558182829990983
0.000558182888198644
0.000558182888198644
0.000558182888198644
0.000558182946406305
0.000558182946406305
0.000558183004613966
0.000558183004613966
0.000558183004613966
0.000558183062821627
0.000558183062821627
0.000558183062821627
0.000558183062821627
0.000558183121029288
0.000558183121029288
0.000558183179236948
0.000558183179236948
0.000558183179236948
0.000558183237444609
0.000558183237444609
0.00055818329565227
0.00055818329565227
0.00055818329565227
0.000558183353859931
0.000558183353859931
0.000558183353859931
0.000558183412067592
0.000558183412067592
0.000558183470275253
0.000558183470275253
0.000558183528482914
0.000558183528482914
0.000558183528482914
0.000558183586690575
0.000558183586690575
0.000558183586690575
0.000558183644898236
0.000558183644898236
0.000558183644898236
0.000558183703105897
0.000558183703105897
0.000558183703105897
0.000558183761313558
0.000558183761313558
0.000558183819521219
0.000558183819521219
0.000558183877728879
0.000558183877728879
0.000558183877728879
0.00055818393593654
0.00055818393593654
0.000558183994144201
0.000558183994144201
0.000558183994144201
0.000558184052351862
0.000558184052351862
0.000558184052351862
0.000558184110559523
0.000558184110559523
0.000558184168767184
0.000558184168767184
0.000558184168767184
0.000558184226974845
0.000558184226974845
0.000558184226974845
0.000558184285182506
0.000558184343390167
0.000558184343390167
0.000558184401597828
0.000558184401597828
0.000558184459805489
0.000558184518013149
0.000558184518013149
0.00055818457622081
0.00055818457622081
0.00055818457622081
0.000558184634428471
0.000558184634428471
0.000558184634428471
0.000558184692636132
0.000558184692636132
0.000558184692636132
0.000558184750843793
0.000558184750843793
0.000558184750843793
0.000558184809051454
0.000558184809051454
0.000558184809051454
0.000558184867259115
0.000558184867259115
0.000558184867259115
0.000558184925466776
0.000558184925466776
0.000558184983674437
0.000558184983674437
0.000558185041882098
0.000558185041882098
0.000558185100089759
0.000558185100089759
0.00055818515829742
0.00055818515829742
0.00055818521650508
0.00055818521650508
0.00055818521650508
0.000558185274712741
0.000558185274712741
0.000558185274712741
0.000558185332920402
0.000558185332920402
0.000558185332920402
0.000558185391128063
0.000558185391128063
0.000558185449335724
0.000558185449335724
0.000558185449335724
0.000558185449335724
0.000558185507543385
0.000558185507543385
0.000558185565751046
0.000558185623958707
0.000558185623958707
0.000558185682166368
0.000558185682166368
0.000558185740374029
0.000558185740374029
0.000558185740374029
0.00055818579858169
0.00055818579858169
0.00055818579858169
0.00055818579858169
0.000558185856789351
0.000558185856789351
0.000558185914997011
0.000558185914997011
0.000558185914997011
0.000558185914997011
0.000558185973204672
0.000558185973204672
0.000558185973204672
0.000558186031412333
0.000558186031412333
0.000558186031412333
0.000558186089619994
0.000558186089619994
0.000558186089619994
0.000558186147827655
0.000558186147827655
0.000558186206035316
0.000558186206035316
0.000558186206035316
0.000558186264242977
0.000558186264242977
0.000558186264242977
0.000558186322450638
0.000558186322450638
0.000558186322450638
0.000558186322450638
0.000558186380658299
0.000558186380658299
0.00055818643886596
0.00055818643886596
0.00055818643886596
0.000558186497073621
0.000558186497073621
0.000558186497073621
0.000558186555281281
0.000558186555281281
0.000558186613488942
0.000558186613488942
0.000558186613488942
0.000558186671696603
0.000558186671696603
0.000558186729904264
0.000558186729904264
0.000558186729904264
0.000558186788111925
0.000558186846319586
0.000558186904527247
0.000558186904527247
0.000558186962734908
0.000558186962734908
0.000558186962734908
0.000558187020942569
0.000558187020942569
0.000558187020942569
0.00055818707915023
0.00055818707915023
0.00055818707915023
0.00055818707915023
0.000558187137357891
0.000558187137357891
0.000558187137357891
0.000558187195565552
0.000558187195565552
0.000558187195565552
0.000558187253773212
0.000558187253773212
0.000558187253773212
0.000558187311980873
0.000558187311980873
0.000558187311980873
0.000558187370188534
0.000558187370188534
0.000558187428396195
0.000558187428396195
0.000558187428396195
0.000558187486603856
0.000558187486603856
0.000558187486603856
0.000558187544811517
0.000558187544811517
0.000558187603019178
0.000558187603019178
0.000558187603019178
0.000558187603019178
0.000558187661226839
0.000558187661226839
0.0005581877194345
0.0005581877194345
0.000558187777642161
0.000558187777642161
0.000558187777642161
0.000558187777642161
0.000558187835849822
0.000558187835849822
0.000558187894057482
0.000558187894057482
0.000558187952265143
0.000558187952265143
0.000558188010472804
0.000558188010472804
0.000558188068680465
0.000558188068680465
0.000558188068680465
0.000558188068680465
0.000558188126888126
0.000558188126888126
0.000558188185095787
0.000558188185095787
0.000558188243303448
0.000558188243303448
0.000558188301511109
0.000558188301511109
0.000558188301511109
0.00055818835971877
0.00055818835971877
0.00055818835971877
0.00055818835971877
0.000558188417926431
0.000558188417926431
0.000558188476134092
0.000558188476134092
0.000558188534341753
0.000558188534341753
0.000558188592549413
0.000558188592549413
0.000558188650757074
0.000558188650757074
0.000558188650757074
0.000558188650757074
0.000558188708964735
0.000558188708964735
0.000558188767172396
0.000558188825380057
0.000558188825380057
0.000558188883587718
0.000558188883587718
0.000558188941795379
0.00055818900000304
