-0.0
2.54640365029288e-16
-1.27387693282799e-07
8.89726834429894e-08
1.60800027515506e-07
1.37242841447005e-06
2.7862552087754e-06
1.88130979950074e-06
1.56507667270489e-07
-4.41437077824958e-06
-3.43659303325694e-06
-7.93861545389518e-08
2.41522320720833e-06
4.21362710767426e-06
-3.10659925162327e-06
-3.32703712047078e-06
-2.01273905986454e-06
-1.28145802591462e-06
-1.0347521310905e-06
2.30229670705739e-06
2.36446794588119e-06
4.58959038951434e-06
-3.43758074450307e-07
-2.63472611550242e-06
-2.8939321055077e-06
-2.98258419206832e-06
1.40818883664906e-07
-2.91622200165875e-07
2.31351805268787e-07
4.73090040031821e-07
2.352675437578e-06
-1.41290547617245e-06
1.19931610242929e-06
-1.47625542012975e-07
-2.06258300750051e-06
-7.39128154236823e-07
-8.5033752839081e-07
1.78351911017671e-07
7.86983946454711e-07
2.42053829424549e-06
3.44327600032557e-06
2.28340286412276e-06
2.67251743935049e-06
-2.44774128077552e-07
-6.80374796502292e-07
-7.25503923604265e-07
-8.81318555912003e-07
-6.16248144069687e-07
-1.46891579788644e-06
4.02259502152447e-07
2.04092430067249e-07
2.02214869204909e-06
1.92183233593823e-06
2.65337985183578e-06
1.40917745738989e-06
1.56447731569642e-06
1.15862258098787e-06
-3.14148564939387e-08
-1.64394077728502e-06
-6.05095920036547e-07
-1.78168102138443e-06
-3.04753484670073e-08
-7.39371898816898e-07
1.88440026249737e-07
5.21021320309956e-07
1.05811886896845e-06
1.70699058799073e-06
1.19892138172872e-06
1.82578787644161e-06
1.05698836705415e-06
3.05240064335521e-07
8.7291937234113e-07
-4.18694980908185e-07
2.66581992036663e-08
-4.17392584495246e-07
1.83914380613714e-07
-1.03158072306542e-07
-6.15147655480541e-07
5.44223439646885e-08
-4.99539964948781e-08
1.77136826096103e-07
3.43739884556271e-07
-3.48187313647941e-07
5.61289652978303e-07
6.37043740425725e-07
-1.10415385279339e-07
2.94855453830678e-07
4.86739736516029e-07
6.77343450661283e-07
7.81601556809619e-08
2.81591383100022e-07
5.25335508427816e-07
5.86266651225742e-07
-1.61626303452067e-07
1.35074515128508e-07
4.23373876401456e-07
1.73969965544529e-07
1.47003902384313e-07
2.32174670600216e-07
3.17734475174802e-07
1.95705752048525e-07
