0.0
0.00120000005699694
0.00240000011399388
0.00359999993816018
0.00480000022798777
0.00600000005215406
0.00719999987632036
0.00839999970048666
0.00960000045597553
0.0108000002801418
0.0120000001043081
0.0122999995946884
0.0126000000163913
0.0129000004380941
0.0133499996736646
0.0137999998405576
0.0142500000074506
0.0147000001743436
0.0151500003412366
0.0158249996602535
0.0159937497228384
0.0160148441791534
0.0160359367728233
0.0160675775259733
0.0160992182791233
0.0161308590322733
0.0161624997854233
0.0161941405385733
0.0162257812917233
0.0162277594208717
0.0162297356873751
0.0162317138165236
0.0162346810102463
0.0162391290068626
0.0162458047270775
0.0162508096545935
0.0162558145821095
0.016263322904706
0.0162661392241716
0.0162703637033701
0.0162766985595226
0.0162830334156752
0.0162893682718277
0.0162957031279802
0.0163020398467779
0.0163083747029305
0.0163107495754957
0.0163143128156662
0.0163196586072445
0.0163276772946119
0.0163306836038828
0.0163351949304342
0.0163419600576162
0.0163444969803095
0.0163483023643494
0.0163540095090866
0.0163625720888376
0.0163754150271416
0.0163946803659201
0.0164235793054104
0.0164669249206781
0.0165319442749023
0.0166294742375612
0.016775768250227
0.0169952102005482
0.0170775018632412
0.0171597916632891
0.0172009374946356
0.0172420814633369
0.0172832272946835
0.01732437312603
0.0173655189573765
0.0173758044838905
0.0173860900104046
0.0173963773995638
0.0174066629260778
0.017416950315237
0.017419520765543
0.0174220930784941
0.0174259506165981
0.0174317359924316
0.0174375232309103
0.0174433086067438
0.0174476485699415
0.0174519885331392
0.0174536146223545
0.0174560565501451
0.0174597166478634
0.0174652095884085
0.0174707025289536
0.0174761936068535
0.0174816865473986
0.0174871794879436
0.0174892377108335
0.0174923278391361
0.0174969621002674
0.0175039134919643
0.0175065193325281
0.0175104290246964
0.0175162944942713
0.0175206940621138
0.0175250917673111
0.0175267420709133
0.0175292156636715
0.0175329279154539
0.017538495361805
0.0175405815243721
0.0175437144935131
0.0175484102219343
0.0175554566085339
0.0175580997020006
0.0175620634108782
0.0175680071115494
0.0175769254565239
0.0175903011113405
0.017610365524888
0.0176304299384356
0.0176354460418224
0.0176392085850239
0.0176429711282253
0.0176467318087816
0.0176523756235838
0.017658019438386
0.017663661390543
0.0176693052053452
0.0176749490201473
0.0176805909723043
0.0176862347871065
0.0176918767392635
0.0176939945667982
0.0176971685141325
0.0177019294351339
0.0177066903561354
0.0177114512771368
0.0177132375538349
0.0177159160375595
0.0177199337631464
0.0177259594202042
0.0177274663001299
0.0177289731800556
0.0177312325686216
0.0177346225827932
0.0177397057414055
0.0177447907626629
0.0177498757839203
0.0177549608051777
0.0177600439637899
0.0177651289850473
0.0177702140063047
0.0177721213549376
0.0177749805152416
0.0177792701870203
0.0177857056260109
0.0177881196141243
0.0177917387336493
0.0177971683442593
0.0178025979548693
0.0178080275654793
0.0178161729127169
0.0178283881396055
0.0178314428776503
0.017834497615695
0.0178375504910946
0.0178421325981617
0.0178438499569893
0.0178464278578758
0.0178502928465605
0.01785609126091
0.0178582649677992
0.0178615264594555
0.0178664196282625
0.0178682543337345
0.0178710054606199
0.0178751330822706
0.0178766809403896
0.0178790036588907
0.0178824868053198
0.0178877096623182
0.0178929343819618
0.0178981591016054
0.0179001186043024
0.0179030559957027
0.017907464876771
0.0179091170430183
0.017911596223712
0.017915315926075
0.0179208945482969
0.0179264731705189
0.0179320517927408
0.0179404206573963
0.017952973023057
0.0179561115801334
0.0179592482745647
0.017963957041502
0.0179657209664583
0.0179683696478605
0.0179723408073187
0.0179738309234381
0.017976064234972
0.0179794151335955
0.0179844424128532
0.0179919824004173
0.0179948098957539
0.0179990511387587
0.0180054120719433
0.0180149544030428
0.0180185325443745
0.0180239006876945
0.0180292688310146
0.0180346369743347
0.0180366486310959
0.0180396679788828
0.0180441979318857
0.0180458966642618
0.018048444762826
0.018052265048027
0.0180579964071512
0.0180637296289206
0.0180694609880447
0.0180751942098141
0.0180809255689383
0.0180866569280624
0.0180923901498318
0.018098121508956
0.0181038547307253
0.0181095860898495
0.0181153174489737
0.018121050670743
0.0181267820298672
0.0181289315223694
0.0181321557611227
0.0181369930505753
0.0181442461907864
0.0181469675153494
0.0181510485708714
0.0181571692228317
0.0181594640016556
0.0181629080325365
0.0181680731475353
0.0181700102984905
0.0181729141622782
0.0181772727519274
0.018183808773756
0.0181862600147724
0.018189936876297
0.0181954521685839
0.0182009674608707
0.0182064827531576
0.0182119980454445
0.0182175133377314
0.018219580873847
0.0182226840406656
0.0182273369282484
0.0182290822267532
0.0182316992431879
0.0182356256991625
0.0182415153831244
0.0182474050670862
0.0182532947510481
0.01825918443501
0.0182650741189718
0.0182709638029337
0.0182768534868956
0.0182827431708574
0.0182886309921741
0.018294520676136
0.0183004103600979
0.0183063000440598
0.0183121897280216
0.0183180794119835
0.0183239690959454
0.0183298587799072
0.0183357484638691
0.0183445829898119
0.0183478947728872
0.0183528643101454
0.0183578338474035
0.0183628033846617
0.0183702576905489
0.0183730516582727
0.0183772444725037
0.0183835346251726
0.0183929689228535
0.0184071194380522
0.0184124261140823
0.0184144154191017
0.0184174012392759
0.0184218790382147
0.0184235572814941
0.0184260755777359
0.0184298530220985
0.0184355210512877
0.0184376463294029
0.0184408333152533
0.0184456147253513
0.0184527859091759
0.0184554755687714
0.0184595100581646
0.0184655617922544
0.0184716135263443
0.018477663397789
0.0184822026640177
0.0184867419302464
0.0184884425252676
0.0184909962117672
0.018494825810194
0.0185005702078342
0.0185063127428293
0.0185120571404696
0.0185178015381098
0.01852354593575
0.0185292903333902
0.0185350328683853
0.0185407772660255
0.0185465216636658
0.018552266061306
0.0185580104589462
0.0185601636767387
0.0185633953660727
0.018568241968751
0.0185700580477715
0.0185727849602699
0.0185768734663725
0.0185784082859755
0.0185807086527348
0.0185841582715511
0.0185893345624208
0.0185945089906454
0.0185996852815151
0.0186074487864971
0.0186103601008654
0.0186147261410952
0.0186163634061813
0.0186188202351332
0.0186225045472383
0.0186280310153961
0.0186335574835539
0.0186390839517117
0.0186411570757627
0.0186442658305168
0.0186489298939705
0.0186506770551205
0.0186533015221357
0.0186572354286909
0.0186631381511688
0.0186675637960434
0.018671989440918
0.018678629770875
0.0186811201274395
0.0186848547309637
0.0186904557049274
0.0186988599598408
0.0187020115554333
0.0187067370861769
0.01871382817626
0.0187164861708879
0.0187204759567976
0.0187264569103718
0.0187354311347008
0.0187488906085491
0.0187690816819668
0.0187766533344984
0.0187880098819733
0.0187922697514296
0.0187986586242914
0.0188010539859533
0.0188046470284462
0.0188100375235081
0.0188181232661009
0.0188211537897587
0.0188257023692131
0.0188274085521698
0.0188299659639597
0.0188338030129671
0.0188395604491234
0.0188453160226345
0.0188510715961456
0.0188568271696568
0.018862584605813
0.0188683401793242
0.0188740957528353
0.0188798513263464
0.0188856087625027
0.0188899245113134
0.0188942421227694
0.018895860761404
0.0188982896506786
0.0189019311219454
0.0189073961228132
0.0189128592610359
0.0189183223992586
0.0189237874001265
0.0189292505383492
0.0189312994480133
0.0189343728125095
0.0189389828592539
0.018945898860693
0.0189484916627407
0.0189523808658123
0.0189582165330648
0.0189669672399759
0.0189800951629877
0.0189997870475054
0.0190016329288483
0.0190044026821852
0.019008556380868
0.0190147869288921
0.0190194603055716
0.0190241318196058
0.0190311428159475
0.0190337710082531
0.019037714228034
0.0190436281263828
0.0190495420247316
0.0190554559230804
0.0190643277019262
0.0190676543861628
0.0190726444125175
0.0190776344388723
0.0190826244652271
0.0190901085734367
0.0190929155796766
0.019097127020359
0.0191034413874149
0.0191058106720448
0.0191093627363443
0.0191146917641163
0.0191226843744516
0.0191346742212772
0.0191391706466675
0.0191459152847528
0.0191560313105583
0.0191712062805891
0.0191750004887581
0.0191787928342819
0.0191844832152128
0.0191866178065538
0.0191898178309202
0.0191946197301149
0.0191964209079742
0.0191991217434406
0.0192031729966402
0.019209248945117
0.0192115269601345
0.0192149467766285
0.0192200727760792
0.0192277636379004
0.0192393008619547
0.0192436259239912
0.0192501153796911
0.019256604835391
0.019263094291091
0.0192695818841457
0.0192760713398457
0.0192825607955456
0.0192890502512455
0.0192955397069454
0.0193020273000002
0.0193085167557001
0.0193150062114
0.0193214956671
0.0193239282816648
0.0193275790661573
0.0193330533802509
0.019341267645359
0.0193535853177309
0.0193582065403461
0.0193651355803013
0.0193677339702845
0.0193716324865818
0.0193774793297052
0.0193862486630678
0.0193994045257568
0.019404336810112
0.0194117370992899
0.0194191373884678
0.0194265358150005
0.0194339361041784
0.0194450356066227
0.0194616857916117
0.0194679293781519
0.0194702707231045
0.0194737836718559
0.019479051232338
0.019486952573061
0.0194988064467907
0.0195165853947401
0.0195232536643744
0.0195332542061806
0.0195482559502125
0.0195707585662603
0.0196045115590096
0.0196076761931181
0.0196108408272266
0.0196140054613352
0.0196187514811754
0.0196258723735809
0.0196365509182215
0.0196405556052923
0.0196465644985437
0.0196555741131306
