0.0
2.05844944696398e-32
1.6750775557739e-06
5.43166243005544e-06
6.87518513586838e-06
7.19688205208513e-06
8.83642405824503e-06
1.01363275462063e-05
1.08101094156154e-05
9.64520859270124e-06
9.55906398303341e-06
1.02366511782748e-05
1.2248086022737e-05
1.5098952644621e-05
1.71076990227448e-05
1.98625093617011e-05
2.03832860279363e-05
2.02751125470968e-05
2.00236427190248e-05
1.96515811694553e-05
1.9600311134127e-05
1.91464478120906e-05
1.86789802683052e-05
1.81999948836165e-05
1.77263173100073e-05
1.74868382600835e-05
1.71017127286177e-05
1.66235440701712e-05
1.61494735948509e-05
1.56924597831676e-05
1.53020537254633e-05
1.49761781358393e-05
1.44952209666371e-05
1.39550338644767e-05
1.33713965624338e-05
1.27300536405528e-05
1.2116169273213e-05
1.15515849756775e-05
1.10059236249072e-05
1.04979862953769e-05
1.00091774584143e-05
9.51397214521421e-06
8.99284259503474e-06
8.40289521875093e-06
7.65915137890261e-06
6.35582273389446e-06
5.16214822710026e-06
3.54492431142717e-06
2.06712456929381e-06
9.19181616154674e-07
1.30132535858252e-08
1.25470673850714e-08
1.13551337221907e-08
1.16031442232156e-08
1.23764731796427e-08
1.2110485947403e-08
1.28150468015065e-08
2.15042526008347e-08
1.90248758968892e-08
2.31371899417354e-08
1.88661086752973e-08
1.61240851781486e-08
1.85841386723951e-08
1.32760895610318e-08
1.4327291353311e-08
1.20607408504725e-08
1.1301833247046e-08
9.33057719976205e-09
8.01027422170364e-09
8.73160566072784e-09
9.82393721926655e-09
1.00612975728609e-08
1.07089119794068e-08
1.33541160352024e-08
1.56557078412334e-08
1.80392181192701e-08
2.19140510182569e-08
1.8520882605344e-08
1.79267694022656e-08
1.69860623344675e-08
2.19123403866206e-08
2.00042062914463e-08
1.6968670024653e-08
2.05550119147802e-08
1.76014509634115e-08
1.49620085210245e-08
1.7299431220863e-08
1.34068720569758e-08
1.1582367953622e-08
1.42519827051046e-08
8.63868443445881e-09
6.89798440589584e-09
7.83873232990118e-09
7.86164910948628e-09
8.16481637855304e-09
8.67658656034109e-09
1.27070318711731e-08
1.23890808723104e-08
1.19502212569955e-08
1.18323102427098e-08
1.20421468352561e-08
1.30449651081221e-08
1.65540026131339e-08
1.8305971849486e-08
1.87409057161858e-08
1.80797670168431e-08
1.71206355759068e-08
1.5600319258624e-08
1.68509526332628e-08
1.93406286541631e-08
1.66297393633386e-08
1.42889415855052e-08
1.97494500753237e-08
1.48761554186194e-08
1.48761554186194e-08
