-0.0
2.92450327607944e-16
-1.29681211546995e-07
6.56982592772692e-08
1.72691670741187e-07
1.41418695420725e-07
3.26464942190796e-07
7.49517312215175e-07
1.10176370071713e-06
1.28697865875438e-06
1.58566126629012e-06
1.82201347342925e-06
2.09624249691842e-06
1.88712056115037e-06
1.89738966582809e-06
5.63190042157657e-07
-4.73160980618559e-07
-6.41409678792115e-06
-6.01876672590151e-06
-5.19267632625997e-06
-4.03496596845798e-06
-5.76660750084557e-06
-2.03786839847453e-06
-3.71073838323355e-07
8.13084625406191e-07
-4.42933560407255e-06
-4.24306017521303e-06
-3.58380748366471e-06
-2.46961099037435e-06
-7.99809640739113e-07
2.91873220703565e-07
6.07984475209378e-07
5.0931721489178e-06
-8.32173100207001e-07
-7.88539182394743e-07
-1.14378235593904e-06
-7.29167368263006e-07
-4.9932896217797e-07
-8.64039975567721e-07
-1.31482011056505e-07
2.57413921644911e-06
1.27444218378514e-06
4.3692889448721e-06
-6.49810317554511e-07
-3.43662941304501e-06
-2.70295458904002e-06
3.49486072082072e-07
-1.4093911886448e-06
-4.5505839807447e-07
1.29062209452968e-06
1.57024442160036e-06
3.33478601532988e-06
1.85081262316089e-06
3.55270458385348e-06
2.05002106667962e-06
-1.42512544698548e-06
-1.28646479424788e-06
-9.24547748581972e-07
-1.10330165625783e-06
-1.72169347933959e-06
1.51546373672318e-07
-5.3000621846877e-07
1.81583982339362e-06
1.06256993603893e-06
2.50965877057752e-06
2.19168941839598e-06
2.09784047910944e-06
1.01911791716702e-06
9.92017703538295e-07
-1.02019839687273e-06
-8.1235066318186e-07
-1.71635201695608e-06
-3.26296685670968e-07
-3.21513653034344e-07
-7.5428033596836e-08
3.65221239917446e-07
8.26384166430216e-07
1.33562480186811e-06
1.05713161246968e-06
1.44298564919154e-06
1.02555213743472e-06
5.25953055330319e-07
1.09796201286372e-06
6.87196916260291e-07
3.97842086385936e-07
1.3479848348652e-07
5.09439360030228e-07
3.94886683352524e-07
-9.11481947696302e-08
5.97538019064814e-09
2.44654074776918e-10
2.08293613468413e-07
3.4784557101375e-07
2.77103936241474e-07
3.8029224924685e-07
3.95317329093814e-07
1.83757265403983e-07
1.28250007946917e-07
6.21913613940706e-08
1.62872652254009e-07
2.04603111342294e-07
1.86121724254917e-07
-1.46833940561919e-07
-2.75894876722305e-07
5.53818154003238e-07
2.88015485239157e-07
-2.51662413575104e-07
-5.1402139433776e-08
2.71695739684219e-07
5.72832732359529e-08
-5.17763965035556e-09
2.14655301533639e-07
-1.00117176771164e-08
-2.01097236640635e-08
