0.0
5.14274224334282e-13
3.46419442610879e-12
6.25465608125597e-12
7.59344323530975e-12
8.64578807852068e-12
9.57953855129645e-12
1.02296235718335e-11
1.2909843333242e-11
1.66454697247964e-11
2.67755748128984e-11
5.07060643473167e-11
1.68306396597373e-10
7.51944173593699e-10
3.08878878030328e-09
5.17752463125021e-09
5.69377078818434e-09
6.20958839903096e-09
6.71320377065854e-09
7.40966976664481e-09
8.33682101131217e-09
9.437236769827e-09
9.77243974631392e-09
1.01777688499283e-08
1.07121307379998e-08
1.14061906586471e-08
1.23456587175497e-08
1.36734845668229e-08
1.54596335733004e-08
1.80660375548314e-08
2.33613004496647e-08
2.55461021225756e-08
2.84729111399429e-08
3.60249678976743e-08
5.11300513039714e-08
6.69218351845302e-08
8.20653056621268e-08
1.02219502196021e-07
1.24638418697032e-07
1.48695178836533e-07
1.68330885230716e-07
1.75126672274928e-07
1.7678793540199e-07
1.77453131300354e-07
1.7782505778996e-07
1.78092065539204e-07
1.78414452989273e-07
1.78803219341717e-07
1.79376769438022e-07
1.8025008330369e-07
1.81169809820858e-07
1.82149804572873e-07
1.83700308298285e-07
1.83942290732375e-07
1.84150167115149e-07
1.84367095812377e-07
1.84594128427307e-07
1.84961820082208e-07
1.85598693747124e-07
1.86416912129062e-07
1.86604268037627e-07
1.86820756198358e-07
1.87080715363663e-07
1.87627193781736e-07
1.88555290492332e-07
1.90733103977436e-07
1.98479426671838e-07
2.18382055550137e-07
2.40973605514228e-07
2.58997914670545e-07
2.75074171440792e-07
2.86661531845311e-07
2.94147241675091e-07
2.9754784236502e-07
2.99349096621881e-07
3.00493525173806e-07
3.01319943218914e-07
3.01975035199575e-07
3.02532953355694e-07
3.03278568480891e-07
3.04312351318003e-07
3.05768907082893e-07
3.07897607854102e-07
3.08710838226034e-07
3.09937348674794e-07
3.12050474349235e-07
3.13780702754229e-07
3.15631922376269e-07
3.18319223424623e-07
3.25310708149118e-07
3.37831238539366e-07
3.42578658774073e-07
3.49271829236386e-07
3.59291021823083e-07
3.69526617305382e-07
3.79432179897776e-07
3.88854459743015e-07
3.9759686387697e-07
4.05604396291892e-07
4.1686098484206e-07
4.3211682054789e-07
4.52247633120351e-07
4.78465835840325e-07
5.0958499286935e-07
5.47594424915587e-07
5.93951142491278e-07
6.50778645194805e-07
7.1334051199301e-07
7.58973328629509e-07
7.9034316513571e-07
8.09786854460981e-07
8.21783032733947e-07
8.19502758986346e-07
8.17859699964174e-07
8.16611702703085e-07
8.20448235572258e-07
8.23359414425795e-07
8.24129415377683e-07
8.24873097826639e-07
8.24688754619274e-07
8.23805009986245e-07
8.19380090888444e-07
8.11466691175156e-07
8.03475700195122e-07
7.95652113083634e-07
7.88122122230561e-07
7.80369987296581e-07
7.72501493884192e-07
7.650094175915e-07
7.57513362259488e-07
7.49967227875459e-07
7.42588042612624e-07
7.35585160782648e-07
7.28254178739007e-07
7.21010280813061e-07
7.14363409315411e-07
7.14363409315411e-07
