0.0
0.0
0.0
0.0
0.0
0.0
0.0
0.0
0.0
6.61911524939621e-14
3.72045754204464e-08
1.2506197890616e-06
1.01426612673094e-05
1.47349937833496e-05
1.63530639838427e-05
1.65019027917879e-05
1.66524660016876e-05
1.68005481100408e-05
1.6946123650996e-05
1.71596730069723e-05
1.74737288034521e-05
1.79896142071811e-05
1.8650356651051e-05
1.87904806807637e-05
1.8943926988868e-05
1.91155431821244e-05
1.9314877135912e-05
1.95684151549358e-05
1.99793867068365e-05
2.03194904315751e-05
2.06708118639654e-05
2.11348396987887e-05
2.1506612029043e-05
2.18117838812759e-05
2.2066806195653e-05
2.22853086597752e-05
2.24786490434781e-05
2.26540068979375e-05
2.28945900744293e-05
2.32370184676256e-05
2.37929598370101e-05
2.48229753196938e-05
2.60512315435335e-05
2.73799596470781e-05
2.9428012567223e-05
3.25417604472023e-05
3.72638496628497e-05
4.42747696070001e-05
5.4562151490245e-05
6.97217983542942e-05
9.26257998798974e-05
0.000122355995699763
0.000169161794474348
0.000241051820921712
0.000329804694047198
0.00042201834730804
0.000512320490088314
0.000603775144554675
0.000702333869412541
0.000792890728916973
0.000882815744262189
0.000971890578512102
0.00105883833020926
0.00114335748367012
0.00122796115465462
0.00131013861391693
0.00139115808997303
0.00147238944191486
0.00155045313294977
0.00162595661822706
0.00169939396437258
0.00177331059239805
0.00184330088086426
0.00191170640755445
0.00197849376127124
0.00204705260694027
0.00211115553975105
0.00217334367334843
0.00223249499686062
0.00229393248446286
0.00235193991102278
0.00240709306672215
0.002458605915308
0.00251919683068991
0.00257137115113437
0.00261755147948861
0.00255515985190868
0.0025355804245919
0.00253552896901965
0.00253554759547114
0.00253555504605174
0.0025355548132211
0.0025355548132211
0.0025355548132211
0.0025355548132211
0.00253365398384631
0.0025326490867883
0.00253098388202488
0.00253098388202488
