-0.0
8.08983433170249e-17
-2.72452780336607e-08
-5.19321474712342e-07
1.10392193164444e-06
3.36896300723311e-06
-2.37596032093279e-06
2.06689310289221e-06
1.14257200038992e-05
1.89253005373757e-05
3.96255927626044e-05
3.77842516172677e-05
2.46187009906862e-05
6.64099206915125e-06
-6.98035364621319e-06
-1.40679367177654e-05
-1.95010325114708e-05
-2.44069924519863e-05
-2.90442258119583e-05
-3.57688440999482e-05
-4.56138332083356e-05
-6.50674119242467e-05
-0.00010909719276242
-0.000122691140859388
-0.000139523792313412
-0.000161715317517519
-0.000192689651157707
-0.000242129812249914
-0.000352167087839916
-0.000439230178017169
-0.000520930450875312
-0.000608119822572917
-0.000660235062241554
-0.000694182468578219
-0.000716459529940039
-0.000731267675291747
-0.000741289113648236
-0.000747962854802608
-0.000754216685891151
-0.000759573187679052
-0.000763156800530851
-0.000769223319366574
-0.000775187974795699
-0.000777990790084004
-0.000778511341195554
-0.000769067090004683
-0.000749370432458818
-0.00070561800384894
-0.000630306254606694
-0.000515720050316304
-0.000228895005420782
-0.000117381889140233
-9.33827832341194e-05
-6.5078362240456e-05
-3.36878074449487e-05
-8.46998955239542e-06
1.6340574802598e-05
3.58410325134173e-05
4.4413871364668e-05
4.83888870803639e-05
6.79308723192662e-05
8.40751090436243e-05
9.94469737634063e-05
0.000101386867754627
0.000105334824183956
0.000107378844404593
0.000106286410300527
0.000107152809505351
0.000109186541521922
0.000112565059680492
0.000112302470370196
9.64642385952175e-05
8.76783742569387e-05
8.86631605681032e-05
9.10137096070684e-05
9.38625380513258e-05
9.63452548603527e-05
9.67234664130956e-05
9.64029895840213e-05
9.7233489213977e-05
9.74466020124964e-05
9.46748550632037e-05
8.92642929102294e-05
8.10315032140352e-05
7.52864580135792e-05
-8.07652395451441e-06
-6.85584922166527e-12
6.21724893790088e-15
-2.66453525910038e-15
-1.4210854715202e-14
1.95399252334028e-14
2.22044604925031e-14
2.22044604925031e-14
2.22044604925031e-14
2.22044604925031e-14
-1.47013068385604e-09
-5.74453373758388e-10
4.95269603106863e-10
4.95269603106863e-10
