-0.0
4.54747350886464e-13
0.0122728887945414
0.0252668056637049
0.0423955135047436
0.0635441467165947
0.0824930891394615
0.103464141488075
0.120737917721272
0.144001245498657
0.171189919114113
0.196361750364304
0.210214883089066
0.223410844802856
0.234491616487503
0.245471552014351
0.247757345438004
0.249811485409737
0.249922528862953
0.250007569789886
0.250095069408417
0.250228703022003
0.250431001186371
0.250735223293304
0.250846982002258
0.251006722450256
0.251121640205383
0.251231849193573
0.251335769891739
0.251431435346603
0.251515477895737
0.251561850309372
0.251541882753372
0.251517802476883
0.251475870609283
0.251402616500854
0.251264363527298
0.250914365053177
0.250330209732056
0.249946415424347
0.249610558152199
0.249360054731369
0.249258026480675
0.249241292476654
0.249300301074982
0.24947227537632
0.249790966510773
0.250267565250397
0.250949919223785
0.251910835504532
0.253209859132767
0.254985868930817
0.25764212012291
0.261429607868195
0.262103974819183
0.262604653835297
0.263089060783386
0.263813227415085
0.263987630605698
0.264160215854645
0.264331728219986
0.264511525630951
0.264689952135086
0.264957845211029
0.2650525867939
0.265145480632782
0.26523157954216
0.265312552452087
0.265387862920761
0.265452831983566
0.265466570854187
0.265479058027267
0.265487402677536
0.265489339828491
0.265480995178223
0.265457183122635
0.265404224395752
0.265288561582565
0.265030056238174
0.264563739299774
0.264326065778732
0.264155983924866
0.264075964689255
0.264118671417236
0.264225453138351
0.264359027147293
0.264565229415894
0.26487198472023
0.265310049057007
0.265896379947662
0.266620606184006
0.26726046204567
0.267872840166092
0.268453031778336
0.269296824932098
0.270674496889114
0.272687554359436
0.275690317153931
0.278761953115463
0.282669126987457
0.283690005540848
0.284994602203369
0.285364419221878
0.285459339618683
0.284990608692169
0.284019947052002
0.282619595527649
0.280467718839645
0.277691125869751
0.276068925857544
0.277420371770859
0.271445125341415
0.264370799064636
0.257119357585907
0.251457750797272
0.246264442801476
0.238670453429222
0.230507999658585
0.222273081541061
0.213876575231552
0.205334559082985
0.196080923080444
0.18599870800972
0.176045835018158
0.166197597980499
0.156495347619057
0.146727979183197
0.136867612600327
0.126878038048744
0.116788998246193
0.10651358962059
0.0961314290761948
0.0860846191644669
0.0761671811342239
0.0664676278829575
0.0568143241107464
0.0471611134707928
0.0375095754861832
0.0279586520045996
0.0185989215970039
0.00970830302685499
0.000556002254597843
3.94302187487483e-05
3.97242547478527e-05
3.92421025026124e-05
3.92915280826855e-05
3.85132116207387e-05
3.80545498046558e-05
3.7275516660884e-05
3.46903070749249e-05
3.47546265402343e-05
3.20950130117126e-05
3.41657141689211e-05
3.46272681781556e-05
3.49882793670986e-05
3.39950711349957e-05
3.16991754516494e-05
2.98652648780262e-05
2.77468898275401e-05
2.58513191511156e-05
2.58513191511156e-05
