0.0
0.00999999977648258
0.0199999995529652
0.0299999993294477
0.0399999991059303
0.0500000007450581
0.0599999986588955
0.0700000002980232
0.0799999982118607
0.0900000035762787
0.100000001490116
0.109999999403954
0.117499999701977
0.123125001788139
0.128749996423721
0.132968753576279
0.134023442864418
0.135078132152557
0.135144039988518
0.135193482041359
0.1352429240942
0.135317072272301
0.135428309440613
0.135595172643661
0.135657742619514
0.135751590132713
0.135821983218193
0.135892376303673
0.135962769389153
0.136033162474632
0.136103555560112
0.136173948645592
0.136244341731071
0.136261940002441
0.136279538273811
0.136297136545181
0.136314734816551
0.136332333087921
0.136349931359291
0.136367529630661
0.136393919587135
0.136433511972427
0.136473119258881
0.136512711644173
0.136572107672691
0.136661186814308
0.136794820427895
0.136995270848274
0.137295961380005
0.137746974825859
0.138423502445221
0.139438286423683
0.140960469841957
0.143243744969368
0.143671855330467
0.143992945551872
0.144314020872116
0.144795656204224
0.14491605758667
0.145036458969116
0.145156875252724
0.14527727663517
0.145397692918777
0.145578294992447
0.145646020770073
0.14571376144886
0.145781487226486
0.145849213004112
0.145916938781738
0.145984664559364
0.146001607179642
0.146018534898758
0.146035462617874
0.146052405238152
0.146069332957268
0.146086260676384
0.1461031883955
0.146120131015778
0.146137058734894
0.14615398645401
0.146170929074287
0.146196320652962
0.146234422922134
0.146291568875313
0.146348714828491
0.14640586078167
0.146491572260857
0.146620154380798
0.14681302011013
0.147102326154709
0.147536277770996
0.147970244288445
0.148404195904732
0.148838147521019
0.14948907494545
0.150465473532677
0.151930078864098
0.154126971960068
0.156323865056038
0.158520758152008
0.159069985151291
0.159893810749054
0.160202756524086
0.160666167736053
0.161361277103424
0.16240394115448
0.163967937231064
0.166313946247101
0.169832944869995
0.175111442804337
0.183029189705849
0.193029195070267
0.203029185533524
0.213029190897942
0.22302919626236
0.233029186725616
0.243029192090034
0.253029197454453
0.263029187917709
0.273029178380966
0.283029198646545
0.293029189109802
0.303029179573059
0.313029199838638
0.323029190301895
0.333029180765152
0.343029201030731
0.353029191493988
0.363029181957245
0.373029202222824
0.383029192686081
0.393029183149338
0.403029203414917
0.413029193878174
0.423029184341431
0.43302920460701
0.443029195070267
0.453029185533524
0.46302917599678
0.47302919626236
0.483029186725616
0.493029177188873
0.50302916765213
0.513029217720032
0.523029208183289
0.533029198646545
0.543029189109802
0.553029179573059
0.563029170036316
0.573029220104218
0.583029210567474
0.593029201030731
0.603029191493988
0.613029181957245
0.623029172420502
0.633029162883759
0.64302921295166
0.653029203414917
0.663029193878174
0.673029184341431
0.673029184341431
