0.0
-2.30142243209505e-18
1.36572498377063e-06
1.76244084286736e-05
5.50019176444039e-05
0.000104817947431002
0.000172668427694589
0.00027102799504064
0.00040655629709363
0.000572628283407539
0.000757147092372179
0.000957841286435723
0.00118123786523938
0.00143326492980123
0.00146679393947124
0.0014731315895915
0.00147948414087296
0.00148585252463818
0.00149224116466939
0.00149865366984159
0.00150347873568535
0.0015071063535288
0.00151074142195284
0.00151142373215407
0.00151210639160126
0.0015127892838791
0.0015134725254029
0.00151415588334203
0.00151483959052712
0.00151552341412753
0.00151620747055858
0.00151689175982028
0.0015175761654973
0.00151826092042029
0.0015189457917586
0.00151963089592755
0.00152031623292714
0.00152134476229548
0.00152237387374043
0.00152340345084667
0.00152443372644484
0.0015254644677043
0.00152701162733138
0.00152933481149375
0.00153166078962386
0.00153398956172168
0.00153632112778723
0.00153982371557504
0.00154508894775063
0.00155301217455417
0.0015559911262244
0.00155897391960025
0.00156196078751236
0.0015649514971301
0.00156719703227282
0.00156888249330223
0.00157056911848485
0.0015722569078207
0.00157394586130977
0.00157563597895205
0.00157732714433223
0.00157901947386563
0.0015807127347216
0.00158240704331547
0.00158410228323191
0.00158579833805561
0.0015874954406172
0.00158919324167073
0.0015917414566502
0.00159429083578289
0.00159684079699218
0.00159875303506851
0.00160018645692617
0.00160126015543938
0.00160206365399063
0.0016026645898819
0.00160326331388205
0.00160385959316045
0.00160445319488645
0.00160504446830601
0.00160563411191106
0.0016065159579739
0.00160739605780691
0.00160827476065606
0.00160915276501328
0.00161003042012453
0.00161090784240514
0.00161178538110107
0.00161266315262765
0.00161354115698487
0.00161485886201262
0.00161617749836296
0.00161749706603587
0.00161947822198272
0.00162245414685458
0.00162692763842642
0.00163365935441107
0.0016438050661236
0.00165913067758083
0.00168234703596681
0.00171759678050876
0.00175325071904808
0.00178926740773022
0.00182567466981709
0.00186252500861883
0.00189983879681677
0.00193759019020945
0.0019949737470597
0.00208256160840392
0.00221678731031716
0.00225081900134683
0.00225295149721205
0.00225508469156921
0.00225721835158765
0.00226042000576854
0.00226522516459227
0.00226702773943543
0.00226883101277053
0.00227063451893628
0.00227334047667682
0.00227537052705884
0.00227740127593279
0.00227943225763738
0.00228247977793217
0.00228552822954953
0.00228857761248946
0.002290865406394
0.00229172338731587
0.00229301070794463
0.0022949418053031
0.00229783914983273
0.00230001262389123
0.00230327364988625
0.00230816728435457
0.0023155112285167
0.00232285936363041
0.0023302105255425
0.00233158911578357
0.00233296793885529
0.00233434652909636
0.00233572511933744
0.00233710394240916
0.00233917194418609
0.00234227371402085
0.00234692473895848
0.00235157296992838
0.0023562170099467
0.00235969619825482
0.00236317166127264
0.00236664246767759
0.00237010861746967
0.00237356987781823
0.00237702624872327
0.00238047703169286
0.0023839226923883
0.00238908058963716
0.00239101168699563
0.00239294092170894
0.00239486806094646
0.00239775539375842
0.00240063853561878
0.00240351748652756
0.00240782764740288
0.00241427379660308
0.00242069526575506
0.00242229644209146
0.00242349528707564
0.00242379470728338
0.00242409412749112
0.00242454279214144
0.00242499122396111
0.00242543942295015
0.00242577493190765
0.00242610997520387
0.0024264445528388
0.0024267784319818
0.00242727785371244
0.00242802407592535
0.00242876680567861
0.00242950581014156
0.00243060779757798
0.00243224762380123
0.00243387254886329
0.00243548443540931
0.00243788515217602
0.00244027259759605
0.00244265329092741
0.00244503025896847
0.00244740420021117
0.00244977627880871
0.00245333090424538
0.00245865597389638
0.00246662856079638
0.00247855391353369
0.00249636964872479
0.00252295983955264
0.00256259739398956
0.00262156617827713
0.00270923716016114
0.00283949146978557
0.00303035206161439
0.00329427164979279
0.00353975337930024
0.00376703194342554
0.00397666729986668
0.00416711298748851
0.00433648703619838
0.00448404811322689
0.00460915407165885
0.00471113342791796
0.00478843366727233
0.00483958795666695
0.00486232805997133
0.00486273085698485
0.00486284540966153
0.00486297020688653
0.00486299954354763
0.00486300839111209
0.00486301863566041
0.00486301956698298
0.00486302096396685
0.00486302142962813
0.00486302189528942
0.004863022826612
0.004863022826612
0.00486302329227328
0.00486302375793457
0.00486302422359586
0.00486302422359586
0.00486302468925714
0.00486302468925714
0.00486302515491843
0.00486302562057972
0.00486302655190229
0.00486302794888616
0.00486302934587002
0.00486303120851517
0.00486303400248289
0.00486303772777319
0.00486304238438606
0.00486304936930537
0.00486305914819241
0.00486307358369231
0.00486309546977282
0.00486312573775649
0.00486315740272403
0.00486318906769156
0.00486322166398168
0.00486325472593307
0.00486328825354576
0.00486332178115845
0.00486335530877113
0.00486338930204511
0.00486342329531908
0.00486345728859305
0.00486349081620574
0.004863525275141
0.00486355973407626
0.00486359465867281
0.00486363051459193
0.00486366637051105
0.00486370222643018
0.0048637380823493
0.00486377347260714
0.00486380839720368
0.00486384285613894
0.00486387638375163
0.00486390944570303
0.00486394111067057
0.00486397230997682
0.00486400164663792
0.00486403051763773
0.00486405892297626
0.00486408639699221
0.00486411340534687
0.00486413994804025
0.00486416555941105
0.0048641893081367
0.00486421165987849
0.00486423168331385
0.00486425030976534
0.00486426707357168
0.00486428197473288
0.00486429454758763
0.00486430572345853
0.0048643141053617
0.00486432109028101
0.00486432574689388
0.00486432807520032
0.00486432807520032
0.00486432807520032
0.00486432807520032
0.00486432807520032
