0.0
6.50700336395132e-21
1.1937221415792e-06
2.67456152869272e-06
4.1048442653846e-06
6.31656803307123e-06
9.50989669945557e-06
1.44800869747996e-05
1.87645036930917e-05
2.24765371967806e-05
2.58121162914904e-05
2.92081913357833e-05
3.2613370422041e-05
3.6078694392927e-05
3.89635824831203e-05
4.08637497457676e-05
4.32101696787868e-05
4.65400335087907e-05
4.63511933048721e-05
4.58436443295795e-05
4.52543463325128e-05
4.45435980509501e-05
4.38342285633553e-05
4.33238528785296e-05
4.30435138696339e-05
4.28658349846955e-05
4.26543956564274e-05
4.17326664319262e-05
4.03566118620802e-05
3.8981295801932e-05
3.81654062948655e-05
3.65886371582747e-05
3.54305120708887e-05
3.43579558830243e-05
3.28798960254062e-05
3.13920099870302e-05
2.99569892376894e-05
2.85787482425803e-05
2.71417738986202e-05
2.56517487287056e-05
2.41331035795156e-05
2.26748452405445e-05
2.13015573535813e-05
1.99958540179068e-05
1.87800487765344e-05
1.76335634023417e-05
1.65682431543246e-05
1.54934859892819e-05
1.44505647767801e-05
1.34613355839974e-05
1.25137621580507e-05
1.1633592293947e-05
1.08415242721094e-05
1.00216466307756e-05
9.28822919377126e-06
8.65587571752258e-06
8.11964400782017e-06
7.67698929848848e-06
7.12813380232546e-06
4.80264316138346e-06
1.28034366753127e-06
1.01046475720068e-06
6.85374914155545e-07
6.78490096106543e-07
6.68202176257182e-07
6.67239930862706e-07
6.65801394461596e-07
6.65024344925769e-07
6.64219498958118e-07
6.62744469082099e-07
6.62603895307257e-07
6.62550917240878e-07
6.62470654333447e-07
6.62464060496859e-07
6.6246349206267e-07
6.62462639411387e-07
6.62462298350874e-07
6.62462184664037e-07
6.6246201413378e-07
6.62461957290361e-07
6.62438480958372e-07
6.62438480958372e-07
