0.0
0.0
0.0
0.0
0.0
0.0
0.0
0.0
0.0
0.0
0.0
0.0
0.0
0.0
0.0
0.0
0.0
0.0
0.0
0.0
0.0
0.0
0.0
0.0
0.0
0.0
0.0
0.0
0.0
0.0
0.0
0.0
0.0
0.0
0.0
0.0
0.0
0.0
0.0
0.0
0.0
0.0
0.0
0.0
0.0
0.0
0.0
0.0
0.0
0.0
0.0
0.0
0.0
0.0
0.0
0.0
0.0
2.06480948582579e-18
6.70088343599306e-18
1.13698258213904e-17
7.02345150896573e-14
2.58188815379506e-13
4.4470677140751e-13
9.37193573614936e-13
8.7913192350908e-12
3.06802083738233e-11
9.17931217148116e-11
3.26085880519855e-10
7.61181173647429e-10
1.51724144359378e-09
3.99559585417819e-09
1.4410020732214e-08
2.00046645915108e-08
4.51713226823358e-08
1.56154044361756e-07
2.93803282147564e-07
3.98186784877907e-07
5.117270802657e-07
6.33191746146622e-07
7.76500769461563e-07
9.12904283723037e-07
1.01412342701224e-06
1.09400377823476e-06
1.16027251806372e-06
1.21326729640714e-06
1.25698238662153e-06
1.29831914819079e-06
1.33590583573096e-06
1.37045685733028e-06
1.39926532938262e-06
1.42033218253346e-06
1.43855777423596e-06
1.45438161780476e-06
1.467889774176e-06
1.48096819430066e-06
1.49169079577405e-06
1.50137793752947e-06
1.50895266415318e-06
1.51669439674151e-06
1.52360803440388e-06
1.52824009092001e-06
1.53402402247593e-06
1.53715404849208e-06
1.54025997289864e-06
1.54272652252985e-06
1.54433087118377e-06
