0.0
0.00999999977648258
0.0199999995529652
0.0299999993294477
0.0399999991059303
0.0500000007450581
0.0599999986588955
0.0700000002980232
0.0799999982118607
0.0900000035762787
0.100000001490116
0.109999999403954
0.119999997317791
0.129999995231628
0.140000000596046
0.150000005960464
0.159999996423721
0.170000001788139
0.180000007152557
0.189999997615814
0.200000002980232
0.209999993443489
0.219999998807907
0.230000004172325
0.239999994635582
0.25
0.250625014305115
0.251249998807907
0.251875013113022
0.252499997615814
0.253125011920929
0.253203123807907
0.253261715173721
0.253320306539536
0.253408193588257
0.253496080636978
0.253583997488022
0.253649890422821
0.253715813159943
0.253781735897064
0.253831177949905
0.253880620002747
0.253892987966537
0.253905326128006
0.253917694091797
0.253930062055588
0.253942400217056
0.253954768180847
0.253967136144638
0.253979504108429
0.253991842269897
0.254004210233688
0.254022747278214
0.254050552845001
0.254078358411789
0.254106163978577
0.254133999347687
0.254161804914474
0.254203498363495
0.254245221614838
0.25428694486618
0.254328638315201
0.254370361566544
0.254412084817886
0.254453778266907
0.25449550151825
0.254558086395264
0.254651933908463
0.254792720079422
0.254933506250381
0.255074292421341
0.25528547167778
0.255496621131897
0.255707800388336
0.255918979644775
0.255998164415359
0.256077378988266
0.25615656375885
0.256235748529434
0.256314933300018
0.256344646215439
0.256389170885086
0.256455987691879
0.256481051445007
0.256518632173538
0.256575018167496
0.256659597158432
0.256723016500473
0.256786435842514
0.256881564855576
0.25702428817749
0.257059961557388
0.257095634937286
0.257149130105972
0.257229417562485
0.257259517908096
0.257304668426514
0.257372409105301
0.257397800683975
0.257435888051987
0.257493048906326
0.257578760385513
0.257707327604294
0.257755547761917
0.257827877998352
0.257854998111725
0.257895678281784
0.257936358451843
0.257977038621902
0.258038073778152
0.258129626512527
0.258266925811768
0.258404225111008
0.258541524410248
0.258678823709488
0.258713155984879
0.258747488260269
0.25878182053566
0.258807569742203
0.25882688164711
0.258841335773468
0.258855819702148
0.258877545595169
0.258885711431503
0.258897930383682
0.258910149335861
0.25892236828804
0.258934587240219
0.258946806192398
0.258959025144577
0.258977353572845
0.259004831314087
0.259046077728271
0.259087294340134
0.259128540754318
0.259169787168503
0.259211033582687
0.259272873401642
0.259365677833557
0.259504854679108
0.259557038545609
0.259609222412109
0.259661436080933
0.259713619947433
0.259791910648346
0.25985062122345
0.259938687086105
0.26007080078125
0.260120362043381
0.260194659233093
0.260306119918823
0.260417610406876
0.260529071092606
0.260640531778336
0.260751992464066
0.260919213294983
0.26104462146759
0.261170029640198
0.261358112096786
0.261640280485153
0.262063503265381
0.262698352336884
0.263650625944138
0.26507905125618
0.267221689224243
0.270435601472855
0.275256514549255
0.282487869262695
0.292487859725952
0.302487879991531
0.312487870454788
0.322487860918045
0.332487851381302
0.342487871646881
0.352487862110138
0.362487852573395
0.372487872838974
0.382487863302231
0.392487853765488
0.402487874031067
0.412487864494324
0.422487854957581
0.43248787522316
0.442487865686417
0.452487856149673
0.462487876415253
0.47248786687851
0.482487857341766
0.492487877607346
0.50248783826828
0.512487888336182
0.522487878799438
0.532487869262695
0.542487859725952
0.552487850189209
0.562487840652466
0.572487890720367
0.582487881183624
0.592487871646881
0.602487862110138
0.612487852573395
0.622487843036652
0.632487893104553
0.64248788356781
0.652487874031067
0.662487864494324
0.672487854957581
0.682487845420837
0.692487895488739
0.702487885951996
0.712487876415253
0.72248786687851
0.732487857341766
0.742487847805023
0.75248783826828
0.762487888336182
0.772487878799438
0.782487869262695
0.792487859725952
0.802487850189209
0.812487840652466
0.822487890720367
0.824987888336182
0.828737854957581
0.830144107341766
0.830671489238739
0.831462502479553
0.831462502479553
