-0.000000
-0.000000
0.532885
1.021967
1.953817
3.274779
4.367319
5.498739
5.757353
5.770327
5.784117
5.798362
5.820235
5.853754
5.905164
5.983817
6.061690
6.135555
6.244189
6.407383
6.632860
6.857328
7.062799
7.184152
7.218231
7.243662
7.270900
7.300070
7.328829
7.358495
7.389004
7.411880
7.434756
7.457622
7.491813
7.542950
7.619302
7.732628
7.898920
8.062364
8.221377
8.228465
8.233801
8.239153
8.247184
8.259234
8.277174
8.290426
8.292880
8.295325
8.297755
8.301350
8.304867
8.308360
8.311921
8.315554
8.319272
8.323069
8.326899
8.330744
8.336506
8.342242
8.347943
8.353580
8.359117
8.364435
8.368579
8.372789
8.377024
8.381289
8.385626
8.389983
8.394352
8.400913
8.410748
8.425465
8.447483
8.480356
8.529406
8.602209
8.709858
8.868173
9.095904
9.311996
9.516326
9.708661
9.770343
9.770456
9.770457
9.770457
9.770458
9.770459
9.770461
9.770461
9.770461
9.770463
9.770465
9.770465
9.770466
9.770466
9.770466
9.770468
9.770468
9.770471
9.770471
9.770472
9.770474
9.770475
9.770475
9.770477
9.770478
9.770478
9.770481
9.770482
9.770482
9.770483
9.770484
9.770486
9.770486
9.770488
9.770489
9.770490
9.770490
9.770492
9.770492
9.770493
9.770494
9.770494
9.770495
9.770496
9.770499
9.770499
9.770500
9.770502
9.770502
9.770503
9.770505
9.770505
9.770506
9.770508
9.770509
9.770509
9.770510
9.770511
9.770512
9.770513
9.770514
9.770515
9.770516
9.770517
9.770520
9.770520
9.770521
9.770521
9.770523
9.770523
9.770523
9.770525
9.770527
9.770527
9.770529
9.770529
9.770530
9.770530
9.770533
9.770533
9.770534
9.770534
