0.0
0.0
5.86091573495651e-07
2.26682163884107e-06
2.49887898462475e-06
2.49887898462475e-06
2.49887898462475e-06
2.49887898462475e-06
2.49887898462475e-06
2.49887898462475e-06
2.49887898462475e-06
2.49887898462475e-06
2.49887898462475e-06
2.49887898462475e-06
2.49887898462475e-06
2.49887898462475e-06
2.49887898462475e-06
2.49887898462475e-06
2.49887898462475e-06
2.49887898462475e-06
2.49887898462475e-06
2.49887898462475e-06
2.49887898462475e-06
2.626805098771e-06
2.90800085167575e-06
3.37959090757067e-06
3.81905419999384e-06
4.21840559283737e-06
5.66307426197454e-06
6.59833040117519e-06
9.25722360989312e-06
1.41406626426033e-05
1.70746570802294e-05
1.84167292900383e-05
1.85717562999343e-05
1.87115383596392e-05
1.88392241398105e-05
1.90364553418476e-05
1.93275500350865e-05
1.97610243048985e-05
2.04060415853746e-05
2.13916555367177e-05
2.31322119361721e-05
2.32328402489657e-05
2.33747960010078e-05
2.3533835701528e-05
2.36858431890141e-05
2.39309429161949e-05
2.42930909735151e-05
2.48262367676944e-05
2.57241299550515e-05
2.70205964625347e-05
2.92812874249648e-05
3.29518879880197e-05
3.89684100809973e-05
4.87293691548984e-05
4.98063600389287e-05
5.01369759149384e-05
5.05119242006913e-05
5.08810553583317e-05
5.12422302563209e-05
5.17894222866744e-05
5.26215189893264e-05
5.29628596268594e-05
5.34605424036272e-05
5.42059206054546e-05
5.53979371034075e-05
5.581475852523e-05
5.62506684218533e-05
5.66742746741511e-05
5.73259312659502e-05
5.80090963921975e-05
5.86778369324747e-05
5.93298318563029e-05
6.00188031967264e-05
6.06772700848524e-05
6.13554002484307e-05
6.2059705669526e-05
6.27304325462319e-05
6.34414027445018e-05
6.41201113467105e-05
6.48381537757814e-05
6.55173425911926e-05
6.62579259369522e-05
6.73245594953187e-05
6.77695206832141e-05
6.82022873661481e-05
6.86325001879595e-05
6.93175170454197e-05
7.02997858752497e-05
7.07175640854985e-05
7.11185784894042e-05
7.15063579264097e-05
7.20967946108431e-05
7.30196697986685e-05
7.36793372198008e-05
7.43831260479055e-05
7.50551553210244e-05
7.57463130867109e-05
7.64443029765971e-05
7.66265075071715e-05
7.68955869716592e-05
7.73099964135326e-05
7.79169713496231e-05
7.81597555032931e-05
7.85143201937899e-05
7.90568374213763e-05
7.94779189163819e-05
7.98865439719521e-05
8.00483758212067e-05
8.02968716016039e-05
8.06741227279417e-05
8.12417347333394e-05
8.14598824945278e-05
8.17900654510595e-05
8.22798101580702e-05
8.24694143375382e-05
8.27458643470891e-05
8.31631405162625e-05
8.33257363410667e-05
8.35613973322324e-05
8.39166605146602e-05
8.40543798403814e-05
8.42577574076131e-05
8.45589602249674e-05
8.5022154962644e-05
8.51894437801093e-05
8.5450716142077e-05
8.58323910506442e-05
8.59802967170253e-05
8.6200212535914e-05
8.65331385284662e-05
8.70317890075967e-05
8.77634447533637e-05
8.88838549144566e-05
9.00342201930471e-05
9.03168693184853e-05
9.06023415154777e-05
9.10398957785219e-05
9.11986790015362e-05
9.14411139092408e-05
9.15343116503209e-05
9.16706776479259e-05
9.18835721677169e-05
9.22124891076237e-05
9.25424246815965e-05
9.28703302633949e-05
9.29962479858659e-05
9.31839604163542e-05
9.34651179704815e-05
9.38933371799067e-05
9.4052251370158e-05
9.42927727010101e-05
9.46530926739797e-05
9.47894222917967e-05
9.49928798945621e-05
9.53018752625212e-05
9.54159186221659e-05
9.55888099269941e-05
9.58507735049352e-05
9.62398044066504e-05
9.63878919719718e-05
9.66096267802641e-05
9.69415268627927e-05
9.74384092842229e-05
9.81964039965533e-05
9.93154244497418e-05
0.000100455647043418
0.000101642981462646
0.00010276793182129
0.000103061116533354
0.000103352729638573
0.000103646241768729
0.000104082835605368
0.000104250109870918
0.000104499267763458
0.000104869039205369
0.000105419298051856
0.000105633866041899
0.000105947176052723
0.000106262079498265
0.000106581705040298
0.000106699022580869
0.000106877101643477
0.000107146028312854
0.000107546533399727
0.000107699328509625
0.000107924650365021
0.000108269508928061
0.000108396001451183
0.000108588181319647
0.000108879241452087
0.000109311346022878
0.000109475768113043
0.000109721928311046
0.000110092594695743
0.000110648143163417
0.000111481844214723
0.000112728484964464
0.000112849193101283
0.000112968082248699
0.000113086716737598
0.000113265123218298
0.000113532063551247
0.000113934511318803
0.000114535767352208
0.00011476479267003
0.000115107432065997
0.000115616057883017
0.000115809612907469
0.000116099989099894
0.000116536204586737
0.000117192998004612
0.000118183408631012
0.000119688003906049
0.000121845128887799
0.000123651218018495
0.000125393140478991
0.000125777543871664
0.000126082959468476
0.000126399172586389
0.000126713028294034
0.000127190098282881
0.000127672145026736
0.000128157495055348
0.000128651488921605
0.000128832805785351
0.000129107909742743
0.000129526524688117
0.000129680571262725
0.000129914202261716
0.000130267653730698
0.000130793676362373
0.000130994827486575
0.000131294553284533
0.000131741297082044
0.000131911263451912
0.000132163040689193
0.000132547080283985
0.000133114139316604
0.00013354403199628
0.000133979308884591
0.000134139976580627
0.000134385394630954
0.000134751899167895
0.00013529832358472
0.000135506532387808
0.000135814305394888
0.000136284565087408
0.000136457310873084
0.000136719419970177
0.000137116585392505
0.00013770570512861
0.000137929921038449
0.000138265706482343
0.000138770585181192
0.000139527692226693
0.000139817464514636
0.000140256597660482
0.000140424614073709
0.00014067352458369
0.000141050011734478
0.000141617027111351
0.000142495104228146
0.000142831355333328
0.000143342287628911
0.000144103454658762
0.000144392543006688
0.000144826975883916
0.000145475962199271
0.000146446443977766
0.000147912680404261
0.000150092499097809
0.000150307052535936
0.000150516600115225
0.000150724532431923
0.000151038344483823
0.00015150525723584
0.00015221384819597
0.000152475069626234
0.000152870110468939
0.000153464250615798
0.000153690183651634
0.000154024048242718
0.000154527253471315
0.000155291418195702
0.000156053924001753
0.000156798952957615
0.000157088521518745
0.000157514790771529
0.000158163224114105
0.00015840346168261
0.000158766270033084
0.000159309289301746
0.000160132127348334
0.000161355681484565
0.000161826377734542
0.000162521522725001
0.000163228512974456
0.000163926379173063
0.000164629571372643
0.000165342513355426
0.000166053374414332
0.000167113859788515
0.000167515201610513
0.00016812038666103
0.000169024366186932
0.000169368286151439
0.00016988224524539
0.000170648680068552
0.000170940489624627
0.000171372186741792
0.000172024170751683
0.00017227212083526
0.000172638887306675
0.000173191685462371
0.000174030661582947
0.000174340471858159
0.000174808737938292
0.000175520108314231
0.000175782392034307
0.000176179368281737
0.000176780435140245
0.000177673035068437
0.000178012021933682
0.00017851976735983
0.000179282447788864
0.000180429749889299
0.000182165400474332
0.000184779055416584
0.000185027893166989
0.00018527552310843
0.000185524768312462
0.000185896831681021
0.000186459044925869
0.000187298748642206
0.000187618657946587
0.00018809293396771
0.000188815494766459
0.000189082813449204
0.000189487109309994
0.000190098144230433
0.000191009079571813
0.000191356622963212
0.00019187513680663
0.00019264999718871
0.000192943727597594
0.000193381114513613
0.000194045729585923
0.000195041910046712
0.000196033957763575
0.000197034780285321
0.000197796733118594
0.000198555950191803
0.000199682297534309
0.000200111608137377
0.000200757393031381
0.000201724993530661
0.000202091163373552
0.000202638155315071
0.000203467920073308
0.000203775562113151
0.000204240961465985
0.000204946118174121
0.000205996781005524
0.000206396260182373
0.00020699729793705
0.000207900433451869
0.000209265199373476
0.000211317237699404
0.000212092723813839
0.000212387851206586
0.000212825907510705
0.000213491322938353
0.000214479601709172
0.000215476437006146
0.000216478016227484
0.000217484397580847
0.000217867112951353
0.000218438348383643
0.000219292225665413
0.000219615467358381
0.000220097455894575
0.000220827394514345
0.000221913840505295
0.000222326256334782
0.00022294552763924
0.000223876559175551
0.000225279130972922
0.00022738886764273
0.000230596444453113
0.000230890844250098
0.00023118921671994
0.000231489917496219
0.000231939964578487
0.000232619364396669
0.000233636470511556
0.000234021339565516
0.000234596082009375
0.00023546681040898
0.000235790183069184
0.000236281339311972
0.000237016065511853
0.000238117863773368
0.000238533524679951
0.000239155880990438
0.000240096036577597
0.000241501475102268
0.000242035443079658
0.000242834066739306
0.000244028997258283
0.000245851755607873
0.000246522278757766
0.00024754655896686
0.000248566881055012
0.000249592267209664
0.000249981239903718
0.000250559271080419
0.000251436955295503
0.000252740836003795
0.00025372562231496
0.000254717888310552
0.000255086983088404
0.000255645281868055
0.000256475672358647
0.00025773310335353
0.000258977874182165
0.000260235625319183
0.000261480658082291
0.000262731104157865
0.000263984518824145
0.000265250884694979
0.000266500865109265
0.000267449737293646
0.00026839566999115
0.000269803480478004
0.000270336167886853
0.000271135184448212
0.000272333854809403
0.000274135236395523
0.000276831036899239
0.000277848506812006
0.00027822723495774
0.00027879950357601
0.000279651721939445
0.000280940759694204
0.000282227905699983
0.000283509085420519
0.000283994450001046
0.000284715584712103
0.000285800313577056
0.000287445669528097
0.000289868243271485
0.00029080270905979
0.000291730975732207
0.000292664219159633
0.000294050725642592
0.000294576428132132
0.000295362842734903
0.000296544109005481
0.00029831231222488
0.000300985760986805
0.000304895598674193
0.000310644973069429
0.000316939811455086
0.000317291094688699
0.000317844620440155
0.000318676931783557
0.000319918355671689
0.00032117243972607
0.00032241121516563
0.000324296386679634
0.00032499385997653
0.000326017703628168
0.000327567337080836
0.00032814044971019
0.000329002854414284
0.000330285896779969
0.00033153805998154
0.000332813360728323
0.000334073440171778
0.000335309188812971
0.000336558150593191
0.000338410754920915
0.000341194827342406
0.000342242739861831
0.000343798077665269
0.000346134678693488
0.000347010703990236
0.000348315661540255
0.000350264512235299
0.000353153649484739
0.000357503973646089
0.00036466948222369
0.000365904270438477
0.000367386848665774
0.000368927809176967
0.000370502937585115
0.000372102746041492
0.00037449286901392
0.0003768403257709
