0.0
4.09444567139872e-08
4.0934260425729e-08
4.09339833140621e-08
4.09339797613484e-08
4.09339797613484e-08
4.09339797613484e-08
4.09339797613484e-08
4.09339797613484e-08
4.09339797613484e-08
4.09339797613484e-08
4.09339797613484e-08
4.09339797613484e-08
4.09339797613484e-08
4.09339797613484e-08
4.09339797613484e-08
4.09339797613484e-08
4.09339797613484e-08
4.09339797613484e-08
4.09339797613484e-08
4.09339797613484e-08
4.09339797613484e-08
4.09339797613484e-08
4.09339797613484e-08
4.09339797613484e-08
4.09339797613484e-08
4.09339797613484e-08
4.09339797613484e-08
4.09339797613484e-08
4.09339797613484e-08
4.09339797613484e-08
4.09339797613484e-08
4.09339797613484e-08
4.09339797613484e-08
4.09339797613484e-08
4.09339797613484e-08
4.09339797613484e-08
4.09339797613484e-08
4.09339797613484e-08
4.09339797613484e-08
4.09339797613484e-08
4.09339797613484e-08
4.09339797613484e-08
4.09339797613484e-08
5.11658875268495e-08
1.98764183778621e-07
5.51679249838344e-07
1.13593353034958e-06
2.23483243644296e-06
3.70706652574881e-06
5.29879662281019e-06
6.93805077389698e-06
9.28290955926059e-06
1.30475091282278e-05
1.89106558536878e-05
3.13129276037216e-05
5.00026180816349e-05
7.38660673960112e-05
0.000110872002551332
0.000291073869448155
0.000457514310255647
0.000633304938673973
0.000802587368525565
0.000965679937507957
0.00112585036549717
0.00128363643307239
0.00143248029053211
0.00157541548833251
0.00171858200337738
0.00186177925206721
0.00199681590311229
0.00211796071380377
0.00223320908844471
0.00234244181774557
0.00244584260508418
0.00254258769564331
0.00263535953126848
0.00272120023146272
0.00280110142193735
0.00287574389949441
0.00294554396532476
0.00300915795378387
0.00306977028958499
0.00312253297306597
0.00317167514003813
0.00321515137329698
0.00325405527837574
0.00328828999772668
0.00331685575656593
0.00334168039262295
0.00335943885147572
0.00337606598623097
0.00338545581325889
0.00339281489141285
0.00339378952048719
0.00339081953279674
0.00338366231881082
0.00337228621356189
0.00335607258602977
0.00333366310223937
0.003312470857054
