0
0.00120000005699694
0.00240000011399388
0.00359999993816018
0.00480000022798777
0.00600000005215406
0.00719999987632036
0.00839999970048666
0.00960000045597553
0.0108000002801418
0.0120000001043081
0.0131999999284744
0.0135000003501773
0.0139499995857477
0.0139921875670552
0.0140343746170402
0.0140765625983477
0.0141187496483326
0.0141820311546326
0.0142769534140825
0.0144193358719349
0.014632910490036
0.0149532714858651
0.0154338134452701
0.0161546263843775
0.0172358453273773
0.0184358451515436
0.0196358468383551
0.0208358466625214
0.0220358464866877
0.023235846310854
0.0244358461350203
0.0256358459591866
0.0268358457833529
0.0280358456075191
0.0292358454316854
0.0304358452558517
0.0316358469426632
0.0328358449041843
0.0340358465909958
0.0352358445525169
0.0364358462393284
0.0376358442008495
0.038835845887661
0.0400358475744724
0.0412358455359936
0.042435847222805
0.0436358451843262
0.0448358468711376
0.0460358448326588
0.0472358465194702
0.0484358444809914
0.0496358461678028
0.050835844129324
0.0520358458161354
0.0532358475029469
0.054435845464468
0.0556358471512794
0.0557108446955681
0.0557178780436516
0.0557178780436516
0.0557178780436516
0.0557178780436516
0.0557178780436516
0.0557178780436516
