0.0
0.0
2.43712050540523e-09
1.90200125871343e-06
1.89049897016957e-05
5.48356838407926e-05
0.000106292027339805
0.000176104498677887
0.000247495801886544
0.000328515190631151
0.000399312091758475
0.000414787267800421
0.000431262888014317
0.00044985071872361
0.000470727391075343
0.000473363936180249
0.000474019994726405
0.000474682252388448
0.000475352979265153
0.000476382003398612
0.000477912602946162
0.000479476439068094
0.000481012160889804
0.000482533854665235
0.000483861018437892
0.000485036114696413
0.000485346739878878
0.000485599273815751
0.000485900003695861
0.000485987169668078
0.000486080476548523
0.000486246077343822
0.000486467470182106
0.000486790668219328
0.000487228069687262
0.000487669341964647
0.000487984711071476
0.000488208315800875
0.000488414603751153
0.000488567748107016
0.000488688761834055
0.000488796620629728
0.000488906924147159
0.000489023164846003
0.000489207508508116
0.000489501224365085
0.000489972706418484
0.000490740756504238
0.000492023304104805
0.000494111911393702
0.000497579225338995
0.000503389223013073
0.000512940343469381
0.00052932370454073
0.000555296079255641
0.00059798767324537
0.00065992958843708
0.000669382745400071
0.000678109005093575
0.000680474273394793
0.00068062316859141
0.000680785102304071
0.000680936325807124
0.000681146164424717
0.000681415491271764
0.000681523990351707
0.000681637146044523
0.000681712583173066
0.000681750942021608
0.000681759032886475
0.000681763864122331
0.000681767880450934
0.000681769219227135
0.000681769335642457
0.000681769859511405
0.000681769975926727
0.00068177271168679
0.000681776960846037
0.000681778998114169
0.00068177079083398
0.000681764970067888
0.000681711244396865
0.000681648321915418
0.000681574747432023
0.00068151339655742
0.000681450008414686
0.000681385048665106
0.000681361299939454
0.000681168748997152
0.000680906814523041
0.000680653378367424
0.000680423574522138
0.000680165365338326
0.000679932767525315
0.000679878809023649
0.000679852382745594
0.000679806864354759
0.000679805700201541
0.00067980564199388
0.000679805292747915
0.000679805176332593
0.000679805118124932
0.000679805059917271
0.000679805059917271
0.000679805059917271
0.000679805059917271
0.000679805059917271
0.000679805059917271
0.000679805118124932
0.000679805176332593
0.000679805234540254
0.000679805176332593
0.000679805176332593
0.000679805176332593
0.000679805176332593
0.000679805176332593
0.000679805176332593
0.000679805176332593
0.000679805176332593
0.000679805176332593
0.000679805176332593
0.000679805176332593
0.000679805176332593
0.000679805176332593
