0.0
6.57029346484705e-08
5.44458828244387e-07
1.60507934197085e-05
4.09148924518377e-05
6.4412146457471e-05
8.97649370017461e-05
0.000116150353278499
0.000155503599671647
0.000206657103262842
0.000295108213322237
0.000323632033541799
0.000352063740137964
0.000379600503947586
0.000406056467909366
0.000409335159929469
0.00041015277383849
0.000410966720664874
0.000411777116823941
0.000412979861721396
0.000414798123529181
0.000416587921790779
0.00041838371544145
0.000420184805989265
0.000421970122260973
0.000423461460741237
0.000423693913035095
0.000423758843680844
0.000423635152401403
0.000423573306761682
0.00042348777060397
0.000423279532697052
0.000422916549723595
0.000422285869717598
0.00042137413402088
0.000420427706558257
0.000419720774516463
0.00041917510679923
0.000418805779190734
0.000418707757489756
0.00041881061042659
0.000419044750742614
0.000419344170950353
0.000419678632169962
0.000420215743361041
0.000421046046540141
0.000422303361119702
0.000424156634835526
0.000426843209424987
0.000430754065746441
0.000436341390013695
0.000444212957518175
0.000455429253634065
0.00047102416283451
0.000493028433993459
0.000524125585798174
0.000571443000808358
0.000582000357098877
0.000592619238886982
0.000596757337916642
0.000597177247982472
0.00059757602866739
0.00059797742869705
0.000598582962993532
0.000599504099227488
0.000599839491769671
0.000600363069679588
0.000600893457885832
0.000601425301283598
0.000602210056968033
0.000603288528509438
0.000604820786975324
0.000606901245191693
0.000609802489634603
0.00061424815794453
0.000620755541604012
0.000630787399131805
0.000645702239125967
0.000667064974550158
0.000697320851031691
0.000755422923248261
0.000810865487437695
0.000853462552186102
0.000878235325217247
0.000902317755389959
0.000903769920114428
0.000877416518051177
0.000836312305182219
0.000783960160333663
0.000705584709066898
0.000599012128077447
0.000470727885840461
0.000320437160553411
0.000139508774736896
8.99454680620693e-05
6.95912094670348e-05
3.4277265513083e-05
3.06412403006107e-05
3.01194195344578e-05
2.94909841613844e-05
2.93524990411242e-05
2.93011307803681e-05
2.92817512672627e-05
2.92746753984829e-05
2.9272052415763e-05
2.92681779683335e-05
2.92667282337788e-05
2.926556589955e-05
2.92590448225383e-05
2.92400181933772e-05
2.92019976768643e-05
2.91872274829075e-05
2.91815977107035e-05
2.91730721073691e-05
2.9169857953093e-05
2.91686501441291e-05
2.91668329737149e-05
2.91661508526886e-05
2.91658943751827e-05
2.91658707283204e-05
2.91658670903416e-05
2.91658634523628e-05
2.91658634523628e-05
2.91658634523628e-05
