0
0.036841
0.465101
0.921539
1.027646
1.120805
1.29753
1.571796
1.934402
2.322722
2.360388
2.640076
3.531054
4.361388
4.845144
5.188723
5.568761
5.793456
5.97779
6.260281
6.632951
6.707605
6.775615
6.866969
7.024435
7.240707
7.522291
7.840334
8.069899
8.241845
8.376475
8.488994
8.529736
8.59039
8.686083
9.039415
9.30934
9.677325
10.168651
10.714324
11.241449
11.415923
11.377736
11.225572
11.124253
10.558563
9.976637
9.41324
9.015374
8.868103
8.638954
8.296906
7.786337
7.369641
6.753683
6.155637
5.564782
4.978024
4.403212
3.832205
3.264651
2.7122
2.1617
1.577253
0.984463
0.374833
0.016538
0.016022
0.015348
0.01514
0.015207
0.015023
0.015552
0.015705
0.016167
0.016819
0.016393
0.016775
0.016961
0.016604
0.016127
0.015686
0.015507
0.015551
0.01504
0.014724
0.014398
0.014754
0.015082
0.015489
0.015899
0.016102
0.015878
0.01575
0.015383
0.015173
0.01535
0.014774
0.014722
0.014696
0.014548
0.01424
0.014385
0.014653
0.014962
0.015433
0.015206
0.015165
0.015484
0.015035
0.015011
0.014998
0.014489
0.014032
0.01341
0.012947
0.012981
0.012832
0.012893
0.012649
0.012985
0.013426
0.013856
0.014298
0.014855
0.015175
0.015581
0.015398
0.01535
0.015356
