0.0
-5.86633440194098e-19
1.37023841162431e-08
4.58274804771008e-08
1.79013468937228e-07
3.95659270679971e-07
1.076850935533e-06
2.57961323768541e-06
3.30179409502307e-06
4.76676723337732e-06
7.53927861296688e-06
8.83084612723906e-06
1.12858415377559e-05
1.58343227667501e-05
1.77659003384179e-05
2.12177874345798e-05
2.73516652669059e-05
3.37784404109698e-05
4.13375018979423e-05
4.33190798503347e-05
4.53068896604236e-05
4.82938157801982e-05
5.29181743331719e-05
5.74127152503934e-05
6.1654114688281e-05
6.57737473375164e-05
6.98505245964043e-05
7.45540528441779e-05
7.81842027208768e-05
8.17287073004991e-05
8.52386438054964e-05
8.88210124685429e-05
9.24941268749535e-05
9.638856863603e-05
0.0001003678116831
0.000104365339211654
0.000108373256807681
0.000112651483505033
0.000118164542072918
0.000124432946904562
0.000132994799059816
0.000135466048959643
0.000138058981974609
0.000140868593007326
0.000146698803291656
0.000148286140756682
0.000150103020132519
0.00015083265316207
0.000151612359331921
0.000152439955854788
0.000153702814714052
0.000155625239131041
0.00015852996148169
0.000162927608471364
0.000169443548657
0.000179094597115181
0.000193612271687016
0.000214780200622045
0.000244792550802231
0.000288065406493843
0.000354867428541183
0.000454554217867553
0.000582618522457778
0.000712369102984667
0.000835314567666501
0.000959981582127512
0.00108300615102053
0.00119396881200373
0.00130014435853809
0.00140133826062083
0.00149842305108905
0.00159117567818612
0.00167877064086497
0.00175850570667535
0.00183041277341545
0.0018955604173243
0.00195636437274516
0.00201114523224533
0.00206214608624578
0.00210725422948599
0.00215085269883275
0.00218810955993831
0.00222021038644016
0.00224945647642016
0.00227435398846865
0.00229172501713037
0.00230684014968574
0.00231949030421674
0.00232652621343732
0.00232873973436654
0.00232783076353371
0.00232504378072917
0.00231621321290731
0.00230342149734497
0.00228781020268798
0.00227102357894182
0.00226546660996974
0.00226340116932988
0.00226051197387278
0.00225654547102749
0.00225139106623828
0.00224393280223012
0.00223037879914045
0.0022135900799185
0.00219703326001763
0.0021794221829623
0.00216361368075013
0.00214441353455186
0.00212649209424853
0.00211071223020554
0.00207785377278924
0.00205408805049956
0.00202766433358192
0.002007040893659
0.00197907001711428
0.00196272623725235
0.00193346221931279
0.00191584520507604
0.00188734161201864
0.00186685880180448
0.00184002565219998
0.0018198941834271
0.00179381889756769
0.00176158256363124
0.00173054961487651
0.00168601574841887
0.00166608020663261
0.00163527403492481
0.00161342555657029
0.0015860116109252
0.00155695620924234
0.00153392378706485
0.00147351634223014
0.0014538859250024
0.00142106541898102
0.00139990553725511
0.00136941974051297
0.00134017842356116
0.00132010399829596
0.00128046341706067
0.00126064452342689
0.00122507405467331
0.00120474968571216
0.00117224536370486
0.0011445430573076
0.00112044485285878
0.00105969014111906
0.0010401054751128
0.00100296747405082
0.000983028672635555
0.000948643311858177
0.000930315174628049
