0
0.00120000005699694
0.00239999988116324
0.00360000017099083
0.00479999999515712
0.00599999981932342
0.00719999964348972
0.00840000039897859
0.00960000022314486
0.0108000000473112
0.0119999998714775
0.0131999996956438
0.0143999995198101
0.0155999993439764
0.0167999991681427
0.0180000008549542
0.0192000006791205
0.0204000005032868
0.0216000003274531
0.0228000001516194
0.0239999999757857
0.025199999799952
0.0263999996241183
0.0275999994482845
0.0287999992724508
0.0299999990966171
0.0312000007834286
0.0323999987449497
0.0336000004317612
0.0347999983932823
0.0360000000800938
0.0372000017669052
0.0383999997284264
0.0396000014152378
0.040799999376759
0.0411000007297844
0.0415500008966774
0.0422250011470169
0.0432375015225262
0.0444374994840473
0.0456375011708588
0.0468374991323799
0.0480375008191914
0.0492374987807125
0.050437500467524
0.0516374984290451
0.0528375001158566
0.054037501802668
0.0552374997641892
0.0564375014510006
0.0576374994125218
0.0588375010993332
0.0600374990608544
0.0612375007476658
0.0624375024344773
0.0636375003959984
0.0648374983575195
0.0660374963190407
0.0672375017311424
0.0684374996926636
0.0696374976541847
0.0708375030662865
0.0720375010278076
0.0732374989893288
0.0744374969508499
0.0756375023629517
0.0768375003244728
0.078037498285994
0.0792374962475151
0.0804375016596169
0.081637499621138
0.0828374975826592
0.0840375029947609
0.0852375009562821
0.0864374989178032
0.0876374968793244
0.0879375019576401
0.0883875021245331
0.0890625023748726
0.0900749990250916
0.0912749969866127
0.0924750023987145
0.0936750003602356
0.0948749983217568
0.0960749962832779
0.0972750016953797
0.0984749996569008
0.0996749976184221
0.100875003030524
0.102075000992045
0.103274998953566
0.104474996915087
0.105675002327189
0.10687500028871
0.108074998250231
0.108375003328547
0.10882500349544
0.109499996295199
0.110512500395998
0.111712498357519
0.112912496319041
0.114112501731142
0.115312499692663
0.116512497654185
0.117712503066286
0.118799997260794
