0.0
9.50306617078201e-29
1.65849928454013e-28
2.85980181240739e-18
3.51874218631551e-27
1.2571289118939e-27
5.36481315666924e-28
3.341344145813e-10
1.57926749011494e-07
6.82897677961591e-07
1.91671415450401e-06
4.17715818912257e-06
8.13439237390412e-06
1.42877825055621e-05
2.26746124099009e-05
3.24858665408101e-05
4.27491977461614e-05
5.22604896104895e-05
6.01102656219155e-05
6.5738640842028e-05
6.92509565851651e-05
7.10073509253561e-05
7.15188798494637e-05
7.1248403401114e-05
6.0944239521632e-05
5.63700159545988e-05
5.09813980897889e-05
4.48450009571388e-05
3.81535937776789e-05
3.12363590637688e-05
2.45078481384553e-05
1.85304706974421e-05
1.35528307509958e-05
9.84296912065474e-06
7.46299019738217e-06
6.18814146946534e-06
5.50657068743021e-06
5.04249510413501e-06
4.71085559183848e-06
4.45158366346732e-06
4.67984227725537e-06
4.15926251662313e-06
4.15926251662313e-06
4.15926251662313e-06
4.15926251662313e-06
4.15926251662313e-06
4.15926251662313e-06
4.15926251662313e-06
4.15926251662313e-06
4.15926251662313e-06
4.15926251662313e-06
4.15926251662313e-06
4.15926251662313e-06
4.15926251662313e-06
4.15926251662313e-06
4.15926251662313e-06
4.15926251662313e-06
4.15926251662313e-06
4.15926251662313e-06
4.15926251662313e-06
4.15926251662313e-06
4.15926251662313e-06
4.15926251662313e-06
4.15926251662313e-06
4.15926251662313e-06
4.15926251662313e-06
4.15926251662313e-06
4.15926251662313e-06
4.15926251662313e-06
4.15926251662313e-06
4.15926251662313e-06
4.15926251662313e-06
4.15926251662313e-06
4.15926251662313e-06
4.15926251662313e-06
4.15926251662313e-06
4.15926251662313e-06
4.15926251662313e-06
4.15926251662313e-06
4.15926251662313e-06
4.15926251662313e-06
4.15926251662313e-06
4.15926251662313e-06
4.15926251662313e-06
4.15926251662313e-06
4.15926251662313e-06
4.15926251662313e-06
4.15926251662313e-06
4.15926251662313e-06
4.15926251662313e-06
4.15926251662313e-06
4.15926251662313e-06
4.15926251662313e-06
4.15926251662313e-06
4.15926251662313e-06
4.15926251662313e-06
4.15926251662313e-06
4.15926251662313e-06
4.15926251662313e-06
4.15926251662313e-06
4.15926251662313e-06
