0
0.00120000005699694
0.00239999988116324
0.00360000017099083
0.00479999999515712
0.00599999981932342
0.00719999964348972
0.00750000006519258
0.00779999955557287
0.00809999997727573
0.00832500006072223
0.00855000014416874
0.00877500022761524
0.00900000031106176
0.00922500039450826
0.00944999954663216
0.00967499963007866
0.0100124997552485
0.0105187499430031
0.011278125224635
0.0112870240118355
0.0112936978694052
0.0113003726582975
0.0113070465158672
0.0113137203734369
0.0113187262322754
0.011323732091114
0.0113287379499525
0.0113337428774685
0.0113387487363071
0.0113462570589036
0.011357520474121
0.0113687829580158
0.0113800454419107
0.0113913079258055
0.0114025704097003
0.0114194646012038
0.0114448058884591
0.0114543091040105
0.0114638113882393
0.0114733146037907
0.0114828178193421
0.0114923201035709
0.0114994475152344
0.0115047933068127
0.0115088017191738
0.0115118089597673
0.0115148152690381
0.0115178225096316
0.0115223329048604
0.0115268423687667
0.0115313527639956
0.0115358631592244
0.0115426282864064
0.0115527759771794
0.011562924599275
0.011573072290048
0.0115832199808211
0.0115908307489008
0.0115984415169806
0.0116060522850603
0.0116136639844627
0.0116212747525424
0.0116288855206222
0.0116364962887019
0.0116441070567817
0.0116517178248614
0.0116631339769811
0.0116802591364831
0.0117059459444136
0.011744475690648
0.011783006368205
0.0118119043763727
0.0118408014532179
0.0118696994613856
0.011913046007976
0.0119563925545663
0.0119997391011566
0.0120647584553808
0.0121622884180397
0.0123085824307055
0.0125280243810267
0.0125314535107464
0.0125348817091436
0.0125383108388633
0.0125417390372605
0.0125468827318401
0.0125545968767256
0.0125623119529337
0.0125680982600898
0.0125738845672459
0.012578223599121
0.0125814785715193
0.012584732612595
0.0125896146055311
0.0125944965984673
0.0125993785914034
0.0126042605843395
0.0126115835737437
0.0126189065631479
0.0126262295525521
0.0126335525419563
0.0126408755313605
0.0126481985207648
0.0126591834705323
0.0126756604295224
0.012700374936685
0.0127374480944127
0.0127930564340204
0.0128486657049507
0.0128590918611736
0.0128695189487189
0.012877339264378
0.0128832038026303
0.0128876024391503
0.0128920010756702
0.012895300751552
0.0128985994961113
0.0129018982406706
0.0129068472888321
0.012911795405671
0.0129167444538325
0.0129216925706715
0.012926641618833
0.0129315897356719
0.0129365387838334
0.0129414869006724
0.0129464359488339
0.0129513840656728
0.0129563331138343
0.0129612812306732
0.0129662302788347
0.0129736529197544
0.0129847878124565
0.0130014892201871
0.0130265408661217
0.0130515934433788
0.013076646020636
0.0131016976665706
0.0131392765324563
0.0131956438999623
0.0132801949512214
0.0132854802068323
0.0132894429843873
0.0132934066932649
0.0132993513252587
0.0133082687389106
0.0133216453250498
0.013335021911189
0.0133483975660056
0.0133617741521448
0.013375150738284
0.0133885263931007
0.0134019029792399
0.0134069190826267
0.0134144432377071
0.0134219673927874
0.013427610276267
0.0134332540910691
0.0134388969745487
0.0134445398580283
0.013453004648909
0.0134614694397897
0.0134699342306704
0.0134783990215511
0.0134868638124317
0.0134953276719898
0.0135037924628705
0.0135122572537512
0.0135207220446319
0.0135291868355126
0.0135418835561723
0.0135609291028232
0.0135894974227995
0.0136323503684253
0.0136966293212027
0.0137609073426575
0.0138251862954349
0.0138894652482123
0.0139376742299647
0.0139858832117171
0.0140340921934694
0.0140823011752218
0.0141305101569742
0.0142028236296028
0.0143112938385457
0.0144739986862988
0.0147180573549122
0.0149621160235256
0.0152061746921391
0.0154502314981074
0.0156332754995674
0.0158163195010275
0.0159993635024876
0.0161824056413025
0.0164569725748152
0.0168688201811165
0.0172806677874178
0.0176925172563643
0.0178984401281923
0.0180014034267515
0.0181043648626656
0.0182073262985796
0.0182845478411764
0.0183424649294466
0.0184003801550717
0.0184582972433418
0.0185162124689669
0.0185741295572371
0.0186320447828621
0.0186899618711323
0.0187768356408924
0.0188094133045525
0.0188419909682125
0.0188501363154501
0.0188582798000426
0.0188664251472801
0.0188786403741688
0.0188969669397921
0.0189038382377476
0.0189141461160034
0.0189296079333872
0.0189527997281403
0.0189875883515925
0.0190397722180933
0.0191180480178446
0.0192354598548264
0.0192648132797331
0.0192721521016211
0.019279490923509
0.0192868278827519
0.0192978361155838
0.0193143466021866
0.0193308589514345
0.0193473694380373
0.0193638799246401
0.0193886475171894
0.0194257979746908
0.0194815227296204
0.0195651107933373
0.0196904910262675
0.0198158731218428
0.0199099087622017
0.0200039462652058
0.0201449987944216
0.020356580382213
0.0206739527639002
0.0211500113364309
0.0218640991952271
0.0229352281894535
0.024135229876265
0.0253352297004313
0.0265352295245976
0.0277352293487639
0.0289352291729302
0.0301352271344513
0.0313352288212628
0.0325352305080742
0.0337352284695954
0.0340352298226208
0.0344852299895138
0.0346539781894535
0.0349071042146534
0.0352867932524532
0.0358563230838627
0.0367106178309769
0.0379106195177883
0.0391106212045998
0.0403106191661209
0.0415106208529324
0.0427106188144535
0.043910620501265
0.0451106184627861
0.0463106201495976
0.0475106181111187
0.0487106197979302
0.0499106177594513
0.0511106194462628
0.0523106211330742
0.0535106190945954
0.0547106207814068
0.055910618742928
0.0571106204297394
0.0583106183912605
0.059510620078072
0.0607106180395931
0.0619106197264046
0.0631106176879257
0.0643106231000275
0.0655106210615486
0.0667106190230698
0.0679106169845909
0.0691106223966927
0.0703106203582138
0.071510618319735
0.0727106162812561
0.0739106216933579
0.075110619654879
0.0763106176164002
0.0775106230285019
0.0787106209900231
0.0799106189515442
0.0811106169130654
0.0823106223251671
0.0835106202866883
0.0847106182482094
0.0859106162097305
0.0871106216218323
0.0883106195833534
0.0895106175448746
0.0907106229569763
0.0919106209184975
0.0931106188800186
0.0943106168415398
0.0955106222536415
0.0967106202151627
0.0979106181766838
0.0991106161382051
0.100310621550307
0.101510619511828
0.102710617473349
0.103910622885451
0.105110620846972
0.106310618808493
0.107510616770014
0.108710622182116
0.109910620143637
0.111110618105158
0.112310616066679
0.113510621478781
0.114710619440302
0.115910617401823
0.117110622813925
0.118310620775446
0.118799997260794
