0.0
7.32420289750735e-07
1.13934975161101e-05
2.85684964183019e-05
5.66774724575225e-05
9.49318782659248e-05
0.00014068913878873
0.000195892484043725
0.00025966067914851
0.000322810170473531
0.00038941265665926
0.000461223477032036
0.000525551324244589
0.000587354064919055
0.000652338087093085
0.000671869493089616
0.000688863103277981
0.000706019054632634
0.000720516953151673
0.00073485157918185
0.000749089755117893
0.000754434615373611
0.000762556795962155
0.000762698764447123
0.000762837706133723
0.000762977462727576
0.000763117568567395
0.000763329211622477
0.000763650168664753
0.000763976131565869
0.000764310185331851
0.000764656637329608
0.000765016418881714
0.00076525448821485
0.000765357865020633
0.000765400473028421
0.000765422009862959
0.000765423756092787
0.000765437551308423
0.000765778357163072
0.000766278593800962
0.000766846933402121
0.000767467310652137
0.000768417492508888
0.000769814010709524
0.000771866645663977
0.000774758635088801
0.000778596033342183
0.000783597759436816
0.000788404257036746
0.000793139101006091
0.000800179259385914
0.000810749654192477
0.000828960619401187
0.000861092819832265
0.000918250938411802
0.000930794980376959
0.000943342281971127
0.00094810378504917
0.00094991986406967
0.000951288500800729
0.000952664529904723
0.000953641487285495
0.000954508606810123
0.000955663796048611
0.000957246404141188
0.000959488213993609
0.000962782301940024
0.000967782631050795
0.000975477800238878
0.000987214036285877
0.00100470473989844
0.00102942262310535
0.00106788310222328
0.00113801937550306
0.00119496311526746
0.00122918607667089
0.00124315905850381
0.00124879158101976
0.0012157445307821
0.00114417390432209
0.00105336762499064
0.000931378628592938
0.000766454671975225
0.000555701379198581
0.000297156104352325
7.33261040295474e-05
7.33130582375452e-05
7.32951375539415e-05
7.32773842173629e-05
7.32681146473624e-05
7.32650005375035e-05
7.32666521798819e-05
7.32724438421428e-05
7.32712578610517e-05
7.32726111891679e-05
7.32728658476844e-05
7.32752596377395e-05
7.32899497961625e-05
7.33096821932122e-05
7.33342894818634e-05
7.33503184164874e-05
7.33556298655458e-05
7.33439374016598e-05
7.33220294932835e-05
7.32965709175915e-05
7.3273440648336e-05
7.32565895305015e-05
7.32422413420863e-05
7.32288826839067e-05
7.32209882698953e-05
7.32189437258057e-05
7.32159751350991e-05
7.32233238522895e-05
7.32416592654772e-05
7.32614062144421e-05
7.32891785446554e-05
7.33198685338721e-05
7.33390770619735e-05
7.33563210815191e-05
7.33673077775165e-05
7.33639826648869e-05
7.33452252461575e-05
7.33133856556378e-05
7.32752596377395e-05
7.32324479031377e-05
7.31910986360162e-05
7.3154027631972e-05
7.31259206077084e-05
7.31096661183983e-05
7.3101524321828e-05
7.30996252968907e-05
7.31151521904394e-05
7.31416948838159e-05
7.31702602934092e-05
7.32046028133482e-05
7.32467524358071e-05
7.32817352400161e-05
7.33113411115482e-05
7.33395354473032e-05
7.33649358153343e-05
7.3375558713451e-05
7.33805645722896e-05
7.33771012164652e-05
7.33588603907265e-05
7.33195192879066e-05
7.32663174858317e-05
7.32099724700674e-05
7.31489562895149e-05
7.30918764020316e-05
7.30433748685755e-05
7.30098108761013e-05
7.29884850443341e-05
7.29675593902357e-05
7.29604071239009e-05
7.29715975467116e-05
7.29764797142707e-05
