0.0
0.0
0.0
0.0
0.0
6.06910424694185e-11
4.1220998836522e-10
2.14648521179583e-09
4.93726393102634e-09
8.5919085179853e-09
1.35999149719623e-08
2.10760386920583e-08
3.16556452162331e-08
6.57452901009492e-08
1.83016297228278e-07
3.03732264228529e-07
3.931699268378e-07
4.60410177538506e-07
5.09942196913471e-07
5.60940122795728e-07
5.9254489315208e-07
6.19796480805235e-07
6.42710460851958e-07
6.78196215631033e-07
6.9562224780384e-07
7.11386405782832e-07
7.24495862414187e-07
7.37031427888724e-07
7.48075763112865e-07
7.57386374061753e-07
7.65796187351953e-07
7.72460168718681e-07
7.79660012995009e-07
7.85764143529377e-07
7.91908519204298e-07
7.9533396046827e-07
7.98799021595187e-07
8.02339002348162e-07
8.07244703082688e-07
8.0795712165127e-07
8.1276732544211e-07
8.14605982668581e-07
8.15438056633866e-07
8.18207468000764e-07
8.21568050923815e-07
8.21461014766101e-07
8.23000846139621e-07
8.24942787858163e-07
8.24727180770424e-07
8.27637336442422e-07
8.26043219603889e-07
8.29205987429305e-07
8.26662812869472e-07
8.28836220989615e-07
8.27370286060614e-07
8.27287863103265e-07
8.27474991638155e-07
8.22507558950747e-07
8.25661572889658e-07
8.22140520995163e-07
8.23273751393572e-07
8.22531205812993e-07
8.20418108560261e-07
8.15537759990548e-07
8.16300030237471e-07
8.13783628927922e-07
8.11704580883088e-07
8.10919914329133e-07
8.02563931756595e-07
8.01346573098272e-07
7.90116814641806e-07
7.90119713656168e-07
7.84093572292477e-07
7.77674131313688e-07
7.77677712449076e-07
7.67263713896682e-07
7.65230083743518e-07
7.59187514631776e-07
7.52108235246851e-07
7.5211278272036e-07
7.41091412237438e-07
7.39000654448319e-07
7.39003496619262e-07
7.25917459476477e-07
7.25892903119529e-07
7.16804663625226e-07
7.1038755322661e-07
7.10389087998919e-07
7.07403330579837e-07
6.94884192853351e-07
6.94888058205834e-07
6.94853270033491e-07
6.79390097957366e-07
6.79388676871895e-07
6.74209388762392e-07
6.63050684579503e-07
6.63052730942582e-07
6.62670515794161e-07
6.4671320387788e-07
6.46712237539759e-07
6.46716159735661e-07
