0.0
-5.10595550607441e-33
-4.85243674575031e-07
-1.82242547452915e-06
-3.79504308511969e-06
-7.49989703763276e-06
-1.03756992757553e-05
-1.50118594319792e-05
-1.87939149327576e-05
-2.56161365541629e-05
-3.82381258532405e-05
-5.65205882594455e-05
-8.09192206361331e-05
-0.000132606903207488
-0.000245298084337264
-0.000371450500097126
-0.00052453629905358
-0.000676163006573915
-0.000824638525955379
-0.000960359058808535
-0.0011092935455963
-0.0012607651297003
-0.00140756601467729
-0.00154251942876726
-0.00168237218167633
-0.00181797693949193
-0.0019529745914042
-0.00208178581669927
-0.00220660958439112
-0.00232810131274164
-0.00244425772689283
-0.00255617150105536
-0.00266311387531459
-0.0027670378331095
-0.00286700739525259
-0.00296399323269725
-0.00305711547844112
-0.0031472546979785
-0.0032331335823983
-0.00331610860303044
-0.00339285517111421
-0.00346318283118308
-0.00352909369394183
-0.0035915682092309
-0.00365074258297682
-0.00370809389278293
-0.00376181537285447
-0.00381186581216753
-0.00385922403074801
-0.00390379806049168
-0.00394604448229074
-0.00398682290688157
-0.00402442133054137
-0.00405910797417164
-0.00409126607701182
-0.00412063486874104
-0.00414688838645816
-0.00417053047567606
-0.00419140886515379
-0.00421026768162847
-0.00422625010833144
-0.00423990609124303
-0.00425140513107181
-0.00426054652780294
-0.00426735728979111
-0.00427197618409991
-0.00427421368658543
-0.00427476223558187
-0.00427486374974251
-0.00427486328408122
-0.00427492102608085
-0.00427495781332254
-0.00427494570612907
-0.00427496246993542
-0.00427500857040286
-0.00427500437945127
-0.00427501183003187
-0.00427496200427413
-0.00427496619522572
-0.00427503697574139
-0.00427511148154736
-0.00427513709291816
-0.00427517667412758
-0.00427526235580444
-0.00427533965557814
-0.00427545281127095
-0.00427550869062543
-0.00427549658343196
-0.0042755245231092
-0.00427556969225407
-0.00427558179944754
-0.00427565677091479
-0.00427572708576918
-0.00427577644586563
-0.00427583931013942
-0.00427568424493074
-0.00427566934376955
-0.0042756600305438
-0.00427567074075341
-0.00427560042589903
-0.0042757261544466
