0.0
1.05841499868602e-34
1.25251688132266e-07
7.56681686198135e-07
1.91624076251173e-06
2.23177880798175e-06
2.62325534094998e-06
3.11496160065872e-06
3.28477017319528e-06
3.54015992343193e-06
5.16833551955642e-06
5.01352133142063e-06
3.5368639146327e-06
3.0094292924332e-06
2.97729775411426e-06
2.94460005534347e-06
2.95560312224552e-06
2.97260135084798e-06
2.99310841000988e-06
3.02457351608609e-06
3.01712975669943e-06
2.94690539703879e-06
2.89876925307908e-06
2.8835295324825e-06
2.95179120257671e-06
3.09140796161955e-06
3.41777831636136e-06
3.44404929819575e-06
3.4850897918659e-06
3.5524822123989e-06
3.6610581446439e-06
3.7862014323764e-06
3.91524508813745e-06
4.05568471251172e-06
3.93617983718286e-06
3.59424393536756e-06
3.38979907610337e-06
3.42820089827001e-06
3.72320687347383e-06
3.62080118065933e-06
3.30272541759769e-06
2.96716757475224e-06
2.67904374595673e-06
2.3501356736233e-06
2.0954510091542e-06
1.84644238743203e-06
1.65256972195493e-06
1.49165657603589e-06
1.31568185679498e-06
1.17860338377795e-06
7.97858888290648e-07
6.84147405394242e-09
6.72446009986061e-09
6.76432199142596e-09
6.76432199142596e-09
