0.0
5.64546152881373e-11
1.93645504964479e-07
6.92368848831393e-06
2.58579857472796e-05
5.21796755492687e-05
9.18760124477558e-05
0.000144877660204656
0.000211870239581913
0.000225707408390008
0.000240408116951585
0.000255938852205873
0.000268036732450128
0.000277361657936126
0.000287077622488141
0.000294552533887327
0.00030218661413528
0.000308058777591214
0.00031408850918524
0.000318699923809618
0.000323376239975914
0.000330543669406325
0.000341551174642518
0.000358605699148029
0.00037659821100533
0.000387753127142787
0.000399866228690371
0.000413616333389655
0.000437404261901975
0.000478944712085649
0.000540398003067821
0.00059613463236019
0.000596389814745635
0.000596442667301744
0.00059645768487826
0.000596478872466832
0.000596460769884288
0.000596434460021555
0.000596415775362402
0.000596381083596498
0.000596336380112916
0.000596286030486226
0.000596235564444214
0.000596173806115985
0.000596110592596233
0.000595978926867247
0.000595822231844068
0.000595640391111374
0.000595577643252909
0.000595570891164243
0.000595567165873945
0.000595567282289267
0.000595567398704588
0.000595567689742893
0.00059556815540418
0.000595568504650146
0.000595568679273129
0.000595568504650146
0.000595567922573537
0.000595566933043301
0.000595566583797336
0.000595566991250962
0.000595567573327571
0.000595568213611841
0.000595568853896111
0.000595569494180381
0.00059557001804933
0.000595570425502956
0.000595570600125939
0.000595570483710617
0.000595569901634008
0.000595568853896111
0.000595567631535232
0.000595567107666284
0.000595567456912249
0.000595568038988858
0.000595568621065468
0.000595569377765059
0.000595569959841669
0.000595570541918278
0.000595571123994887
0.000595571647863835
0.000595571880694479
0.000595571473240852
0.000595570832956582
0.000595569785218686
0.000595568621065468
0.000595568621065468
0.000595567747950554
0.000595568038988858
0.000595568679273129
0.000595569377765059
0.000595570134464651
0.000595570949371904
0.000595571589656174
0.000595572229940444
0.000595572637394071
0.000595572870224714
0.000595573103055358
0.000595573103055358
0.000595572753809392
0.00059557193890214
0.000595572055317461
0.000595571415033191
0.00059557007625699
0.00059557007625699
0.000595568912103772
0.000595569028519094
0.000595569610595703
0.000595570309087634
0.000595571065787226
0.000595571997109801
0.000595572812017053
0.000595573626924306
0.000595574441831559
0.000595575722400099
0.000595576013438404
0.000595575838815421
0.000595575722400099
0.000595575722400099
0.000595575722400099
0.000595575722400099
0.000595575722400099
0.000595575722400099
0.000595575722400099
0.000595575722400099
0.000595575722400099
