0.0
1.0598965900499e-06
2.05383003049064e-06
2.50101538767922e-06
3.19960417982657e-06
4.70387612949708e-06
4.93637935505831e-06
5.05110392623465e-06
5.06543938172399e-06
5.07384675074718e-06
5.07318964082515e-06
5.07243339598062e-06
5.07122604176402e-06
5.06936657984625e-06
5.06598416905035e-06
5.05916432302911e-06
5.04658282807213e-06
5.03103728988208e-06
5.017710464017e-06
5.00864734931383e-06
5.00398527947254e-06
5.0011663006444e-06
4.99890074934228e-06
4.99659290653653e-06
4.99223779115709e-06
4.98353256261908e-06
4.97657174491906e-06
4.97279052069644e-06
4.96966322316439e-06
4.96666234539589e-06
4.96167785968282e-06
4.95337462780299e-06
4.94903542858083e-06
4.94609503221e-06
4.94247569804429e-06
4.94107962367707e-06
4.97645396535518e-06
5.02540069646784e-06
5.09557321493048e-06
5.1944844017271e-06
5.31668410985731e-06
5.46798855793895e-06
5.72341059523751e-06
5.97857433604077e-06
6.26576002105139e-06
6.4371274675068e-06
6.57499504086445e-06
6.72008945912239e-06
6.8715776251338e-06
7.02902070770506e-06
7.27497672414756e-06
7.67011079005897e-06
8.07146716397256e-06
8.23565733298892e-06
8.33289323054487e-06
8.26823907118523e-06
8.250676728494e-06
8.20477816887433e-06
8.13616588857258e-06
8.21622234070674e-06
8.52392622618936e-06
9.01902421901468e-06
9.16316093935166e-06
9.29764337342931e-06
9.34665331442375e-06
9.41818325372878e-06
9.52136178966612e-06
9.55635914579034e-06
9.55899213295197e-06
9.56169333221624e-06
9.56434996624012e-06
9.56839994614711e-06
9.5743444035179e-06
9.58361215452896e-06
9.58693453867454e-06
9.59192857408198e-06
9.59946100920206e-06
9.60688157647382e-06
9.61023215495516e-06
9.61463410931174e-06
9.61631758400472e-06
9.61840032687178e-06
9.6209760158672e-06
9.62198555498617e-06
9.62299145612633e-06
9.62379272095859e-06
9.6240028142347e-06
9.62311059993226e-06
9.61998739512637e-06
9.6126659627771e-06
9.59803492150968e-06
9.57344400376314e-06
9.53541803028202e-06
9.47994340094738e-06
9.40606969379587e-06
9.30744863580912e-06
9.2105328803882e-06
9.13622261577984e-06
9.04664466361282e-06
8.9752256826614e-06
8.91301533556543e-06
8.65411584527465e-06
8.22664060251554e-06
7.79840775066987e-06
7.38352673579357e-06
6.83991083860747e-06
6.14152395428391e-06
5.51360108147492e-06
4.88322029923438e-06
4.09607582696481e-06
