0.0
1.00881358378047e-07
2.58976820077805e-06
5.35523895450751e-06
7.49354285289883e-06
9.30646638153121e-06
1.1950035514019e-05
1.39484372994048e-05
1.7196038243128e-05
1.85367753147148e-05
1.95625780179398e-05
1.95854336197954e-05
1.96030887309462e-05
1.96210130525287e-05
1.96347209566738e-05
1.96484816115117e-05
1.96623004740104e-05
1.96763940039091e-05
1.96906094060978e-05
1.97051158465911e-05
1.97199115063995e-05
1.97419631149387e-05
1.9747256374103e-05
1.97525096155005e-05
1.9757610061788e-05
1.97645204025321e-05
1.97701156139374e-05
1.97743502212688e-05
1.97771023522364e-05
1.97781355382176e-05
1.97766803466948e-05
1.97721419681329e-05
1.97627250599908e-05
1.9746963516809e-05
1.9719769625226e-05
1.96882047021063e-05
1.96372038772097e-05
1.95825778064318e-05
1.95217726286501e-05
1.94967124116374e-05
1.94769654626725e-05
1.94566055142786e-05
1.94423446373548e-05
1.94371041288832e-05
1.94399162865011e-05
1.94470521819312e-05
1.94567510334309e-05
1.94742169696838e-05
1.950304795173e-05
1.95495667867362e-05
1.96195214812178e-05
1.97222725546453e-05
1.988215262827e-05
2.01376551558496e-05
2.04381394723896e-05
2.09483496291796e-05
2.18765562749468e-05
2.2867128791404e-05
2.39947166846832e-05
2.51586970989592e-05
2.71322242042515e-05
2.94145775114885e-05
3.02756234304979e-05
3.10895666189026e-05
3.1097762985155e-05
3.11062904074788e-05
3.11159310513176e-05
3.11310359393246e-05
3.11552212224342e-05
3.11931289616041e-05
3.1231753382599e-05
3.12687880068552e-05
3.13275413645897e-05
3.13452219415922e-05
3.13642012770288e-05
3.13826349156443e-05
3.14008138957433e-05
3.14273820549715e-05
3.14665339828935e-05
3.15223405777942e-05
3.15367324219551e-05
3.15507313644048e-05
3.1564060918754e-05
3.15847137244418e-05
3.16044715873431e-05
3.16215518978424e-05
3.16257173835766e-05
3.16165314870887e-05
3.16120822390076e-05
3.1606246921001e-05
3.15980105369817e-05
3.15857687382959e-05
3.15656870952807e-05
3.1530624255538e-05
3.14839853672311e-05
3.13879900204483e-05
3.13039199681953e-05
3.12285046675242e-05
3.11375333694741e-05
3.10602081299294e-05
3.10178947984241e-05
3.09956194541883e-05
3.09847418975551e-05
3.09806491713971e-05
3.09796923829708e-05
3.09822462440934e-05
3.09858514810912e-05
3.09902534354478e-05
3.09986098727677e-05
3.10123978124466e-05
3.10342620650772e-05
3.10634131892584e-05
3.11027579300571e-05
3.11120056721848e-05
3.11139447148889e-05
3.11020885419566e-05
3.10824652842712e-05
3.10588402498979e-05
3.10338000417687e-05
3.0998773581814e-05
3.09488132188562e-05
3.08771814161446e-05
3.07360278384294e-05
3.05416069750208e-05
3.0319373763632e-05
2.99771345453337e-05
2.95387053483864e-05
2.92676268145442e-05
2.81584307231242e-05
2.66657589236274e-05
2.51684668910457e-05
2.37517542700516e-05
2.22951184696285e-05
2.02670435101027e-05
1.82336207217304e-05
1.58525253937114e-05
1.21636858239071e-05
8.25095230538864e-06
4.65673292637803e-06
1.90450862191938e-06
7.92718921616142e-08
7.38221359597446e-08
7.1942011459214e-08
7.10426704131351e-08
7.21484312293796e-08
7.54260156554665e-08
7.73280461885406e-08
8.07514197731507e-08
8.43815044504481e-08
8.51851353900202e-08
8.81326727153464e-08
8.90473614845178e-08
9.0616318004777e-08
9.24988512451819e-08
9.24455676454272e-08
9.29253900494587e-08
9.02371510846933e-08
8.7218936073441e-08
8.60368487565211e-08
8.41162943743257e-08
8.60936992808092e-08
8.81196839941367e-08
9.30069958826607e-08
9.61543946687016e-08
9.94730839920521e-08
1.01073538871788e-07
1.06050087822496e-07
1.07790626202586e-07
1.09393035074845e-07
1.11724581586259e-07
1.11066114527603e-07
1.10720257850971e-07
1.09340426490689e-07
1.0907206160482e-07
1.0664402338989e-07
1.08130443265964e-07
1.08705840773382e-07
1.10760673521781e-07
1.09280726690031e-07
1.12080620340294e-07
1.07432398976925e-07
1.07208180111229e-07
1.07389610093378e-07
1.11457545415306e-07
1.13464245998784e-07
1.14964741726453e-07
1.16095968394347e-07
1.16905596314609e-07
1.14911323123579e-07
1.14580508636664e-07
1.15403729239461e-07
1.14289250063848e-07
1.15223549812526e-07
1.1627308538209e-07
1.17949802813655e-07
1.19470243475917e-07
1.20000009928845e-07
1.21185422585768e-07
1.22449804962343e-07
1.25144765661389e-07
1.27668016602911e-07
1.29292956785321e-07
1.32730846758022e-07
1.31409137793526e-07
1.33167702642822e-07
1.32904460770078e-07
1.30299497413944e-07
1.25646849369332e-07
1.20513149681756e-07
1.14773044401772e-07
1.07985982822356e-07
1.07521614722828e-07
1.06831066659652e-07
1.06831066659652e-07
