0.0
1.25486758761895e-08
1.25429888697681e-08
1.25428938346772e-08
1.25429329145277e-08
1.25428902819635e-08
1.25428947228556e-08
1.25428938346772e-08
1.25428938346772e-08
1.25428938346772e-08
1.25428938346772e-08
1.25428938346772e-08
1.25428938346772e-08
1.25428938346772e-08
1.25428938346772e-08
1.25428938346772e-08
1.25428938346772e-08
1.25428938346772e-08
1.25428938346772e-08
1.83421732913303e-07
1.49224365486589e-06
2.37724475482537e-06
3.08882567878754e-06
4.27894383392413e-06
4.36948675996973e-06
3.91971343560726e-06
3.71576948055008e-06
3.7354679989221e-06
4.34567800766672e-06
5.50239838048583e-06
7.48381899029482e-06
8.37816423882032e-06
8.25090228318004e-06
9.01102794159669e-06
1.03029233287089e-05
1.07243704405846e-05
1.1276491022727e-05
1.23410936794244e-05
1.35710251925047e-05
1.48249800986378e-05
1.67852285812842e-05
1.88414451258723e-05
2.05327560252044e-05
2.22372564167017e-05
2.31237318075728e-05
2.39491964748595e-05
2.40223489527125e-05
2.40132885664934e-05
2.39332584897056e-05
2.38356315094279e-05
2.37166223087115e-05
2.36206033150665e-05
2.31238791457145e-05
2.26823231059825e-05
2.22822218347574e-05
2.1929412469035e-05
2.15838808799163e-05
2.11494862014661e-05
2.07233460969292e-05
2.0304141798988e-05
1.99001806322485e-05
1.94843814824708e-05
1.90240225492744e-05
1.85354965651641e-05
1.80106490006438e-05
1.74887300090631e-05
1.6966660041362e-05
1.63894546858501e-05
1.57875638251426e-05
1.51687672769185e-05
1.44518444358255e-05
1.37520937641966e-05
1.30825865198858e-05
1.24453144962899e-05
1.18215484690154e-05
1.09868715298944e-05
1.01550140243489e-05
9.22732942854054e-06
8.28513839223888e-06
7.41908479540143e-06
6.62612046653521e-06
5.89919045523857e-06
5.23321932632825e-06
4.6194995775295e-06
4.04222100769402e-06
3.52317124452384e-06
3.05579351334018e-06
2.58526711149898e-06
1.99302326109319e-06
1.48569176872115e-06
8.1390646755608e-07
1.87591908229479e-07
9.93430617768354e-08
3.94007528825568e-08
3.5696068323432e-08
3.56513965016347e-08
3.5584509561204e-08
3.55593599010717e-08
3.55576581512196e-08
3.55569831356206e-08
3.55560416664957e-08
3.55559564013674e-08
3.55558249509613e-08
3.55557752129698e-08
3.55557787656835e-08
3.55569511611975e-08
3.55568303689324e-08
3.55567522092315e-08
3.55567486565178e-08
3.55567486565178e-08
3.55567415510905e-08
3.55567308929494e-08
3.55567308929494e-08
