0.0
1.10650864826312e-06
1.26867712424428e-06
1.70768430507451e-06
2.50845641858177e-06
2.77475442089781e-06
2.99261228065006e-06
3.17517014991608e-06
3.35117033500865e-06
3.60960711986991e-06
4.05448554374743e-06
4.73517684440594e-06
5.85931547902874e-06
7.50077833799878e-06
7.98651217337465e-06
8.4762905316893e-06
8.94507138582412e-06
9.05819342733594e-06
9.16435874387389e-06
9.18895329959923e-06
9.22474646358751e-06
9.23812422115589e-06
9.25166659726528e-06
9.26520624489058e-06
9.28885219764197e-06
9.28885219764197e-06
