0.0
4.18177563688005e-08
6.29352598480182e-07
6.32685043910897e-07
6.67453889491298e-07
7.93129515841429e-07
9.42203712384071e-07
1.1368591685823e-06
1.24080554542161e-06
1.30363878270146e-06
1.22604149055405e-06
1.11342001218873e-06
1.71977899299236e-06
1.74362651250703e-06
1.82133874204737e-06
2.23070833271777e-06
1.38348775635677e-06
1.33999185436551e-06
1.44191085382772e-06
1.64026255333738e-06
2.11153701457079e-06
2.4430637495243e-06
2.84475322587241e-06
3.43492433785286e-06
3.29362615048012e-06
2.59156445281405e-06
2.05895094040898e-06
1.91232084034709e-06
2.68967232841533e-06
3.77941023543826e-06
4.90465890834457e-06
5.76927095607971e-06
6.91865079716081e-06
7.24435449228622e-06
6.93842912369291e-06
6.93936272000428e-06
6.94768050379935e-06
6.9473717303481e-06
6.9473726398428e-06
6.9473717303481e-06
6.9473717303481e-06
6.94737218509545e-06
6.94737218509545e-06
6.94737218509545e-06
6.9473726398428e-06
6.9473726398428e-06
6.9473726398428e-06
6.9473726398428e-06
6.9473726398428e-06
6.94737309459015e-06
6.94737309459015e-06
6.9473735493375e-06
6.94737400408485e-06
6.94737400408485e-06
6.9473744588322e-06
6.9473744588322e-06
6.94737491357955e-06
6.94737491357955e-06
6.9473753683269e-06
6.94737582307425e-06
6.94737673256896e-06
6.94737809681101e-06
6.94738037054776e-06
6.94738264428452e-06
6.94738582751597e-06
6.94738673701067e-06
6.94738719175803e-06
6.94738810125273e-06
6.94738855600008e-06
6.94738946549478e-06
6.94739037498948e-06
6.94739128448418e-06
6.94739173923153e-06
6.94739219397889e-06
6.94739310347359e-06
6.94739401296829e-06
6.94739492246299e-06
6.94739537721034e-06
6.94739583195769e-06
6.94739628670504e-06
6.94739719619974e-06
6.94739719619974e-06
6.9473976509471e-06
6.94739810569445e-06
6.94739810569445e-06
6.9473985604418e-06
6.94739901518915e-06
6.9473994699365e-06
6.94739992468385e-06
6.94739992468385e-06
6.94739992468385e-06
6.9474003794312e-06
6.94740083417855e-06
6.94740083417855e-06
6.9474012889259e-06
6.94740174367325e-06
6.9474021984206e-06
6.9474021984206e-06
6.94740265316796e-06
6.94740310791531e-06
6.94740310791531e-06
6.94740356266266e-06
6.94740356266266e-06
6.94740401741001e-06
6.94740401741001e-06
6.94740447215736e-06
6.94740447215736e-06
6.94740492690471e-06
6.94740538165206e-06
6.94740583639941e-06
6.94740629114676e-06
6.94740629114676e-06
6.94740674589411e-06
6.94740674589411e-06
6.94740720064146e-06
6.94740765538882e-06
6.94740811013617e-06
6.94740811013617e-06
6.94740856488352e-06
6.94740856488352e-06
6.94740901963087e-06
6.94740947437822e-06
6.94740947437822e-06
6.94740992912557e-06
6.94740992912557e-06
6.94740992912557e-06
6.94741083862027e-06
6.94741129336762e-06
6.94741174811497e-06
6.94741220286232e-06
6.94741220286232e-06
6.94741265760968e-06
6.94741311235703e-06
6.94741311235703e-06
6.94741356710438e-06
6.94741356710438e-06
6.94741356710438e-06
6.94741402185173e-06
6.94741447659908e-06
6.94741447659908e-06
6.94741493134643e-06
6.94741493134643e-06
6.94741538609378e-06
6.94741538609378e-06
6.94741584084113e-06
6.94741629558848e-06
6.94741675033583e-06
6.94741720508318e-06
6.94741765983053e-06
6.94741765983053e-06
6.94741811457789e-06
6.94741856932524e-06
6.94741811457789e-06
6.94741856932524e-06
6.94741856932524e-06
6.94741947881994e-06
6.94741947881994e-06
6.94741993356729e-06
6.94741993356729e-06
6.94742038831464e-06
6.94742084306199e-06
6.94742084306199e-06
6.94742129780934e-06
6.94742129780934e-06
6.94742175255669e-06
6.94742175255669e-06
6.94742175255669e-06
6.94742220730404e-06
6.94742266205139e-06
6.94742266205139e-06
6.94742266205139e-06
6.94742266205139e-06
6.9474235715461e-06
6.9474235715461e-06
6.94742402629345e-06
6.9474244810408e-06
6.9474244810408e-06
6.94742493578815e-06
6.94742493578815e-06
6.94742584528285e-06
6.9474253905355e-06
6.94742584528285e-06
6.94742584528285e-06
6.9474263000302e-06
6.94742675477755e-06
6.94742675477755e-06
6.9474272095249e-06
6.94742766427225e-06
6.94742766427225e-06
6.94742811901961e-06
6.94742857376696e-06
6.94742857376696e-06
6.94742857376696e-06
6.94742902851431e-06
6.94742902851431e-06
6.94742948326166e-06
6.94742948326166e-06
6.94742993800901e-06
6.94742993800901e-06
6.94742993800901e-06
6.94743039275636e-06
6.94743084750371e-06
6.94743084750371e-06
6.94743130225106e-06
6.94743175699841e-06
6.94743175699841e-06
6.94743175699841e-06
6.94743175699841e-06
6.94743266649311e-06
6.94743312124046e-06
6.94743312124046e-06
6.94743357598782e-06
6.94743357598782e-06
6.94743403073517e-06
6.94743448548252e-06
6.94743403073517e-06
6.94743448548252e-06
6.94743448548252e-06
6.94743494022987e-06
6.94743494022987e-06
6.94743539497722e-06
6.94743539497722e-06
6.94743630447192e-06
6.94743630447192e-06
6.94743675921927e-06
6.94743675921927e-06
6.94743721396662e-06
6.94743721396662e-06
6.94743812346132e-06
6.94743766871397e-06
6.94743812346132e-06
6.94743812346132e-06
6.94743857820868e-06
6.94743857820868e-06
6.94743903295603e-06
6.94743903295603e-06
6.94743948770338e-06
6.94743994245073e-06
6.94744039719808e-06
6.94744039719808e-06
6.94744039719808e-06
6.94744085194543e-06
6.94744085194543e-06
6.94744130669278e-06
6.94744130669278e-06
6.94744176144013e-06
6.94744176144013e-06
6.94744221618748e-06
6.94744267093483e-06
6.94744267093483e-06
6.94744267093483e-06
6.94744312568218e-06
6.94744358042954e-06
6.94744358042954e-06
6.94744403517689e-06
6.94744403517689e-06
6.94744403517689e-06
6.94744448992424e-06
6.94744494467159e-06
6.94744494467159e-06
6.94744585416629e-06
6.94744585416629e-06
6.94744630891364e-06
6.94744630891364e-06
6.94744676366099e-06
6.94744676366099e-06
6.94744721840834e-06
6.94744721840834e-06
6.94744767315569e-06
6.94744812790304e-06
6.94744812790304e-06
6.9474485826504e-06
6.9474485826504e-06
6.9474494921451e-06
6.9474494921451e-06
6.9474494921451e-06
6.9474494921451e-06
6.94744994689245e-06
6.9474504016398e-06
6.94745085638715e-06
6.94745085638715e-06
6.94745085638715e-06
6.9474513111345e-06
6.9474513111345e-06
6.94745176588185e-06
6.9474522206292e-06
6.9474522206292e-06
6.9474522206292e-06
6.9474522206292e-06
6.94745267537655e-06
6.9474531301239e-06
6.9474531301239e-06
6.94745358487125e-06
6.94745358487125e-06
6.94745403961861e-06
6.94745403961861e-06
6.94745494911331e-06
6.94745449436596e-06
6.94745494911331e-06
6.94745449436596e-06
6.94745540386066e-06
6.94745540386066e-06
6.94745585860801e-06
6.94745631335536e-06
6.94745631335536e-06
6.94745676810271e-06
6.94745676810271e-06
6.94745722285006e-06
6.94745722285006e-06
6.94745767759741e-06
6.94745813234476e-06
6.94745813234476e-06
6.94745858709211e-06
6.94745858709211e-06
6.94745904183947e-06
6.94745904183947e-06
6.94745949658682e-06
6.94745995133417e-06
6.94745995133417e-06
6.94746040608152e-06
6.94746040608152e-06
6.94746086082887e-06
6.94746131557622e-06
6.94746131557622e-06
6.94746177032357e-06
6.94746177032357e-06
6.94746177032357e-06
6.94746267981827e-06
6.94746222507092e-06
6.94746267981827e-06
6.94746267981827e-06
6.94746358931297e-06
6.94746358931297e-06
6.94746358931297e-06
6.94746358931297e-06
6.94746449880768e-06
6.94746449880768e-06
6.94746449880768e-06
6.94746449880768e-06
6.94746495355503e-06
6.94746495355503e-06
6.94746540830238e-06
6.94746540830238e-06
6.94746586304973e-06
6.94746631779708e-06
6.94746631779708e-06
6.94746722729178e-06
6.94746677254443e-06
6.94746768203913e-06
6.94746768203913e-06
6.94746768203913e-06
6.94746768203913e-06
6.94746813678648e-06
6.94746859153383e-06
6.94746859153383e-06
6.94746904628119e-06
6.94746904628119e-06
6.94746950102854e-06
6.94746950102854e-06
6.94746995577589e-06
6.94747041052324e-06
6.94747041052324e-06
6.94747041052324e-06
6.94747086527059e-06
6.94747132001794e-06
6.94747132001794e-06
6.94747132001794e-06
6.94747132001794e-06
6.94747177476529e-06
6.94747177476529e-06
6.94747222951264e-06
6.94747222951264e-06
6.94747268425999e-06
6.94747313900734e-06
6.94747313900734e-06
6.94747313900734e-06
6.94747313900734e-06
6.94747359375469e-06
6.9474745032494e-06
6.94747404850204e-06
6.9474745032494e-06
6.94747495799675e-06
6.9474754127441e-06
6.9474754127441e-06
6.94747586749145e-06
6.9474763222388e-06
6.9474763222388e-06
6.9474763222388e-06
6.94747677698615e-06
6.94747677698615e-06
6.9474772317335e-06
6.9474772317335e-06
6.9474772317335e-06
6.94747768648085e-06
6.94747768648085e-06
6.9474781412282e-06
6.9474781412282e-06
6.94747859597555e-06
6.9474790507229e-06
6.94747950547026e-06
6.9474790507229e-06
6.94747950547026e-06
6.94747950547026e-06
6.94747996021761e-06
6.94748041496496e-06
6.94748086971231e-06
6.94748086971231e-06
6.94748086971231e-06
6.94748132445966e-06
6.94748177920701e-06
6.94748132445966e-06
6.94748177920701e-06
6.94748177920701e-06
6.94748268870171e-06
6.94748268870171e-06
6.94748268870171e-06
6.94748268870171e-06
6.94748359819641e-06
6.94748359819641e-06
6.94748359819641e-06
6.94748450769112e-06
6.94748450769112e-06
6.94748450769112e-06
6.94748496243847e-06
6.94748541718582e-06
6.94748587193317e-06
6.94748587193317e-06
6.94748587193317e-06
6.94748632668052e-06
6.94748678142787e-06
6.94748678142787e-06
6.94748678142787e-06
6.94748723617522e-06
6.94748769092257e-06
6.94748769092257e-06
6.94748814566992e-06
6.94748814566992e-06
6.94748860041727e-06
6.94748860041727e-06
6.94748905516462e-06
6.94748905516462e-06
6.94748950991197e-06
6.94748996465933e-06
6.94748996465933e-06
6.94748996465933e-06
6.94749041940668e-06
6.94749087415403e-06
6.94749041940668e-06
6.94749087415403e-06
6.94749132890138e-06
6.94749132890138e-06
6.94749132890138e-06
6.94749178364873e-06
6.94749178364873e-06
6.94749223839608e-06
6.94749223839608e-06
6.94749269314343e-06
6.94749269314343e-06
6.94749314789078e-06
6.94749314789078e-06
6.94749405738548e-06
6.94749405738548e-06
6.94749451213283e-06
6.94749496688019e-06
6.94749451213283e-06
6.94749496688019e-06
6.94749496688019e-06
6.94749587637489e-06
6.94749542162754e-06
6.94749587637489e-06
6.94749587637489e-06
6.94749678586959e-06
6.94749678586959e-06
6.94749678586959e-06
6.94749678586959e-06
6.94749769536429e-06
6.94749769536429e-06
6.94749769536429e-06
6.94749860485899e-06
6.94749860485899e-06
6.94749860485899e-06
6.94749860485899e-06
6.94749951435369e-06
6.94749951435369e-06
6.94749951435369e-06
6.94749996910105e-06
6.9475004238484e-06
6.9475004238484e-06
6.9475004238484e-06
6.94750087859575e-06
6.9475013333431e-06
6.94750178809045e-06
6.94750178809045e-06
6.9475022428378e-06
6.9475022428378e-06
6.94750269758515e-06
6.94750269758515e-06
6.9475031523325e-06
6.9475031523325e-06
6.94750360707985e-06
6.9475040618272e-06
