0.0
-5.0598989621629e-19
4.71581597594195e-06
1.95341108337743e-05
4.35338697570842e-05
8.17971958895214e-05
0.000138454575790092
0.00021415924129542
0.000310181407257915
0.000425252481363714
0.000556479033548385
0.000697078416123986
0.000841697328723967
0.000986293656751513
0.00112875073682517
0.00126892409753054
0.00140812154859304
0.00154613959603012
0.00168169697280973
0.00181514525320381
0.0019477738533169
0.00207953434437513
0.00220935908146203
0.00233677052892745
0.00246165972203016
0.00258435145951807
0.00270454795099795
0.00282214651815593
0.00293711991980672
0.00304958783090115
0.00315974676050246
0.00326764094643295
0.00337351020425558
0.00347766373306513
0.00358023750595748
0.0036809416487813
0.0037792103830725
0.00387535849586129
0.00396953709423542
0.00406125048175454
0.00415073800832033
0.00423794006928802
0.00432250555604696
0.00440490711480379
0.00448530912399292
0.00456405151635408
0.00464125070720911
0.00471672089770436
0.0047904159873724
0.00486204540356994
0.00493202405050397
0.00500025786459446
0.00506666395813227
0.00513116037473083
0.00519371079280972
0.00525426492094994
0.00531297503039241
0.00537009444087744
0.00542569067329168
0.00547979073598981
0.00553229544311762
0.00558315729722381
0.00563235720619559
0.00567992590367794
0.00572574464604259
0.0057700639590621
0.0058127180673182
0.00585377682000399
0.00589320715516806
0.00593097554519773
0.00596716674044728
0.00600187806412578
0.00603555794805288
0.00606808392331004
0.00609947554767132
0.00610718410462141
0.00611862633377314
0.00613544881343842
0.00616002269089222
0.00618822686374187
0.00621513975784183
0.00624078512191772
0.00626525096595287
0.0062883123755455
0.00630998285487294
0.00633011059835553
0.00634857546538115
0.00636551342904568
0.00638082856312394
0.00639454554766417
0.00640708487480879
0.00641866214573383
0.00642927689477801
0.00643903482705355
0.00644135707989335
0.00644479505717754
0.00644979206845164
0.00645682634785771
0.00646447669714689
0.00647183274850249
0.00647937320172787
0.00648708548396826
0.00649493979290128
0.00650291470810771
0.00651042303070426
