0.0
-5.0598989621629e-19
4.82675613966421e-06
2.00509202841204e-05
4.39277464465704e-05
8.07377291494049e-05
0.000134452871861868
0.000204344192752615
0.000288052455289289
0.000377788266632706
0.000469736929517239
0.000562212080694735
0.000653714640066028
0.000744031043723226
0.000833870901260525
0.000923016457818449
0.00101046601776034
0.00109615118708462
0.00118063203990459
0.00126361416187137
0.00134431617334485
0.00142271653749049
0.00149896484799683
0.001573221758008
0.00164540146943182
0.00171555194538087
0.00178373861126602
0.00184975890442729
0.00191345019266009
0.00197490933351219
0.00203444273211062
0.00209218240343034
0.00214800308458507
0.00220205774530768
0.0022544024977833
0.00230483897030354
0.00235343864187598
0.00240022363141179
0.00244495272636414
0.00248766271397471
0.0025284057483077
0.0025670975446701
0.00260411715134978
0.00263955676928163
0.00267338892444968
0.00270568416453898
0.00273641105741262
0.00276560103520751
0.00279318471439183
0.00281916721723974
0.00284345843829215
0.00286606419831514
0.00288691697642207
0.00290610478259623
0.00292380922473967
0.00294012646190822
0.00295519223436713
0.00296895019710064
0.00298137729987502
0.00299248145893216
0.00300228851847351
0.00301077007316053
0.00301789003424346
0.00302356923930347
0.0030276789329946
0.00303023937158287
0.00303191668353975
0.00303342496044934
0.00303493207320571
0.00303650693967938
0.00303816166706383
0.00303993048146367
0.00304183713160455
0.00304387719370425
0.00304602319374681
0.00304825697094202
0.00305057573132217
0.00305297155864537
0.00305541604757309
0.00305787986144423
0.0030602877959609
0.00306247244589031
0.00306436093524098
0.00306595722213387
0.00306724151596427
0.00306835607625544
0.00306949205696583
0.00307066692039371
0.00307187670841813
0.00307320803403854
0.00307466159574687
0.00307623110711575
0.00307796569541097
0.00307985558174551
0.00308187631890178
0.00308401929214597
0.00308628240600228
0.00308863981626928
0.00309107825160027
0.00309358979575336
0.00309613510034978
