-0.0
2.92450327607944e-16
7.22070581105072e-09
2.61063178186305e-07
2.88660885416903e-07
1.45832382258959e-06
2.07923039852176e-06
-1.26367822304019e-05
-6.44035935692955e-06
-3.28411442751531e-06
3.1777199183125e-07
5.10583049617708e-06
6.28533598501235e-06
-5.86773239774629e-06
-5.27252996107563e-06
-3.21686820825562e-06
-1.59750561579131e-06
6.69460860081017e-08
2.21805385081097e-06
5.20987123309169e-06
1.11296612885781e-05
-1.16337650979403e-06
-5.53127392777242e-07
-1.00890520116081e-06
-4.54900145996362e-07
-1.46721231431002e-06
9.83883182925638e-07
1.03732691059122e-06
2.67581708612852e-06
3.35080949298572e-06
-6.53337338007987e-07
-2.75434376817429e-06
-3.01558429782744e-06
-1.18782281788299e-06
-2.46287527261302e-06
-1.00994384411024e-06
3.37653546012007e-07
2.47964453592431e-06
3.03333490592195e-06
4.39941686636303e-06
4.21839740738505e-06
-8.72597411216702e-07
-1.0368057701271e-06
-9.50783032749314e-07
-1.47558012031368e-06
-1.02684316516388e-06
-1.27052817333606e-06
-4.50893367087701e-07
-6.28407178737689e-07
1.61694833877846e-06
1.33095500132185e-06
2.55501663559698e-06
3.07011214317754e-06
2.49520235229284e-06
1.7249053598789e-06
-2.6935549612972e-07
-3.3690889722493e-07
-3.42702378475224e-07
-4.71916337119183e-07
-1.07753066913574e-07
-3.10288442051387e-07
-2.07220864467672e-07
1.30736680148402e-07
5.32850094714377e-07
6.18182298239844e-07
4.42656471477676e-07
6.33340221156686e-07
4.47704081807387e-07
4.23477047206688e-07
4.61701375797929e-07
1.7288564890805e-07
1.5808890907465e-07
8.17641137018654e-08
1.51361234657088e-08
6.33712318176549e-08
3.76928710466018e-10
3.49249376085936e-08
1.54154349729652e-07
2.72812258117483e-07
3.11845496980823e-07
4.36598099895491e-07
2.68207941189758e-07
2.74533960009649e-07
2.67281308197198e-07
2.83210994211913e-07
2.36916349649618e-07
2.81803835378014e-07
2.12902648399904e-07
2.23889088601936e-07
2.93140573148776e-07
2.96538985367079e-07
1.4039505913388e-07
1.16618394940815e-07
9.35882837893587e-08
3.75444813016657e-08
6.92488981712813e-08
5.5055920711311e-08
8.86172415448527e-08
1.21573634714878e-07
2.25965891331725e-07
3.146648737129e-07
