0.0
0.0
0.0
1.02619059916265e-08
2.18571347687657e-08
1.4399641656837e-07
1.29618149458111e-06
4.22135190092376e-06
9.14291467779549e-06
1.88384801731445e-05
7.13298577466048e-05
0.000135383204906248
0.000202296694624238
0.000268391013378277
0.000333620235323906
0.000402584613766521
0.00046705556451343
0.000531487166881561
0.000595252786297351
0.0006681993836537
0.000731599982827902
0.000794482650235295
0.000856018101330847
0.000917349418159574
0.000978511408902705
0.00103717902675271
0.00109897693619132
0.00115545664448291
0.00121085357386619
0.00126606062985957
0.00132724922150373
0.00138116674497724
0.00143318006303161
0.00148297729901969
0.00154377380385995
0.00159109325613827
0.00164375896565616
0.0016977246850729
0.00174234854057431
0.0017894048942253
0.00184510613325983
0.00188679457642138
0.00193054939154536
0.0019820302259177
0.00201945938169956
0.00207431521266699
0.00210747378878295
0.00216329051181674
0.00219440087676048
0.00224731885828078
0.00227920385077596
0.00232530548237264
0.00236127222888172
0.00238326960243285
0.00243517733179033
0.00247234338894486
0.0025062239728868
0.00255805579945445
0.00257456139661372
0.00261419708840549
0.00263959355652332
0.00269100838340819
0.00270212907344103
0.00275363260880113
0.00276149460114539
0.00281216693110764
0.00280936155468225
0.00285938195884228
0.00288837752304971
0.00290308217518032
0.00295239244587719
0.00290034548379481
0.00290015270002186
0.00285970536060631
0.00284226215444505
0.00284226215444505
0.00278450455516577
0.00278438068926334
0.00278438231907785
0.00272650294937193
0.00272650923579931
0.00266984314657748
0.00265808613039553
0.00265810103155673
0.00263977865688503
0.00258967722766101
0.002589673968032
0.0025896595325321
0.0025212022010237
0.00252119242213666
0.00249035703018308
0.00245271809399128
0.00245271041058004
0.00245085707865655
0.00238424260169268
0.00238423957489431
0.00238423305563629
0.00231577549129725
0.00231577688828111
0.00231577805243433
0.00222996366210282
