-0.0
3.27257028992991e-16
9.65940216701711e-10
-1.55041561811231e-08
6.07415131526068e-08
1.03390448202845e-07
9.77061063167639e-08
1.01317709777504e-07
1.05035724118352e-07
8.66793925524689e-08
-4.62241587229073e-08
-3.76817297365051e-07
-1.81989889824763e-09
4.2600731831044e-09
8.85938788997009e-09
-7.66422090237029e-08
-1.35005393531173e-08
4.89817466586828e-08
3.18177626468241e-07
3.17177182296291e-08
2.02398950932547e-08
1.33200956042856e-07
5.63977664569393e-08
-1.68438418768346e-07
-1.77255060407333e-07
1.92412699107081e-08
-2.08507117349654e-07
-2.16197804547846e-07
-3.77185642719269e-08
2.15841282624751e-08
-9.59171302383766e-07
-6.41251972410828e-07
-4.85280907014385e-07
2.20574293052778e-06
2.72996112471446e-06
2.35302832152229e-06
7.71276972955093e-07
-4.17002229369245e-06
-5.70512838748982e-06
1.42127646540757e-06
2.42563692154363e-06
2.3818665795261e-06
1.72475120052695e-06
-1.78783557203133e-06
-3.6094127153774e-06
-1.65236428983917e-08
1.38473211563905e-07
4.09285576097318e-07
3.82086597028319e-07
9.96140556708269e-07
4.54257303772465e-07
-2.77018102678994e-07
4.07961096016152e-07
-6.58497185668239e-08
3.36620189500536e-08
-2.74987002057969e-07
-4.63927563032485e-08
-1.42684797310721e-07
5.47545937479299e-08
9.88469821550098e-08
3.01589295759186e-07
2.09518674409992e-07
2.16894386539934e-06
1.63174331646587e-06
-5.19619788974524e-07
-2.35330148257162e-07
-4.28204600666504e-08
3.45997932527098e-08
-1.77142879920211e-07
-4.12314562936444e-07
9.93816229311051e-09
-8.90902356331935e-08
-1.28611759464548e-07
1.67727051803013e-07
6.99094414358115e-07
3.29851627611788e-06
-7.3569981395849e-07
-6.14357531958376e-07
-3.93655511743418e-07
-3.83500491807354e-07
1.04068107020794e-07
2.05679384635005e-09
-9.99477833829587e-09
2.73509215276135e-07
-3.64655846851747e-07
-1.34147541075436e-07
-5.83093537898094e-08
-3.37167250563652e-07
-3.23917646483096e-07
1.87011301022721e-06
1.23155552955723e-06
-4.67521402924831e-07
-4.71911334898323e-07
-5.02871500884794e-07
-5.49047285858251e-07
-2.68213199206002e-07
-2.03764400907858e-07
-2.28637276222798e-07
3.17660919790796e-09
-3.25069322570926e-08
-9.99599194528855e-08
-6.24171150320763e-08
-1.11228899868365e-07
-1.14025255015804e-07
4.58551596693724e-08
-6.61546266655932e-08
4.77766377571243e-07
3.1299876468438e-07
-1.06021651902211e-07
-1.03950995367086e-07
-1.01909556349256e-07
-9.88162867088249e-08
-1.61360645734021e-07
-1.84969621841446e-07
-1.9883235324869e-07
-1.81037080437818e-07
5.58398483008204e-09
-3.42137980169355e-08
-8.09980917892972e-08
-1.02069549257067e-07
6.61090098219574e-08
5.42458451491257e-08
