-0.0
5.73295722006151e-09
7.94036623119609e-08
1.55003363033757e-07
1.3626049621962e-08
1.17343461170094e-07
2.34489561989903e-07
3.02734406432137e-07
4.51938831247389e-07
3.48460162058473e-07
2.94263008981943e-06
1.72492582350969e-06
1.76503090187907e-06
6.61530066281557e-07
2.39751534536481e-06
4.19176649302244e-06
1.68936094269156e-06
1.74972228705883e-06
2.31259036809206e-06
2.91102332994342e-06
3.76289244741201e-06
4.00433782488108e-06
4.28053317591548e-06
4.54176915809512e-06
4.87809302285314e-06
5.20315370522439e-06
5.14116254635155e-06
4.53804386779666e-06
4.68629878014326e-06
4.5339111238718e-06
4.69962833449244e-06
3.51754715666175e-06
3.53518407791853e-06
3.55535303242505e-06
3.76524985767901e-06
3.8341386243701e-06
3.93601658288389e-06
3.89119668398052e-06
2.50006269197911e-06
1.98907218873501e-06
2.27564305532724e-06
2.56266503129154e-06
2.93621269520372e-06
-1.29715772345662e-07
6.4301275415346e-06
1.29554246086627e-06
2.21835944103077e-06
5.10276004206389e-06
1.73786247614771e-06
7.07230356056243e-07
4.84830525238067e-06
3.75599483959377e-07
2.78858351521194e-07
8.56991391628981e-07
8.19374690763652e-07
1.4366305549629e-06
1.14520662464201e-06
1.64652010425925e-06
1.64337689056993e-06
1.24883445096202e-06
1.19484320748597e-06
1.1785414244514e-06
1.03461570688523e-06
1.10264227259904e-06
7.77086825110018e-07
1.23558129416779e-06
7.17740476829931e-07
9.38689481699839e-07
6.24229869572446e-07
6.72363967169076e-07
5.33716956852004e-07
5.41409463039599e-07
5.01257090945728e-07
4.33081368100829e-07
4.54880137112923e-07
4.80009475722909e-07
4.65395714854822e-07
4.28692146670073e-07
4.03828380513005e-07
2.00827344087884e-07
1.62574906426016e-07
2.31556441576686e-07
3.44543877872638e-07
2.43150225287536e-07
2.98075974569656e-07
2.36365849559661e-07
2.07116727324319e-07
1.82094936462818e-07
2.43052681980771e-07
1.44135611890306e-07
-3.73049147128768e-08
1.99090749219977e-07
2.06480791575814e-07
1.36620599278103e-07
6.8824732579742e-08
6.01991700932558e-09
-4.38043912254216e-09
-5.52900587535987e-08
4.85130158267566e-10
3.73003672393679e-09
3.35011492325066e-07
-5.54315136014338e-08
-5.46754961305851e-08
-5.46754961305851e-08
