0.0
6.80147759406867e-19
1.76641423710322e-09
6.66976163188338e-08
2.24517705760263e-07
3.52700453731813e-07
7.14159114068025e-07
1.6223580132646e-06
2.11860719900869e-06
2.93183711619349e-06
4.45258865511278e-06
7.13683539288468e-06
8.33905141917057e-06
9.51007405092241e-06
1.10955870695761e-05
1.32514915094362e-05
1.54287627083249e-05
1.79258422576822e-05
2.027934169746e-05
2.34249491768423e-05
2.8316129828454e-05
3.45866938005202e-05
4.15969298046548e-05
4.91246828460135e-05
5.12382903252728e-05
5.45583716302644e-05
5.58807041670661e-05
5.61389606446028e-05
5.62297718715854e-05
5.63651483389549e-05
5.65873342566192e-05
5.66390517633408e-05
5.66904454899486e-05
5.67032839171588e-05
5.67225397389848e-05
5.67689166928176e-05
5.68107243452687e-05
5.68523100810125e-05
5.68961804674473e-05
5.69396070204675e-05
5.69831463508308e-05
5.70266893191729e-05
5.70920637983363e-05
5.71904565731529e-05
5.72955614188686e-05
5.73751349293161e-05
5.74556470382959e-05
5.75193516851868e-05
5.75678568566218e-05
5.76166057726368e-05
5.76653837924823e-05
5.77140781388152e-05
5.77871433051769e-05
5.78602448513266e-05
5.79333500354551e-05
5.80431042180862e-05
5.81254425924271e-05
5.81254425924271e-05
