0.0
3.25492379715797e-07
1.20893344046635e-06
1.90127502719406e-06
3.48481535183964e-06
5.24174902238883e-06
1.20462345876149e-05
2.48124815698247e-05
3.96944051317405e-05
5.16340369358659e-05
6.69567089062184e-05
8.25023671495728e-05
8.73673052410595e-05
9.10360540729016e-05
9.21034006751142e-05
9.31600952753797e-05
9.41952821449377e-05
9.52431219047867e-05
9.550315735396e-05
9.57631928031333e-05
9.60033212322742e-05
9.62459234870039e-05
9.64774444582872e-05
9.68288295553066e-05
9.73405622062273e-05
9.78492898866534e-05
9.83331556199118e-05
9.91267443168908e-05
0.000100198085419834
0.000100422344985418
0.000100631099485327
0.000100843950349372
0.000101031073427293
0.000101222467492335
0.00010127984569408
0.000101287892903201
0.000101294237538241
0.000101300407550298
0.000101309531601146
0.000101322715636343
0.000101327852462418
0.000101335375802591
0.000101346740848385
0.00010136362107005
0.000101369732874446
0.000101378631370608
0.00010139231744688
0.000101397279649973
0.000101404737506527
0.000101415600511245
0.000101431927760132
0.00010145443957299
0.00010146447311854
0.000101476027339231
0.000101488440122921
0.000101492791145574
0.000101499463198707
0.000101509358501062
0.000101524456113111
0.000101529927633237
0.000101538469607476
0.000101550765975844
0.000101570207334589
0.000101576835731976
0.000101587378594559
0.000101602359791286
0.000101608311524615
0.000101616977190133
0.000101630103017669
0.000101634905149695
0.0001016422684188
0.000101653044112027
0.000101669756986666
0.000101675788755529
0.000101684949186165
0.000101699057267979
0.000101720470411237
0.000101752135378774
0.000101764140708838
0.000101782366982661
0.00010178895900026
0.000101799261756241
0.000101814461231697
0.000101829617051408
0.000101844721939415
0.000101866949989926
0.00010187547741225
0.000101888312201481
0.000101907215139363
0.000101914556580596
0.000101925375929568
0.00010194110654993
0.000101957077276893
0.000101973077107687
0.000101989389804658
0.000101995210570749
0.000102004436485004
0.00010201792611042
0.000102031110145617
0.000102044497907627
0.000102065067039803
0.00010207254672423
0.000102083773526829
0.000102100857475307
0.000102125901321415
0.000102135752968024
0.000102150050224736
0.000102164965937845
0.000102179248642642
0.00010219374235021
0.0001022085925797
0.000102222824352793
0.0001022372598527
0.000102252030046657
0.000102266552858055
0.000102280631836038
0.000102295307442546
0.000102309742942452
0.000102323727332987
0.000102338031865656
0.000102352678368334
0.000102366706414614
0.000102380945463665
0.000102395220892504
0.000102406738733407
0.000102417572634295
0.000102428057289217
0.000102432262792718
0.000102438119938597
0.000102447193057742
0.000102450394479092
0.000102455509477295
0.000102463010989595
0.000102473946753889
0.000102478283224627
0.000102484598755836
0.000102493817394134
0.000102507634437643
0.000102528516435996
0.000102536243502982
0.000102547601272818
0.000102551945019513
0.00010255842062179
0.000102568075817544
0.000102582154795527
0.000102603611594532
0.00010261112038279
0.000102622725535184
0.000102631500340067
0.000102640442491975
0.000102653182693757
0.000102658210380469
0.000102665107988287
0.00010267217294313
0.000102679434348829
0.00010268650657963
0.000102693513326813
0.000102700272691436
0.000102702993899584
0.000102706930192653
0.000102712634543423
0.000102714904642198
0.000102718091511633
0.000102723119198345
0.000102730315120425
0.000102737838460598
0.000102744954347145
0.000102752215752844
0.0001027594844345
0.000102766920463182
0.000102769510704093
0.000102773657999933
0.000102779580629431
0.000102781916211825
0.000102785335911904
0.000102790494565852
0.000102798054285813
0.000102801001048647
0.00010280517017236
0.000102811740362085
0.000102817961305846
0.000102824480563868
0.000102830861578695
0.000102836995210964
0.000102839403552935
0.000102842968772165
0.000102848309325054
0.000102856254670769
0.000102868209069129
0.000102885751402937
0.000102912934380583
0.000102914913441055
0.000102917256299406
0.000102919613709673
0.000102923237136565
0.000102928614069242
0.000102936872281134
0.000102948710264172
0.000102967758721206
0.000102973732282408
0.000102978687209543
0.000102983678516466
0.00010298869892722
0.000102996309578884
0.000103007296274882
0.000103024278359953
0.000103030011814553
0.000103034195490181
0.000103038451925386
0.000103045065770857
0.000103053695056587
0.000103057594969869
0.000103061196568888
0.00010306451440556
0.000103069687611423
0.000103071506600827
0.00010307424236089
0.000103078426036518
0.000103084552392829
0.000103094243968371
0.000103097452665679
0.000103100886917673
0.000103104379377328
0.00010310977086192
0.000103117330581881
0.000103129808849189
0.000103133490483742
0.000103136742836796
0.000103139842394739
0.000103143021988217
0.0001031478313962
0.000103154699900188
0.000103157399280462
0.000103161430160981
0.000103167338238563
0.000103176549600903
0.000103179663710762
0.000103184902400244
0.00010318653221475
0.000103189340734389
0.000103193371614907
0.000103199556178879
0.000103204409242608
0.000103209109511226
0.000103215672424994
0.000103226419014391
0.000103229831438512
0.000103233549452852
0.00010323703463655
0.000103242731711362
0.000103248297818936
0.000103253660199698
0.00010325585026294
0.000103258993476629
0.000103263540950138
0.000103270569525193
0.000103280261100736
0.000103284444776364
0.000103288315585814
0.000103292113635689
0.000103297672467306
0.000103306410892401
0.000103317994216923
0.000103323320217896
0.000103328027762473
0.00010333266982343
0.00010333724640077
0.000103343882074114
0.000103346494142897
0.000103350226709154
0.000103355865576304
0.000103364618553314
0.000103367587144021
0.000103372483863495
0.000103374120953958
0.000103376682091039
0.000103380487416871
0.00010338631545892
0.000103394646430388
0.000103407946880907
0.00010341214510845
0.000103416743513662
0.000103421531093773
0.000103425947600044
0.000103430480521638
0.000103435020719189
0.000103441328974441
0.000103444006526843
0.00010344752081437
0.000103451297036372
0.000103454694908578
0.000103460144600831
0.000103464772109874
0.000103466314612888
0.000103468162706122
0.000103471080365125
0.000103475271316711
0.00010347905481467
0.000103483100247104
0.000103487123851664
0.000103490878245793
0.000103496808151249
0.000103498707176186
0.000103501908597536
0.000103504789876752
0.00010350784577895
0.000103510697954334
0.000103513229987584
0.000103516125818714
0.000103516955277883
0.000103518454125151
0.000103520244010724
0.000103523634606972
0.000103524478618056
0.000103526079328731
0.000103528298495803
0.000103530299384147
0.000103532642242499
0.000103533355286345
0.000103534446679987
0.000103536098322365
0.000103538412076887
0.000103541839052923
0.00010354593541706
0.000103549391496927
0.000103551297797821
0.000103553247754462
0.000103555248642806
0.000103556179965381
0.000103557256807107
0.000103558544651605
0.000103559374110773
0.000103561171272304
0.000103561404102948
0.000103561404102948
0.000103561404102948
0.000103561404102948
0.000103561404102948
0.000103561404102948
0.000103561404102948
0.000103561404102948
0.000103561404102948
0.000103561404102948
0.000103561404102948
0.000103561404102948
0.000103735706943553
0.000104262093373109
0.000105028528196272
0.000105029750557151
0.000105032973806374
0.000105035825981759
0.000105039471236523
0.000105042403447442
0.000105046245153062
0.000105047496617772
0.000105047634860966
0.000105049279227387
0.000105049424746539
0.000105049424746539
0.000105049424746539
0.000105049424746539
0.000105049424746539
0.000105049424746539
0.000105049424746539
0.000105049424746539
0.000105049424746539
0.0001050499122357
0.000105051156424452
0.000105054175946862
0.000105058046756312
0.000105058825283777
0.000105059312772937
0.000105059443740174
0.000105059443740174
0.000105059443740174
0.000105059443740174
0.000105059443740174
0.000105059443740174
0.000105059443740174
0.000105059443740174
0.000105059443740174
0.000105059443740174
0.000105059443740174
0.000105059632915072
0.000105061066278722
0.000105061728390865
0.000105063641967718
0.000105065344541799
0.000105065453681163
0.000105066144897137
0.000105066144897137
0.000105066545074806
0.000105066945252474
0.000105068611446768
0.000105072162114084
0.000105076018371619
0.000105076367617585
0.000105076367617585
0.000105076709587593
0.000105077429907396
0.000105078550404869
0.000105080354842357
0.000105085200630128
0.000105089631688315
0.000105093480669893
0.000105095154140145
0.000105096703919116
0.000105097336927429
0.000105097373307217
0.000105097373307217
0.000105097373307217
0.000105097504274454
0.000105097613413818
0.000105097962659784
0.000105098246422131
0.000105099592474289
0.000105102095403709
0.000105102531961165
