0.0
3.64052898937928e-09
1.46272569168104e-07
1.04669300071691e-06
1.88741989859409e-06
3.02736566482054e-06
4.64301547253854e-06
7.98649580247002e-06
1.10841092464398e-05
1.31152210087748e-05
1.34490292111877e-05
1.36663584271446e-05
1.36065746119129e-05
1.330141822109e-05
1.33202283905121e-05
1.38333562063053e-05
1.23434092529351e-05
1.0621531146171e-05
9.66984043770935e-06
9.24164396565175e-06
9.27471501199761e-06
1.01723589978064e-05
1.11115778054227e-05
1.22696083053597e-05
1.26799204736017e-05
1.3072866750008e-05
1.30927164718742e-05
1.31032365970896e-05
1.31143287944724e-05
1.31204569697729e-05
1.31217066154932e-05
1.31226925077499e-05
1.3123497410561e-05
1.31236483866815e-05
1.31236565721338e-05
1.31236556626391e-05
1.31236583911232e-05
1.31236593006179e-05
1.31236602101126e-05
1.3123662029102e-05
1.31236638480914e-05
1.31236674860702e-05
1.31236720335437e-05
1.31236793095013e-05
1.31236902234377e-05
1.31237065943424e-05
1.31237302412046e-05
1.31237675304874e-05
1.31238221001695e-05
1.31239048641874e-05
1.31240276459721e-05
1.3124214092386e-05
1.31244923977647e-05
1.31249125843169e-05
1.31255419546505e-05
1.31264941956033e-05
1.31279321067268e-05
1.31301221699687e-05
1.31334772959235e-05
1.31359456645441e-05
1.31320439322735e-05
1.3125552868587e-05
1.3124415090715e-05
1.31244114527362e-05
1.31244069052627e-05
1.31244014482945e-05
1.31244005387998e-05
1.31243996293051e-05
1.31243996293051e-05
1.31243978103157e-05
1.3124396900821e-05
1.31243959913263e-05
1.31243950818316e-05
1.31243941723369e-05
1.31243932628422e-05
1.31243923533475e-05
1.31243914438528e-05
1.31243905343581e-05
1.31243896248634e-05
1.31243896248634e-05
1.31243887153687e-05
1.31243887153687e-05
1.3124387805874e-05
1.3124387805874e-05
1.31243868963793e-05
1.31243868963793e-05
1.31243859868846e-05
1.31243868963793e-05
1.31243850773899e-05
1.31243868963793e-05
1.31243841678952e-05
1.31243841678952e-05
1.31243841678952e-05
1.31243850773899e-05
1.31243832584005e-05
1.31243832584005e-05
1.31243823489058e-05
1.31243823489058e-05
1.31243814394111e-05
1.31243805299164e-05
1.31243796204217e-05
1.31243796204217e-05
1.31243796204217e-05
1.3124378710927e-05
1.31243778014323e-05
1.31243768919376e-05
1.31243768919376e-05
1.31243759824429e-05
1.31243768919376e-05
1.31243759824429e-05
1.31243759824429e-05
1.31243750729482e-05
1.31243741634535e-05
1.31243741634535e-05
1.31243732539588e-05
1.31243732539588e-05
1.31243723444641e-05
1.31243723444641e-05
1.31243723444641e-05
1.31243705254747e-05
1.31243714349694e-05
1.312436961598e-05
1.31243705254747e-05
1.31243687064853e-05
1.31243687064853e-05
1.31243687064853e-05
1.31243677969906e-05
1.31243677969906e-05
1.31243668874959e-05
1.31243659780012e-05
1.31243659780012e-05
1.31243650685064e-05
1.31243650685064e-05
1.31243641590117e-05
1.31243641590117e-05
1.3124363249517e-05
1.3124363249517e-05
1.3124363249517e-05
1.31243623400223e-05
1.31243623400223e-05
1.31243614305276e-05
1.31243605210329e-05
1.31243614305276e-05
1.31243596115382e-05
1.31243596115382e-05
1.31243587020435e-05
1.31243587020435e-05
1.31243577925488e-05
1.31243577925488e-05
1.31243577925488e-05
1.31243559735594e-05
1.31243559735594e-05
1.31243550640647e-05
1.312435415457e-05
1.31243532450753e-05
1.31243523355806e-05
1.31243523355806e-05
1.31243514260859e-05
1.31243523355806e-05
1.31243514260859e-05
1.31243496070965e-05
1.31243496070965e-05
1.31243496070965e-05
1.31243486976018e-05
1.31243477881071e-05
1.31243486976018e-05
1.31243468786124e-05
1.31243459691177e-05
1.3124345059623e-05
1.31243441501283e-05
1.31243432406336e-05
1.31243423311389e-05
1.31243414216442e-05
1.31243405121495e-05
1.31243396026548e-05
1.31243386931601e-05
1.31243377836654e-05
1.31243368741707e-05
1.31243368741707e-05
1.3124335964676e-05
1.3124335964676e-05
1.3124335964676e-05
1.31243341456866e-05
1.31243341456866e-05
1.31243332361919e-05
1.31243323266972e-05
1.31243323266972e-05
1.31243314172025e-05
1.31243314172025e-05
1.31243314172025e-05
1.31243305077078e-05
1.31243305077078e-05
1.31243295982131e-05
1.31243286887184e-05
1.31243277792237e-05
1.31243277792237e-05
1.31243259602343e-05
1.31243259602343e-05
1.31243259602343e-05
1.31243250507396e-05
1.31243250507396e-05
1.31243241412449e-05
1.31243223222555e-05
1.31243223222555e-05
1.31243214127608e-05
1.31243205032661e-05
1.31243205032661e-05
1.31243195937714e-05
1.31243186842767e-05
1.3124317774782e-05
1.3124317774782e-05
1.31243168652873e-05
1.31243168652873e-05
1.31243168652873e-05
1.31243159557926e-05
1.31243168652873e-05
1.31243141368032e-05
1.31243150462979e-05
1.31243132273084e-05
1.31243141368032e-05
1.31243123178137e-05
1.3124311408319e-05
1.31243104988243e-05
1.31243095893296e-05
1.31243086798349e-05
1.31243077703402e-05
1.31243068608455e-05
1.31243050418561e-05
1.31243014038773e-05
1.31242977658985e-05
1.3124293218425e-05
1.31242886709515e-05
1.3124284123478e-05
1.31242795760045e-05
1.31242759380257e-05
1.31242713905522e-05
1.31242668430787e-05
1.31242622956051e-05
1.31242577481316e-05
1.31242541101528e-05
1.31242495626793e-05
1.31242450152058e-05
1.31242404677323e-05
1.31242368297535e-05
1.312423228228e-05
1.31242277348065e-05
1.3124223187333e-05
1.31242186398595e-05
1.31242150018807e-05
1.31242104544071e-05
1.31242059069336e-05
1.31242013594601e-05
1.31241968119866e-05
1.31241931740078e-05
1.31241886265343e-05
1.31241840790608e-05
1.31241795315873e-05
1.31241758936085e-05
1.3124171346135e-05
1.31241667986615e-05
1.3124162251188e-05
1.31241577037144e-05
1.31241540657356e-05
1.31241495182621e-05
1.31241449707886e-05
1.31241404233151e-05
1.31241358758416e-05
1.31241322378628e-05
1.31241276903893e-05
1.31241231429158e-05
1.31241185954423e-05
1.31241149574635e-05
1.312411040999e-05
1.31241058625164e-05
1.31241013150429e-05
1.31240967675694e-05
1.31240931295906e-05
1.31240885821171e-05
1.31240840346436e-05
1.31240794871701e-05
1.31240758491913e-05
1.31240713017178e-05
1.31240667542443e-05
1.31240622067708e-05
1.31240576592973e-05
1.31240540213184e-05
1.31240494738449e-05
1.31240449263714e-05
1.31240403788979e-05
1.31240358314244e-05
1.31240321934456e-05
1.31240276459721e-05
1.31240230984986e-05
1.31240185510251e-05
1.31240149130463e-05
1.31240103655728e-05
1.31240058180992e-05
1.31240012706257e-05
1.31239967231522e-05
1.31239930851734e-05
1.31239885376999e-05
1.31239839902264e-05
1.31239794427529e-05
1.31239758047741e-05
1.31239685288165e-05
1.31239594338695e-05
1.31239439724595e-05
1.31239294205443e-05
1.31239148686291e-05
1.31239003167138e-05
1.31238857647986e-05
1.31238712128834e-05
1.31238566609682e-05
1.31238421090529e-05
1.3123826647643e-05
1.31238120957278e-05
1.31237975438125e-05
1.31237829918973e-05
1.31237684399821e-05
1.31237538880669e-05
1.31237393361516e-05
1.31237247842364e-05
1.31237093228265e-05
1.31236947709112e-05
1.3123680218996e-05
1.31236656670808e-05
1.31236511151656e-05
1.31236365632503e-05
1.31236220113351e-05
1.31236074594199e-05
1.31235929075046e-05
1.31235774460947e-05
1.31235628941795e-05
1.31235483422643e-05
1.3123533790349e-05
1.31235192384338e-05
1.31235046865186e-05
1.31234901346033e-05
1.31234755826881e-05
1.31234610307729e-05
1.31234464788577e-05
1.31234319269424e-05
1.31234164655325e-05
1.31234019136173e-05
1.3123387361702e-05
1.31233728097868e-05
1.31233582578716e-05
1.31233437059564e-05
1.31233291540411e-05
1.31233146021259e-05
1.31233000502107e-05
1.31232854982954e-05
1.31232709463802e-05
1.31232554849703e-05
1.31232409330551e-05
1.31232263811398e-05
1.31232118292246e-05
1.31231972773094e-05
1.31231827253941e-05
1.31231681734789e-05
1.31231536215637e-05
1.31231390696485e-05
1.31231245177332e-05
1.3123109965818e-05
1.31230954139028e-05
1.31230808619875e-05
1.31230663100723e-05
1.31230517581571e-05
1.31230362967472e-05
1.31230217448319e-05
1.31230071929167e-05
1.31229926410015e-05
1.31229780890862e-05
1.3122963537171e-05
1.31229489852558e-05
1.31229344333406e-05
1.31229198814253e-05
1.31229053295101e-05
1.31228907775949e-05
1.31228762256796e-05
1.31228616737644e-05
1.31228471218492e-05
1.3122832569934e-05
1.31228180180187e-05
1.31228034661035e-05
1.31227889141883e-05
1.31227734527783e-05
1.31227625388419e-05
1.31227516249055e-05
1.31227352540009e-05
1.31227188830962e-05
1.31227016026969e-05
1.31226852317923e-05
1.31226688608876e-05
1.3122652489983e-05
1.31226361190784e-05
1.3122618838679e-05
1.31226024677744e-05
1.31225860968698e-05
1.31225697259651e-05
1.31225533550605e-05
1.31225360746612e-05
1.31225197037566e-05
1.31225033328519e-05
1.31224869619473e-05
1.31224705910427e-05
1.31224533106433e-05
1.31224369397387e-05
1.31224205688341e-05
1.31224041979294e-05
1.31223878270248e-05
1.31223705466255e-05
1.31223541757208e-05
1.31223378048162e-05
1.31223214339116e-05
1.31223050630069e-05
1.31222886921023e-05
1.3122271411703e-05
1.31222550407983e-05
1.31222386698937e-05
1.31222222989891e-05
1.31222059280844e-05
1.31221895571798e-05
1.31221722767805e-05
1.31221559058758e-05
1.31221395349712e-05
1.31221231640666e-05
1.31221067931619e-05
1.31220904222573e-05
1.3122073141858e-05
1.31220567709533e-05
1.31220404000487e-05
1.31220240291441e-05
1.31220076582395e-05
1.31219912873348e-05
1.31219740069355e-05
1.31219576360309e-05
1.31219412651262e-05
1.31219248942216e-05
1.3121908523317e-05
1.31218921524123e-05
1.31218757815077e-05
1.31218585011084e-05
1.31218421302037e-05
1.31218257592991e-05
1.3121813935868e-05
1.31218012029422e-05
1.31217921079951e-05
1.31217821035534e-05
1.31217757370905e-05
1.31217684611329e-05
1.31217630041647e-05
1.31217593661859e-05
1.31217557282071e-05
1.3121752999723e-05
1.31217502712389e-05
1.31217484522494e-05
1.312174663326e-05
1.31217448142706e-05
1.31217439047759e-05
1.31217429952812e-05
1.31217420857865e-05
1.31217420857865e-05
1.31217411762918e-05
1.31217402667971e-05
1.31217402667971e-05
1.31217402667971e-05
1.31217393573024e-05
1.31217393573024e-05
1.31217384478077e-05
1.31217384478077e-05
1.3121737538313e-05
1.31217366288183e-05
1.31217366288183e-05
1.31217357193236e-05
1.3121737538313e-05
1.31217339003342e-05
1.31217348098289e-05
1.31217348098289e-05
1.31217348098289e-05
1.31217339003342e-05
1.31217339003342e-05
1.31217339003342e-05
1.31217329908395e-05
1.31217329908395e-05
1.31217320813448e-05
1.31217311718501e-05
1.31217320813448e-05
1.31217302623554e-05
1.31217302623554e-05
1.31217302623554e-05
1.3121728443366e-05
1.31217302623554e-05
1.31217275338713e-05
1.3121728443366e-05
1.31217275338713e-05
1.31217266243766e-05
1.31217275338713e-05
1.31217257148819e-05
1.31217257148819e-05
1.31217257148819e-05
