-0.0
-1.6067360775196e-09
-9.53576773099485e-09
6.01625060880906e-09
3.33739080815576e-09
-2.63912625086959e-08
-7.14862835593522e-10
-3.33392335960525e-09
-7.6387323133531e-09
-8.09268385637552e-09
-8.37439984024968e-09
-9.30720034375554e-09
-9.44896783039439e-09
-9.58141299634008e-09
-9.69498614722397e-09
-9.79071046458557e-09
-9.89052750810515e-09
-9.91724391496973e-09
-9.99375515675638e-09
-1.00758370535914e-08
-1.00930037660873e-08
-1.01249497674871e-08
-1.01496198112727e-08
-1.02182866612566e-08
-1.02057811091072e-08
-1.02603507912136e-08
-1.02578496807837e-08
-1.0289568308508e-08
-1.03386810224038e-08
-1.03483444036101e-08
-1.02423882708536e-08
-1.02677404356655e-08
-1.0198505151493e-08
-1.02595549833495e-08
-1.02263584267348e-08
-1.00725401352975e-08
-9.8434611572884e-09
-9.74591785052326e-09
-9.59880708251148e-09
-9.66576862992952e-09
-9.88768533716211e-09
-9.9780663731508e-09
-9.96408289211104e-09
-1.00917532108724e-08
1.10138671516324e-08
1.06899733509636e-08
8.83765096659772e-08
8.59588453749893e-08
8.41646397020668e-08
8.22220727059175e-08
8.03494231149671e-08
7.96875383457518e-08
7.86970986155211e-08
7.72628254708252e-08
7.51599600334885e-08
7.16618160367943e-08
6.84860879118787e-08
6.52643166176858e-08
6.22915194981033e-08
5.93834101891844e-08
5.62530431125197e-08
5.33940465174965e-08
5.02355987919145e-08
4.73556838187505e-08
4.48272885478218e-08
4.27610302722314e-08
4.00304998038337e-08
3.73502189177088e-08
3.39744019584032e-08
3.08370999846375e-08
2.75219917966751e-08
2.31793819693848e-08
1.60562194650993e-08
5.49221113033127e-09
-1.0874373401748e-08
-2.48408014158485e-08
-4.00466433347901e-08
-5.74063960812055e-08
1.20686991067487e-07
1.15369630293571e-07
1.08203948911978e-07
8.4900875663152e-08
5.87415343034081e-08
2.89728632196784e-08
1.65587152878288e-08
-2.92716322292108e-08
2.74265858024592e-07
3.74834598915186e-07
3.60107151209377e-07
3.31210685544647e-07
4.77500179840717e-07
6.53742972644977e-07
9.17963006941136e-07
7.79869878897443e-07
4.46680132881738e-07
-3.77766809833702e-07
-2.13938619708642e-07
3.29545400745701e-07
3.20775143336505e-07
1.25398219097406e-06
1.02257945400197e-06
6.71388988848776e-07
4.13372981711291e-06
1.01678524515592e-05
-5.00838905281853e-06
-7.03226760379039e-07
-2.40072222368326e-06
-4.25130019721109e-06
-4.35604852100369e-06
-4.3804757297039e-06
-4.40590156358667e-06
-4.45474324806128e-06
-4.51531377620995e-06
-4.56855741504114e-06
-4.64526783616748e-06
-4.8496021918254e-06
-5.07343611388933e-06
-5.19033710588701e-06
-5.19696004630532e-06
-5.10762765770778e-06
-4.97481960337609e-06
-2.38752727454994e-06
3.19140963256359e-06
6.72604255669285e-06
5.98077349422965e-06
6.38145866105333e-06
7.25324025552254e-06
1.05916715256171e-05
1.20696731755743e-05
1.36689013743307e-05
1.60894396685762e-05
1.84301115950802e-05
2.02978844754398e-05
2.18270579352975e-05
2.44941802520771e-05
2.39632299781078e-05
1.13342939584982e-05
-8.11190511740278e-06
-1.38475334097166e-05
-1.63807108037872e-05
-1.4531176930177e-05
-1.33623052533949e-05
-1.20440545288147e-05
-1.13367532321718e-05
-9.02740248420741e-06
-8.37303014122881e-06
-9.0618177637225e-06
-1.23870850075036e-05
-1.71853698702762e-05
-2.14737483474892e-05
-6.47354536340572e-05
-6.46220432827249e-05
-6.41640071989968e-05
-6.20332575635985e-05
-5.83720575377811e-05
-5.42574780411087e-05
-4.98406880069524e-05
-4.51926825917326e-05
-4.19687858084217e-05
-3.72582071577199e-05
-3.28846799675375e-05
-3.18058810080402e-05
-3.0475495805149e-05
-2.64644295384642e-05
-1.90102346095955e-05
-6.76196577842347e-06
3.85914790967945e-06
1.12607413029764e-05
1.2692313248408e-05
1.2449141649995e-05
1.52058291860158e-05
1.30706521304091e-05
1.20950953714782e-05
9.96301059785765e-06
8.56317819852848e-06
8.78812170412857e-06
9.43047052714974e-06
9.65613253356423e-06
6.97737232258078e-06
2.21897789742798e-06
-2.63363654084969e-06
-7.91064485383686e-06
-1.68234491866315e-05
-1.90850114449859e-05
-1.91467843251303e-05
-2.04037569346838e-05
-2.30252935580211e-05
-2.54040442086989e-05
-2.82813762169098e-05
-0.000106842620880343
-0.000109123706351966
-0.000103632570244372
-0.000102827711089049
-0.000104021033621393
-9.55522118601948e-05
-9.88819519989192e-05
-9.98112373054028e-05
-9.14314005058259e-05
-9.2741145635955e-05
-9.66819934546947e-05
-0.000123796984553337
-0.000166070851264521
-0.000156020236318
-0.000240293622482568
-0.00016025199147407
-0.000156747570144944
-0.000114526119432412
-7.79664114816114e-05
-9.664919343777e-05
-0.00011034648923669
-0.000141354219522327
-0.000150504449266009
-0.000153139204485342
-0.000153893226524815
-0.000149796978803352
-0.000144114965223707
-0.000188796693691984
-0.000264124799286947
-0.000256438681390136
-0.000238523512962274
-0.00021128922526259
-0.000171074119862169
-0.000169965729583055
-0.000168171056429856
-0.000167402700753883
-0.000165854129591025
-0.000161897507496178
-0.000137137103592977
-4.78448891954031e-05
-2.53258294833358e-05
-1.23304998851381e-05
-1.36085945996456e-05
-2.14189021789934e-05
-3.1058782042237e-05
-2.79414671240374e-05
-1.0345804184908e-05
1.23505415103864e-05
4.91261707793456e-05
5.78232793486677e-05
6.56319316476583e-05
6.98487128829584e-05
7.32918706489727e-05
8.04640076239593e-05
8.76884441822767e-05
9.39437886700034e-05
0.000100644647318404
0.000110616514575668
0.000132658256916329
0.000141629003337584
0.000103213969850913
9.94611255009659e-05
0.000135322596179321
0.000163701115525328
0.000183131312951446
0.000182782561751083
0.000187579760677181
0.000192757564946078
0.0002012607146753
0.000196491644601338
0.000201612332602963
0.000211303544347174
0.000228646560572088
0.000238148437347263
0.000249463046202436
0.000257014442468062
0.000252886558882892
0.000249914766754955
0.000249326549237594
0.00023747568775434
0.000216937070945278
0.000210449652513489
0.000202569790417328
0.000188471138244495
0.000167984253494069
0.000159547664225101
0.00014843515236862
0.000131131600937806
0.000127094783238135
0.000122908037155867
0.000121356577437837
0.000119174321298487
0.000118332383863162
0.000118027717689984
0.000117908952233847
0.000117735115054529
0.000117472940473817
0.000117081683129072
0.000116447416075971
0.000115470305900089
0.000114207883598283
0.000112554829684086
0.000110228342236951
0.000106481405964587
0.000104771432233974
0.000102278085250873
9.86341619864106e-05
9.75617294898257e-05
9.55863506533206e-05
9.23264597076923e-05
8.7400883785449e-05
8.64039902808145e-05
8.51175864227116e-05
8.16395768197253e-05
7.65285512898117e-05
7.53258063923568e-05
7.4222894909326e-05
7.26357247913256e-05
7.19671079423279e-05
7.11895336280577e-05
7.0027461333666e-05
6.90985689288937e-05
6.87114370521158e-05
6.86586281517521e-05
6.84663391439244e-05
6.81813835399225e-05
6.77198549965397e-05
6.68554203002714e-05
6.63055543554947e-05
6.94024638505653e-05
6.71410889481194e-05
6.7885201133322e-05
6.74448820063844e-05
6.74659822834656e-05
6.7008746555075e-05
6.64828694425523e-05
6.56652409816161e-05
6.54096729704179e-05
6.52855669613928e-05
6.50320725981146e-05
6.48249915684573e-05
6.46638436592184e-05
6.45029358565807e-05
6.42499362584203e-05
6.38280325802043e-05
6.31160364719108e-05
6.29600253887475e-05
6.2860686739441e-05
6.2706385506317e-05
6.24296953901649e-05
6.20600767433643e-05
6.21635190327652e-05
6.27612607786432e-05
6.27042318228632e-05
6.27047702437267e-05
6.27056360826828e-05
6.27066910965368e-05
6.27083718427457e-05
6.27106710453518e-05
6.27138942945749e-05
6.27182525931858e-05
6.27234621788375e-05
6.27281551714987e-05
6.27273548161611e-05
6.27246190560982e-05
6.27159024588764e-05
6.26900655333884e-05
6.26474356977269e-05
6.28469279035926e-05
6.28796260571107e-05
6.28855123068206e-05
6.28866910119541e-05
6.28886991762556e-05
6.28889538347721e-05
6.28882116870955e-05
6.28875714028254e-05
6.2865306972526e-05
6.28359412075952e-05
6.27810877631418e-05
6.27560439170338e-05
6.27254048595205e-05
6.27068075118586e-05
6.2687111494597e-05
6.26607798039913e-05
6.26180917606689e-05
6.25590837444179e-05
6.25752290943637e-05
6.26004184596241e-05
6.25700922682881e-05
6.21457875240594e-05
6.18951889919117e-05
6.14967066212557e-05
6.14794189459644e-05
6.14193850196898e-05
6.1340986576397e-05
6.12168878433295e-05
6.09914495726116e-05
6.40951766399667e-05
7.00383461662568e-05
7.22737095202319e-05
7.56504596211016e-05
7.7991746366024e-05
7.74100990383886e-05
7.68467943998985e-05
7.68858008086681e-05
7.68495156080462e-05
7.67958918004297e-05
7.66734519856982e-05
7.64879150665365e-05
7.62142663006671e-05
7.57839370635338e-05
7.51378975110129e-05
7.37079753889702e-05
7.31897671357729e-05
7.24037454347126e-05
7.12061955709942e-05
7.07497092662379e-05
7.00791861163452e-05
6.91200257278979e-05
6.90247979946434e-05
6.88662985339761e-05
6.86573403072543e-05
6.83213147567585e-05
6.81968449498527e-05
6.81694509694353e-05
6.81364763295278e-05
6.80845769238658e-05
6.80151206324808e-05
6.79155928082764e-05
6.7875676904805e-05
6.78099895594642e-05
6.76140189170837e-05
6.75409610266797e-05
6.74140028422698e-05
6.73860049573705e-05
6.73418617225252e-05
6.72711903462186e-05
6.71830057399347e-05
6.71602465445176e-05
6.69180590193719e-05
6.68843495077454e-05
6.68464272166602e-05
6.68090360704809e-05
6.67792046442628e-05
6.68028442305513e-05
6.68633074383251e-05
6.70212466502562e-05
6.71928937663324e-05
6.73844551783986e-05
6.76306517561898e-05
6.80148077663034e-05
6.81392411934212e-05
6.83417165419087e-05
6.86713465256616e-05
7.24137353245169e-05
7.71332488511689e-05
8.23054651846178e-05
8.24275994091295e-05
8.26718314783648e-05
8.29599739518017e-05
8.27962867333554e-05
8.19632768980227e-05
8.15183084341697e-05
8.08719196356833e-05
8.06259122327901e-05
8.0223057011608e-05
7.95606101746671e-05
7.85125666880049e-05
7.67938545322977e-05
7.03885307302698e-05
6.76153140375391e-05
6.65580155327916e-05
6.46889238851145e-05
6.20376886217855e-05
5.80489104322623e-05
5.38182976015378e-05
5.18338747497182e-05
4.91078935738187e-05
4.53816392109729e-05
4.03826124966145e-05
3.5334156564204e-05
3.59569130523596e-05
3.57864701072685e-05
3.56453856511507e-05
3.5569926694734e-05
3.54977964889258e-05
3.53525647369679e-05
3.49727160937618e-05
3.45149128406774e-05
3.39555699611083e-05
3.35220320266671e-05
3.27243797073606e-05
3.21784427796956e-05
3.14666795020457e-05
3.08857815980446e-05
2.92307940981118e-05
2.93975208478514e-05
2.82160435745027e-05
2.82160435745027e-05
