0.0
4.91396974666714e-07
8.13903625385137e-06
2.84620691672899e-05
6.15530370851047e-05
0.000110570581455249
0.000174392713233829
0.000252320372965187
0.000347614550264552
0.000458352937130257
0.000584010791499168
0.000617614132352173
0.00066837907070294
0.000687096908222884
0.000715004338417202
0.000756516586989164
0.00079895812086761
0.000842691631987691
0.000905035762116313
0.000995164969936013
0.00111725402530283
0.00124243833124638
0.001359993359074
0.00147124845534563
0.00158212461974472
0.00169076968450099
0.00178451952524483
0.00187265267595649
0.00195525726303458
0.00203276658430696
0.0021046232432127
0.00217191642150283
0.00223430711776018
0.00229156948626041
0.00234373076818883
0.00239109597168863
0.00243482599034905
0.00247341860085726
0.00250787287950516
0.0025371799711138
0.00256352638825774
0.00258467439562082
0.0026022563688457
0.00261492608115077
0.00262486515566707
0.0026301434263587
0.00263160117901862
0.00262889335863292
0.00262480066157877
0.00261538824997842
0.00260082609020174
0.00258468114770949
0.00256638089194894
0.00254399655386806
0.0025227814912796
0.00250229705125093
0.00248249131254852
0.00246233190409839
0.00244273035787046
0.00242222752422094
0.00239954167045653
0.0023819706402719
0.00237722974270582
0.00236813956871629
0.00235528172925115
0.00234155799262226
0.00231854477897286
0.0023003073874861
0.00227553304284811
0.00225966703146696
0.0022358491551131
0.00221841619350016
0.00219771475531161
0.00217691948637366
0.00217249081470072
0.00217249081470072
