0
0.00120000005699694
0.00239999988116324
0.00360000017099083
0.00479999999515712
0.00599999981932342
0.00719999964348972
0.00840000039897859
0.00960000022314486
0.0108000000473112
0.0119999998714775
0.0131999996956438
0.0143999995198101
0.0155999993439764
0.0167999991681427
0.0180000008549542
0.0192000006791205
0.0200999991502613
0.0209999994840473
0.0218999998178333
0.0221249999012798
0.0221812499221415
0.0221953128930182
0.0222164054866881
0.022248046239838
0.0222955083008856
0.0223666985984892
0.0223733724560589
0.0223800481762737
0.0223850531037897
0.0223900580313057
0.0223975682165474
0.022405076539144
0.0224125848617405
0.0224200931843371
0.0224276015069336
0.0224351098295302
0.0224426181521267
0.0224501264747233
0.0224576347973198
0.0224688982125372
0.0224857924040407
0.0225026865955443
0.0225195807870478
0.0225238034036011
0.0225301382597536
0.022532514994964
0.0225360782351345
0.0225414240267128
0.0225494408514351
0.0225524490233511
0.0225569584872574
0.0225637236144394
0.0225662605371327
0.0225700659211725
0.0225757749285549
0.0225843356456608
0.0225971804466099
0.0226100233849138
0.0226228663232178
0.0226260775234551
0.022630894323811
0.0226381176616997
0.0226489545311779
0.0226652098353953
0.0226895918603987
0.022726166760549
0.0227810272481293
0.0228015983011574
0.0228221712168307
0.0228427441325039
0.0228633170481772
0.0228684598114342
0.0228761748876423
0.0228790675755591
0.0228834075387568
0.0228899174835533
0.0228996814694256
0.0229033415671438
0.0229088345076889
0.022917072987184
0.022929429775104
0.0229479668196291
0.022954918211326
0.0229653452988714
0.0229757705237717
0.0229861976113171
0.0230018382426352
0.0230174770113081
0.0230331176426262
0.0230565776582808
0.0230800376739353
0.0231034976895899
0.0231269577052445
0.0231621486600489
0.0232149322982878
0.0232941096182913
0.0234128774609417
0.0235910264309496
0.023858250817284
0.0242590864654631
0.0248603408690542
0.025762222474441
0.0269622222986073
0.0281622221227736
0.0293622219469399
0.030562219908461
0.0308622212614865
0.0309747213032097
0.0310169102158398
0.0310327277984471
0.0310564616229386
0.0310920567717404
0.0311454476322979
0.0311455258633942
0.0311456040944905
0.0311456264462322
0.0311456562485546
0.0311456972267479
0.0311457642819733
0.0311457903590054
0.0311458276119084
0.0311458834912628
0.0311459654476494
0.0311459952499718
0.031146010151133
0.0311460250522942
0.0311460511293263
0.0311460921075195
0.0311461517121643
0.0311462411191315
0.0311463752295822
0.0311465763952583
0.0311466509010643
0.0311467626597733
0.031146934023127
0.0311471873428673
0.0311475673224777
0.0311481410171837
0.0311489978339523
0.0311502830591053
0.0311522127594799
0.0311551035847515
0.0311594435479492
0.0311659516301006
0.0311757156159729
0.0311903634574265
0.0312123314943165
0.0312452854122967
0.031294716289267
0.0313688607420773
0.0314800792839379
0.0316469052340836
0.0318971441593022
0.0322725044097752
0.0328355447854847
0.033680105349049
0.0348801033105702
0.0360801049973816
0.036380106350407
0.0368301065173001
0.0375051067676396
0.0385176034178585
0.03971760510467
0.0409176067914814
0.0421176047530026
0.043317606439814
0.0445176044013352
0.0457176060881466
0.0469176040496678
0.0481176057364792
0.0493176036980004
0.0505176053848118
0.0517176033463329
0.0529176050331444
0.0541176067199558
0.055317604681477
0.0565176063682884
0.0577176043298096
0.058917606016621
0.0601176039781422
0.0613176056649536
0.0625176036264748
0.0637176015879959
0.0649176070000977
0.0661176049616188
0.06731760292314
0.0685176083352417
0.0697176062967629
0.070917604258284
0.0721176022198052
0.0733176076319069
0.0745176055934281
0.0757176035549492
0.0769176015164704
0.0781176069285721
0.0793176048900932
0.0805176028516144
0.0817176082637161
0.0829176062252373
0.0841176041867584
0.0853176021482796
0.0865176075603813
0.0877176055219025
0.0889176034834236
0.0901176014449448
0.0913176068570465
0.0925176048185677
0.0937176027800888
0.0949176081921906
0.0961176061537117
0.0973176041152329
0.098517602076754
0.0997176074888561
0.100917605450377
0.102117603411898
0.103317601373419
0.104517606785521
0.105717604747042
0.106917602708563
0.108117608120665
0.109317606082186
0.110517604043707
0.111717602005228
0.11291760741733
0.114117605378851
0.115317603340372
0.116517608752474
0.117717606713995
0.118799997260794
