0.0
1.63843697181636e-13
1.15989422927454e-12
2.36616607383888e-12
8.45784900449509e-12
1.47761650137745e-10
5.09167097373364e-10
2.07171435562259e-09
4.29182733796551e-09
8.68119265362566e-09
1.56848027899059e-08
2.87883423766289e-08
4.86559024182043e-08
8.57769393292074e-08
1.31592884144993e-07
1.84103598144247e-07
2.40462668443797e-07
3.03651262356652e-07
3.70458110410254e-07
4.20364187903033e-07
4.61296622233931e-07
4.88608407067659e-07
5.14696921527502e-07
5.385821850723e-07
5.57602163553383e-07
5.7035674672079e-07
5.81455424253363e-07
5.90936110711482e-07
5.99344161855697e-07
6.06586581852753e-07
6.12743690453499e-07
6.18264039076166e-07
6.22976813247078e-07
6.27056181201624e-07
6.30529882528208e-07
6.33772458513704e-07
6.36457400560175e-07
6.38674407582585e-07
6.40839175503061e-07
6.42816473828134e-07
6.44228066448704e-07
6.45196848836349e-07
6.4611293737471e-07
6.46718149255321e-07
6.47001456854923e-07
6.4705949398558e-07
6.47041929369152e-07
6.46641524326697e-07
6.45800867005164e-07
6.44777742309088e-07
6.43293333268957e-07
6.40403811758006e-07
6.36270328868704e-07
6.31168802556203e-07
6.26858138730313e-07
6.2202116168919e-07
6.17849366335577e-07
6.12823669143836e-07
6.07971799126972e-07
6.02564682594675e-07
5.97906364419032e-07
5.92503965890501e-07
5.87743102187233e-07
5.82269990445639e-07
5.76642435135e-07
5.71526072690176e-07
5.66715357308567e-07
5.60889759526617e-07
5.56524412331783e-07
5.50339734672889e-07
5.45583361599711e-07
5.45583361599711e-07
