-0.0
3.00190095003927e-10
-3.25935616274364e-08
-8.54115569381975e-08
-3.16527803079225e-07
1.34295987663791e-08
-6.70224835630506e-08
1.37846654979512e-07
4.94927007821389e-06
8.18866610643454e-05
5.74353180127218e-05
4.5431952457875e-05
2.67445939243771e-05
7.06713035469875e-06
3.59833211405203e-06
3.76328898710199e-06
3.75178206013516e-06
3.74555384041741e-06
3.7415957194753e-06
3.74556111637503e-06
3.75846138922498e-06
3.7905847420916e-06
3.82753569283523e-06
3.89665001421236e-06
4.00532735511661e-06
4.16259354096837e-06
3.75523450202309e-06
1.95484608411789e-06
-1.26034137792885e-06
-2.01929651666433e-06
-1.57895192387514e-06
-3.79986886400729e-09
-1.58337206812575e-06
-2.164306351915e-06
-8.56988299346995e-06
-9.10395556275034e-06
-1.03331203717971e-05
-1.03140455394168e-05
4.64434407376757e-07
4.66539091803497e-07
4.69342438691456e-07
4.73248888965827e-07
4.78323102015565e-07
4.8180726253122e-07
4.766897063746e-07
5.3121976861803e-07
6.40484586256207e-07
7.53104075101874e-07
7.79046160914731e-07
7.5216217965135e-07
6.44059525711782e-07
6.24653011982446e-07
5.29009867022978e-07
5.03757178194064e-07
6.49707203592698e-07
7.23814821412816e-07
9.02600277186139e-07
7.16664487754315e-07
4.00885397766615e-07
3.3406419674975e-07
3.71561327483505e-07
5.56083705305355e-07
4.88880402826908e-07
5.22687003012834e-07
4.51379548849218e-07
4.89262731662166e-07
3.96655622125763e-07
3.80485062123626e-07
3.08504212398475e-07
2.86864121790131e-07
3.65654898359935e-07
3.84968444677725e-07
4.61495858417038e-07
4.07704902727346e-07
4.49861374818283e-07
6.45831050860579e-07
4.25427742811735e-07
3.84208817649778e-07
3.78980985260569e-07
3.41976885920303e-07
3.70412493566619e-07
3.43065636343454e-07
3.09421778865726e-07
2.59649880263169e-07
2.01973080038442e-07
1.17786612463533e-07
2.3817921146474e-07
1.38265050964037e-07
2.44738089349994e-07
1.8762078468626e-07
1.96762925952498e-07
1.93393049130464e-07
1.768245851963e-07
3.34722955130928e-07
3.45570668969231e-07
3.27745198092089e-07
3.48087013435361e-07
4.23619439970935e-07
3.15625470648229e-07
2.22054268306238e-07
2.19325357875277e-07
2.77758772426751e-07
1.87456578260026e-07
2.52439406267513e-07
2.51486710567406e-07
1.42705019356981e-07
2.08538352808318e-07
1.88772617093491e-07
1.81184560688052e-07
1.57822441337885e-07
1.24843637649974e-07
9.26345364860026e-08
7.22302146982656e-08
1.76345153590773e-07
1.65027984166954e-07
1.64329776453087e-07
1.47118612403574e-07
1.45602797374522e-07
1.73878248688197e-07
1.70996941051271e-07
1.57716428361709e-07
1.78676032192016e-07
1.83256432251255e-07
1.64417272685569e-07
1.34479975599788e-07
1.8096388032518e-07
1.77171983750668e-07
