0.0
0.00999999977648258
0.0199999995529652
0.0299999993294477
0.0399999991059303
0.0500000007450581
0.0599999986588955
0.0700000002980232
0.0799999982118607
0.0900000035762787
0.100000001490116
0.109999999403954
0.119999997317791
0.129999995231628
0.140000000596046
0.150000005960464
0.152500003576279
0.155000001192093
0.157499998807907
0.158437505364418
0.158613279461861
0.158646240830421
0.158679202198982
0.158712163567543
0.158761590719223
0.158835753798485
0.158946990966797
0.158967852592468
0.158988699316978
0.15900956094265
0.159030422568321
0.159051269292831
0.159082561731339
0.159129485487938
0.159176409244537
0.159223347902298
0.159270271658897
0.159340664744377
0.159358263015747
0.159375861287117
0.159393459558487
0.159419849514961
0.159446254372597
0.159472644329071
0.159492447972298
0.159512251615524
0.15953204035759
0.159551844000816
0.159571632742882
0.159601330757141
0.1596310287714
0.15966072678566
0.159690424799919
0.159720122814178
0.159749820828438
0.159779518842697
0.159809216856956
0.159853756427765
0.159920573234558
0.160020798444748
0.160171136260033
0.16039665043354
0.160734906792641
0.161242306232452
0.162003397941589
0.163145035505295
0.164857476949692
0.16742616891861
0.171279191970825
0.171640411019325
0.172182247042656
0.172724068164825
0.173265904188156
0.174078643321991
0.17438343167305
0.174688205122948
0.174992993474007
0.175297766923904
0.17537397146225
0.175450161099434
0.175507307052612
0.175564453005791
0.175650179386139
0.175735890865326
0.175821617245674
0.175885900855064
0.175950184464455
0.176014482975006
0.176038593053818
0.176074758172035
0.176128998398781
0.17616967856884
0.176210358738899
0.176251038908958
0.176312074065208
0.176373094320297
0.176434114575386
0.1765256524086
0.176617190241814
0.176708728075027
0.176800265908241
0.176891803741455
0.177029117941856
0.177235066890717
0.177441030740738
0.177646994590759
0.177698478102684
0.177749961614609
0.177827209234238
0.177943050861359
0.178116828203201
0.178377494215965
0.178572997450829
0.178768500685692
0.178964003920555
0.179257243871689
0.179697126150131
0.180356934666634
0.180851802229881
0.181346654891968
0.181841507554054
0.182336375117302
0.183078661561012
0.184192091226578
0.185862243175507
0.1883674710989
0.192125305533409
0.197762072086334
0.20621719956398
0.216217204928398
0.226217210292816
0.236217200756073
0.236842200160027
0.237076580524445
0.237164467573166
0.237186446785927
0.237208411097527
0.237241372466087
0.237290814518929
0.23736497759819
0.237476214766502
0.23764306306839
0.237893342971802
0.23826876282692
0.238831907510757
0.239676609635353
0.240943655371666
0.242844238877296
0.245695114135742
0.24997141957283
0.256385892629623
0.266007572412491
0.276007562875748
0.286007583141327
0.296007573604584
0.306007564067841
0.31600758433342
0.326007574796677
0.336007565259933
0.346007585525513
0.35600757598877
0.366007566452026
0.376007586717606
0.386007577180862
0.396007567644119
0.406007587909698
0.416007578372955
0.426007568836212
0.436007589101791
0.446007579565048
0.456007570028305
0.466007590293884
0.476007580757141
0.486007571220398
0.496007561683655
0.506007552146912
0.516007602214813
0.52600759267807
0.536007583141327
0.546007573604584
0.556007564067841
0.566007554531097
0.576007604598999
0.586007595062256
0.596007585525513
0.60600757598877
0.616007566452026
0.626007556915283
0.63600754737854
0.646007597446442
0.656007587909698
0.666007578372955
0.676007568836212
0.686007559299469
0.696007549762726
0.706007599830627
0.716007590293884
0.726007580757141
0.736007571220398
0.746007561683655
0.756007552146912
0.766007602214813
0.77600759267807
0.786007583141327
0.796007573604584
0.806007564067841
0.816007554531097
0.826007604598999
0.836007595062256
0.846007585525513
0.85600757598877
0.858507573604584
0.862257599830627
0.862609148025513
0.863136470317841
0.863136470317841
