0.0
1.18287596251321e-06
1.3208325526648e-06
1.94576637113641e-06
2.63616539086797e-06
3.68117389371037e-06
4.8758156481199e-06
6.17275372860604e-06
6.58892986393766e-06
7.00440114087542e-06
7.65509958000621e-06
8.605204129708e-06
8.85829831531737e-06
9.11361530597787e-06
9.3749977168045e-06
9.7395277407486e-06
1.01286241260823e-05
1.05493645605748e-05
1.09627399069723e-05
1.13690621219575e-05
1.19531378004467e-05
1.2758021512127e-05
1.38407685881248e-05
1.53008768393192e-05
1.70563962456072e-05
1.8799866666086e-05
2.11456172110047e-05
2.37746917264303e-05
2.65805556409759e-05
3.18391903419979e-05
3.33900716213975e-05
3.49125693901442e-05
3.71789064956829e-05
4.07125298806932e-05
4.73797990707681e-05
4.92297367600258e-05
5.1192291721236e-05
5.37547821295448e-05
5.60629159735981e-05
5.83867913519498e-05
5.89120099903084e-05
5.94350130995736e-05
6.0676051361952e-05
6.14701639278792e-05
6.22449588263407e-05
6.30127033218741e-05
6.41396472929046e-05
6.58160424791276e-05
6.75276896799915e-05
6.96933784638532e-05
7.14166890247725e-05
7.31162144802511e-05
7.48164529795758e-05
7.65175864216872e-05
7.91157726780511e-05
8.31365323392674e-05
8.73197277542204e-05
8.95096018211916e-05
9.01532403076999e-05
9.03275795280933e-05
9.04616099433042e-05
9.0598885435611e-05
9.07403300516307e-05
9.0776760771405e-05
9.08133297343738e-05
9.08842630451545e-05
9.09539012354799e-05
9.10534436115995e-05
9.11501847440377e-05
9.12277610041201e-05
9.13211770239286e-05
9.14284173632041e-05
9.15615382837132e-05
9.15754571906291e-05
9.15902201086283e-05
9.16061908355914e-05
9.1635447461158e-05
9.16875869734213e-05
9.17148281587288e-05
9.17413271963596e-05
9.17798533919267e-05
9.18364894459955e-05
9.1920534032397e-05
9.2045527708251e-05
9.22311228350736e-05
9.25080894376151e-05
9.29312154767103e-05
9.35723801376298e-05
9.45273277466185e-05
9.59722165134735e-05
9.65119470492937e-05
9.73261703620665e-05
9.86319209914654e-05
9.87276289379224e-05
9.88232568488456e-05
9.89173058769666e-05
9.90556218312122e-05
9.92587665678002e-05
9.95568989310414e-05
9.99926414806396e-05
0.000100632933026645
0.000101581266790163
0.00010303471935913
0.000105230974440929
0.000108564774564002
0.000109847249404993
0.000111894893052522
0.000112456153146923
0.000112626032205299
0.000112805850221775
0.000112995308882091
0.000113193491415586
0.000113401991256978
0.000113619295007084
0.000113845206215046
0.000114078451588284
0.000114320988359395
0.000114572838356253
0.000114834241685458
0.000115105664008297
0.000115349714178592
0.000115556911623571
0.000115737340820488
0.000115897411888
0.000116046438051853
0.000116189803520683
0.000116328650619835
0.000116529387014452
0.000116826442535967
0.000117269482871052
0.000117934236186557
0.000118937459774315
0.000120476091979071
0.000121089426102117
0.000121327313536312
0.0001216841628775
0.000121818717161659
0.00012204307859065
0.00012223407975398
0.000122392244520597
0.000122566154459491
0.000122757774079219
0.00012296783097554
0.000123197765788063
0.000123446676298045
0.00012371338380035
0.000123969730339013
0.000124193044030108
0.000124381229397841
0.000124540034448728
0.000124668164062314
0.000124783196952194
0.000124890808365308
0.00012499449076131
0.000125147358630784
0.000125373975606635
0.000125715145259164
0.000126235419884324
0.000127041435916908
0.000127124818391167
0.000127206032630056
0.000127225634059869
0.000127233026432805
0.000127235805848613
0.00012723685358651
0.000127237246488221
0.000127237275592051
0.000127237319247797
0.000127237348351628
0.000127237362903543
0.000127237392007373
0.000127237392007373
0.000127237406559289
0.000127237421111204
0.000127237435663119
0.000127237435663119
0.000127237450215034
0.000127237479318865
0.000127237479318865
0.00012723749387078
0.000127237508422695
0.00012723752297461
0.00012723752297461
0.000127237537526526
0.000127237537526526
0.000127237537526526
0.000127237552078441
0.000127237552078441
0.000127237552078441
0.000127237566630356
0.000127237581182271
0.000127237595734186
0.000127237595734186
0.000127237610286102
0.000127237624838017
0.000127237624838017
0.000127237639389932
0.000127237639389932
0.000127237639389932
0.000127237653941847
0.000127237668493763
0.000127237668493763
0.000127237683045678
0.000127237683045678
0.000127237697597593
0.000127237697597593
0.000127237712149508
0.000127237726701424
0.000127237741253339
0.000127237755805254
0.000127237770357169
0.000127237770357169
0.000127237784909084
0.000127237814012915
0.000127237814012915
0.00012723782856483
0.000127237843116745
0.000127237857668661
0.000127237857668661
0.000127237872220576
0.000127237901324406
0.000127237901324406
0.000127237915876321
0.000127237930428237
0.000127237944980152
0.000127237959532067
0.000127237974083982
0.000127237974083982
0.000127237988635898
0.000127238003187813
0.000127238017739728
0.000127238017739728
0.000127238032291643
0.000127238046843559
0.000127238061395474
0.000127238061395474
0.000127238075947389
0.000127238105051219
0.000127238105051219
0.000127238119603135
0.000127238119603135
0.000127238119603135
0.000127238119603135
0.00012723813415505
0.00012723813415505
0.00012723813415505
0.00012723813415505
0.00012723813415505
0.00012723813415505
0.000127238148706965
0.000127238148706965
0.000127238148706965
0.000127238148706965
0.000127238148706965
0.000127238148706965
0.000127238148706965
0.000127238148706965
0.000127238148706965
0.000127238148706965
0.00012723816325888
0.00012723816325888
0.00012723816325888
0.00012723816325888
0.00012723816325888
0.00012723816325888
0.00012723816325888
0.00012723816325888
0.00012723816325888
0.00012723816325888
0.00012723816325888
0.00012723816325888
0.00012723816325888
0.00012723816325888
0.00012723816325888
0.00012723816325888
0.000127238177810796
0.000127238177810796
0.000127238177810796
0.000127238177810796
0.000127238177810796
0.000127238177810796
0.000127238177810796
0.000127238177810796
0.000127238177810796
0.000127238177810796
0.000127238192362711
0.000127238192362711
0.000127238192362711
0.000127238206914626
0.000127238221466541
0.000127238236018457
0.000127238250570372
0.000127238250570372
0.000127238265122287
0.000127238265122287
0.000127238265122287
0.000127238279674202
0.000127238294226117
0.000127238308778033
0.000127238323329948
0.000127238337881863
0.000127238337881863
0.000127238352433778
0.000127238366985694
0.000127238381537609
0.000127238381537609
0.000127238396089524
0.000127238410641439
0.000127238425193354
0.000127238425193354
0.00012723843974527
0.000127238454297185
0.000127238454297185
0.0001272384688491
0.000127238483401015
0.000127238483401015
0.000127238497952931
0.000127238527056761
0.000127238527056761
0.000127238541608676
0.000127238556160592
0.000127238570712507
0.000127238585264422
0.000127238585264422
0.000127238599816337
0.000127238614368252
0.000127238628920168
0.000127238643472083
0.000127238658023998
0.000127238672575913
0.000127238672575913
0.000127238687127829
0.000127238701679744
0.000127238716231659
0.000127238730783574
0.00012723874533549
0.00012723877443932
0.000127238788991235
0.00012723880354315
0.00012723880354315
0.00012723880354315
0.000127238818095066
0.000127238818095066
0.000127238818095066
0.000127238818095066
0.000127238832646981
0.000127238832646981
0.000127238832646981
0.000127238847198896
0.000127238847198896
0.000127238847198896
0.000127238847198896
0.000127238861750811
0.000127238861750811
0.000127238876302727
0.000127238876302727
0.000127238905406557
0.000127238919958472
0.000127238934510387
0.000127238963614218
0.000127238963614218
0.000127238978166133
0.000127238992718048
0.000127238992718048
0.000127239007269964
0.000127239021821879
0.000127239021821879
0.000127239036373794
0.000127239050925709
0.000127239065477625
0.00012723908002954
0.00012723910913337
0.00012723910913337
0.000127239123685285
0.000127239138237201
0.000127239138237201
0.000127239152789116
0.000127239152789116
0.000127239152789116
0.000127239167341031
0.000127239167341031
0.000127239167341031
0.000127239167341031
0.000127239181892946
0.000127239181892946
0.000127239196444862
0.000127239210996777
0.000127239210996777
0.000127239225548692
0.000127239240100607
0.000127239240100607
0.000127239254652523
0.000127239269204438
0.000127239283756353
0.000127239298308268
0.000127239312860183
0.000127239327412099
0.000127239327412099
0.000127239327412099
0.000127239341964014
0.000127239341964014
0.000127239341964014
0.000127239356515929
0.000127239356515929
0.000127239371067844
0.000127239371067844
0.00012723938561976
0.000127239400171675
0.00012723941472359
0.000127239429275505
0.00012723944382742
0.000127239458379336
0.000127239472931251
0.000127239487483166
0.000127239502035081
0.000127239516586997
0.000127239516586997
0.000127239531138912
0.000127239545690827
0.000127239545690827
0.000127239545690827
0.000127239560242742
0.000127239560242742
0.000127239560242742
0.000127239560242742
0.000127239574794658
0.000127239574794658
0.000127239574794658
0.000127239574794658
0.000127239574794658
0.000127239574794658
0.000127239574794658
0.000127239574794658
0.000127239574794658
0.000127239574794658
0.000127239574794658
0.000127239589346573
0.000127239589346573
0.000127239589346573
0.000127239589346573
0.000127239589346573
0.000127239589346573
0.000127239589346573
0.000127239589346573
0.000127239603898488
0.000127239603898488
0.000127239618450403
0.000127239633002318
0.000127239647554234
0.000127239676658064
0.000127239691209979
0.000127239705761895
0.00012723972031381
0.000127239734865725
0.000127239734865725
0.00012723974941764
0.000127239763969555
0.000127239763969555
0.000127239778521471
0.000127239793073386
0.000127239807625301
0.000127239822177216
0.000127239822177216
0.000127239836729132
0.000127239851281047
0.000127239865832962
0.000127239865832962
0.000127239880384877
0.000127239880384877
0.000127239880384877
0.000127239880384877
0.000127239880384877
0.000127239880384877
0.000127239880384877
0.000127239880384877
0.000127239894936793
0.000127239894936793
0.000127239894936793
0.000127239894936793
0.000127239894936793
0.000127239894936793
0.000127239894936793
0.000127239894936793
0.000127239894936793
0.000127239909488708
0.000127239909488708
0.000127239909488708
0.000127239909488708
0.000127239909488708
0.000127239909488708
0.000127239909488708
0.000127239909488708
0.000127239909488708
0.000127239909488708
0.000127239909488708
0.000127239909488708
0.000127239909488708
0.000127239909488708
0.000127239924040623
0.000127239924040623
0.000127239924040623
