0.0
5.26049745985802e-08
5.32517709928015e-08
5.65704780797205e-08
6.16960065258354e-08
6.32395185107271e-08
6.34135730592789e-08
6.35831582940227e-08
6.42575201936779e-08
7.69847545711855e-08
8.73849899107881e-08
1.00987179507683e-07
1.37758661367116e-07
2.4971060952339e-07
8.8424371824658e-07
4.20035166825983e-06
6.33870649835444e-06
7.03993919159984e-06
7.81846483732807e-06
8.12922280601924e-06
8.64815046952572e-06
9.46235013543628e-06
1.07314890556154e-05
1.27183020595112e-05
1.64381090144161e-05
1.68273618328385e-05
1.73034168255981e-05
1.7437672795495e-05
1.75843142642407e-05
1.77454530785326e-05
1.79248727363301e-05
1.81286468432518e-05
1.83681040653028e-05
1.86534562089946e-05
1.90007358469302e-05
1.94192452909192e-05
1.9963630620623e-05
2.05117376026465e-05
2.10683483601315e-05
2.15868130908348e-05
2.22161161218537e-05
2.29099514399422e-05
2.36068608501228e-05
2.41045872826362e-05
2.44914499489823e-05
2.48228316195309e-05
2.52800509770168e-05
2.59410098806256e-05
2.6926949431072e-05
2.86827289528446e-05
3.09822171402629e-05
3.36042176058982e-05
3.63815888704266e-05
3.92580295738298e-05
4.00335593440104e-05
4.08417945436668e-05
4.16918119299226e-05
4.26024598709773e-05
4.28404127887916e-05
4.30859872722067e-05
4.33415443694685e-05
4.36110967712011e-05
4.39027317042928e-05
4.42355485574808e-05
4.46630838268902e-05
4.50751176686026e-05
4.55743429483846e-05
4.61508752778172e-05
4.67522877443116e-05
4.75575543532614e-05
4.85834207211155e-05
4.94333035021555e-05
5.01205795444548e-05
5.09075507579837e-05
5.18104607181158e-05
5.29142198502086e-05
5.44085269211791e-05
5.65455884498078e-05
5.97076541453134e-05
6.44573665340431e-05
7.15244677849114e-05
8.21061767055653e-05
9.74754511844367e-05
0.000119791613542475
0.000152048058225773
0.000203719275305048
0.000283048022538424
0.000380368088372052
0.000480472372146323
0.000581728876568377
0.000683768419548869
0.000788261473644525
0.000893689109943807
0.000994870206341147
0.00109481404069811
0.0011935435468331
0.00129031075630337
0.00138409354258329
0.00147481320891529
0.00156434427481145
0.00165302492678165
0.00173953303601593
0.00182484881952405
0.00190892547834665
0.00199092249386013
0.00206983182579279
0.00214762939140201
0.00222282554022968
0.00229704845696688
0.002369015943259
0.00244054081849754
0.00250971876084805
0.0025769358035177
0.00264147063717246
0.00270712119527161
0.0027695398312062
0.00282927392981946
0.0028898052405566
0.00295573752373457
0.00296424026601017
0.00293264468200505
0.00290614832192659
0.00289939460344613
0.00288868718780577
0.00288868718780577
