0.0
2.01011133071916e-07
2.99523549074365e-07
3.2841828101482e-07
3.2841828101482e-07
4.00956025714549e-07
5.27376869285945e-07
5.31820830929064e-07
5.3989401749277e-07
6.5200089238715e-07
9.15486225494533e-07
1.24991345273884e-06
1.53953669723705e-06
1.84004920811276e-06
2.10071470974071e-06
2.36148684962245e-06
2.67721884483763e-06
2.96297844215587e-06
3.27924931298185e-06
3.35968570652767e-06
3.43962551596633e-06
3.45428225045907e-06
3.46530896422337e-06
3.4762372251862e-06
3.49240303876286e-06
3.50886512023862e-06
3.51198264070263e-06
3.51509902429825e-06
3.51824087374553e-06
3.5214345643908e-06
3.52461688635231e-06
3.52761298927362e-06
3.53199288838368e-06
3.53848008671775e-06
3.54822145709477e-06
3.56268355972134e-06
3.58444026460347e-06
3.6066423945158e-06
3.62939522347006e-06
3.65237133337359e-06
3.67542884305294e-06
3.69852614312549e-06
3.72169370166375e-06
3.74488831766939e-06
3.77964988729218e-06
3.83195856556995e-06
3.88440366805298e-06
3.93640766560566e-06
3.98916790800286e-06
4.02795831178082e-06
4.06616300097085e-06
4.09403673984343e-06
4.1130533645628e-06
4.12608414990245e-06
4.12843883168534e-06
4.13073848903878e-06
4.13295174439554e-06
4.13502311857883e-06
4.13694579037838e-06
4.13896805184777e-06
4.14115083913202e-06
4.14343594457023e-06
4.14579972130014e-06
4.14943497162312e-06
4.1549897105142e-06
4.16061311625526e-06
4.16623106502811e-06
4.17192450186121e-06
4.18052195527707e-06
4.19347179558827e-06
4.21161303165718e-06
4.2258338908141e-06
4.22922721554642e-06
4.23254141423968e-06
4.23569326812867e-06
4.23860456066905e-06
4.24124436904094e-06
4.24372137786122e-06
4.24613654104178e-06
4.24854397351737e-06
4.25116377300583e-06
4.2540473259578e-06
4.25697953687632e-06
4.26142287324183e-06
4.26814813181409e-06
4.28008888775366e-06
4.29866531703738e-06
4.32585875387304e-06
4.36489381172578e-06
4.37781227446976e-06
4.38716278949869e-06
4.39576797361951e-06
4.40419171354733e-06
4.41254405814107e-06
4.41501424575108e-06
4.41684824181721e-06
4.41850079369033e-06
4.41991505795158e-06
4.42133705291781e-06
4.42250893684104e-06
4.42368673247984e-06
4.42488590124412e-06
4.4261046241445e-06
4.42734108219156e-06
4.42942155132187e-06
4.43269073002739e-06
4.43556882601115e-06
4.43757517132326e-06
4.43956423623604e-06
4.44160059487331e-06
4.44424904344487e-06
4.44706392954686e-06
4.4499061004899e-06
4.45417435912532e-06
4.46041076429537e-06
4.46880176241393e-06
4.47121556135244e-06
4.4735566007148e-06
4.47667798653129e-06
4.48076070824754e-06
4.48377340944717e-06
4.4843027353636e-06
4.48516493634088e-06
4.48631271865452e-06
4.48732498625759e-06
4.48816672360408e-06
4.48878063252778e-06
4.48945002062828e-06
4.49003482572152e-06
4.49046319772606e-06
4.49076014774619e-06
4.49109666078584e-06
4.49127537649474e-06
4.49142726210994e-06
4.4916637307324e-06
4.49170647698338e-06
4.49170647698338e-06
4.49214667241904e-06
4.49237222710508e-06
4.49237222710508e-06
4.49237222710508e-06
4.49237222710508e-06
4.49237222710508e-06
4.49237222710508e-06
4.49237222710508e-06
4.49237222710508e-06
4.49237222710508e-06
4.49237222710508e-06
4.49237813882064e-06
4.49248273071134e-06
4.49269509772421e-06
4.49278013547882e-06
4.49281060355133e-06
4.49285926151788e-06
4.49285926151788e-06
4.49285926151788e-06
4.49285926151788e-06
4.49285926151788e-06
4.49285926151788e-06
4.49285926151788e-06
4.49285926151788e-06
4.49285926151788e-06
4.49285926151788e-06
4.49285926151788e-06
4.49285926151788e-06
4.49285926151788e-06
4.49285926151788e-06
4.49285926151788e-06
4.49285926151788e-06
4.49285926151788e-06
4.49285926151788e-06
4.49285926151788e-06
4.49285926151788e-06
4.49285926151788e-06
4.49285926151788e-06
4.49285926151788e-06
4.49285926151788e-06
4.49285926151788e-06
4.49285926151788e-06
4.49285926151788e-06
4.49285926151788e-06
4.49285926151788e-06
4.49285926151788e-06
4.49285926151788e-06
4.49285926151788e-06
4.49285926151788e-06
4.49285926151788e-06
4.49285926151788e-06
4.49285926151788e-06
4.49285926151788e-06
4.49285926151788e-06
4.49285926151788e-06
4.49285926151788e-06
4.49285926151788e-06
4.49285926151788e-06
4.49285926151788e-06
4.49285926151788e-06
4.49285926151788e-06
4.49285926151788e-06
4.49285926151788e-06
4.49285926151788e-06
4.49285926151788e-06
4.49285926151788e-06
4.49285926151788e-06
4.49285926151788e-06
4.49285926151788e-06
4.49285926151788e-06
4.49285926151788e-06
4.49285926151788e-06
4.49285926151788e-06
4.49285926151788e-06
4.49285926151788e-06
4.49285926151788e-06
4.49285926151788e-06
4.49285926151788e-06
4.49285926151788e-06
4.49285926151788e-06
4.49285926151788e-06
4.49285926151788e-06
4.49285926151788e-06
4.49285926151788e-06
4.49285926151788e-06
4.49285926151788e-06
4.49285926151788e-06
4.49285926151788e-06
4.49285926151788e-06
4.49285926151788e-06
4.49285926151788e-06
4.49285926151788e-06
4.49285926151788e-06
4.49285926151788e-06
4.49285926151788e-06
4.49285926151788e-06
4.49285926151788e-06
4.49285926151788e-06
4.49285926151788e-06
4.49285926151788e-06
4.49285926151788e-06
4.49285926151788e-06
4.49285926151788e-06
4.49285971626523e-06
4.49285971626523e-06
4.49285971626523e-06
4.49285971626523e-06
4.49285971626523e-06
4.49285971626523e-06
4.49285971626523e-06
4.49285971626523e-06
4.49285971626523e-06
4.49285971626523e-06
4.49285971626523e-06
4.49285971626523e-06
4.49285971626523e-06
4.49285971626523e-06
4.49285971626523e-06
4.49285971626523e-06
4.49285971626523e-06
4.49285971626523e-06
4.49285971626523e-06
4.49285971626523e-06
4.49285971626523e-06
4.49285971626523e-06
4.49285971626523e-06
4.49285971626523e-06
4.49285971626523e-06
4.49285971626523e-06
4.49285971626523e-06
4.49285971626523e-06
4.49285971626523e-06
4.49285971626523e-06
4.49285971626523e-06
4.49285971626523e-06
4.49285971626523e-06
4.49285971626523e-06
4.49285971626523e-06
4.49285971626523e-06
4.49285971626523e-06
4.49285971626523e-06
4.49285971626523e-06
4.49285971626523e-06
4.49285971626523e-06
4.49285971626523e-06
4.49285971626523e-06
4.49285971626523e-06
4.49285971626523e-06
4.49285971626523e-06
4.49285971626523e-06
4.49285971626523e-06
4.49285971626523e-06
4.49285971626523e-06
4.49285971626523e-06
4.49285971626523e-06
4.49285971626523e-06
4.49285971626523e-06
4.49285971626523e-06
4.49285971626523e-06
4.49285971626523e-06
4.49285971626523e-06
4.49285971626523e-06
4.49285971626523e-06
4.49285971626523e-06
4.49285971626523e-06
4.49285971626523e-06
4.49285971626523e-06
4.49285971626523e-06
4.49285971626523e-06
4.49285971626523e-06
4.49285971626523e-06
4.49285971626523e-06
4.49285971626523e-06
4.49285971626523e-06
4.49285971626523e-06
4.49285971626523e-06
4.49285971626523e-06
4.49285971626523e-06
4.49285971626523e-06
4.49285971626523e-06
4.49285971626523e-06
4.49285971626523e-06
4.49285971626523e-06
4.49285971626523e-06
4.49285971626523e-06
4.49285971626523e-06
4.49285971626523e-06
4.49285971626523e-06
4.49285971626523e-06
4.49285971626523e-06
4.49285971626523e-06
4.49285971626523e-06
4.49285971626523e-06
4.49285971626523e-06
4.49285971626523e-06
4.49285971626523e-06
4.49285971626523e-06
4.49285971626523e-06
4.49285971626523e-06
4.49285971626523e-06
4.49285971626523e-06
4.49285971626523e-06
4.49285971626523e-06
4.49285971626523e-06
4.49285971626523e-06
4.49285971626523e-06
4.49285971626523e-06
4.49285971626523e-06
4.49285971626523e-06
4.49285971626523e-06
4.49285971626523e-06
4.49285971626523e-06
4.49285971626523e-06
4.49285971626523e-06
4.49285971626523e-06
4.49285971626523e-06
4.49285971626523e-06
4.49285971626523e-06
4.49285971626523e-06
4.49285971626523e-06
4.49285971626523e-06
4.49285971626523e-06
4.49285971626523e-06
4.49285971626523e-06
4.49285971626523e-06
4.49285971626523e-06
4.49285971626523e-06
4.49285971626523e-06
4.49285971626523e-06
4.49285971626523e-06
4.49285971626523e-06
4.49285971626523e-06
4.49285971626523e-06
4.49285971626523e-06
4.49285971626523e-06
4.49285971626523e-06
4.49285971626523e-06
4.49285971626523e-06
4.49285971626523e-06
4.49285971626523e-06
4.49285971626523e-06
4.49285971626523e-06
4.49285971626523e-06
4.49285971626523e-06
4.49285971626523e-06
4.49285971626523e-06
4.49285971626523e-06
4.49285971626523e-06
4.49285971626523e-06
4.49285971626523e-06
4.49285971626523e-06
4.49285971626523e-06
4.49285971626523e-06
4.49285971626523e-06
4.49285971626523e-06
4.49285971626523e-06
4.49285971626523e-06
4.49285971626523e-06
4.49285971626523e-06
4.49285971626523e-06
4.49285971626523e-06
4.49285971626523e-06
4.49285971626523e-06
4.49285971626523e-06
4.49285971626523e-06
4.49285971626523e-06
4.49285971626523e-06
4.49285971626523e-06
4.49285971626523e-06
4.49285971626523e-06
4.49285971626523e-06
4.49285971626523e-06
4.49285971626523e-06
4.49285971626523e-06
4.49285971626523e-06
4.49285971626523e-06
4.49285971626523e-06
4.49285971626523e-06
4.49285971626523e-06
4.49285971626523e-06
4.49285971626523e-06
4.49285971626523e-06
4.49285971626523e-06
4.49285971626523e-06
4.49285971626523e-06
4.49285971626523e-06
4.49285971626523e-06
4.49285971626523e-06
4.49285971626523e-06
4.49285971626523e-06
4.49285971626523e-06
4.49285971626523e-06
4.49285971626523e-06
4.49285971626523e-06
4.49285971626523e-06
4.49285971626523e-06
4.49285971626523e-06
4.49285971626523e-06
4.49285971626523e-06
4.49285971626523e-06
4.49285971626523e-06
4.49285971626523e-06
4.49285971626523e-06
4.49285971626523e-06
4.49285971626523e-06
4.49285971626523e-06
4.49285971626523e-06
4.49285971626523e-06
4.49285971626523e-06
4.49285971626523e-06
4.49285971626523e-06
4.49285971626523e-06
4.49285971626523e-06
4.49285971626523e-06
4.49285971626523e-06
4.49285971626523e-06
4.49285971626523e-06
4.49285971626523e-06
4.49285971626523e-06
4.49285971626523e-06
4.49285971626523e-06
4.49285971626523e-06
4.49285971626523e-06
4.49285971626523e-06
4.49285971626523e-06
4.49285971626523e-06
4.49285971626523e-06
4.49285971626523e-06
4.49285971626523e-06
4.49285971626523e-06
4.49285971626523e-06
4.49285971626523e-06
4.49285971626523e-06
4.49285971626523e-06
4.49285971626523e-06
4.49285971626523e-06
4.49285971626523e-06
4.49285971626523e-06
4.49285971626523e-06
4.49285971626523e-06
4.49285971626523e-06
4.49285971626523e-06
4.49285971626523e-06
4.49285971626523e-06
4.49285971626523e-06
4.49285971626523e-06
4.49285971626523e-06
4.49285971626523e-06
4.49285971626523e-06
4.49285971626523e-06
4.49285971626523e-06
4.49285971626523e-06
4.49285971626523e-06
4.49285971626523e-06
4.49285971626523e-06
4.49285971626523e-06
4.49285971626523e-06
4.49285971626523e-06
4.49285971626523e-06
4.49285971626523e-06
4.49285971626523e-06
4.49285971626523e-06
4.49285971626523e-06
4.49285971626523e-06
