0.0
3.01722998252962e-31
2.41008660850639e-06
1.71717838384211e-05
5.56141676497646e-05
0.000114083937660325
0.000190991733688861
0.000291558826575056
0.000351672264514491
0.000382834230549634
0.000390586850699037
0.000398312869947404
0.000406015256885439
0.000413693196605891
0.000421343604102731
0.000428966741310433
0.000436596892541274
0.000444224278908223
0.00045186304487288
0.000459561822935939
0.000467262492747977
0.000474945496534929
0.000486589531647041
0.000498399545904249
0.000501339789479971
0.000504279159940779
0.000508690776769072
0.000514213170390576
0.00052042625611648
0.000526593066751957
0.000532635720446706
0.000541475776117295
0.000554356491193175
0.000567069393582642
0.000570050557143986
0.000573122117202729
0.000576522143092006
0.000577865808736533
0.000579473271500319
0.000580647960305214
0.00058183551300317
0.000583636399824172
0.000586390669923276
0.000590677023865283
0.000597385398577899
0.000607919355388731
0.000622766907326877
0.00064395263325423
0.000651969283353537
0.000664137944113463
0.000668754219077528
0.000675748917274177
0.00068652763729915
0.000703506171703339
0.000730568775907159
0.000774629588704556
0.000810449768323451
0.000848186085931957
0.00088762363884598
0.000928572495467961
0.000970914668869227
0.00101458677090704
0.00104802765417844
0.00105017132591456
0.00105231942143291
0.00105447485111654
0.00105664960574359
0.00105828372761607
0.00105992017779499
0.00106155883986503
0.00106319971382618
0.00106484279967844
0.00106731127016246
0.00107102259062231
0.00107660924550146
0.00108503515366465
0.00109777739271522
0.00111711886711419
0.00114661303814501
0.00117666600272059
0.00120723689906299
0.00123822782188654
0.00126951979473233
0.00130113307386637
0.00133316637948155
0.00136538874357939
0.00139789190143347
0.00143025221768767
0.00144229817669839
0.00144681055098772
0.0014535792870447
0.00145612703636289
0.0014570897910744
0.00145856908056885
0.00146115710958838
0.00146199413575232
0.00146300985943526
0.00146343233063817
0.00146414863411337
0.00147699646186084
0.00150782277341932
0.00150782149285078
0.00150782032869756
0.00150781904812902
0.00150781741831452
0.00150781462434679
0.00150780903641135
0.00150779937393963
0.00150777737144381
0.00150760309770703
0.00150672404561192
0.00150861882138997
0.0015276997582987
0.00152623001486063
0.0015242745866999
0.00152175279799849
0.00154398963786662
0.00154397147707641
0.00154327659402043
0.00154287309851497
0.00154249870683998
0.00154243421275169
0.00154091976583004
0.00154059461783618
0.00154055655002594
0.00154056679457426
0.0015405184822157
0.00154050148557872
0.00154041161295027
0.00153998984023929
0.00153982685878873
0.00153927586507052
0.00153911940287799
0.00153911940287799
