0.0
5.21432639288832e-08
2.61054469774535e-06
9.06926288735121e-06
1.07869473140454e-05
1.3171355931263e-05
1.95315751625458e-05
3.3680447813822e-05
5.41001609235536e-05
7.23066405043937e-05
9.44074490689673e-05
0.000121798999316525
0.000154394219862297
0.000188656820682809
0.000241417132201605
0.000301273685181513
0.000372658803826198
0.000389034219551831
0.000422289478592575
0.000473401218187064
0.000548528507351875
0.000648125598672777
0.000739272043574601
0.000826842559035867
0.000911410606931895
0.00100142532028258
0.00109546806197613
0.00117356062401086
0.00124899973161519
0.00132705946452916
0.00141047686338425
0.00149038666859269
0.00155547284521163
0.0016174556221813
0.00167726189829409
0.0017351214773953
0.00178938906174153
0.00184186396654695
0.00188885093666613
0.00193543627392501
0.00197794358246028
0.00201873504556715
0.00205730926245451
0.00209427275694907
0.00212866882793605
0.00216216850094497
0.00219171424396336
0.00221941899508238
0.00224394188262522
0.00226653018034995
0.00228638388216496
0.00230341544374824
0.00231859227642417
0.00233035790733993
0.00234274473041296
0.0023506167344749
0.00235987617634237
0.00236409064382315
0.00237043108791113
0.00237116287462413
0.00237386417575181
0.00237053725868464
0.00236906134523451
0.0023614396341145
0.00235487543977797
0.0023422040976584
0.00233452394604683
0.00231792381964624
0.00230654166080058
0.00228964607231319
0.00227529346011579
0.00225422973744571
0.00223554996773601
0.0022160594817251
0.00219011236913502
0.00216856668703258
0.00214110338129103
0.00211656140163541
0.00208464590832591
0.00205458467826247
0.00202458538115025
0.00198957044631243
0.00195510243065655
0.00192273897118866
0.00188661820720881
0.00184978579636663
0.00181173020973802
0.00177289184648544
0.00173319841269404
0.00169211917091161
0.00165058753918856
0.00160980690270662
0.00156718527432531
0.00152296514715999
0.00147899345029145
0.0014300316106528
0.0013818172737956
0.00133598619140685
0.00128346215933561
0.00123012077528983
0.00118381984066218
0.00113471271470189
0.00107972696423531
0.0010307541815564
0.00097950454801321
0.000925838889088482
0.000873821903951466
