0.0
1.07647437630476e-07
1.79187708226891e-07
5.65528921470104e-07
7.00198938829999e-07
9.33295837057813e-07
1.59190039994428e-06
3.04276818496874e-06
6.09566268394701e-06
9.45325064094504e-06
1.37851848194259e-05
1.97151966858655e-05
2.73399527941365e-05
3.64467086910736e-05
5.25620780535974e-05
7.67433812143281e-05
0.00012055020488333
0.000139935742481612
0.000177615031134337
0.000256281287875026
0.000406679784646258
0.000589920906350017
0.000790986116044223
0.000990957021713257
0.00118767085950822
0.0013868035748601
0.00159002479631454
0.0017790055135265
0.00196430692449212
0.00215171044692397
0.00234626978635788
0.00253686076030135
0.00271069840528071
0.00288099655881524
0.00304586300626397
0.00320738786831498
0.00336437672376633
0.00351974042132497
0.00366725400090218
0.00381505046971142
0.00395658565685153
0.00409411545842886
0.00422676838934422
0.00435711210593581
0.00448240758851171
0.00460540316998959
0.00472227437421679
0.0048380745574832
0.00494903419166803
0.00505816098302603
0.00516327144578099
0.00526483776047826
0.00536478497087955
0.00545757636427879
0.00555196963250637
0.00563719589263201
0.00572591461241245
0.00580281671136618
0.00588451791554689
0.00595453102141619
0.00603145640343428
0.00609513511881232
0.00616624811664224
0.0062247347086668
0.00628878548741341
0.00633849063888192
0.00640220008790493
0.0064427494071424
0.00649799685925245
0.00653931824490428
0.00658781034871936
0.00661907065659761
0.00665877386927605
0.00669813062995672
0.0067201154306531
0.00675781350582838
0.00677947420626879
0.00681253895163536
0.00682345079258084
0.00684338249266148
0.00686524575576186
0.00687272800132632
0.00688317185267806
0.0069017936475575
0.00690727354958653
0.00691080652177334
0.00691043958067894
0.0069095860235393
0.0069077811203897
0.00690099131315947
0.00689338147640228
0.00689147459343076
0.00688322493806481
0.00687069445848465
0.00686182733625174
0.00683287531137466
0.00681070284917951
0.00680577661842108
0.00677272817119956
0.00673431204631925
0.00673431903123856
0.00671695591881871
0.00666381092742085
0.00664479471743107
0.00661075720563531
0.00656606815755367
0.00652713933959603
