0.0
0.00120000005699694
0.00240000011399388
0.00359999993816018
0.00389999989420176
0.00435000006109476
0.00502499984577298
0.00603750022128224
0.00705000013113022
0.00780937494710088
0.00856874976307154
0.00932812504470348
0.0100875003263354
0.0108468746766448
0.0119859371334314
0.0131859378889203
0.0143859377130866
0.0146859372034669
0.0151359373703599
0.0158109366893768
0.0168234370648861
0.0180234368890524
0.0192234367132187
0.0204234384000301
0.0216234382241964
0.0228234380483627
0.024023437872529
0.0252234376966953
0.0264234375208616
0.0276234373450279
0.0288234371691942
0.0300234369933605
0.0312234368175268
0.0324234366416931
0.0336234383285046
0.0348234362900257
0.0360234379768372
0.0372234359383583
0.0384234376251698
0.0396234393119812
0.0408234372735023
0.0420234389603138
0.0432234369218349
0.0444234386086464
0.0456234365701675
0.046823438256979
0.0480234362185001
0.0492234379053116
0.0504234358668327
0.0516234375536442
0.0528234392404556
0.0540234372019768
0.0552234388887882
0.0564234368503094
0.0576234385371208
0.058823436498642
0.0600234381854534
0.0612234361469746
0.062423437833786
0.0636234357953072
0.0648234412074089
0.0660234391689301
0.0672234371304512
0.0684234350919724
0.0696234405040741
0.0708234384655952
0.0720234364271164
0.0732234343886375
0.0744234398007393
0.0756234377622604
0.0768234357237816
0.0780234411358833
0.0792234390974045
0.0804234370589256
0.0816234350204468
0.0828234404325485
0.0840234383940697
0.0852234363555908
0.086423434317112
0.0876234397292137
0.0888234376907349
0.090023435652256
0.0912234410643578
0.0924234390258789
0.0936234369874001
0.0948234349489212
0.0960234403610229
0.0972234383225441
0.0984234362840652
0.0996234342455864
0.100823439657688
0.102023437619209
0.10322343558073
0.104423440992832
0.105623438954353
0.106823436915874
0.108023434877396
0.109223440289497
0.110423438251019
0.11162343621254
0.112823434174061
0.114023439586163
0.115223437547684
0.116423435509205
0.117623440921307
0.118823438882828
0.119999997317791
