0.0
-6.73875547363423e-07
-6.92850449013349e-07
-7.29861142190202e-07
-7.30844362806238e-07
-7.36766992304183e-07
-7.53304220779683e-07
-7.57949521812407e-07
-7.63922344049206e-07
-7.711299190305e-07
-7.77912134708458e-07
-7.79289905494807e-07
-7.8059656516416e-07
-7.81907033342577e-07
-7.8221825106084e-07
-7.8253009405671e-07
-7.82993140546751e-07
-7.83702660100971e-07
-7.84823896538001e-07
-7.86060070367967e-07
-7.87436306382006e-07
-7.89004161561024e-07
-7.90838726061338e-07
-7.92917546732497e-07
-7.96503854871844e-07
-8.00680822976574e-07
-8.05456579655583e-07
-8.10855453892145e-07
-8.16998067421082e-07
-8.27643191314564e-07
-8.30585634048475e-07
-8.33671890632104e-07
-8.38561049931741e-07
-8.46470754822803e-07
-8.59768874761357e-07
-8.8372627260469e-07
-9.30166550006106e-07
-9.8900261491508e-07
-1.05734864064289e-06
-1.12456677925366e-06
-1.19675178211764e-06
-1.26841212022555e-06
-1.33910600652598e-06
-1.4069861435928e-06
-1.4740702454219e-06
-1.53149835568911e-06
-1.57955162194412e-06
-1.62067919973197e-06
-1.65187918810261e-06
-1.67750511081977e-06
-1.76426704001642e-06
-1.91034291674441e-06
-2.04562661565433e-06
-2.1775904315291e-06
-2.33830405704794e-06
-2.39151472669619e-06
-2.09956874641648e-06
-1.63506206263264e-06
-1.57529461830563e-06
-1.52693257859937e-06
-1.54396775542409e-06
-1.64951632086741e-06
-1.86391787337925e-06
-2.14475653592672e-06
-2.43037243308208e-06
-2.65170137936366e-06
-2.85596570392954e-06
-3.06325227938942e-06
-3.28223268297734e-06
-3.59582554665394e-06
-3.96950736103463e-06
-4.37531207353459e-06
-4.80309654449229e-06
-5.18158321938245e-06
-5.45863895240473e-06
-5.94544326304458e-06
-6.64554227114422e-06
-8.02992235549027e-06
-9.30018995859427e-06
-1.0675727025955e-05
-1.24332173072617e-05
-1.32144286908442e-05
-1.42346198117593e-05
-1.55319121404318e-05
-1.70103103300789e-05
-1.87710593309021e-05
-2.13265357160708e-05
-2.60911856457824e-05
-3.43909960065503e-05
-3.65723135473672e-05
-3.86819629056845e-05
-4.07953666581307e-05
-4.40248040831648e-05
-4.89990306959953e-05
-5.65708542126231e-05
-6.37708799331449e-05
-7.07154104020447e-05
-8.0759811680764e-05
-9.14604170247912e-05
-0.000103051082987804
-0.00011487805750221
-0.000126681974506937
-0.000144409510539845
-0.000170725412317552
-0.000209917809115723
-0.000266026007011533
-0.000353807961801067
-0.000438806950114667
-0.000525741605088115
-0.000618061283603311
-0.000708695675712079
-0.000797527492977679
-0.000884508132003248
-0.000969666754826903
-0.00105293968226761
-0.00113434530794621
-0.00121388444676995
-0.00129135395400226
-0.00136710272636265
-0.00144086813088506
-0.00151279510464519
-0.00158279237803072
-0.00165094505064189
-0.00171738746576011
-0.0017820387147367
-0.00184491788968444
-0.00190592871513218
-0.00196509319357574
-0.00202257744967937
-0.002078409306705
-0.00213259644806385
-0.00218515121378005
-0.00223589246161282
-0.00228507188148797
-0.00233267992734909
-0.00237874616868794
-0.0024233350995928
-0.00246630702167749
-0.00250777276232839
-0.00254778773523867
-0.00258622108958662
-0.00262326491065323
-0.00265925168059766
-0.00269371340982616
-0.00272680539637804
-0.00275860191322863
-0.00278893066570163
-0.00281801423989236
-0.00284597324207425
-0.00287257879972458
-0.00289805652573705
-0.00292231584899127
-0.00294536049477756
-0.00296720745973289
-0.00298787094652653
-0.00300745596177876
-0.00302595808170736
-0.00304356450214982
-0.00306009594351053
-0.00307556660845876
-0.00308996811509132
-0.00310359988361597
-0.00311620370484889
-0.00312794628553092
-0.00313881039619446
-0.00314875063486397
-0.00315789110027254
-0.00316630466841161
-0.00317386584356427
-0.00318068079650402
-0.00318678445182741
-0.00319216120988131
-0.00319689908064902
-0.00320090539753437
-0.00320428446866572
-0.00320706842467189
-0.00320924608968198
-0.00321087567135692
-0.00321198371239007
-0.00321260024793446
-0.00321282027289271
-0.00321284891106188
-0.00321284518577158
-0.00321284309029579
-0.00321283610537648
-0.00321283633820713
-0.00321283633820713
