0.0
0.00120000005699694
0.00240000011399388
0.00359999993816018
0.00389999989420176
0.00419999985024333
0.0044999998062849
0.00480000022798777
0.00510000018402934
0.00517500005662441
0.00524999992921948
0.00532499980181456
0.00540000014007092
0.00547500001266599
0.0055031250230968
0.00553125003352761
0.00555937504395843
0.00558750005438924
0.00562968757003546
0.00569296861067414
0.00578789040446281
0.00593027332797647
0.0061438474804163
0.00646420894190669
0.00694475090131164
0.00766556384041905
0.00838637724518776
0.00910719018429518
0.0098280031234026
0.01054881606251
0.0112696290016174
0.0114498324692249
0.0116300350055099
0.0118102384731174
0.0119904419407248
0.0121706454083323
0.012305798009038
0.012440949678421
0.0125761022791266
0.0127788307145238
0.0130829242989421
0.0133870169520378
0.0136911096051335
0.0139952031895518
0.0142992958426476
0.0147554352879524
0.0154396444559097
0.0156962238252163
0.016081091016531
0.016658391803503
0.0175243448466063
0.0187243446707726
0.0199243444949389
0.0211243443191051
0.0223243441432714
0.0235243439674377
0.0235290322452784
0.0235360637307167
0.0235466100275517
0.0235624313354492
0.0235683638602495
0.0235772617161274
0.0235780961811543
0.0235781352967024
0.0235781650990248
0.0235781874507666
0.0235782079398632
0.023578230291605
0.0235782638192177
0.0235783141106367
0.0235783867537975
0.0235784985125065
0.0235786661505699
0.0235789157450199
0.0235792919993401
0.0235793273895979
0.0235793795436621
0.0235793851315975
0.0235793869942427
0.023579390719533
0.023579390719533
0.023579390719533
0.0235793925821781
0.0235793925821781
0.0235793925821781
0.0235793944448233
0.0235793944448233
0.0235793963074684
0.0235793963074684
0.0235793963074684
0.0235793981701136
0.0235793981701136
0.0235793981701136
0.0235794000327587
0.0235794000327587
0.0235794000327587
0.0235794018954039
0.0235794018954039
0.023579403758049
0.023579403758049
0.023579403758049
0.0235794056206942
0.0235794056206942
0.0235794056206942
0.0235794074833393
0.0235794074833393
0.0235794074833393
0.0235794093459845
0.0235794093459845
0.0235794093459845
0.0235794112086296
0.0235794112086296
0.0235794112086296
0.0235794130712748
0.0235794130712748
0.0235794149339199
0.0235794149339199
0.0235794149339199
0.0235794167965651
0.0235794167965651
0.0235794186592102
0.0235794186592102
0.0235794186592102
0.0235794205218554
0.0235794205218554
0.0235794205218554
0.0235794223845005
0.0235794223845005
0.0235794223845005
0.0235794242471457
0.0235794242471457
0.0235794261097908
0.0235794261097908
0.0235794261097908
0.0235794261097908
0.023579427972436
0.023579427972436
0.0235794298350811
0.0235794298350811
0.0235794298350811
0.0235794316977262
0.0235794316977262
0.0235794316977262
0.0235794335603714
0.0235794335603714
0.0235794354230165
0.0235794354230165
0.0235794354230165
0.0235794372856617
0.0235794372856617
0.0235794372856617
0.0235794372856617
0.0235794391483068
0.0235794391483068
0.023579441010952
0.023579441010952
0.023579441010952
0.0235794428735971
0.0235794428735971
0.0235794447362423
0.0235794447362423
0.0235794447362423
0.0235794465988874
0.0235794465988874
0.0235794465988874
0.0235794484615326
0.0235794484615326
0.0235794484615326
0.0235794503241777
0.0235794503241777
0.0235794503241777
0.0235794521868229
0.0235794521868229
0.0235794521868229
0.023579454049468
0.023579454049468
0.0235794559121132
0.0235794559121132
0.0235794559121132
0.0235794577747583
0.0235794577747583
0.0235794577747583
0.0235794596374035
0.0235794596374035
0.0235794596374035
0.0235794615000486
0.0235794615000486
0.0235794615000486
0.0235794633626938
0.0235794633626938
0.0235794633626938
0.0235794652253389
0.0235794652253389
0.0235794670879841
0.0235794670879841
0.0235794670879841
0.0235794689506292
0.0235794689506292
0.0235794689506292
0.0235794708132744
0.0235794708132744
0.0235794708132744
0.0235794726759195
0.0235794726759195
0.0235794745385647
0.0235794745385647
0.0235794745385647
0.0235794764012098
0.0235794764012098
0.0235794764012098
0.023579478263855
0.023579478263855
0.023579478263855
0.0235794801265001
0.0235794801265001
0.0235794801265001
0.0235794819891453
0.0235794819891453
0.0235794819891453
0.0235794838517904
0.0235794838517904
0.0235794857144356
0.0235794857144356
0.0235794857144356
0.0235794875770807
0.0235794875770807
0.0235794894397259
0.0235794894397259
0.0235794894397259
0.023579491302371
0.023579491302371
0.023579491302371
0.0235794931650162
0.0235794931650162
0.0235794950276613
0.0235794950276613
0.0235794950276613
0.0235794968903065
0.0235794968903065
0.0235794968903065
0.0235794968903065
0.0235794987529516
0.0235794987529516
0.0235795006155968
0.0235795006155968
0.0235795006155968
0.0235795024782419
0.0235795024782419
0.0235795024782419
0.0235795043408871
0.0235795043408871
0.0235795062035322
0.0235795062035322
0.0235795062035322
0.0235795080661774
0.0235795080661774
0.0235795080661774
0.0235795080661774
0.0235795099288225
0.0235795099288225
0.0235795117914677
0.0235795117914677
0.0235795117914677
0.0235795136541128
0.0235795136541128
0.023579515516758
0.023579515516758
0.023579515516758
0.0235795173794031
0.0235795173794031
0.0235795173794031
0.0235795192420483
0.0235795192420483
0.0235795192420483
0.0235795211046934
0.0235795211046934
0.0235795229673386
0.0235795229673386
0.0235795229673386
0.0235795248299837
0.0235795248299837
0.0235795248299837
0.0235795266926289
0.0235795266926289
0.0235795266926289
0.023579528555274
0.023579528555274
0.023579528555274
0.0235795304179192
0.0235795304179192
0.0235795304179192
0.0235795322805643
0.0235795322805643
0.0235795341432095
0.0235795341432095
0.0235795341432095
0.0235795341432095
0.0235795360058546
0.0235795360058546
0.0235795378684998
0.0235795378684998
0.0235795378684998
0.0235795397311449
0.0235795397311449
0.0235795397311449
0.0235795415937901
0.0235795415937901
0.0235795434564352
0.0235795434564352
0.0235795453190804
0.0235795453190804
0.0235795453190804
0.0235795471817255
0.0235795471817255
0.0235795471817255
0.0235795471817255
0.0235795490443707
0.0235795490443707
0.0235795490443707
0.0235795509070158
0.0235795509070158
0.0235795509070158
0.0235795527696609
0.0235795527696609
0.0235795546323061
0.0235795546323061
0.0235795564949512
0.0235795564949512
0.0235795564949512
0.0235795564949512
0.0235795583575964
0.0235795583575964
0.0235795583575964
0.0235795583575964
0.0235795583575964
0.0235795583575964
0.0235795583575964
0.0235795583575964
