0.0
0.00120000005699694
0.00240000011399388
0.00359999993816018
0.00389999989420176
0.00435000006109476
0.00502499984577298
0.00603750022128224
0.00723750004544854
0.00843750033527613
0.00963750015944242
0.0108374999836087
0.012037499807775
0.0132374996319413
0.0144375003874302
0.0156375002115965
0.0168375000357628
0.0180374998599291
0.0183374993503094
0.0186375007033348
0.0189375001937151
0.0193875003606081
0.0200625006109476
0.0210749991238117
0.0213281251490116
0.0215812493115664
0.0219609383493662
0.0225304681807756
0.023384764790535
0.0236847661435604
0.0241347663104534
0.0248097646981478
0.025822265073657
0.0261222664266825
0.0265722647309303
0.0272472649812698
0.0282597653567791
0.0294597651809454
0.0306597650051117
0.0318597666919231
0.0330597646534443
0.0342597663402557
0.0354597643017769
0.0366597659885883
0.0378597639501095
0.0390597656369209
0.0402597673237324
0.0414597652852535
0.042659766972065
0.0438597649335861
0.0450597666203976
0.0462597645819187
0.0474597662687302
0.0486597642302513
0.0498597659170628
0.0510597638785839
0.0522597655653954
0.0534597672522068
0.0537597648799419
0.0538722649216652
0.0540410168468952
0.0541042983531952
0.05419921875
0.0542014427483082
0.0542047806084156
0.0542097873985767
0.0542172938585281
0.0542285591363907
0.0542454496026039
0.0542707927525043
0.0542802959680557
0.0542945489287376
0.0543159320950508
0.0543480031192303
0.0543961115181446
0.0544141530990601
0.0544412136077881
0.0544818043708801
0.0545426942408085
0.0546340234577656
0.0547710210084915
0.0548223927617073
0.0548994541168213
0.0550150461494923
0.0551884323358536
0.0552534498274326
0.0553509816527367
0.0554972738027573
0.0555521361529827
0.0556344240903854
0.0556652843952179
0.0557115711271763
0.0557810068130493
0.0558851547539234
0.0560413785278797
0.0562757141888142
0.0563635900616646
0.0564954020082951
0.0566931255161762
0.0567116588354111
0.0567394644021988
0.0567811727523804
0.0568437315523624
0.0568671897053719
0.0569023825228214
0.0569551661610603
0.0570343434810638
0.0571531094610691
0.0571976490318775
0.0572644546627998
0.0573646612465382
0.0575149767100811
0.0577404461801052
0.0578249990940094
0.0578567050397396
0.0578685961663723
0.057886429131031
0.0579131804406643
0.0579533092677593
0.0580135025084019
0.0581037923693657
0.0582392290234566
0.0582900159060955
0.0583661980926991
0.058394767343998
0.0584376193583012
0.0584536902606487
0.0584777928888798
0.0585139505565166
0.058568187057972
0.0586495399475098
0.0587715692818165
0.0589546114206314
0.0590232536196709
0.0591262169182301
0.0592806562781334
0.0593385733664036
0.0594254471361637
0.0594580247998238
0.059506893157959
0.0595801919698715
0.0596076808869839
0.0596179887652397
0.0596334487199783
0.0596566423773766
0.0596653409302235
0.0596783868968487
0.0596979558467865
0.0597273074090481
0.0597713366150856
0.059837382286787
0.059936448931694
0.0599735975265503
0.060029324144125
0.0600502230226994
0.0600815676152706
0.0600933209061623
0.0601109527051449
0.060137402266264
0.0601770728826523
0.0602365806698799
0.0602588951587677
0.060267262160778
0.0602798163890839
0.0602986440062523
0.0603268854320049
0.060369249433279
0.0604327954351902
0.0604566261172295
0.0604923702776432
0.060545988380909
0.0606264136731625
0.0607470534741879
0.0609280094504356
0.0609958693385124
0.0610976554453373
0.0612503401935101
0.0614793635904789
0.0615652464330196
0.061694074422121
0.0618873126804829
0.0619054287672043
0.0619122236967087
0.061922412365675
0.0619376972317696
0.0619606263935566
0.061995018273592
0.0620466098189354
0.0620659552514553
0.0620732083916664
0.0620840899646282
0.0621004141867161
0.0621248967945576
0.0621340796351433
0.0621478520333767
0.062168512493372
0.0621994994580746
0.0622111186385155
0.062228549271822
0.0622350871562958
0.0622448921203613
0.0622595995664597
0.0622816607356071
0.0622899308800697
0.0623023435473442
0.0623209550976753
0.0623488761484623
0.0623593479394913
0.0623750537633896
0.0623986087739468
0.0624074451625347
0.0624206960201263
0.0624405741691589
0.0624703876674175
0.0625151097774506
0.0625822022557259
0.0626073554158211
0.0626450926065445
0.0627016946673393
0.0627866014838219
0.0629139542579651
0.062925897538662
0.062943808734417
0.0629706755280495
0.0630109682679176
0.0630714148283005
0.0631620809435844
0.0631960853934288
0.0632470846176147
0.063266210258007
0.0632733777165413
0.0632841363549232
0.0633002743124962
0.0633244812488556
0.0633607879281044
0.0634152516722679
0.0634356737136841
0.0634433329105377
0.0634548217058182
0.0634720548987389
0.0634979009628296
0.063536673784256
0.0635948330163956
0.0636820718646049
0.0636902451515198
0.0637025162577629
0.0637209191918373
0.0637278184294701
0.0637381672859192
0.0637536942958832
0.0637769848108292
0.0638119205832481
0.0638643205165863
0.0639429241418839
0.0640608295798302
0.0641050413250923
0.0641216263175011
0.0641464963555336
0.0641838014125824
0.0642397552728653
0.0643236935138702
0.0644496008753777
0.0644614025950432
0.0644658282399178
0.0644724741578102
0.064477451145649
0.0644824281334877
0.064487412571907
0.0644923895597458
0.0644973665475845
0.0645023509860039
0.064509816467762
0.0645172894001007
0.0645247548818588
0.0645303577184677
0.0645359605550766
0.0645415633916855
0.0645471662282944
0.0645527690649033
0.0645541697740555
0.0645562708377838
0.0645594224333763
0.0645641461014748
0.064571239054203
0.0645818710327148
0.0645858645439148
0.0645918473601341
0.0645963326096535
0.0646008178591728
0.0646053031086922
0.0646097883582115
0.0646165236830711
0.0646232515573502
0.0646299794316292
0.0646325051784515
0.0646362900733948
0.0646419674158096
0.0646504908800125
0.0646568760275841
0.0646632611751556
0.0646696537733078
0.0646760389208794
0.0646824315190315
0.0646848231554031
0.0646884217858315
0.064693808555603
0.0647018924355507
0.0647079572081566
0.0647140219807625
0.0647162944078445
0.0647197067737579
0.064724825322628
0.0647324994206429
0.0647353753447533
0.0647396966814995
0.0647440105676651
0.0647483244538307
0.06475480645895
0.0647612810134888
0.0647677555680275
0.0647701844573021
0.064773827791214
0.0647792890667915
0.0647874847054482
0.0647936314344406
0.0647997781634331
0.0648020803928375
0.0648055374622345
0.06481072306633
0.0648185089230537
0.0648214221000671
0.0648258030414581
0.0648301765322685
0.0648345500230789
0.0648411139845848
0.0648435801267624
0.0648472681641579
0.0648528039455414
0.064861111342907
0.0648642331361771
0.0648689046502113
0.0648735761642456
0.0648782476782799
0.0648852586746216
0.0648922696709633
0.064899280667305
0.0649019032716751
0.0649028941988945
0.0649043694138527
0.0649065896868706
0.0649099126458168
0.0649149045348167
0.0649223923683167
0.0649336203932762
0.0649378299713135
0.0649420395493507
0.064946249127388
0.0649504587054253
0.0649567767977715
0.064963087439537
0.0649694055318832
0.0649757236242294
0.064982034265995
0.0649883523583412
0.0649946704506874
0.065000981092453
0.0650072991847992
0.065009668469429
0.0650132223963737
0.0650185495615005
0.065026544034481
0.065032534301281
0.0650385320186615
0.065044529736042
0.0650505200028419
0.0650565177202225
0.0650625079870224
0.0650685057044029
0.0650745034217834
0.0650804936885834
0.0650864914059639
0.0650924891233444
0.0650984793901443
0.0650999769568443
0.0651014745235443
0.0651037245988846
0.065107099711895
0.0651121586561203
0.065119743347168
0.065122589468956
0.065126858651638
0.0651311278343201
0.0651353895664215
0.0651417970657349
0.0651481971144676
0.0651545971632004
0.0651609972119331
0.0651674047112465
0.0651722028851509
0.0651770010590553
0.0651782006025314
0.0651800036430359
0.0651827082037926
0.0651867538690567
0.0651928335428238
0.0651951134204865
0.0651985332369804
0.0652036592364311
0.0652113482356071
0.0652171149849892
0.0652228817343712
0.0652250498533249
0.0652282908558846
0.0652331560850143
0.0652404576539993
0.065243199467659
0.0652473047375679
0.0652514100074768
0.0652555152773857
0.0652616769075394
0.065267838537693
0.0652739927172661
0.0652763023972511
0.0652797669172287
0.0652849674224854
0.0652869120240211
0.0652898401021957
0.0652942210435867
0.0653007999062538
0.0653106644749641
0.0653254687786102
0.0653476640582085
0.0653809681534767
0.0653840899467468
0.0653872117400169
0.065390333533287
0.0653950124979019
0.0654020383954048
0.0654046759009361
0.0654086247086525
0.0654145479202271
0.0654234364628792
0.0654267743229866
0.0654317736625671
0.0654367730021477
0.0654417723417282
0.0654467791318893
0.0654517784714699
0.0654567778110504
0.065461777150631
0.0654667764902115
0.065471775829792
0.0654767751693726
0.0654817819595337
0.0654867812991142
0.0654917806386948
0.0654967799782753
0.0655017793178558
0.0655067786574364
0.0655117854475975
0.065516784787178
0.0655217841267586
0.0655267834663391
0.0655317828059196
0.0655367821455002
0.0655417889356613
0.0655467882752419
0.0655517876148224
0.0655567869544029
0.0655617862939835
0.065566785633564
0.0655717924237251
0.0655767917633057
0.0655817911028862
0.0655867904424667
0.0655917897820473
0.0655967891216278
0.0656017884612083
0.0656067952513695
0.06561179459095
0.0656167939305305
0.0656217932701111
0.0656267926096916
0.0656317919492722
0.0656367987394333
0.0656417980790138
0.0656467974185944
0.0656517967581749
0.0656567960977554
0.065661795437336
0.0656668022274971
0.0656718015670776
0.0656768009066582
0.0656818002462387
0.0656867995858192
0.0656917989253998
0.0656968057155609
0.0657018050551414
0.065706804394722
0.0657118037343025
0.0657168030738831
