0.0
8.09562084036486e-10
8.09604827622934e-10
8.09606381935168e-10
8.09606937046681e-10
8.09606937046681e-10
8.09606937046681e-10
8.09606937046681e-10
8.09606937046681e-10
8.09606937046681e-10
8.09606937046681e-10
8.09606937046681e-10
8.09606937046681e-10
8.09606937046681e-10
8.09606937046681e-10
8.09606937046681e-10
8.09606937046681e-10
8.09606937046681e-10
8.09606937046681e-10
8.09606937046681e-10
8.09606937046681e-10
8.09606937046681e-10
8.09606937046681e-10
8.09606937046681e-10
8.09606937046681e-10
8.09606937046681e-10
8.09606937046681e-10
8.09606937046681e-10
8.09606937046681e-10
8.09606937046681e-10
8.09606937046681e-10
8.09606937046681e-10
8.09606937046681e-10
8.09606937046681e-10
8.09606937046681e-10
8.09606937046681e-10
8.09606937046681e-10
8.09606937046681e-10
8.09606937046681e-10
8.09606937046681e-10
8.09606937046681e-10
8.09606937046681e-10
8.09606937046681e-10
8.09606937046681e-10
8.09606937046681e-10
8.09606937046681e-10
8.09606937046681e-10
8.09606937046681e-10
8.09606937046681e-10
8.09606937046681e-10
8.09606937046681e-10
8.09606937046681e-10
8.09606937046681e-10
8.09606937046681e-10
8.09606937046681e-10
8.09606937046681e-10
8.09606937046681e-10
8.09606937046681e-10
8.09606937046681e-10
8.09606937046681e-10
8.09606937046681e-10
8.09606937046681e-10
8.09606937046681e-10
8.09606937046681e-10
8.09606937046681e-10
8.09606937046681e-10
8.09606937046681e-10
8.09606937046681e-10
8.09606937046681e-10
8.09606937046681e-10
8.09606937046681e-10
8.09606937046681e-10
8.09606937046681e-10
8.09606937046681e-10
8.09606937046681e-10
8.09606937046681e-10
8.09606937046681e-10
8.09606937046681e-10
8.09606937046681e-10
8.09606937046681e-10
8.09606937046681e-10
8.09606937046681e-10
8.09606937046681e-10
8.09606937046681e-10
8.09606937046681e-10
8.09606937046681e-10
8.09606937046681e-10
8.09606937046681e-10
8.09606937046681e-10
8.09606937046681e-10
8.09606937046681e-10
8.09606937046681e-10
8.09606937046681e-10
8.09606937046681e-10
8.09606937046681e-10
8.09606937046681e-10
8.09606937046681e-10
8.09606937046681e-10
8.09606937046681e-10
8.09606937046681e-10
8.09606937046681e-10
8.09606937046681e-10
8.09606937046681e-10
8.09606937046681e-10
8.09606937046681e-10
8.09606937046681e-10
8.09606937046681e-10
8.09606937046681e-10
8.09606937046681e-10
8.09606937046681e-10
8.09606937046681e-10
8.09606937046681e-10
8.09606937046681e-10
8.09606937046681e-10
8.09606937046681e-10
8.09606937046681e-10
8.09606937046681e-10
8.09606937046681e-10
8.09606937046681e-10
8.09606937046681e-10
8.09606937046681e-10
8.09606937046681e-10
8.09606937046681e-10
8.09606937046681e-10
8.09606937046681e-10
8.09606937046681e-10
8.09606937046681e-10
8.09606937046681e-10
8.09606937046681e-10
8.09606937046681e-10
8.09606937046681e-10
8.09606937046681e-10
8.09606937046681e-10
8.09606937046681e-10
8.09606937046681e-10
8.09606937046681e-10
8.09606937046681e-10
8.09606937046681e-10
8.09606937046681e-10
8.09606937046681e-10
8.09606937046681e-10
8.09606937046681e-10
8.09606937046681e-10
8.09606937046681e-10
8.09606937046681e-10
8.09606937046681e-10
8.09606937046681e-10
8.09606937046681e-10
8.09606937046681e-10
8.09606937046681e-10
8.09606937046681e-10
8.09606937046681e-10
8.09606937046681e-10
8.09606937046681e-10
8.09606937046681e-10
8.09606937046681e-10
8.09606937046681e-10
8.09606937046681e-10
8.09606937046681e-10
8.09606937046681e-10
8.09606937046681e-10
8.09606937046681e-10
8.09606937046681e-10
8.09606937046681e-10
8.09606937046681e-10
8.09606937046681e-10
8.09606937046681e-10
8.09606937046681e-10
8.09606937046681e-10
8.09606937046681e-10
8.09606937046681e-10
8.09606937046681e-10
8.09606937046681e-10
8.09606937046681e-10
8.09606937046681e-10
8.09606937046681e-10
8.09606937046681e-10
8.09606937046681e-10
8.09606937046681e-10
8.09606937046681e-10
8.09606937046681e-10
8.09606937046681e-10
8.09606937046681e-10
8.09606937046681e-10
8.09606937046681e-10
8.09606937046681e-10
8.09606937046681e-10
8.09606937046681e-10
8.09606937046681e-10
8.09606937046681e-10
8.09606937046681e-10
8.09606937046681e-10
8.09606937046681e-10
8.09606937046681e-10
8.09606937046681e-10
8.09606937046681e-10
8.09606937046681e-10
8.09606937046681e-10
8.09606937046681e-10
8.09606937046681e-10
8.09606937046681e-10
8.09606937046681e-10
8.09606937046681e-10
8.09606937046681e-10
8.09606937046681e-10
8.09606937046681e-10
8.09606937046681e-10
8.09606937046681e-10
8.09606937046681e-10
8.09606937046681e-10
8.09606937046681e-10
8.09606937046681e-10
8.09606937046681e-10
8.09606937046681e-10
8.09606937046681e-10
8.09606937046681e-10
8.09606937046681e-10
8.09606937046681e-10
8.09606937046681e-10
8.09606937046681e-10
8.09606937046681e-10
8.09606937046681e-10
8.09606937046681e-10
8.09606937046681e-10
8.09606937046681e-10
8.09606937046681e-10
8.09606937046681e-10
8.09606937046681e-10
8.09606937046681e-10
8.09606937046681e-10
8.09606937046681e-10
8.09606937046681e-10
8.09606937046681e-10
8.09606937046681e-10
8.09606937046681e-10
8.09606937046681e-10
8.09606937046681e-10
8.09606937046681e-10
8.09606937046681e-10
8.09606937046681e-10
8.09606937046681e-10
8.09606937046681e-10
8.09606937046681e-10
8.09606937046681e-10
8.09606937046681e-10
8.09606937046681e-10
8.09606937046681e-10
8.09606937046681e-10
8.09606937046681e-10
8.09606937046681e-10
8.09606937046681e-10
8.09606937046681e-10
8.09606937046681e-10
8.09606937046681e-10
8.09606937046681e-10
8.09606937046681e-10
8.09606937046681e-10
