0
0.881952
2.25572
2.524263
2.729724
2.110919
1.823966
1.98621
2.636808
4.413566
5.697477
6.201625
6.31795
6.429483
6.456786
6.489525
6.537061
6.60657
6.717953
6.832706
6.945449
7.099682
7.321159
7.400723
7.505887
7.544282
7.601008
7.621899
7.653043
7.699112
7.763952
7.856567
7.985082
7.981848
7.597904
7.183336
6.341651
5.25656
4.257424
3.157938
2.114723
0.941554
0
-1e-06
-1e-06
-1e-06
-0
-0
0
-1e-06
-1e-06
-1e-06
-1e-06
-2e-06
-2e-06
-1e-06
-0
-0
-0
-0
-1e-06
-2e-06
-3e-06
-0
0
0
0
-1e-06
-2e-06
-4e-06
-1e-06
-0
-0
-0
-0
-0
-1e-06
-1e-06
-3e-06
-3e-06
-4e-06
-4e-06
