0.0
2.60178353528318e-07
3.25618600527378e-07
8.42577321691351e-07
1.61251739427826e-06
2.56650309893303e-06
3.51994640368503e-06
3.97111989514087e-06
4.63193691757624e-06
5.56982149646501e-06
6.88047248331713e-06
9.20069214771502e-06
1.24851940199733e-05
1.65904439199949e-05
2.17763736145571e-05
2.32648108067224e-05
2.50266457442194e-05
2.68373314611381e-05
2.82097844319651e-05
2.90542957372963e-05
2.99090334010543e-05
3.07687405438628e-05
3.09999086312018e-05
3.11721159960143e-05
3.13455238938332e-05
3.1519553886028e-05
3.16966579703148e-05
3.18777820211835e-05
3.20702492899727e-05
3.22739651892334e-05
3.2495976483915e-05
3.27014640788548e-05
3.2897758501349e-05
3.3053795050364e-05
3.31902119796723e-05
3.33197422150988e-05
3.34460964950267e-05
3.35708682541735e-05
3.36948251060676e-05
3.38799000019208e-05
3.41581435350236e-05
3.44411018886603e-05
3.47297609550878e-05
3.50249247276224e-05
3.5101555113215e-05
3.51787639374379e-05
3.52573733835015e-05
3.5338154702913e-05
3.54226613126229e-05
3.55122829205357e-05
3.56150594598148e-05
3.57196549884975e-05
3.58043689629994e-05
3.58787729055621e-05
3.5947043215856e-05
3.60116973752156e-05
3.6074281524634e-05
3.61356433131732e-05
3.62269311153796e-05
3.63631043001078e-05
3.65658670489211e-05
3.68696782970801e-05
3.7327114114305e-05
3.80158890038729e-05
3.90573732147459e-05
4.0602040826343e-05
4.30099935329054e-05
4.65515258838423e-05
4.99703783134464e-05
5.33022503077518e-05
5.65702357562259e-05
5.780104038422e-05
5.97362959524617e-05
6.38679412077181e-05
6.51861992082559e-05
6.65725601720624e-05
6.80686498526484e-05
6.84802580508403e-05
6.87863284838386e-05
6.90909946570173e-05
6.93981783115305e-05
6.97111681802198e-05
7.00248856446706e-05
7.03299738233909e-05
7.06340360920876e-05
7.09417581674643e-05
7.12464025127701e-05
7.15446949470788e-05
7.19885647413321e-05
7.26517828297801e-05
7.36464426154271e-05
7.51279876567423e-05
7.73370775277726e-05
8.08160693850368e-05
8.64293906488456e-05
9.22265608096495e-05
0.000100132579973433
0.000110446206235792
0.000122729674330913
0.000138365154271014
0.000189620812307112
0.000258239801041782
0.000326645706081763
0.000429214764153585
0.000574457517359406
0.000796108273789287
0.00103122263681144
0.00125867046881467
0.00148128811269999
0.00170003983657807
0.00191084295511246
0.0021068665664643
0.00229391409084201
0.0024705552496016
0.00263886130414903
0.00279269320890307
0.00292399665340781
0.00303981825709343
0.00314075639471412
0.00322666252031922
0.00329924421384931
0.0033568013459444
0.00340036046691239
0.00342986104078591
0.00344542530365288
0.00344786676578224
0.00343312742188573
0.00341755198314786
0.00340063660405576
0.0033822248224169
0.00336275296285748
0.00334180658683181
0.00332192424684763
0.00330126937478781
0.00328057585284114
0.00325950980186462
0.00323754292912781
0.00321778212673962
0.00319546367973089
0.00317619135603309
0.0031528405379504
0.00313234678469598
0.00310920737683773
0.00308957044035196
0.00306644220836461
0.00304724788293242
0.00302378670312464
0.00300402496941388
0.00298053002916276
0.0029614029917866
0.00293981214053929
0.0029196694958955
0.00289949681609869
0.00287810689769685
0.0028572203591466
0.0028364690952003
0.00281646032817662
0.00279630185104907
0.00277575338259339
0.00275661749765277
0.00273613422177732
0.00271751615218818
0.00269752065651119
0.00267772120423615
0.00266105006448925
0.00263960193842649
0.00263959867879748
0.0026395982131362
0.00263959844596684
0.00263959844596684
0.00263959844596684
0.00263959844596684
0.00263959844596684
0.00263959844596684
0.00263959844596684
0.00263959844596684
0.00263959844596684
0.00263959844596684
0.00263959844596684
0.00263959844596684
0.00263959844596684
0.00263959844596684
0.00263959844596684
0.00263959844596684
0.00263959844596684
