0.0
1.05384949342179e-31
1.99425400637665e-08
1.56441114995687e-06
2.20293804886751e-06
2.66234928858466e-06
3.32224021803995e-06
4.24294967160677e-06
5.15664078193367e-06
6.94347909302451e-06
1.25656297313981e-05
2.24904197239084e-05
2.51391866186168e-05
2.85632650047773e-05
3.30579532601405e-05
3.51461385434959e-05
3.69536719517782e-05
3.91239191230852e-05
4.48719802079722e-05
5.48171228729188e-05
6.21571234660223e-05
6.83457255945541e-05
7.43362179491669e-05
8.06374664534815e-05
9.13818439585157e-05
0.000105127663118765
0.000121270204544999
0.000125052378280088
0.000128591418615542
0.000129870633827522
0.000130344473291188
0.000131043139845133
0.000131047941977158
0.000131049469928257
0.000131049615447409
0.000131049833726138
0.000131049877381884
0.000131049877381884
0.000131049877381884
0.000131049877381884
