0.0
-1.83927681973728e-06
-1.52956522470049e-06
-3.21693528348987e-06
-9.39390520215966e-06
-1.62769320013467e-05
-2.10840607905993e-05
-2.30348159675486e-05
-2.45024730247678e-05
-2.29262441280298e-05
-1.82820967893349e-05
-1.29996515170205e-05
-1.83982374437619e-05
-2.12307513720589e-05
-2.18053301068721e-05
-2.21318696276285e-05
-2.23907991312444e-05
-2.26296033360995e-05
-2.30244259000756e-05
-2.31223566515837e-05
-2.32338043133495e-05
-2.33631235460052e-05
-2.35062707361067e-05
-2.36507203226211e-05
-2.37830408877926e-05
-2.38962384173647e-05
-2.39928467635764e-05
-2.40770477830665e-05
-2.41507204918889e-05
-2.42547575908247e-05
-2.44071088673081e-05
-2.45471692323918e-05
-2.4669991034898e-05
-2.47788811975624e-05
-2.48787673626794e-05
-2.50126558967168e-05
-2.51909150392748e-05
-2.54768219747348e-05
-2.5923869543476e-05
-2.65045237028971e-05
-2.70798864221433e-05
-2.76654973276891e-05
-2.85246169369202e-05
-2.88858118437929e-05
-2.90625648631249e-05
-2.92582608381053e-05
-2.95307290798519e-05
-2.96443886327324e-05
-2.97679725917988e-05
-2.99077219096944e-05
-3.00636456813663e-05
-3.02373846352566e-05
-3.04347158817109e-05
-3.06627443933394e-05
-3.09569222736172e-05
-3.12834890792146e-05
-3.16187215503305e-05
-3.20840117637999e-05
-3.25171531585511e-05
-3.29246031469665e-05
-3.35080294462387e-05
-3.43668907589745e-05
-3.47689783666283e-05
-3.52544702764135e-05
-3.5922319511883e-05
-3.66022832167801e-05
-3.76430834876373e-05
-3.86504761991091e-05
-3.98670563299675e-05
-4.16418624809012e-05
-4.3750766053563e-05
-4.57032001577318e-05
-4.81312672491185e-05
-5.10026184201706e-05
-5.36246261617634e-05
-5.49155083717778e-05
-5.56284940103069e-05
-5.61138986086007e-05
-5.650072125718e-05
-5.68468094570562e-05
-5.73345096199773e-05
-5.8056612033397e-05
-5.91867574257776e-05
-6.0982747527305e-05
-6.46514818072319e-05
-6.85541599523276e-05
-7.2548420575913e-05
-7.77225432102568e-05
-8.28407646622509e-05
-8.81316445884295e-05
-9.63674756349064e-05
-0.000109314642031677
-0.000129017935250886
-0.000166369733051397
-0.000178957750904374
-0.000192321487702429
-0.000208568628295325
-0.000217089764191769
-0.000221409296500497
-0.000223164199269377
-0.000226095391553827
-0.000229193581617437
-0.000232432634220459
-0.000237357919104397
-0.00024477211991325
-0.000255827646469697
-0.000272410979960114
-0.000297639751806855
-0.000316753314109519
-0.000336242199409753
-0.000355817144736648
-0.000374910159735009
-0.00040372836519964
-0.000445037090685219
-0.000507003744132817
-0.000597610196564347
-0.00072803272632882
-0.000901613908354193
-0.00118490809109062
-0.0015558295417577
-0.00191767432261258
-0.00226467684842646
-0.00258777849376202
-0.00291673536412418
-0.00324453529901803
-0.00355706154368818
-0.00385237415321171
-0.00413769716396928
-0.00441993493586779
-0.00469351559877396
-0.00495345937088132
-0.00520061515271664
-0.00543542020022869
-0.00565667450428009
-0.00586455222219229
-0.00606222497299314
-0.00624567735940218
-0.00641652662307024
-0.00657265773043036
-0.00671459687873721
-0.00684277107939124
-0.00695669976994395
-0.00705569097772241
-0.00714008370414376
-0.00720984861254692
-0.00726542761549354
-0.00730678020045161
-0.00733445957303047
-0.0073487707413733
-0.00735052768141031
-0.00735054071992636
-0.00735058123245835
-0.00735062872990966
-0.00735066505149007
-0.00735071348026395
-0.00735072558745742
-0.00735073769465089
-0.00735076563432813
-0.00735075492411852
-0.00735073816031218
-0.00735072232782841
-0.00735067715868354
-0.00735064642503858
-0.0073506236076355
-0.00735060358420014
-0.00735059333965182
-0.00735060404986143
-0.00735062267631292
-0.00735064316540956
-0.00735069485381246
-0.00735071301460266
-0.00735073210671544
-0.00735075585544109
-0.00735076982527971
-0.00735077075660229
-0.00735076935961843
-0.00735077820718288
-0.00735077448189259
-0.00735075771808624
-0.00735073257237673
-0.00735069904476404
-0.00735065108165145
-0.00735063990578055
-0.00735064083710313
-0.00735062826424837
-0.00735060591250658
-0.00735063059255481
-0.00735066458582878
-0.00735067436471581
-0.00735067436471581
