0
0.00743335019797087
0.0214746464043856
0.0409975573420525
0.0609732680022717
0.0681838020682335
0.0658650696277618
0.0603416636586189
0.0367455333471298
0.0338794142007828
0.0347938053309917
0.0359433554112911
0.0364120043814182
0.0368010587990284
0.0371275991201401
0.0373025499284267
0.0374865643680096
0.0376746878027916
0.037958912551403
0.03838125243783
0.0390756130218506
0.0398170165717602
0.0399185195565224
0.0407922640442848
0.0410211980342865
0.0412518754601479
0.0415963530540466
0.0421202294528484
0.0426466390490532
0.0431830696761608
0.0437237843871117
0.0442700125277042
0.0448172837495804
0.0454577542841434
0.0461523123085499
0.0463659279048443
0.0465793535113335
0.0467926189303398
0.0470057539641857
0.0473296456038952
0.0478209406137466
0.0483181811869144
0.0488191023468971
0.0493215881288052
0.0498487651348114
0.0504763685166836
0.0511147789657116
0.0517613440752029
0.0519233159720898
0.0520857125520706
0.0522307008504868
0.0523718260228634
0.0523718260228634
