0.0
5.5226088175078e-31
1.79516291609616e-07
1.62814342274942e-06
7.14668976797839e-06
9.98795894702198e-06
1.44441046359134e-05
2.0439367290237e-05
3.22376217809506e-05
6.71751840854995e-05
0.000117972595035098
0.000133364752400666
0.00015926401829347
0.000205277086934075
0.000284927984466776
0.000397877505747601
0.00053346884669736
0.000690683024004102
0.000870659190695733
0.00107342039700598
0.00130087521392852
0.00155239517334849
0.00161990604829043
0.00172276294324547
0.00182880845386535
0.00193720648530871
0.00210219202563167
0.00227374630048871
0.00244807195849717
0.0025148878339678
0.00261653866618872
0.00265483721159399
0.00271252240054309
0.00279988162219524
0.00293088029138744
0.00305973063223064
0.00318735395558178
0.00323592289350927
0.00330857536755502
0.00333571713417768
0.00337622407823801
0.00339097972027957
0.00339459138922393
0.00339818792417645
0.00340178585611284
0.00340716750361025
0.00341522530652583
0.00342726288363338
0.00344524183310568
0.00347200804390013
0.00351181346923113
0.0035707235801965
0.00365740060806274
0.00378385256044567
0.00397823425009847
0.00423820270225406
0.00448774453252554
0.00472025340422988
0.00491979997605085
0.00509909773245454
0.0052584707736969
0.00539827067404985
0.00551911909133196
0.00562168657779694
0.00570680852979422
0.00572565803304315
0.00575201073661447
0.00578725943341851
0.00579926092177629
0.00581579236313701
0.00583756295964122
0.00586754083633423
0.00590681051835418
0.005944833625108
0.00598206138238311
0.00601824000477791
0.00605342257767916
0.00608730874955654
0.00611422583460808
0.00613979995250702
0.00616958970203996
0.00618724757805467
0.00619195587933064
0.00619507441297174
0.00622230907902122
0.00624923035502434
0.00626648496836424
0.00625498965382576
0.00625450722873211
0.00628065783530474
0.00628638407215476
0.00630504125729203
0.00632971804589033
0.00635384023189545
0.00636266730725765
0.00635612895712256
0.0063575585372746
0.00635971082374454
0.0063629187643528
0.00636412389576435
0.00636592647060752
0.0063686273060739
0.00636963918805122
0.00637115631252527
0.00637172535061836
0.006372578907758
0.00637385761365294
0.00637577287852764
0.00637864135205746
0.0063797147013247
0.0063813254237175
0.00638373708352447
0.00638464139774442
0.006384979467839
0.00638548703864217
0.00638625118881464
0.00638739904388785
0.00638912804424763
0.006389778573066
0.00639075459912419
0.00639112060889602
0.00639125797897577
0.00639146380126476
0.00639154110103846
0.00639156997203827
0.00639161327853799
0.00639167847111821
0.00638447236269712
0.00638461904600263
0.00637753121554852
0.00637055700644851
0.00637068087235093
0.00637086620554328
0.00637114467099309
0.0063642687164247
0.00636489503085613
0.00636583426967263
0.00636724149808288
0.00636776955798268
0.00636796792969108
0.00636826502159238
0.00636837678030133
0.00636854395270348
0.00636879447847605
0.00636917073279619
0.00636931182816625
0.00636952323839068
0.00636984081938863
0.00636995956301689
0.00637013837695122
0.00637040566653013
0.00637050624936819
0.00637065665796399
0.00637088250368834
0.0063712215051055
0.00637134863063693
0.00637153908610344
0.00637182500213385
0.00637225341051817
0.00637289602309465
0.00637385994195938
0.0063753048889339
0.00637747021391988
0.00638071447610855
0.00638557411730289
0.00638603465631604
0.00638672476634383
0.00638775946572423
0.00638931104913354
0.00639163702726364
0.00639251107349992
0.00639382051303983
0.00639394344761968
0.00639412784948945
0.00639440445229411
0.00639450782909989
0.00639466335996985
0.00639472156763077
0.00639474345371127
0.00639477651566267
0.00639482587575912
0.00639489945024252
0.0063950102776289
0.00639517651870847
0.00639542518183589
0.0063957991078496
0.00639635929837823
0.00639720028266311
0.00639846082776785
0.00640035187825561
0.00640318915247917
0.00640744157135487
0.00641381461173296
0.00641621556133032
0.00641980860382318
0.00642519723623991
0.00642722472548485
0.00643026409670711
0.00643482059240341
0.00644166860729456
0.00644424790516496
0.00641968892887235
0.00642114412039518
0.00642333040013909
0.00642661284655333
0.00642784731462598
0.00642969831824303
0.00643039448186755
0.00643045920878649
0.00643055699765682
0.00643070321530104
0.00643092347308993
0.00643125362694263
0.00643175048753619
0.00643249694257975
0.00643361872062087
0.00643530488014221
0.00643782922998071
0.00644161878153682
0.00644304510205984
0.00644518435001373
0.00644839601591229
0.0064532202668488
0.00645503867417574
0.00644182413816452
0.0064428485929966
0.00644438387826085
0.00644668517634273
0.00644755223765969
0.00644884910434484
0.00645079417154193
0.00645372597500682
0.00645812600851059
0.00643591769039631
0.00643046060577035
0.00643139239400625
0.00643278891220689
0.00643488438799977
0.00643567275255919
0.0064368536695838
0.00643696496263146
0.00643713166937232
0.00643719453364611
0.00643721781671047
0.00643725320696831
0.00643730955198407
0.0064373891800642
0.00643750838935375
0.00643768720328808
0.00643795495852828
0.00643805554136634
0.00643820594996214
0.00643843179568648
0.00643876986578107
0.00643928349018097
0.00643947906792164
0.00643955124542117
0.00643965927883983
0.00643982086330652
0.00644006300717592
0.00644042622298002
0.00644097104668617
0.00644117593765259
0.00644125649705529
0.00644137198105454
0.00644154520705342
0.00644180458039045
0.00644219294190407
0.00644277548417449
0.00644364906474948
0.00644495990127325
0.00644692592322826
0.00644711358472705
0.00644739018753171
0.00644749402999878
0.00644765002653003
0.00644788378849626
0.00644823396578431
0.00644875969737768
0.00644895667210221
0.00644925236701965
0.00644969567656517
0.00645035970956087
0.00645135389640927
0.00645284727215767
0.00645298697054386
0.00645319605246186
0.00645350990816951
0.0064539797604084
0.00645416183397174
0.00645442679524422
0.00645482307299972
0.00645497208461165
0.00645519467070699
0.00645552854984999
0.00645565381273627
0.00645584147423506
0.00645591225475073
0.00645601749420166
0.0064561846666038
0.00645642401650548
0.00645678071305156
0.0064573148265481
0.00645811576396227
0.00645932322368026
0.0064611304551363
0.00646383594721556
0.0064648543484509
0.00646637985482812
0.00646867230534554
0.00646953331306577
0.00647083343937993
0.00647131726145744
0.00647149886935949
0.00647177081555128
0.0064718727953732
0.00647202599793673
0.00647225603461266
0.00647260015830398
0.00647272961214185
0.00647277804091573
0.00647279620170593
0.00647282367572188
0.00647286418825388
0.00647292891517282
0.00647302158176899
0.00647316034883261
0.00647336756810546
0.00647367816418409
0.00647379457950592
0.00647396920248866
0.00647423090413213
0.00647462392225862
0.0064747710712254
0.00647499226033688
0.00646744994446635
0.006452193018049
0.00645237974822521
0.00644480530172586
0.00644491007551551
0.00644506746903062
0.006445303093642
0.00644565653055906
0.00644618691876531
0.00644638668745756
0.00644668517634273
0.00644679740071297
0.00644683931022882
0.00644685514271259
0.00644687889143825
0.0064468877390027
0.00644689099863172
0.00644689565524459
0.00644689751788974
0.00644690077751875
0.00644690496847034
0.00644691102206707
0.00644692033529282
0.00644693477079272
0.00644695619121194
0.00644698785617948
0.00644703581929207
0.0064471079967916
0.00644721556454897
0.00644737761467695
0.00644762068986893
0.0064479848369956
0.00644853198900819
0.00644935294985771
0.00645058415830135
0.00645242398604751
0.00645311782136559
0.00645415904000401
0.00645454926416278
0.00645513692870736
0.00645535625517368
0.00645543821156025
0.0064555611461401
0.00645560724660754
0.00645562447607517
0.00645563099533319
0.00645563378930092
0.00645563704892993
0.00645564263686538
0.00645565101876855
0.00645566312596202
0.00645568175241351
0.00645570969209075
0.00645575113594532
0.00645581353455782
0.00645590713247657
0.00645605148747563
0.0064561041072011
0.00645618373528123
0.00645630247890949
0.00645648036152124
0.00645674671977758
0.00645714625716209
0.00645729666575789
0.00645752158015966
0.00645785871893167
0.00645836954936385
0.00645841704681516
0.00645848829299212
0.00645859492942691
0.00645863497629762
0.00645869504660368
0.00645871786400676
0.00645872624590993
0.00645873881876469
0.00645875791087747
0.00645878631621599
0.00645882915705442
0.00645889341831207
0.00645898934453726
0.00645913369953632
0.00645935023203492
0.00645943125709891
0.00645955326035619
0.00645973579958081
0.00646000914275646
0.00646041939035058
0.00646103546023369
0.00646126642823219
0.00646161288022995
0.0064621320925653
0.00646232720464468
0.00646261917427182
0.00646305736154318
0.00646371440961957
0.00646469881758094
0.00646506855264306
0.00646520731970668
0.00646541500464082
0.00646572653204203
0.00646584341302514
0.00646601850166917
0.00646628113463521
0.00646667461842299
0.006467264611274
0.00646814703941345
0.00646848045289516
0.00646860478445888
0.0064687910489738
0.00646906951442361
0.00646948767825961
0.00646952725946903
0.00646958593279123
0.00646967394277453
0.00646980991587043
0.00646985974162817
0.00646993424743414
0.00647004600614309
0.00647021364420652
0.00647046463564038
0.0064708380959928
0.00647140387445688
0.00647145649418235
0.0064715351909399
0.00647165300324559
0.00647182948887348
0.00647209398448467
0.00647249072790146
0.00647309236228466
0.00647331634536386
0.00647365301847458
0.00647377921268344
0.00647396920248866
0.00647425372153521
0.00647468073293567
0.00647532753646374
0.00647629192098975
0.00647772755473852
0.00647987611591816
0.00648309336975217
0.00648790691047907
0.00648971647024155
0.00649039726704359
0.00649046059697866
0.00649048434570432
0.00649052346125245
0.00649053696542978
0.00649055745452642
0.0064905877225101
0.00649063335731626
0.0064907013438642
0.00649080378934741
0.00649095699191093
0.00649118609726429
0.00649153022095561
0.00649205129593611
0.0064928256906569
0.00649399310350418
0.00649160845205188
0.00649226317182183
0.00649324432015419
0.00649471441283822
0.00649691745638847
0.00649774773046374
0.00649488810449839
0.00649674702435732
