0.0
1.28590862402689e-08
1.28591128856215e-08
1.30160300315652e-08
3.42418815080237e-07
2.82895007330808e-06
1.04414775705663e-05
2.48169581027469e-05
4.39178438682575e-05
6.5307212935295e-05
9.15797354537062e-05
0.000127800201880746
0.0001715820399113
0.000224281378905289
0.000286465656245127
0.000358460732968524
0.00044091950985603
0.000536782667040825
0.000655107549391687
0.000795874861069024
0.00095153966685757
0.00112271204125136
0.00130074610933661
0.00149186130147427
0.00170176231767982
0.00193233182653785
0.00194751471281052
0.00197089044377208
0.00200519454665482
0.00205509504303336
0.0021348693408072
0.00226055341772735
0.00230994331650436
0.00238408893346786
0.00249710050411522
0.00267136888578534
0.00273830024525523
0.00283981370739639
0.00299422279931605
0.00300896423868835
0.00303097604773939
0.00306383590213954
0.00311298738233745
0.00318674277514219
0.00321435206569731
0.00325559289194643
0.0033174785785377
0.00334049947559834
0.00337504944764078
0.00342799536883831
0.00350897060707211
0.00363384513184428
0.00368204968981445
0.00375491403974593
0.0038654780946672
0.00390716781839728
0.00397001719102263
0.0040649832226336
0.0042090374045074
0.00426355982199311
0.004345812369138
0.00447028735652566
0.00465815141797066
0.0049419766291976
0.0050332504324615
0.00504192849621177
0.00505517050623894
0.00505850603803992
0.00506102526560426
0.00508749112486839
0.00508761638775468
0.00508774258196354
0.0050878725014627
0.00508807320147753
0.00508839543908834
0.00508929835632443
0.005090800113976
0.00509551167488098
0.0050993300974369
0.00510652968659997
0.00511751091107726
0.00513343932107091
0.0051581566222012
0.00516769522801042
0.00517262611538172
0.00517379678785801
0.00517573393881321
0.0051759360358119
0.0051759579218924
0.0051759947091341
0.00517601240426302
0.0051760203205049
0.00517604174092412
0.00517604174092412
0.00517604174092412
0.00517604174092412
0.00517604174092412
0.00517604174092412
0.00517604872584343
0.00517604872584343
