-0.0
2.3913794155886e-15
0.00451480643823743
0.0189931932836771
0.0337411724030972
0.0490006245672703
0.0610568821430206
0.0723569467663765
0.0817587003111839
0.0919306427240372
0.110861174762249
0.126549243927002
0.145879119634628
0.167838796973228
0.180764958262444
0.191447734832764
0.200570821762085
0.210117012262344
0.220080330967903
0.220762461423874
0.221359953284264
0.221470311284065
0.221566885709763
0.221659004688263
0.22174571454525
0.221830368041992
0.22190248966217
0.221906557679176
0.221913054585457
0.221921816468239
0.221933394670486
0.221935510635376
0.221937283873558
0.221936732530594
0.22192656993866
0.221915155649185
0.221902161836624
0.221887335181236
0.221879988908768
0.22187077999115
0.221854314208031
0.221820339560509
0.221788018941879
0.221757486462593
0.22174134850502
0.221719175577164
0.221683949232101
0.22163225710392
0.221591755747795
0.221526101231575
0.221503421664238
0.221463948488235
0.221426039934158
0.221384584903717
0.221322238445282
0.221230313181877
0.221190586686134
0.22112911939621
0.22103063762188
0.220874235033989
0.220804199576378
0.220698103308678
0.220613539218903
0.22052463889122
0.220434829592705
0.220397189259529
0.220340758562088
0.220245838165283
0.220142930746078
0.220042183995247
0.219872057437897
0.219739645719528
0.219593808054924
0.219479471445084
0.219264522194862
0.219080999493599
0.218875423073769
0.218656599521637
0.218408867716789
0.218138009309769
0.217834636569023
0.217494502663612
0.217124208807945
0.216679006814957
0.216183304786682
0.215627044439316
0.215000748634338
0.214292049407959
0.213492318987846
0.212522506713867
0.211935579776764
0.211158722639084
0.209606856107712
0.207407966256142
0.204898878931999
0.201311513781548
0.197262421250343
0.1936404556036
0.191468015313148
0.19007571041584
0.189281672239304
0.188764870166779
0.188397362828255
0.188108265399933
0.187857493758202
0.187624752521515
0.187400072813034
0.187019065022469
0.186635822057724
0.186555802822113
0.186469703912735
0.18631736934185
0.186121955513954
0.185823813080788
0.185437053442001
0.184869334101677
0.184281751513481
0.183680579066277
0.18277995288372
0.181657254695892
0.180465906858444
0.179635629057884
0.179059535264969
0.178656652569771
0.178369283676147
0.178155511617661
0.177991732954979
0.177802219986916
0.1775733679533
0.177274063229561
0.176854193210602
0.176268681883812
0.17549940943718
0.174502491950989
0.173356533050537
0.17196324467659
0.170205771923065
0.166855126619339
0.15859118103981
0.145089402794838
0.124895863234997
0.105830162763596
0.0818936601281166
0.0575845502316952
0.0318152830004692
0.0247024558484554
0.0137208225205541
9.53706767177209e-05
5.05723437527195e-05
7.93519393482711e-06
7.50268509364105e-06
7.50737535781809e-06
7.50814297134639e-06
7.53528320274199e-06
7.53265385355917e-06
7.54825168769457e-06
7.68008976592682e-06
7.84801159170456e-06
8.08364347903989e-06
8.18949592940044e-06
8.22828769742046e-06
8.3751783677144e-06
8.46783950692043e-06
8.45063004817348e-06
8.44379883346846e-06
8.3303930296097e-06
8.22969923319761e-06
8.24758899398148e-06
8.30737917567603e-06
8.39444510347676e-06
8.37007883092156e-06
8.24287235445809e-06
8.25736242404673e-06
8.1544421846047e-06
7.89526529842988e-06
7.5397988439363e-06
7.08042580299661e-06
6.64767685520928e-06
6.32165983915911e-06
6.11148652751581e-06
5.89010824114666e-06
5.63116691409959e-06
5.22987511430983e-06
4.8720989980211e-06
4.61730905954028e-06
4.1492435229884e-06
3.94903327105567e-06
3.4092558962584e-06
3.02346643366036e-06
2.56043813351425e-06
2.29578813559783e-06
2.07377252081642e-06
1.88539956980094e-06
1.43863735502237e-06
9.92001332633663e-07
4.57283817922871e-07
3.11157805299445e-07
1.31996330310358e-07
6.54284804113558e-08
4.34010871686041e-08
7.80778464104515e-09
4.08215328207007e-09
2.64833488472505e-09
2.08478923013899e-09
8.85307827047654e-10
4.35420588473789e-10
2.6665247787605e-10
1.41966438604868e-11
8.32756086310837e-12
-1.84741111297626e-13
-7.105427357601e-14
4.2632564145606e-14
4.2632564145606e-14
4.2632564145606e-14
4.2632564145606e-14
