0
0.00600318191573024
0.013231092132628
0.0153842233121395
0.0174075737595558
0.0204968489706516
0.0243296828120947
0.0280477833002806
0.0312242936342955
0.0338147841393948
0.0378964021801949
0.042283046990633
0.045679610222578
0.0487720482051373
0.0525716952979565
0.0580995343625546
0.0637320727109909
0.0690465644001961
0.0735385417938232
0.0743063166737556
0.0750048458576202
0.0756560266017914
0.0762235894799232
0.0766954869031906
0.0771069452166557
0.0775062739849091
0.0778666138648987
0.0781700909137726
0.0784447714686394
0.0788342207670212
0.0793419629335403
0.0797528028488159
0.0803823694586754
0.0813319087028503
0.0819161012768745
0.0821269601583481
0.082273818552494
0.0823000222444534
0.0823738276958466
0.0823096930980682
0.0821228697896004
0.0817272439599037
0.082901194691658
0.0822679698467255
0.081592358648777
0.0807789117097855
0.0815294161438942
0.0805548280477524
0.0796202942728996
0.0785148218274117
0.0776682421565056
0.0768846273422241
0.0759178102016449
0.0749870389699936
0.0738333016633987
0.0726738125085831
0.0716802850365639
0.0708213821053505
0.0696834623813629
0.0686186850070953
0.0678690150380135
0.0670651718974113
0.0659826844930649
0.0654041096568108
0.0643064901232719
0.0631388053297997
0.062453992664814
0.0612248256802559
0.0601008385419846
0.059289213269949
0.058094184845686
0.057582926005125
0.0564936958253384
0.0559711158275604
0.0548881702125072
0.0537925623357296
0.0532359145581722
0.0521395206451416
0.051519863307476
0.0503234341740608
0.0497007369995117
0.0483761057257652
0.0477680042386055
0.0466511696577072
0.0462136790156364
0.0453785620629787
0.0446573905646801
0.0436185076832771
0.0430134646594524
0.0423972457647324
0.0414127670228481
0.0409068614244461
0.0397913195192814
0.039166159927845
0.037917610257864
0.0373399555683136
0.0366960912942886
0.0356221944093704
0.0351966209709644
0.0343023724853992
0.0338246114552021
0.0333436094224453
0.0324790254235268
0.032087542116642
0.0311315581202507
0.0306741707026958
0.0302445869892836
0.0291973017156124
0.0287300404161215
0.0277507640421391
0.0273751392960548
0.0272177457809448
0.0270432084798813
0.0267888344824314
0.0264662336558104
0.0260145757347345
0.0247817672789097
0.0241901185363531
0.0238536056131124
0.022971211001277
0.0225684214383364
0.0222794655710459
0.0214463882148266
0.0211261101067066
0.0208348110318184
0.0200197156518698
0.0197041667997837
0.0194043312221766
0.0186314322054386
0.0182643011212349
0.0179205536842346
0.0172624159604311
