0.0
2.32812283229578e-07
3.71962613598953e-07
9.02588055851083e-07
1.52399070429965e-06
2.31927538152377e-06
4.08107825933257e-06
6.76468744131853e-06
1.06020206658286e-05
1.61911830218742e-05
2.35590032389155e-05
3.14955213980284e-05
4.08991909353063e-05
4.34089706686791e-05
4.61330564576201e-05
4.62002280983143e-05
4.62608768430073e-05
4.6319946704898e-05
4.63756841782015e-05
4.64587828901131e-05
4.65810699097347e-05
4.67563222628087e-05
4.69256119686179e-05
4.70981503895018e-05
4.72820356662851e-05
4.74310472782236e-05
4.75528031529393e-05
4.76893110317178e-05
4.78473557450343e-05
4.79910559079144e-05
4.81521601614077e-05
4.83366202388424e-05
4.85212585772388e-05
4.87121396872681e-05
4.9016329285223e-05
4.93098705192097e-05
4.9632591981208e-05
4.97311375511345e-05
4.98642912134528e-05
5.00504174851812e-05
5.03380542795639e-05
5.08071316289715e-05
5.13612540089525e-05
5.19305649504531e-05
5.27029078511987e-05
5.37382838956546e-05
5.50234981346875e-05
5.62784553039819e-05
5.73198267375119e-05
5.80308151256759e-05
5.84964764129836e-05
5.88063776376657e-05
5.90310482948553e-05
5.92101387155708e-05
5.93687582295388e-05
5.95858036831487e-05
5.99009836150799e-05
6.0393511375878e-05
6.11452778684907e-05
6.25381653662771e-05
6.40030048089102e-05
6.55880940030329e-05
6.69003347866237e-05
6.79590666550212e-05
6.8957895564381e-05
6.99125521350652e-05
7.13139161234722e-05
7.33069973648526e-05
7.63007847126573e-05
7.74192449171096e-05
7.95154555817135e-05
8.01485366537236e-05
8.06215248303488e-05
8.10940400697291e-05
8.19411361590028e-05
8.25704191811383e-05
8.31278157420456e-05
8.3653379988391e-05
8.41493238112889e-05
8.48588024382479e-05
8.58797138789669e-05
8.73639874043874e-05
8.95386692718603e-05
9.27720539039001e-05
9.79111282504164e-05
0.000105968436400872
0.000118417912744917
0.000144152814755216
0.00017523490532767
0.000215050647966564
0.000224026633077301
0.000228602773859166
0.000232444741413929
0.000236318112001754
0.000242989510297775
0.000245971314143389
0.000249353266553953
0.000253184116445482
0.000257203908404335
0.000261421373579651
0.000267748167971149
0.000277684855973348
0.000287782226223499
0.000297839607810602
0.000312696734908968
0.00033458141842857
0.000367493747035041
0.000414414244005457
0.000481723545817658
0.000578487233724445
0.000714382156729698
0.000918428762815893
0.00121815386228263
0.00151000777259469
0.00179547385778278
0.00207771011628211
0.00235826848074794
0.00262551032938063
0.00288622593507171
0.00314066582359374
0.00338866980746388
0.00363064999692142
0.00385045749135315
0.00405132677406073
0.00424095243215561
0.00441887648776174
0.00458516227081418
0.00474018510431051
0.00488282460719347
0.00501315435394645
0.00513174012303352
0.005239044316113
0.0053335027769208
0.00541481329128146
0.00548692746087909
0.00554636120796204
0.00559564167633653
0.00563340075314045
0.00565895903855562
0.00567375123500824
0.00567673286423087
0.00566907692700624
0.00565001089125872
0.00561603251844645
0.00559042766690254
0.00556621234863997
0.00554047292098403
0.00551698310300708
0.00549154216423631
0.00546638807281852
0.00543929217383265
0.00541451154276729
0.00538830179721117
0.00536339497193694
0.00533838011324406
0.0053121424280107
0.00528617622330785
0.00525880977511406
0.00523429643362761
0.00520793441683054
0.00518172373995185
0.00515816174447536
0.0051316567696631
0.00510648312047124
0.00508020911365747
0.00505276350304484
0.00502959499135613
0.00500224623829126
0.00497723137959838
0.00495355250313878
0.00492644356563687
0.00490215700119734
0.00487298052757978
0.00484519964084029
0.00482076266780496
0.00479448214173317
0.00476669287309051
0.00474207801744342
0.00471893697977066
0.00469017401337624
0.00466556241735816
0.00463770190253854
0.00460760854184628
0.00458334432914853
0.00455859303474426
0.00452751666307449
0.00450045708566904
0.00447457050904632
0.00444038584828377
0.00444038584828377
