0
0.0150038385763764
0.0292769987136126
0.040942344814539
0.0578510612249374
0.0768873542547226
0.0869726613163948
0.103665076196194
0.127651393413544
0.140772968530655
0.154500409960747
0.173502311110497
0.177707225084305
0.176383748650551
0.166693270206451
0.154776886105537
0.130975782871246
0.10653879493475
0.0847908332943916
0.0593256726861
0.0249893218278885
0.0163394566625357
0.000765656353905797
0.000414230889873579
0.000110980021418072
0.000110976310679689
0.000110974506242201
0.000110971814137883
0.000110967870568857
0.000110962071630638
0.000110959910671227
0.000110956731077749
0.000110952023533173
0.000110950277303346
0.000110947687062435
0.00011094385990873
0.000110938286525197
0.000110936198325362
0.000110933156975079
0.000110928667709231
0.000110922119347379
0.000110919696453493
0.000110916145786177
0.000110910928924568
0.000110909008071758
0.000110906177724246
0.000110901972220745
0.000110895882244222
0.000110893633973319
0.000110890352516435
0.000110885506728664
0.000110883716843091
0.000110881061118562
0.000110877197585069
0.00011087158054579
0.000110869528725743
0.000110866450995672
0.00011086200538557
0.00011085560254287
0.00011085325240856
0.000110849796328694
0.000110844797745813
0.000110842949652579
0.000110840250272304
0.000110836270323489
0.00011083059507655
0.000110828492324799
0.000110825429146644
0.000110820998088457
0.00011081470438512
0.000110812383354641
0.000110809036414139
0.000110804168798495
0.000110802400740795
0.000110799766844139
0.00011079601245001
0.000110790606413502
0.000110788656456862
0.000110785782453604
0.000110781642433722
0.000110775836219545
0.000110773697088007
0.00011077057570219
0.000110766181023791
0.000110760003735777
0.000110757748188917
0.000110754495835863
0.00011074986832682
0.000110743472760078
0.000110741115349811
0.000110737739305478
0.00011073297355324
0.000110731220047455
0.000110728651634417
0.000110724999103695
0.000110719796794001
0.000110717883217148
0.000110715096525382
0.000110711094748694
0.000110709625005256
0.000110707456769887
0.00011070427717641
0.000110699744254816
0.000111149587610271
0.000111362896859646
0.000111352826934308
0.000111341774754692
0.000111331493826583
0.000111316054244526
0.000111292945803143
0.000111258319520857
0.000111206471046899
0.000111128800199367
0.000111012552224565
0.000111012552224565
