0.0
4.58137691339289e-07
2.0265049442969e-06
4.72367992188083e-06
1.01813402579864e-05
1.76077974174405e-05
2.97472579404712e-05
4.74743465019856e-05
6.03519511059858e-05
6.38007622910663e-05
6.617510371143e-05
6.67117419652641e-05
6.68697684886865e-05
6.70216977596283e-05
6.71478337608278e-05
6.72396781737916e-05
6.72396781737916e-05
6.75933406455442e-05
6.78406577208079e-05
6.78406577208079e-05
6.78406577208079e-05
6.78406577208079e-05
6.78406577208079e-05
6.78406577208079e-05
6.78406577208079e-05
6.78406577208079e-05
6.78406577208079e-05
6.78406577208079e-05
6.78406577208079e-05
6.78406577208079e-05
6.78406577208079e-05
6.78406577208079e-05
6.78406577208079e-05
6.78406577208079e-05
6.78406577208079e-05
6.78406577208079e-05
6.78406577208079e-05
6.78406577208079e-05
6.78406577208079e-05
6.78406577208079e-05
6.78406577208079e-05
6.78406577208079e-05
6.78406577208079e-05
6.78406577208079e-05
6.78406577208079e-05
6.78406577208079e-05
6.78406577208079e-05
6.78406577208079e-05
6.78406577208079e-05
6.78406577208079e-05
6.78406577208079e-05
6.78406577208079e-05
6.78406577208079e-05
6.78406577208079e-05
6.78406577208079e-05
6.78406868246384e-05
6.78406868246384e-05
6.78406868246384e-05
6.78406868246384e-05
6.78406868246384e-05
6.78406868246384e-05
6.78406868246384e-05
6.78406868246384e-05
6.78406868246384e-05
6.78406868246384e-05
6.78406868246384e-05
6.78406868246384e-05
6.78406868246384e-05
6.78406868246384e-05
6.78406868246384e-05
6.78406868246384e-05
6.78406868246384e-05
6.78406868246384e-05
6.78406868246384e-05
6.78406868246384e-05
6.78406868246384e-05
6.78406868246384e-05
6.78406868246384e-05
6.78406868246384e-05
6.78406868246384e-05
6.78406868246384e-05
6.78406868246384e-05
6.78406868246384e-05
6.78406868246384e-05
6.78406868246384e-05
6.78406868246384e-05
6.78406868246384e-05
6.78406868246384e-05
6.78406868246384e-05
6.78406868246384e-05
6.78406868246384e-05
6.78406868246384e-05
6.78406868246384e-05
6.78406868246384e-05
6.78406868246384e-05
6.78406868246384e-05
6.78406868246384e-05
6.78406868246384e-05
6.78406868246384e-05
6.78406868246384e-05
6.78406868246384e-05
6.78406868246384e-05
6.78406868246384e-05
6.78406868246384e-05
6.78406868246384e-05
6.78406868246384e-05
6.78406868246384e-05
6.78406868246384e-05
6.78406868246384e-05
6.78406868246384e-05
6.78406868246384e-05
6.78406868246384e-05
6.78406868246384e-05
6.78406868246384e-05
6.78406868246384e-05
6.78406868246384e-05
6.78406868246384e-05
6.78406868246384e-05
6.78406868246384e-05
6.78406868246384e-05
6.78406868246384e-05
6.78406868246384e-05
6.78406868246384e-05
6.78505675750785e-05
6.96166534908116e-05
6.96834831614979e-05
6.96947026881389e-05
6.96947026881389e-05
6.96947026881389e-05
6.96947026881389e-05
6.9694964622613e-05
6.96954448358156e-05
6.96956703905016e-05
6.96958450134844e-05
6.96959759807214e-05
6.96960050845519e-05
6.96960050845519e-05
6.96960050845519e-05
6.96960050845519e-05
6.96960050845519e-05
6.96960050845519e-05
6.96960050845519e-05
6.96960050845519e-05
6.96960050845519e-05
6.96960196364671e-05
6.96961869834922e-05
6.96961869834922e-05
6.96961869834922e-05
6.96961869834922e-05
6.96961869834922e-05
6.96962160873227e-05
6.96962597430684e-05
6.96963834343478e-05
6.96966671966948e-05
6.96970528224483e-05
6.96974093443714e-05
6.96978895575739e-05
6.969875539653e-05
6.96993156452663e-05
6.9699868618045e-05
6.97003924869932e-05
6.97007199050859e-05
6.97008363204077e-05
6.97008363204077e-05
6.97008363204077e-05
6.97008363204077e-05
6.97008363204077e-05
6.97008363204077e-05
6.97008363204077e-05
6.97008363204077e-05
6.97008363204077e-05
6.97008363204077e-05
6.97008363204077e-05
6.97008363204077e-05
6.97008363204077e-05
6.97008363204077e-05
6.97008363204077e-05
6.97008363204077e-05
6.97008363204077e-05
6.97009309078567e-05
6.97009963914752e-05
6.97009963914752e-05
6.97009963914752e-05
6.97009963914752e-05
6.97009963914752e-05
6.97009963914752e-05
6.97009963914752e-05
6.97009963914752e-05
6.97009963914752e-05
6.97009963914752e-05
6.97009963914752e-05
6.97009963914752e-05
6.97009963914752e-05
6.97009963914752e-05
6.97009963914752e-05
6.97009963914752e-05
6.97009963914752e-05
6.97009963914752e-05
6.97009963914752e-05
6.97009963914752e-05
6.97009963914752e-05
6.97009963914752e-05
6.97009963914752e-05
6.97009963914752e-05
6.97009963914752e-05
6.97009963914752e-05
6.97009963914752e-05
6.97009963914752e-05
6.97009963914752e-05
6.97009963914752e-05
6.97009963914752e-05
6.97009963914752e-05
6.97009963914752e-05
6.97009963914752e-05
6.97009963914752e-05
6.97009963914752e-05
6.97009963914752e-05
6.97009963914752e-05
6.97009963914752e-05
6.97009963914752e-05
6.97009963914752e-05
6.97009963914752e-05
6.97009963914752e-05
6.97009963914752e-05
6.97009963914752e-05
6.97009963914752e-05
6.97009963914752e-05
6.97009963914752e-05
6.97009963914752e-05
6.97009963914752e-05
6.97009963914752e-05
6.97009963914752e-05
6.97009963914752e-05
6.97009963914752e-05
6.97009963914752e-05
6.97009963914752e-05
6.97009963914752e-05
6.97009963914752e-05
6.97009963914752e-05
6.97009963914752e-05
6.97009963914752e-05
6.97009963914752e-05
6.97009963914752e-05
6.97009963914752e-05
6.97009963914752e-05
6.97009963914752e-05
6.97009963914752e-05
6.97009963914752e-05
6.97009963914752e-05
6.97009963914752e-05
6.97009963914752e-05
6.97009963914752e-05
6.97009963914752e-05
6.97009963914752e-05
6.97009963914752e-05
6.97009963914752e-05
6.97009963914752e-05
6.97009963914752e-05
6.97009963914752e-05
6.97009963914752e-05
6.97009963914752e-05
6.97009963914752e-05
6.97009963914752e-05
6.97009963914752e-05
6.97009963914752e-05
6.97009963914752e-05
6.97009963914752e-05
6.97009963914752e-05
6.97009963914752e-05
6.97009963914752e-05
6.97009963914752e-05
6.97009963914752e-05
6.97009963914752e-05
6.97009963914752e-05
6.97009963914752e-05
6.97009963914752e-05
6.97009963914752e-05
6.97009963914752e-05
6.97009963914752e-05
6.97009963914752e-05
6.97009963914752e-05
6.97009963914752e-05
6.97009963914752e-05
6.97009963914752e-05
6.97009963914752e-05
6.97009963914752e-05
6.97009963914752e-05
6.97009963914752e-05
6.97009963914752e-05
6.97009963914752e-05
6.97009963914752e-05
6.97009963914752e-05
6.97009963914752e-05
6.97009963914752e-05
6.97009963914752e-05
6.97009963914752e-05
6.97009963914752e-05
6.97009963914752e-05
6.97009963914752e-05
6.97009963914752e-05
6.97009963914752e-05
6.97009963914752e-05
6.97009963914752e-05
6.97009963914752e-05
6.97009963914752e-05
6.97009963914752e-05
6.97009963914752e-05
6.97009963914752e-05
6.97009963914752e-05
6.97009963914752e-05
6.97009963914752e-05
6.97009963914752e-05
6.97009963914752e-05
6.97009963914752e-05
6.97009963914752e-05
6.97009963914752e-05
6.97009963914752e-05
6.97009963914752e-05
6.97009963914752e-05
6.97009963914752e-05
6.97009963914752e-05
6.97009963914752e-05
6.97009963914752e-05
6.97009963914752e-05
6.97009963914752e-05
6.97009963914752e-05
6.97009963914752e-05
6.97009963914752e-05
6.97009963914752e-05
6.97009963914752e-05
6.97009963914752e-05
6.97009963914752e-05
6.97009963914752e-05
6.97009963914752e-05
6.97009963914752e-05
6.97009963914752e-05
6.97009963914752e-05
6.97009963914752e-05
6.97009963914752e-05
6.97009963914752e-05
6.97009963914752e-05
6.97009963914752e-05
6.97009963914752e-05
6.97009963914752e-05
6.97009963914752e-05
6.97009963914752e-05
6.97009963914752e-05
6.97009963914752e-05
6.97009963914752e-05
6.97009963914752e-05
6.97009963914752e-05
6.97009963914752e-05
6.97009963914752e-05
6.97009963914752e-05
6.97009963914752e-05
6.97009963914752e-05
6.97009963914752e-05
6.97009963914752e-05
6.97009963914752e-05
6.97009963914752e-05
6.97009963914752e-05
6.97009963914752e-05
6.97009963914752e-05
6.97009963914752e-05
6.97009963914752e-05
6.97009963914752e-05
6.97009963914752e-05
6.97009963914752e-05
6.97009963914752e-05
6.97009963914752e-05
6.97009963914752e-05
6.97009963914752e-05
6.97009963914752e-05
6.97009963914752e-05
6.97009963914752e-05
6.97009963914752e-05
6.97009963914752e-05
6.97009963914752e-05
6.97009963914752e-05
6.97009963914752e-05
6.97009963914752e-05
6.97009963914752e-05
6.97009963914752e-05
6.97009963914752e-05
6.97009963914752e-05
6.97009963914752e-05
6.97009963914752e-05
6.97009963914752e-05
6.97009963914752e-05
6.97009963914752e-05
6.97009963914752e-05
6.97009963914752e-05
6.97009963914752e-05
6.97009963914752e-05
6.97009963914752e-05
6.97009963914752e-05
6.97009963914752e-05
6.97009963914752e-05
6.97009963914752e-05
6.97009963914752e-05
6.97009963914752e-05
6.97009963914752e-05
6.97009963914752e-05
6.97009963914752e-05
6.97009963914752e-05
6.97009963914752e-05
6.97009963914752e-05
6.97009963914752e-05
6.97009963914752e-05
6.97009963914752e-05
6.97009963914752e-05
6.97009963914752e-05
6.97009963914752e-05
6.97009963914752e-05
6.97009963914752e-05
6.97009963914752e-05
6.97009963914752e-05
6.97009963914752e-05
6.97009963914752e-05
6.97009963914752e-05
6.97009963914752e-05
6.97009963914752e-05
6.97009963914752e-05
6.97009963914752e-05
6.97009963914752e-05
6.97009963914752e-05
6.97009963914752e-05
6.97009963914752e-05
6.97009963914752e-05
6.97009963914752e-05
6.97009963914752e-05
6.97009963914752e-05
6.97009963914752e-05
6.97009963914752e-05
6.97009963914752e-05
6.97009963914752e-05
6.97009963914752e-05
6.97009963914752e-05
6.97009963914752e-05
6.97009963914752e-05
6.97009963914752e-05
6.97009963914752e-05
6.97009963914752e-05
6.97009963914752e-05
6.97009963914752e-05
6.97009963914752e-05
6.97009963914752e-05
6.97009963914752e-05
6.97009963914752e-05
6.97009963914752e-05
6.97009963914752e-05
6.97009963914752e-05
6.97009963914752e-05
6.97009963914752e-05
6.97009963914752e-05
6.97009963914752e-05
6.97009963914752e-05
6.97009963914752e-05
6.97009963914752e-05
6.97009963914752e-05
6.97009963914752e-05
6.97009963914752e-05
6.97009963914752e-05
6.97009963914752e-05
6.97009963914752e-05
6.97009963914752e-05
6.97009963914752e-05
6.97009963914752e-05
6.97009963914752e-05
6.97009963914752e-05
6.97009963914752e-05
6.97009963914752e-05
6.97009963914752e-05
6.97009963914752e-05
6.97009963914752e-05
6.97009963914752e-05
6.97009963914752e-05
6.97009963914752e-05
6.97009963914752e-05
6.97009963914752e-05
6.97009963914752e-05
6.97009963914752e-05
6.97009963914752e-05
6.97009963914752e-05
6.97009963914752e-05
6.97009963914752e-05
6.97009963914752e-05
6.97009963914752e-05
6.97009963914752e-05
6.97009963914752e-05
6.97009963914752e-05
6.97009963914752e-05
6.97009963914752e-05
6.97009963914752e-05
6.97009963914752e-05
6.97009963914752e-05
6.97009963914752e-05
6.97009963914752e-05
6.97009963914752e-05
6.97009963914752e-05
6.97009963914752e-05
