0.0
2.85896362584026e-07
6.36385220786906e-06
1.05953185993712e-05
1.90087412192952e-05
3.4121927455999e-05
5.45226102985907e-05
6.06701869401149e-05
6.73921531415544e-05
7.40770119591616e-05
7.57743691792712e-05
7.75148437242024e-05
8.01674832473509e-05
8.41400906210765e-05
8.80629377206787e-05
8.9063476480078e-05
8.95323901204392e-05
8.9745270088315e-05
8.99249207577668e-05
9.00465893209912e-05
9.01660387171432e-05
9.01963794603944e-05
9.02262254385278e-05
9.02561296243221e-05
9.030124056153e-05
9.03733161976561e-05
9.04555636225268e-05
9.05529159354046e-05
9.05868801055476e-05
9.06208661035635e-05
9.06548884813674e-05
9.07059584278613e-05
9.07826979528181e-05
9.08980800886638e-05
9.10718081286177e-05
9.13343683350831e-05
9.16002754820511e-05
9.1867899755016e-05
9.21368264243938e-05
9.25427884794772e-05
9.31572576519102e-05
9.4090573838912e-05
9.55157811404206e-05
9.69707907643169e-05
9.84555517788976e-05
9.99698750092648e-05
0.000100544675660785
0.000101414858363569
0.000101743462437298
0.000102067686384544
0.000102391160908155
0.0001027169128065
0.000103045204014052
0.000103375256003346
0.000103873833722901
0.000104628888948355
0.000105777566204779
0.000107538151496556
0.000110258544737007
0.000114510818093549
0.000115605456812773
0.000116712275485042
0.000118394033052027
0.000120965596579481
0.000123591526062228
0.000126268714666367
0.000128994171973318
0.000133167006424628
0.000139619980473071
0.000142092729220167
0.000143027209560387
0.000144435485708527
0.000146562597365119
0.000149785540997982
0.000154688372276723
0.000162184529472142
0.000169843813637272
0.000177644906216301
0.000185571858310141
0.000197699118871242
0.000216625456232578
0.000246919255005196
0.000296570069622248
0.000382491096388549
0.000446880207164213
0.000515166262630373
0.000568349496461451
0.000581900996621698
0.00059572042664513
0.000609811162576079
0.000613365496974438
0.000616928969975561
0.000619608093984425
0.000622291001491249
0.000624306150712073
0.00062632403569296
0.000628343841526657
0.000630363647360355
0.000631881528533995
0.000633022573310882
0.000634171243291348
0.000635321019217372
0.000636470213066787
0.000638184836134315
0.000639895151834935
0.000641605583950877
0.000642889703158289
0.000643538660369813
0.000644191342871636
0.000644856481812894
0.00064535898854956
0.000645865977276117
0.000646377971861511
0.000646896834950894
0.000647293636575341
0.000647694570943713
0.000648085435386747
0.000648469605948776
0.000648848887067288
0.000649406749289483
0.000649955007247627
0.000650495756417513
0.000651029520668089
0.000651558977551758
0.000652086455374956
0.000652873422950506
0.000654050440061837
0.000655234383884817
0.000656433752737939
0.00065764767350629
0.000658887438476086
0.000660137564409524
0.000661133788526058
0.000662234495393932
0.000663385610096157
0.000664588587824255
0.00066492345649749
0.000665575149469078
0.000668667489662766
0.000697545299772173
0.0006975291762501
0.00069752213312313
0.000697520095854998
0.000697518175002187
0.000697515206411481
0.000697510433383286
0.000697502808179706
0.000697490409947932
0.000697470328304917
0.000697434123139828
0.000697371491696686
0.000697298557497561
0.000697226030752063
0.00069707294460386
0.00069827469997108
0.000705001875758171
0.000708690437022597
0.000708049570675939
0.000708791601937264
0.000713184650521725
0.000717801449354738
0.000718010007403791
0.000717254530172795
0.000716299226041883
0.000715300266165286
0.000714268069714308
0.000713221088517457
0.000712134467903525
0.000711153668817133
0.000710259424522519
0.000709281594026834
0.000708279549144208
0.000707474886439741
0.000706533493939787
0.000705637445207685
0.000704739068169147
0.000703835568856448
0.000702971126884222
0.000702102144714445
0.000701216806191951
0.000700405973475426
0.000699529307894409
0.000698749558068812
0.000697922485414892
0.000697125506121665
0.000696319388225675
0.000695496622938663
0.000694751273840666
0.000693967915140092
0.000693211273755878
0.000692442350555211
0.000691681285388768
0.000690955377649516
0.000690152286551893
0.000689494365360588
0.000688639760483056
0.000688034866470844
0.000687173625919968
0.000686552899423987
0.000685648585204035
0.000685089617036283
0.000684195023495704
0.00068359961733222
0.000682744546793401
0.00068217416992411
0.000681258854456246
0.000680548720993102
0.000679898832459003
0.000678953714668751
0.000678308948408812
0.000677528732921928
0.000676831696182489
0.000675979710649699
0.000675143674015999
0.000674511247780174
0.000673473754432052
0.000672736729029566
0.000671886897180229
0.000671006215270609
0.000670275185257196
0.0006691386224702
0.000668312655761838
0.000667447631713003
0.000666538253426552
0.000665532192215323
0.000664604071062058
0.000663977989461273
0.000662917911540717
0.00066189601784572
0.000660855206660926
0.000659900426398963
0.000658746284898371
0.000657660246361047
0.000656454067211598
0.000656088872347027
0.000655953073874116
0.00065594055922702
0.000655922223813832
0.000655922223813832
