-0.0
0.00931248906999826
0.0329350680112839
0.0500451177358627
0.0579838305711746
0.0674270242452621
0.0777338817715645
0.11144745349884
0.147297158837318
0.172985464334488
0.194715604186058
0.209964662790298
0.226134568452835
0.243033736944199
0.255101352930069
0.278938770294189
0.308395326137543
0.327262312173843
0.338593274354935
0.335166573524475
0.331068217754364
0.323636919260025
0.311499446630478
0.29913854598999
0.289118438959122
0.281494677066803
0.270992696285248
0.259229719638824
0.248763784766197
0.238940119743347
0.229509592056274
0.218712717294693
0.207051619887352
0.195633143186569
0.184309214353561
0.173011317849159
0.161997482180595
0.150951191782951
0.140142515301704
0.129155382514
0.118329167366028
0.107628375291824
0.097049243748188
0.086513414978981
0.0756875425577164
0.0649737119674683
0.0544258132576942
0.0439703390002251
0.0334865711629391
0.0229600127786398
0.0113445185124874
0.0080243619158864
0.00298771029338241
0.00122957653366029
0.000748426886275411
0.000637012301012874
0.000579015119001269
0.00057759037008509
0.000574281672015786
0.000553085817955434
0.000450972787803039
0.000281650485703722
0.000162867887411267
9.7080941486638e-05
6.87432038830593e-05
5.88985276408494e-05
5.44127433386166e-05
4.93796505907085e-05
4.53524953627493e-05
4.10205830121413e-05
3.4706656151684e-05
2.53487032750854e-05
1.51452713907929e-05
4.87777015223401e-06
2.87361308437539e-06
2.88224487121624e-06
2.89589797830558e-06
2.9163215913286e-06
2.94113533527707e-06
2.94047913484974e-06
2.95643530989764e-06
2.93263587991532e-06
2.85284704659716e-06
2.75794127446716e-06
2.64051436715818e-06
2.52935046773928e-06
2.44571356233791e-06
2.36648315876664e-06
2.30033401749097e-06
2.25458779823384e-06
2.21592608795618e-06
2.19138837564969e-06
2.17383831113693e-06
2.14009742194321e-06
2.04145067073114e-06
1.91039589481079e-06
1.78140453499509e-06
1.65071980973153e-06
1.56827070441068e-06
1.43589613799122e-06
1.31263345792831e-06
1.23341033031465e-06
1.14253725769231e-06
1.04223886410182e-06
9.70929818322475e-07
9.09925518044474e-07
8.5697945451102e-07
8.12651023807121e-07
7.66142875363585e-07
7.35359321879514e-07
7.23003040548065e-07
7.07859840076708e-07
6.8647045736725e-07
6.8153156007611e-07
6.78705646350863e-07
6.74483771945233e-07
6.41604060547252e-07
5.80969469865522e-07
5.19493596584653e-07
4.6346474391612e-07
4.36330140018981e-07
3.89455607319178e-07
3.12622233877846e-07
1.86416343694873e-07
7.10421446115106e-08
4.15244514329061e-08
-2.86880208477669e-09
-2.86880208477669e-09
