0.0
2.6934456442973e-08
1.46079958085465e-06
1.66121446909528e-06
2.10782900467166e-06
2.31173316933564e-06
2.76321179626393e-06
3.87468344342778e-06
5.75869944441365e-06
6.09883090874064e-06
5.74202340430929e-06
6.23252026343835e-06
6.64948765916051e-06
7.63689604355022e-06
1.12097441160586e-05
1.65618494065711e-05
2.42036003328394e-05
3.16923760692589e-05
3.35533113684505e-05
3.53364739567041e-05
3.70522975572385e-05
3.70644411304966e-05
3.70766174455639e-05
3.70887901226524e-05
3.71009555237833e-05
3.71192036254797e-05
3.71466157957911e-05
3.71739588445053e-05
3.72010290448088e-05
3.722770998138e-05
3.72540162061341e-05
3.72734320990276e-05
3.72933973267209e-05
3.73216753359884e-05
3.73494840459898e-05
3.73776128981262e-05
3.74066985386889e-05
3.743639899767e-05
3.74662486137822e-05
3.75122217519674e-05
3.75589224859141e-05
3.76063617295586e-05
3.7653990148101e-05
3.7689198506996e-05
3.77244905394036e-05
3.77727701561525e-05
3.78322547476273e-05
3.79138764401432e-05
3.80238889192697e-05
3.81089776055887e-05
3.81549216399435e-05
3.82041616830975e-05
3.82659927709028e-05
3.82824473490473e-05
3.83135629817843e-05
3.83162878279109e-05
3.83188016712666e-05
3.83213664463256e-05
3.8323960325215e-05
3.83265942218713e-05
3.83293008781038e-05
3.83319638785906e-05
3.83345650334377e-05
3.83382975996938e-05
3.83416663680691e-05
3.83445403713267e-05
3.83467267965898e-05
3.8347836380126e-05
3.83473052352201e-05
3.83404767489992e-05
3.832818401861e-05
3.83118676836602e-05
3.82869257009588e-05
3.82525831810199e-05
3.82016551156994e-05
3.81263198505621e-05
3.80252822651528e-05
3.79035373043735e-05
3.77711476176046e-05
3.76500975107774e-05
3.75391427951399e-05
3.74384435417596e-05
3.73633811250329e-05
3.73169823433273e-05
3.72901486116461e-05
3.72757785953581e-05
3.72694557881914e-05
3.72679060092196e-05
3.72695358237252e-05
3.72739050362725e-05
3.72816139133647e-05
3.7291076296242e-05
3.73067196051124e-05
3.73368347936776e-05
3.73639486497268e-05
3.73656657757238e-05
3.73537914128974e-05
3.73312213923782e-05
3.7295299989637e-05
3.72485737898387e-05
3.7196197808953e-05
3.71414826076943e-05
3.70854686480016e-05
3.70303641830105e-05
3.69505432900041e-05
3.6836074286839e-05
3.67883367289323e-05
3.67538523278199e-05
3.67201755580027e-05
3.66874774044845e-05
3.66395688615739e-05
3.65677296940703e-05
3.64644511137158e-05
3.64255683962256e-05
3.63877152267378e-05
3.63508952432312e-05
3.63149229087867e-05
3.62620012310799e-05
3.6180907045491e-05
3.60827507392969e-05
3.59928963007405e-05
3.59691148332786e-05
3.59461591870058e-05
3.59241566911805e-05
3.58915094693657e-05
3.58425786544103e-05
3.57725220965222e-05
3.56705095327925e-05
3.54904368577991e-05
3.53652321791742e-05
3.52464958268683e-05
3.51336384483147e-05
3.49754773196764e-05
3.47439854522236e-05
3.43663705280051e-05
3.33547759510111e-05
3.25515175063629e-05
3.17636113322806e-05
3.04112436424475e-05
2.8073409339413e-05
2.52576319326181e-05
2.13322782656178e-05
1.65765304700471e-05
1.10382306957035e-05
5.62110562896123e-06
4.33954346590326e-06
1.90873220162757e-06
3.44864545809287e-08
3.4339453947041e-08
3.42792638718947e-08
3.42954820098385e-08
3.46486892510711e-08
3.64466501423522e-08
3.87621561515061e-08
4.14315763919149e-08
4.08084162017985e-08
4.00194011263011e-08
3.82766813800117e-08
3.72710857732272e-08
3.58324108162833e-08
3.46437332154892e-08
3.31251399643406e-08
3.25304618797873e-08
3.31754392846051e-08
3.59833016716493e-08
3.91800547561161e-08
4.13670235843711e-08
4.33959890244751e-08
4.30425473041396e-08
4.177593027066e-08
3.99822326357935e-08
3.81758091805295e-08
3.63735850328339e-08
3.44820172415439e-08
3.27874580818843e-08
3.40935990550406e-08
3.28788409831304e-08
3.39950254613086e-08
3.49839837099353e-08
3.66926329320449e-08
3.86564522614208e-08
4.11978433589866e-08
4.32575326669848e-08
4.45057430908946e-08
4.49661605728124e-08
4.4758145634205e-08
4.18760457421286e-08
4.1244923920658e-08
4.04719600055614e-08
3.87167062854132e-08
3.87167062854132e-08
