0.0
5.71604516608204e-07
5.71589396258787e-07
8.02627164375735e-06
3.68328510376159e-05
9.03179170563817e-05
0.0001667426986387
0.000253044068813324
0.00033855380024761
0.000416892289649695
0.000500571099109948
0.000617192185018212
0.000755582470446825
0.000917641737032682
0.00110003806184977
0.00130106112919748
0.00155640894081444
0.0018384731374681
0.00214458932168782
0.00247237668372691
0.00281401304528117
0.00315593625418842
0.0034940610639751
0.00381034729070961
0.00411182967945933
0.00441051321104169
0.00472244992852211
0.0049976771697402
0.00525240460410714
0.00550507474690676
0.00576440989971161
0.00601902790367603
0.00622928095981479
0.00642217928543687
0.00660360744222999
0.00677168602123857
0.00692843552678823
0.0070710564032197
0.00720236450433731
0.00732196867465973
0.00742580043151975
0.00751486886292696
0.00759963551536202
0.00766540551558137
0.00772342877462506
0.00776724284514785
0.00779834017157555
0.00782201625406742
0.00783125124871731
0.0078312624245882
0.00781805533915758
0.00778816360980272
0.00774383032694459
0.00774147594347596
0.00773805612698197
0.0077330619096756
0.00772585440427065
0.00771590601652861
0.0077009042724967
0.00767812412232161
0.00764420907944441
0.0076107089407742
0.00757703930139542
0.00754454545676708
0.00751112634316087
0.00747871305793524
0.00744589325040579
0.00741182314231992
0.00737992813810706
0.00734434183686972
0.0073116454295814
0.00728108221665025
0.00724319461733103
0.00721666356548667
0.0071776183322072
0.00714859878644347
0.00711501622572541
0.00707595748826861
0.00705172447487712
0.00701282732188702
0.00697885919362307
0.00695135071873665
0.00691121676936746
0.00688771344721317
0.00684656528756022
0.00684656528756022
