0.0
0.0
4.4725439352078e-07
8.8974348955162e-07
1.05235517366964e-06
1.14337058221281e-06
1.32465061142284e-06
1.4154309155856e-06
1.51278879911843e-06
1.53886378484458e-06
1.65182575528888e-06
1.88477201845672e-06
2.23432721213612e-06
2.56258454101044e-06
2.61196782957995e-06
2.65418179878907e-06
2.67747714133293e-06
2.67855966740171e-06
2.67936866293894e-06
2.6801828880707e-06
2.68100393441273e-06
2.68183362095442e-06
2.68267308456416e-06
2.68331382358156e-06
2.68380495072051e-06
2.68431540462188e-06
2.68472285824828e-06
2.6851448637899e-06
2.68553822024842e-06
2.68592225438624e-06
2.68628900812473e-06
2.68665030489501e-06
2.68701091954426e-06
2.68755229626549e-06
2.68836970462871e-06
2.68960798166518e-06
2.69085535364866e-06
2.69211591330532e-06
2.69402744379477e-06
2.6969548798661e-06
2.70148416348093e-06
2.70860323325905e-06
2.71992098532792e-06
2.73817749985028e-06
2.76957484857121e-06
2.82292467090883e-06
2.89255376628716e-06
2.93377615889767e-06
2.94331039185636e-06
2.94410097012587e-06
2.94468691208749e-06
2.94516235044284e-06
2.94569599645911e-06
2.94631740871409e-06
2.94694291369524e-06
2.94749565910024e-06
2.94798383038142e-06
2.94842220682767e-06
2.94882170237543e-06
2.94918663712451e-06
2.94952246804314e-06
2.94986602966674e-06
2.95015956908173e-06
2.95051836474158e-06
2.95102267955372e-06
2.95162885777245e-06
2.95207769340777e-06
2.95254926641064e-06
2.95316135634494e-06
2.95396193905617e-06
2.95442146125424e-06
2.95483710033295e-06
2.95524000648584e-06
2.9558773348981e-06
2.956962589451e-06
2.95832887786673e-06
2.96098346552753e-06
2.96265807264717e-06
2.9644550068042e-06
2.9652105695277e-06
2.96596590487752e-06
2.96638404506666e-06
2.96684470413311e-06
2.96747884931392e-06
2.96914799946535e-06
2.97130031867709e-06
2.97320252684585e-06
2.97503561341728e-06
2.97702217721962e-06
2.98114196084498e-06
2.98487202599063e-06
2.98743088933406e-06
2.98939767162665e-06
2.99114935842226e-06
2.99271027870418e-06
2.99503062706208e-06
2.99846146845084e-06
3.00360034088953e-06
3.01245472655864e-06
3.02225021187041e-06
3.03188085126749e-06
3.04127661365783e-06
3.04939931083936e-06
3.0609496661782e-06
3.07819050249236e-06
3.08787502945052e-06
3.09188658320636e-06
3.14118801725272e-06
3.18979596158897e-06
3.25698306369304e-06
3.34468063556415e-06
3.4309537113586e-06
3.52600909536704e-06
3.61015190719627e-06
3.68118980986765e-06
3.75368358618289e-06
3.91897765439353e-06
3.97405528929085e-06
4.05499940825393e-06
4.07076367991976e-06
4.07976995120407e-06
4.08821460951003e-06
4.09723088523606e-06
4.10591610489064e-06
4.11452583648497e-06
4.12050530940178e-06
4.12050530940178e-06
4.12050530940178e-06
4.12050530940178e-06
4.1208986658603e-06
4.12189683629549e-06
4.12351937484345e-06
4.12609961131238e-06
4.12913959735306e-06
4.13348971051164e-06
4.13712450608728e-06
4.14003943660646e-06
4.14237774748472e-06
4.14426631323295e-06
4.14579608332133e-06
4.14757096223184e-06
4.14907799495268e-06
4.15043359680567e-06
4.15204976889072e-06
4.15417980548227e-06
4.1568600863684e-06
4.16131615565973e-06
4.16628063248936e-06
4.17118781115278e-06
4.17586579715135e-06
4.18214858655119e-06
4.18981107941363e-06
4.20022161051747e-06
4.21248887505499e-06
4.22241373598808e-06
4.22853463533102e-06
4.22853463533102e-06
4.22853463533102e-06
4.22853463533102e-06
4.22853463533102e-06
4.22853463533102e-06
4.22853463533102e-06
4.22853463533102e-06
4.22853463533102e-06
4.22853463533102e-06
4.5276269702299e-06
5.95395840718993e-06
6.77295111017884e-06
6.77295111017884e-06
6.77295111017884e-06
6.77295338391559e-06
6.7729570218944e-06
6.77295929563115e-06
6.77295929563115e-06
6.77299203744042e-06
6.77337948218337e-06
6.77377602187335e-06
6.77416210237425e-06
6.77443222230067e-06
6.77452908348641e-06
6.77458001518971e-06
6.77458001518971e-06
6.77458001518971e-06
6.77458001518971e-06
6.77458001518971e-06
6.77458001518971e-06
6.77458001518971e-06
6.77458001518971e-06
6.77458001518971e-06
6.77458001518971e-06
6.77458001518971e-06
6.7747550929198e-06
6.77510934110614e-06
6.77540492688422e-06
6.77557409289875e-06
6.77560683470801e-06
6.77560683470801e-06
6.77560683470801e-06
6.77560683470801e-06
6.77560683470801e-06
6.77560683470801e-06
6.77560683470801e-06
6.77560683470801e-06
6.77560683470801e-06
6.77560683470801e-06
6.77560683470801e-06
6.77560683470801e-06
6.77560683470801e-06
6.77560683470801e-06
6.77560683470801e-06
6.77572052154574e-06
6.77575280860765e-06
6.77576917951228e-06
6.77579146213247e-06
6.77579146213247e-06
6.77579146213247e-06
6.77579146213247e-06
6.77579146213247e-06
6.77579146213247e-06
6.77579146213247e-06
6.77579146213247e-06
6.77579146213247e-06
6.77579146213247e-06
6.77579146213247e-06
6.77579146213247e-06
6.77579146213247e-06
6.77579146213247e-06
6.77579146213247e-06
6.77579146213247e-06
6.77579146213247e-06
6.77579146213247e-06
6.77579146213247e-06
6.77579146213247e-06
6.77579146213247e-06
