-0.000000
-0.000000
0.036624
0.457636
0.912338
1.020620
1.057061
1.098234
1.111190
1.151551
1.275914
1.488219
1.762717
2.106969
2.376839
2.396953
3.085658
4.191765
4.782961
4.898277
5.003365
5.098666
5.236990
5.455857
5.992505
6.636424
7.209209
7.447713
7.659250
7.916468
8.206260
8.296248
8.413627
8.454289
8.510652
8.587822
8.692675
8.729182
8.781631
8.860528
8.987895
9.038689
9.199528
9.673808
10.281158
10.477142
10.737343
11.057910
11.347392
11.414699
11.479543
11.566476
11.655493
11.767887
11.819875
11.881576
11.885789
11.891990
11.892590
11.892632
11.892636
11.892638
11.892641
11.892643
11.892645
11.892647
11.892652
11.892666
11.892678
11.892697
11.892717
11.892738
11.892758
11.892780
11.892798
11.892819
11.892839
11.892858
11.892882
11.892900
11.892920
11.892941
11.892960
11.892980
11.893002
11.893022
11.893042
11.893063
11.893083
11.893103
11.893125
11.893143
11.893163
11.893184
11.893205
11.893234
11.893283
11.893326
11.893372
11.893416
11.893463
11.893512
11.893552
11.893600
11.893649
11.893691
11.893737
11.893783
11.893830
11.893898
11.893999
11.894154
11.894306
11.894462
11.894613
11.894768
11.894919
11.895073
11.895225
11.895375
11.895526
11.895678
11.895827
11.895977
11.896129
11.896276
11.896500
11.896834
11.897337
11.897835
11.898331
11.898820
11.899308
11.900042
11.901127
11.902723
11.905073
11.908483
11.913420
11.920622
11.931080
11.944906
11.949488
11.953956
11.961100
11.971687
11.983277
11.995882
12.009193
12.030056
12.062490
12.110029
12.121195
12.132220
12.134934
12.137634
12.139653
12.141663
12.143659
12.145653
12.147139
12.147139
