0.0
0.00999999977648258
0.0199999995529652
0.0299999993294477
0.0324999988079071
0.0362499989569187
0.0418750010430813
0.0439843758940697
0.0471484363079071
0.0474450699985027
0.0474728792905807
0.0474730953574181
0.0474733114242554
0.0474733263254166
0.0474733263254166
0.0474733300507069
0.0474733300507069
0.0474733337759972
0.0474733337759972
0.0474733375012875
0.0474733412265778
0.0474733449518681
0.0474733486771584
0.0474733524024487
0.0474733524024487
0.0474733524024487
0.047473356127739
0.047473356127739
0.047473356127739
0.0474733598530293
0.0474733635783195
0.0474733635783195
0.0474733635783195
0.0474733673036098
0.0474733673036098
0.0474733710289001
0.0474733747541904
0.0474733747541904
0.0474733747541904
0.0474733784794807
0.0474733784794807
0.047473382204771
0.047473382204771
0.0474733859300613
0.0474733859300613
0.0474733859300613
0.0474733896553516
0.0474733933806419
0.0474733933806419
0.0474733933806419
0.0474733971059322
0.0474733971059322
0.0474734008312225
0.0474734045565128
0.0474734045565128
0.0474734082818031
0.0474734082818031
0.0474734082818031
0.0474734120070934
0.0474734157323837
0.0474734157323837
0.047473419457674
0.0474734231829643
0.0474734269082546
0.0474734306335449
0.0474734306335449
0.0474734343588352
0.0474734380841255
0.0474734380841255
0.0474734380841255
0.0474734418094158
0.0474734418094158
0.0474734455347061
0.0474734492599964
0.0474734529852867
0.0474734529852867
0.047473456710577
0.047473456710577
0.047473456710577
0.0474734604358673
0.0474734641611576
0.0474734678864479
0.0474734678864479
0.0474734678864479
0.0474734678864479
0.0474734716117382
0.0474734716117382
0.0474734716117382
0.0474734753370285
0.0474734790623188
0.0474734790623188
0.0474734790623188
0.0474734827876091
0.0474734865128994
0.0474734902381897
0.0474734902381897
0.0474734902381897
0.0474734902381897
0.04747349396348
0.0474734976887703
0.0474734976887703
0.0474735014140606
0.0474735014140606
0.0474735051393509
0.0474735051393509
0.0474735088646412
0.0474735125899315
0.0474735125899315
0.0474735163152218
0.0474735163152218
0.0474735200405121
0.0474735200405121
0.0474735237658024
0.0474735274910927
0.047473531216383
0.0474735349416733
0.0474735349416733
0.0474735386669636
0.0474735386669636
0.0474735386669636
0.0474735386669636
0.0474735423922539
0.0474735423922539
0.0474735461175442
0.0474735461175442
0.0474735498428345
0.0474735498428345
0.0474735535681248
0.0474735535681248
0.0474735535681248
0.0474735572934151
0.0474735572934151
0.0474735610187054
0.0474735610187054
0.0474735647439957
0.0474735647439957
0.047473568469286
0.047473568469286
0.0474735721945763
0.0474735721945763
0.0474735759198666
0.0474735759198666
0.0474735759198666
0.0474735796451569
0.0474735833704472
0.0474735833704472
0.0474735833704472
0.0474735870957375
0.0474735908210278
0.0474735908210278
0.0474735945463181
0.0474735982716084
0.0474735982716084
0.0474735982716084
0.0474736019968987
0.0474736019968987
0.0474736019968987
0.0474736057221889
0.0474736057221889
0.0474736094474792
0.0474736131727695
0.0474736131727695
0.0474736131727695
0.0474736131727695
0.0474736168980598
0.0474736206233501
0.0474736206233501
0.0474736206233501
0.0474736243486404
0.0474736243486404
0.0474736280739307
0.0474736280739307
0.047473631799221
0.047473631799221
0.0474736355245113
0.0474736392498016
0.0474736392498016
0.0474736429750919
0.0474736467003822
0.0474736467003822
0.0474736504256725
0.0474736504256725
0.0474736541509628
0.0474736541509628
0.0474736541509628
0.0474736578762531
0.0474736578762531
0.0474736616015434
0.0474736616015434
0.0474736653268337
0.0474736653268337
0.0474736653268337
0.047473669052124
0.0474736727774143
0.0474736727774143
0.0474736765027046
0.0474736765027046
0.0474736765027046
0.0474736802279949
0.0474736802279949
0.0474736839532852
0.0474736839532852
0.0474736839532852
0.0474736876785755
0.0474736914038658
0.0474736951291561
0.0474736951291561
0.0474736951291561
0.0474736988544464
0.0474737025797367
0.0474737025797367
0.0474737025797367
0.047473706305027
0.047473706305027
0.0474737100303173
0.0474737100303173
0.0474737137556076
0.0474737137556076
0.0474737174808979
0.0474737174808979
0.0474737174808979
0.0474737212061882
0.0474737286567688
0.0474737286567688
0.0474737286567688
0.0474737323820591
0.0474737323820591
0.0474737361073494
0.0474737361073494
0.0474737398326397
0.0474737398326397
0.04747374355793
0.0474737472832203
0.0474737510085106
0.0474737547338009
0.0474737584590912
0.0474737584590912
0.0474737621843815
0.0474737621843815
0.0474737696349621
0.0474737696349621
0.0474737696349621
0.0474737696349621
0.0474737733602524
0.0474737770855427
0.0474737770855427
0.047473780810833
0.047473780810833
0.047473780810833
0.0474737845361233
0.0474737882614136
0.0474737919867039
0.0474737957119942
0.0474737957119942
0.0474737994372845
0.0474737994372845
0.0474738031625748
0.0474738068878651
0.0474738106131554
0.0474738106131554
0.0474738106131554
0.0474738106131554
0.0474738143384457
0.0474738143384457
0.047473818063736
0.047473818063736
0.0474738217890263
0.0474738217890263
0.0474738217890263
0.0474738255143166
0.0474738292396069
0.0474738292396069
0.0474738329648972
0.0474738366901875
0.0474738366901875
0.0474738404154778
0.0474738441407681
0.0474738478660583
0.0474738478660583
0.0474738515913486
0.0474738553166389
0.0474738590419292
0.0474738590419292
0.0474738627672195
0.0474738664925098
0.0474738702178001
0.0474738739430904
0.0474738739430904
0.0474738776683807
0.047473881393671
0.0474738851189613
0.0474738851189613
0.0474738888442516
0.0474738888442516
0.0474738925695419
0.0474738925695419
0.0474738962948322
0.0474739000201225
0.0474739000201225
0.0474739000201225
0.0474739037454128
0.0474739037454128
0.0474739037454128
0.0474739074707031
0.0474739074707031
0.0474739111959934
0.0474739111959934
0.0474739149212837
0.0474739149212837
0.0474739149212837
0.047473918646574
0.047473918646574
0.0474739223718643
0.0474739223718643
0.0474739260971546
0.0474739260971546
0.0474739260971546
0.0474739298224449
0.0474739335477352
0.0474739335477352
0.0474739335477352
0.0474739372730255
0.0474739372730255
0.0474739409983158
0.0474739409983158
0.0474739409983158
0.0474739447236061
0.0474739447236061
0.0474739484488964
0.0474739484488964
0.0474739521741867
0.0474739521741867
0.0474739521741867
0.047473955899477
0.047473955899477
0.0474739596247673
0.0474739596247673
0.0474739633500576
0.0474739633500576
0.0474739670753479
0.0474739670753479
0.0474739708006382
0.0474739708006382
0.0474739745259285
0.0474739745259285
0.0474739782512188
0.0474739782512188
0.0474739782512188
0.0474739819765091
0.0474739819765091
0.0474739857017994
0.0474739857017994
0.0474739894270897
0.0474739894270897
0.0474739894270897
0.04747399315238
0.04747399315238
0.0474739968776703
0.0474739968776703
0.0474740006029606
0.0474740006029606
0.0474740043282509
0.0474740043282509
0.0474740080535412
0.0474740117788315
0.0474740117788315
0.0474740117788315
0.0474740155041218
0.0474740155041218
0.0474740155041218
0.0474740192294121
0.0474740192294121
0.0474740229547024
0.0474740229547024
0.0474740266799927
0.0474740266799927
0.0474740266799927
0.047474030405283
0.0474740341305733
0.0474740341305733
0.0474740341305733
0.0474740378558636
0.0474740378558636
0.0474740378558636
0.0474740415811539
0.0474740415811539
0.0474740415811539
0.0474740453064442
0.0474740490317345
0.0474740490317345
0.0474740527570248
0.0474740527570248
0.0474740564823151
0.0474740564823151
0.0474740602076054
0.0474740602076054
0.0474740639328957
0.047474067658186
0.047474067658186
0.0474740713834763
0.0474740751087666
0.0474740751087666
0.0474740788340569
0.0474740825593472
0.0474740825593472
0.0474740825593472
0.0474740862846375
0.0474740900099277
0.047474093735218
0.047474093735218
0.047474093735218
0.0474740974605083
0.0474740974605083
0.0474741011857986
0.0474741049110889
0.0474741086363792
0.0474741086363792
0.0474741123616695
0.0474741160869598
0.0474741198122501
0.0474741198122501
0.0474741235375404
0.0474741272628307
0.047474130988121
0.047474130988121
0.0474741347134113
0.0474741384387016
0.0474741421639919
0.0474741421639919
0.0474741421639919
0.0474741458892822
0.0474741458892822
0.0474741496145725
0.0474741496145725
0.0474741533398628
0.0474741533398628
0.0474741570651531
0.0474741607904434
0.0474741607904434
0.0474741645157337
0.0474741645157337
0.047474168241024
0.047474168241024
0.047474168241024
0.0474741719663143
0.0474741719663143
0.0474741756916046
0.0474741756916046
0.0474741794168949
0.0474741831421852
0.0474741868674755
0.0474741868674755
0.0474741905927658
0.0474741905927658
0.0474741943180561
0.0474741943180561
0.0474741943180561
0.0474741980433464
0.0474742017686367
0.047474205493927
0.047474205493927
0.047474205493927
0.0474742092192173
0.0474742092192173
0.0474742092192173
0.0474742129445076
0.0474742129445076
0.0474742129445076
0.0474742166697979
0.0474742166697979
0.0474742203950882
0.0474742203950882
0.0474742203950882
0.0474742241203785
0.0474742278456688
0.0474742278456688
0.0474742315709591
0.0474742315709591
0.0474742315709591
0.0474742352962494
0.0474742352962494
0.0474742352962494
0.0474742390215397
0.04747424274683
0.04747424274683
0.04747424274683
0.0474742464721203
0.0474742464721203
0.0474742464721203
0.0474742501974106
0.0474742539227009
0.0474742539227009
0.0474742576479912
0.0474742576479912
0.0474742576479912
0.0474742613732815
0.0474742613732815
0.0474742650985718
0.0474742650985718
0.0474742688238621
0.0474742725491524
