0.0
6.86766270519001e-08
1.09299662653939e-07
1.16201412936334e-07
1.1697717638981e-07
1.1818055867252e-07
2.13057944620232e-07
3.31996488966979e-07
3.37698509156326e-07
3.3844227687041e-07
3.39194400567067e-07
3.40735027748451e-07
3.61748703880949e-07
3.95724782720208e-07
4.37408061770839e-07
4.84993165628111e-07
5.38857818810357e-07
5.53267966552085e-07
5.54203438696277e-07
5.55052906747733e-07
5.55873725716083e-07
5.56687439257075e-07
5.57903547360183e-07
5.59722082016378e-07
5.62423281280644e-07
5.66226958653715e-07
5.71300063256786e-07
5.72552380617708e-07
5.73522697777662e-07
5.74703619804495e-07
5.75715944250987e-07
5.76578372601944e-07
5.77364119180857e-07
5.77909759158501e-07
5.78355127345276e-07
5.7899063676814e-07
5.80014784645755e-07
5.81248343678453e-07
5.82217978717381e-07
5.82466327614384e-07
5.82764812406822e-07
5.83158225708758e-07
5.83728706260445e-07
5.83915266361146e-07
5.84118595270411e-07
5.84357735533558e-07
5.84843576234562e-07
5.85567931921105e-07
5.86515909617447e-07
5.87874581015058e-07
5.88531747780507e-07
5.88848592997238e-07
5.89075398238492e-07
5.89249509630463e-07
5.89445107834763e-07
5.89601654610306e-07
5.897366577301e-07
5.89858814237232e-07
5.899741495341e-07
5.90081128848396e-07
5.90155877944198e-07
5.90258650845499e-07
5.90403089972824e-07
5.9062136870125e-07
5.90992272009316e-07
5.91508637626248e-07
5.92327239701262e-07
5.92707237956347e-07
5.93102981838456e-07
5.93223603573279e-07
5.93342406318698e-07
5.93489630773547e-07
5.93690629102639e-07
5.93753156863386e-07
5.93821084748924e-07
5.9394557183623e-07
5.94112862017937e-07
5.94368259498879e-07
5.94879224991018e-07
5.95762060129346e-07
5.96128415963904e-07
5.96293489252275e-07
5.96446056988498e-07
5.96561505972204e-07
5.96636027694331e-07
5.96692757426354e-07
5.96737152136484e-07
5.96774896166608e-07
5.96808035879803e-07
5.96851975842583e-07
5.96893187321257e-07
5.96932579810527e-07
5.96970608057745e-07
5.96997665525123e-07
5.97039957028755e-07
5.97105383803864e-07
5.97195821683272e-07
5.97325481521693e-07
5.97511075284274e-07
5.9777971728181e-07
5.9822980347235e-07
5.98905273818673e-07
5.99136114942667e-07
5.99136114942667e-07
5.99136114942667e-07
5.99136114942667e-07
5.99136114942667e-07
5.99136114942667e-07
5.99136114942667e-07
5.99136114942667e-07
5.99136114942667e-07
5.99136114942667e-07
5.99136114942667e-07
5.99136114942667e-07
5.99136114942667e-07
5.99136114942667e-07
5.99136114942667e-07
5.99136114942667e-07
5.99136114942667e-07
5.99136114942667e-07
5.99136114942667e-07
5.99136114942667e-07
5.99136114942667e-07
5.99136114942667e-07
5.99136114942667e-07
5.99136114942667e-07
5.99136114942667e-07
5.99136114942667e-07
5.99136114942667e-07
5.99136114942667e-07
5.99136114942667e-07
5.99136114942667e-07
5.99136114942667e-07
5.99136114942667e-07
5.99136114942667e-07
5.99136114942667e-07
5.99136114942667e-07
5.99136114942667e-07
5.99136114942667e-07
5.99136114942667e-07
5.99136114942667e-07
5.99136114942667e-07
5.99136114942667e-07
5.99136114942667e-07
5.99136114942667e-07
5.99136114942667e-07
5.99136114942667e-07
5.99136114942667e-07
5.99136114942667e-07
5.99136114942667e-07
5.99136114942667e-07
5.99136114942667e-07
5.99136114942667e-07
5.99136114942667e-07
5.99136114942667e-07
5.99136114942667e-07
5.99136114942667e-07
