0.0
2.19919638055899e-10
6.10025608693832e-07
8.35133778309682e-06
2.36792420764687e-05
5.21730289619882e-05
0.000101202960649971
0.000152494190842845
0.000221808266360313
0.000319561251671985
0.000377964664949104
0.000430131913162768
0.000462955358671024
0.000502790790051222
0.000523818016517907
0.000545978255104274
0.000546661380212754
0.000547176925465465
0.000547699630260468
0.000548490323126316
0.000549684627912939
0.000551489240024239
0.000554220343474299
0.000558179570361972
0.000560964923352003
0.000562989327590913
0.000565036607440561
0.000567119452171028
0.000567908922675997
0.000569029536563903
0.000570098927710205
0.000571187061723322
0.000572547665797174
0.000574477948248386
0.000577996717765927
0.000579328276216984
0.000580201274715364
0.000581052096094936
0.000581937143579125
0.000582853157538921
0.000584258639719337
0.000586427864618599
0.000589735980611295
0.000594375422224402
0.000601700972765684
0.000613551586866379
0.000633016461506486
0.000659468933008611
0.000665138068143278
0.000669676810503006
0.00067044940078631
0.000670986017212272
0.000671347079332918
0.000671565532684326
0.000671633519232273
0.000671650399453938
0.000671656453050673
0.000671660527586937
0.000671665533445776
0.000671669840812683
0.000671672692988068
0.000671675428748131
0.000671678280923516
0.000671681074891239
0.000671685382258147
0.000671688350848854
0.000671691144816577
0.000671691552270204
0.000671692192554474
0.000671692774631083
0.000671693298500031
0.000671693938784301
0.000671694928314537
0.000671696267090738
0.000671697256620973
0.000671698246151209
0.000671699235681444
0.000671700981911272
0.000671703252010047
0.000671705871354789
0.000671707326546311
0.000671708723530173
0.000671710469760001
0.000671712856274098
0.000671716989018023
0.000671724032144994
0.000671725952997804
0.000671728223096579
0.00067173334537074
0.000671743415296078
0.000671757210511714
0.00067177414894104
0.000671797548420727
0.000671812507789582
0.000671814894303679
0.00067181617487222
0.000671817106194794
0.000671817804686725
0.000671818444970995
0.000671819027047604
0.000671819841954857
0.000671821180731058
0.000671823101583868
0.000671826128382236
0.000671830493956804
0.000671836431138217
0.000671844347380102
0.00067185569787398
0.000671873858664185
0.000671898829750717
0.000671971356496215
0.000671991496346891
0.000672024325467646
0.000672057969495654
0.000672059250064194
0.00067206152016297
0.000672060938086361
0.00067206920357421
0.000672062102239579
0.000672059017233551
0.000672061170917004
0.000672086491249502
0.000672124326229095
0.000671846617478877
0.00067157024750486
0.000671245856210589
0.000671082292683423
0.000671083515044302
0.000671085086651146
0.000671086891088635
0.000671088928356767
0.000671092420816422
0.000671097368467599
0.000671102141495794
0.000671107496600598
0.000671110057737678
0.000671102025080472
0.000671100046020001
0.000671099231112748
0.000671099929604679
0.000671104819048196
0.000671108136884868
0.000671115412842482
0.00067111715907231
0.000671119662001729
0.000671118730679154
0.0006711152382195
0.000671106856316328
0.000671101035550237
0.000671100046020001
0.000671098998282105
0.000671102898195386
0.00067110697273165
0.000671112502459437
0.000671116751618683
0.000671127811074257
0.000671125948429108
0.000671133515425026
0.000671123620122671
0.000671121117193252
0.000671111280098557
0.000671106507070363
0.000671101210173219
0.000671109475661069
0.00067110441159457
0.000671107729431242
0.000671111920382828
0.000671112968120724
0.000671122164931148
0.000671129440888762
0.000671129731927067
0.00067112990655005
0.000671130139380693
0.000671130139380693
