0.0
3.2043055853137e-07
3.26025968888644e-07
3.31773975403848e-07
3.41004579240689e-07
3.48880320188982e-07
3.5306041468175e-07
3.92962107298445e-07
5.75370108890638e-07
7.23298455795884e-07
9.28494387153478e-07
1.14882118396054e-06
1.24362031783676e-06
1.38931454785052e-06
1.44033288052015e-06
1.48268122757145e-06
1.53207133735123e-06
1.58726300014678e-06
1.64426216997526e-06
1.66001188972587e-06
1.67620919455658e-06
1.69300517427473e-06
1.72779607510165e-06
1.78459151811694e-06
1.85532280738698e-06
1.92117977348971e-06
1.99455621441302e-06
2.04339517040353e-06
2.08014785130217e-06
2.10393523047969e-06
2.11949281947454e-06
2.13095154322218e-06
2.14080409932649e-06
2.15054251384572e-06
2.16591342905303e-06
2.19009643842583e-06
2.23269466914644e-06
2.28502017307619e-06
2.34369463214534e-06
2.40361737269268e-06
2.47417688115092e-06
2.56590101344045e-06
2.58905265582143e-06
2.61480136032333e-06
2.6431418973516e-06
2.67442533186113e-06
2.70942291535903e-06
2.74814306067128e-06
2.79068922282022e-06
2.84524458038504e-06
2.90165712613089e-06
2.96963503387815e-06
3.00662304653088e-06
3.05883850160171e-06
3.11518920170784e-06
3.13138070850982e-06
3.14980866278347e-06
3.18321440317959e-06
3.22536584462796e-06
3.2832922443049e-06
3.36319794769224e-06
3.44212230629637e-06
3.53219024873397e-06
3.63828598892724e-06
3.73003376807901e-06
3.79754146706546e-06
3.86022929887986e-06
3.91377261621528e-06
3.95583583667758e-06
4.00829458158114e-06
4.03398144044331e-06
4.05536684411345e-06
4.0743216231931e-06
4.09175208915258e-06
4.11618430007366e-06
4.14999931308557e-06
4.20467540607206e-06
4.25417056248989e-06
4.26471342507284e-06
4.27599979957449e-06
4.28827388532227e-06
4.30283944297116e-06
4.32201250077924e-06
4.35117681263364e-06
4.39135556007386e-06
4.41556949226651e-06
4.43310364062199e-06
4.44766510554473e-06
4.46643480245257e-06
4.48296623289934e-06
4.49796334578423e-06
4.51196456197067e-06
4.52546510132379e-06
4.53882785222959e-06
4.55303234048188e-06
4.56902125733905e-06
4.58704198535997e-06
4.60746514363564e-06
4.6314048631757e-06
4.66130904897e-06
4.72156489195186e-06
4.77166076962021e-06
4.80865128338337e-06
4.85234204461449e-06
4.88834530187887e-06
4.91836499350029e-06
4.95475933348644e-06
4.98605140819564e-06
5.01394151797285e-06
5.0466164793761e-06
5.07535332872067e-06
5.1027923291258e-06
5.12986707690288e-06
5.17074840900023e-06
5.23332209922955e-06
5.35234403287177e-06
5.49136530025862e-06
5.67214010516182e-06
5.71196414966835e-06
5.75336753172451e-06
5.79649622522993e-06
5.84405006520683e-06
5.89759838476311e-06
5.97317102801753e-06
6.07650054007536e-06
6.21039043835481e-06
6.35261903880746e-06
6.49672938379808e-06
6.6417851485312e-06
6.84321639710106e-06
7.14073485141853e-06
7.27783299225848e-06
7.47368403608561e-06
7.76506931288168e-06
8.23731807031436e-06
8.85417830431834e-06
9.2864538601134e-06
9.61473051575013e-06
9.93738558463519e-06
1.0150119123864e-05
1.02922040241538e-05
1.03817992567201e-05
1.04429591374355e-05
1.04887558336486e-05
1.05283834272996e-05
1.05819499367499e-05
1.06584529930842e-05
1.07706291601062e-05
1.09304764919216e-05
1.11535873656976e-05
1.14807617137558e-05
1.19628275569994e-05
1.28027922983165e-05
1.40193033075775e-05
1.5142984011618e-05
1.60704639711184e-05
1.68875449162442e-05
1.81831019290257e-05
1.85845547093777e-05
1.88852318387944e-05
1.89738912013127e-05
1.90421214938397e-05
1.91140406968771e-05
1.91960843949346e-05
1.92896623048e-05
1.93805044546025e-05
1.94618733075913e-05
1.95367974811234e-05
1.96092078112997e-05
1.96797773241997e-05
1.9783559764619e-05
1.99414735106984e-05
2.02089267986594e-05
2.06150125450222e-05
2.12730810744688e-05
2.15588097489672e-05
2.20204801735235e-05
2.26328502321849e-05
2.31858921324601e-05
2.38895663642325e-05
2.45616447500652e-05
2.51449491770472e-05
2.56731691479217e-05
2.61902059719432e-05
2.68266230705194e-05
2.73358764388831e-05
2.78686839010334e-05
2.82984710793244e-05
2.85702972178115e-05
2.87575294350972e-05
2.88915762212127e-05
2.89967629214516e-05
2.90866828436265e-05
2.92068580165505e-05
2.93724060611567e-05
2.96034741040785e-05
2.99831917800475e-05
3.06383772112895e-05
3.1679926905781e-05
3.26268600474577e-05
3.35530457959976e-05
3.4424021578161e-05
3.53070136043243e-05
3.61966303898953e-05
3.74862611352e-05
3.94178277929313e-05
4.25067628384568e-05
4.55400841019582e-05
4.8587560740998e-05
5.39425927854609e-05
6.26100954832509e-05
7.26672369637527e-05
8.6030202510301e-05
0.000103965110611171
0.000105409322713967
0.000106896557554137
0.000108309162897058
0.000109789107227698
0.000111352346721105
0.000113973728730343
0.000116638941108249
0.000119949247164186
0.000128320913063362
0.00013182389375288
0.000135420748847537
0.000139005802338943
0.000144359961268492
0.000152210268424824
0.000164444674737751
0.00017713250417728
0.000189737227628939
0.000208060824661516
0.000235126106417738
0.00027499659336172
0.000333460688125342
0.000417029979871586
0.00054604304023087
0.000736385933123529
0.000930947076994926
0.00113065564073622
0.00133784720674157
0.00155182671733201
0.00176090130116791
0.00197074981406331
0.00218158797360957
0.00239548436366022
0.00261492165736854
0.00282447831705213
0.00303219584748149
0.00324230687692761
0.00345572945661843
0.00367143633775413
0.003887421451509
0.00410246755927801
0.0043127522803843
0.00451129069551826
0.00470893317833543
0.00490553956478834
0.00510177761316299
0.0052988794632256
0.00549440085887909
0.00568727450445294
0.00587923219427466
0.00607361132279038
0.00626979907974601
0.00646155280992389
0.00665103830397129
0.00683802599087358
0.00684056058526039
0.00683342106640339
0.00682218605652452
0.00680314609780908
0.00678244791924953
0.00675955461338162
0.00673568015918136
0.0067118969745934
0.00668485416099429
0.00665863836184144
0.00663164956495166
0.00660673109814525
0.00657855859026313
0.00655351625755429
0.00652595330029726
0.00649872561916709
0.00647124834358692
0.00644540786743164
0.00641915714368224
0.00639049941673875
0.00636525638401508
0.00633702334016562
0.00630917493253946
0.00628128321841359
0.00625336356461048
0.00622761528939009
0.00619871774688363
0.00617260625585914
0.00614416226744652
0.00611614296212792
0.00608760584145784
0.00605176342651248
0.00602308148518205
0.00599187891930342
0.0059538846835494
0.00592380110174417
0.00589149072766304
0.00585391838103533
0.00582324014976621
0.00578955980017781
0.00575369875878096
0.00572412554174662
0.00569110969081521
0.00565729709342122
0.00562584772706032
0.00559176644310355
0.0055599631741643
0.00552609283477068
0.00549035472795367
0.0054818675853312
0.00546964816749096
0.00546490261331201
0.00545680010691285
0.00545680010691285
