-0.0
3.20311869472789e-07
3.6089386412641e-07
3.71754140360281e-07
4.12679582950659e-07
-5.43095211469335e-07
-6.7395853875496e-07
-9.11079041543417e-07
-8.81049345480278e-07
-9.76177034317516e-07
-1.07755295175593e-06
-1.02544800029136e-06
1.71152714756317e-06
-5.1399547373876e-07
-6.93256879458204e-07
-6.14179043623153e-07
-1.82396070158575e-06
-3.71341616300924e-06
-4.71208295493852e-06
-4.92292201670352e-06
1.46366655826569e-05
-3.86238389182836e-06
-2.27799318963662e-06
-9.25781932892278e-07
2.47455318458378e-06
1.98188245121855e-05
2.68355433945544e-05
3.65627165592741e-05
6.26609325991012e-05
8.1112259067595e-05
8.38980486150831e-05
8.22543443064205e-05
7.92896607890725e-05
8.58564744703472e-05
8.85837143869139e-05
8.99129663594067e-05
8.80693623912521e-05
8.71282754815184e-05
8.67798662511632e-05
8.66624977788888e-05
8.65261681610718e-05
8.65997499204241e-05
8.65566325956024e-05
8.64553730934858e-05
8.6293373897206e-05
8.60964501043782e-05
8.58078055898659e-05
8.51933364174329e-05
8.44919122755527e-05
8.38409978314303e-05
8.30092103569768e-05
8.27414260129444e-05
8.72617310960777e-05
9.96716844383627e-05
0.000108244945295155
0.000113767229777295
0.000111809480586089
0.000107225925603416
9.80935583356768e-05
9.49810855672695e-05
0.000105435698060319
0.000112946756416932
0.000125408172607422
0.000102847436210141
8.67194394231774e-05
5.2848321502097e-05
7.92140781413764e-07
-3.91985049645882e-05
-4.89832200400997e-05
-1.75673067133175e-05
-1.17645613499917e-05
-5.3633120842278e-06
-2.8708473109873e-06
-2.41683846979868e-06
-4.31837906944565e-06
-1.11236968223238e-05
-1.76835528691299e-05
-2.17837587115355e-05
-2.09526642720448e-05
-2.06208424060605e-05
-1.98140460270224e-05
-1.25040587590775e-05
-1.0518766430323e-05
-1.06390962173464e-05
-1.1394229659345e-05
-1.19314390758518e-05
-1.53352266352158e-05
-1.95591510419035e-05
-1.91580838873051e-05
-1.75450604729122e-05
-1.38180803332943e-05
-1.39914773171768e-05
-1.36773514896049e-05
-1.27384291772614e-05
-1.39708572532982e-05
-1.43305578603758e-05
-1.47008831845596e-05
-1.51764961628942e-05
-1.49180923472159e-05
-1.61003445100505e-05
-1.77726924448507e-05
-1.72307918546721e-05
-1.90215832844842e-05
-1.59003939188551e-05
-1.55459711095318e-05
-1.16161400001147e-05
-9.67696632869774e-06
-6.19087222730741e-06
-5.54772577743279e-06
-3.42484690918354e-06
-1.94976109924028e-06
-2.8337080948404e-06
-3.39220241585281e-06
-4.62182742921868e-06
-5.88831608183682e-06
-9.27764722291613e-06
-1.152005916083e-05
-1.37288352561882e-05
-1.28956535263569e-05
-9.45620831771521e-06
-6.32140108791646e-06
-2.21964637603378e-06
-4.34496882917301e-12
-4.61852778244065e-14
-1.06581410364015e-14
7.105427357601e-15
7.105427357601e-15
-1.77635683940025e-14
-1.77635683940025e-14
-1.77635683940025e-14
-1.77635683940025e-14
-1.77635683940025e-14
4.98277529459301e-07
-9.60657331461334e-10
4.67748613175445e-08
4.56579272167801e-08
-2.33950814276795e-09
-2.33950814276795e-09
