0.0
-8.37441788051748e-20
7.29176736058434e-06
3.10965951939579e-05
7.61264018365182e-05
0.00014877604553476
0.000253085396252573
0.000387606793083251
0.00054690265096724
0.000725936435628682
0.000923540617804974
0.00113775336649269
0.00136606267187744
0.00161178375128657
0.00174334517214447
0.00181226746644825
0.0018838708056137
0.00188429781701416
0.00188472482841462
0.0018851519562304
0.00188579270616174
0.00188643368892372
0.00188707478810102
0.00188771600369364
0.00188835733570158
0.00188899890054017
0.00188996142242104
0.00189092417713255
0.00189188728109002
0.00189333234447986
0.00189550104551017
0.00189712818246335
0.0018983487971127
0.00189956917893142
0.00190048408694565
0.00190139818005264
0.00190208258572966
0.00190276582725346
0.00190344732254744
0.00190412707161158
0.00190480554010719
0.00190582184586674
0.00190734432544559
0.00190886517520994
0.001910385559313
0.00191190605983138
0.00191342714242637
0.00191494927275926
0.00191647245083004
0.00191799690946937
0.00191952253226191
0.00192104955203831
0.00192334235180169
0.00192678719758987
0.00193196639884263
0.0019397622672841
0.00195151555817574
0.00196927646175027
0.00199619820341468
0.0020371952559799
0.00210000877268612
0.00219697924330831
0.00229689385741949
0.00239932350814342
0.0024252834264189
0.0024644413497299
0.00252331071533263
0.00252698641270399
0.002530662342906
0.00253433897159994
0.00253985403105617
0.00254536676220596
0.00255087343975902
0.00255637243390083
0.00256186234764755
0.00257007870823145
0.00258236238732934
0.00260069523938
0.00262794853188097
0.0026682170573622
0.0027273241430521
0.00281321653164923
0.00293663283810019
0.00311135896481574
0.0033439383842051
0.00354757136665285
0.00369894923642278
0.00378828425891697
0.00379867246374488
0.00379932043142617
0.00380011857487261
0.00380018004216254
0.00380026642233133
0.00380029692314565
0.00380033976398408
0.00380039284937084
0.00380040775053203
0.00380041263997555
0.003800418227911
0.0038004198577255
0.00380042195320129
0.0038004235830158
0.00380042497999966
0.00380042521283031
0.00380042544566095
0.00380042544566095
0.00380042567849159
0.00380042591132224
0.00380042614415288
0.00380042660981417
0.00380042707547545
0.00380042800679803
0.0038004289381206
0.00380043033510447
0.00380043173208833
0.00380043312907219
0.00380043452605605
0.00380043685436249
0.0038004401139915
0.00380044500343502
0.00380045222118497
0.00380046339705586
0.00380048062652349
0.00380049925297499
0.00380051811225712
0.00380053673870862
0.00380055536516011
0.0038005739916116
0.00380059261806309
0.00380061147734523
0.00380063033662736
0.00380064966157079
0.0038006694521755
0.00380068947561085
0.00380070996470749
0.00380073068663478
0.00380075140856206
0.00380077213048935
0.00380079285241663
0.00380081380717456
0.00380083452910185
0.00380085571669042
0.00380087690427899
0.00380089832469821
0.00380091997794807
0.00380094163119793
0.00380096375010908
0.00380098610185087
0.00380100891925395
0.00380103196948767
0.00380105525255203
0.0038010785356164
0.00380110181868076
0.00380112510174513
0.00380114838480949
0.0038011719007045
0.00380119541659951
0.00380121916532516
0.00380124291405082
0.00380126666277647
0.00380129041150212
0.00380131416022778
0.00380133814178407
0.00380136258900166
0.00380138703621924
0.00380141171626747
0.00380143616348505
0.00380146014504135
0.00380148366093636
0.00380150694400072
0.00380152999423444
0.00380155257880688
0.00380157469771802
0.00380159611813724
0.00380161707289517
0.00380163709633052
0.0038016561884433
0.00380167458206415
0.00380169204436243
0.00380170904099941
0.00380172533914447
0.00380174117162824
0.00380175677128136
0.00380177143961191
0.00380178517661989
0.00380179774947464
0.00380180892534554
0.0038018194027245
0.00380182825028896
0.00380183639936149
0.00380184431560338
0.00380185176618397
0.00380185758695006
0.00380186294205487
0.00380186783149838
0.00380187132395804
0.00380187341943383
0.00380187481641769
0.00380187481641769
