0.0
0.0
0.0
0.0
0.0
0.0
0.0
6.48167175314185e-13
2.77811072757483e-11
1.27051397180722e-10
3.58318014148651e-10
1.05371644743002e-09
2.3732515952446e-09
4.8033599320263e-09
7.11525238727972e-09
9.10606789972235e-09
1.13200275819736e-08
2.07504609051057e-08
4.02468458560179e-08
1.02585069328143e-07
1.99284400537181e-07
2.15181813700838e-07
2.29249863537007e-07
2.46080304577845e-07
2.70749382025315e-07
2.97745884836331e-07
3.21713713447025e-07
3.45572459536925e-07
3.74310729966965e-07
4.1340902612319e-07
4.45590899289527e-07
4.78899551126233e-07
4.8689236109567e-07
4.98882116062305e-07
5.25062205269933e-07
5.65344237202225e-07
5.74121202134847e-07
5.77178127514344e-07
5.78301865061803e-07
5.78717617827351e-07
5.79341588036186e-07
5.79574873427191e-07
5.7966224176198e-07
5.79695040414663e-07
5.79744209971977e-07
5.79762627239688e-07
5.79769562136789e-07
5.79779907639022e-07
5.79780930820561e-07
5.79782351906033e-07
5.7978252243629e-07
5.7978252243629e-07
5.7978252243629e-07
5.7978252243629e-07
5.7978252243629e-07
5.7978252243629e-07
5.7978252243629e-07
5.7978252243629e-07
5.7978252243629e-07
