0.0
0.00120000005699694
0.00240000011399388
0.00359999993816018
0.00389999989420176
0.00435000006109476
0.00502499984577298
0.00603750022128224
0.00705000013113022
0.00806249957531691
0.00907499995082617
0.0100875003263354
0.0110999997705221
0.0121125001460314
0.0131249995902181
0.0143250003457069
0.0155250001698732
0.0167249999940395
0.0179249998182058
0.0191249996423721
0.0203249994665384
0.0206250008195639
0.0210749991238117
0.0217499993741512
0.0227624997496605
0.0239624995738268
0.0251624993979931
0.0263624992221594
0.0275625009089708
0.0287625007331371
0.0299625005573034
0.0311625003814697
0.0314625017344952
0.0319124981760979
0.0325874984264374
0.0335999988019466
0.0339000001549721
0.0340125001966953
0.0340546891093254
0.0340705066919327
0.0340942367911339
0.0341031365096569
0.0341064743697643
0.0341077260673046
0.034109603613615
0.0341103076934814
0.0341105721890926
0.0341109670698643
0.0341110043227673
0.0341110602021217
0.034111063927412
0.034111063927412
0.0341110676527023
0.0341110676527023
0.0341110676527023
0.0341110676527023
0.0341110676527023
0.0341110676527023
0.0341110676527023
