0.0
0.0
3.27290123891544e-08
1.42250655699172e-06
4.16439070249908e-06
4.44500392404734e-06
4.6415584620263e-06
4.97534119858756e-06
8.99887709238101e-06
3.06180700135883e-05
5.66294329473749e-05
8.34664460853674e-05
0.000105483370134607
0.00012490595690906
0.00014493046910502
0.00016550236614421
0.000186068777111359
0.000206538898055442
0.000227593060117215
0.000248795957304537
0.000268786097876728
0.000287926261080429
0.000306423084111884
0.000324826716678217
0.000343074789270759
0.000361637561582029
0.000379127101041377
0.000395966490032151
0.00041204466833733
0.000426841172156855
0.000441286189015955
0.000455165572930127
0.000469256774522364
0.000483217532746494
0.000497193075716496
0.000510925659909844
0.000524516450241208
0.000537632848136127
0.000550175900571048
0.000561980705242604
0.000572484161239117
0.000582601234782487
0.000592869648244232
0.000604197150096297
0.000615857657976449
0.000627400528173894
0.000638713361695409
0.000649840745609254
0.000660600024275482
0.000671514251735061
0.000682319980114698
0.000692595902364701
0.000702204008121043
0.000710776017513126
0.000719058967661113
0.000727111415471882
0.000734947272576392
0.00074245932046324
0.000749688711948693
0.000756675552111119
0.000763314659707248
0.00076928228372708
0.00077524030348286
0.000781100476160645
0.000786722812335938
0.000791882863268256
0.000796689593698829
0.000801128800958395
0.000805266841780394
0.000809567864052951
0.00081408757250756
0.000818830798380077
0.000823881768155843
0.000829146942123771
0.000834698905237019
0.000840466644149274
0.000846400449518114
0.000852544326335192
0.000858792918734252
0.000865042442455888
0.000871229509357363
0.000877276179380715
0.000882845313753933
0.000887864909600466
0.00089224218390882
0.00089570670388639
0.000898947822861373
0.000902363855857402
0.000905866152606905
0.000909489870537072
0.000913370866328478
0.000917672470677644
0.000922217790503055
0.000927058572415262
0.000932273920625448
0.000937756849452853
0.000943485007155687
0.000949453853536397
0.00095563568174839
0.000961947778705508
0.000968332169577479
