0.0
0.00999999977648258
0.0199999995529652
0.0299999993294477
0.0399999991059303
0.0500000007450581
0.0599999986588955
0.0700000002980232
0.0799999982118607
0.0900000035762787
0.100000001490116
0.109999999403954
0.119999997317791
0.129999995231628
0.132499992847443
0.136250004172325
0.141874998807907
0.150312498211861
0.160312503576279
0.170312494039536
0.180312499403954
0.190312504768372
0.200312495231628
0.210312500596046
0.220312505960464
0.230312496423721
0.240312501788139
0.250312507152557
0.260312497615814
0.270312488079071
