0.0
-9.86342115538719e-07
-1.73376167822425e-06
-2.37528502111672e-06
-2.97467499876802e-06
-3.59732462129614e-06
-4.07856759920833e-06
-4.3594927774393e-06
-4.57803344033891e-06
-5.05729803990107e-06
-5.48839580005733e-06
-7.50539811633644e-06
-1.03829761428642e-05
-1.34590354718966e-05
-1.71007013705093e-05
-2.03339568543015e-05
-2.53526086453348e-05
-3.01999607472681e-05
-3.50850204995368e-05
-3.93978116335347e-05
-4.9454396503279e-05
-6.854921230115e-05
-7.34347122488543e-05
-7.87498647696339e-05
-8.69408031576313e-05
-9.91626438917592e-05
-0.00011709346290445
-0.000124007085105404
-0.000134747751872055
-0.000138932926347479
-0.000140017713420093
-0.000141092416015454
-0.00014273967826739
-0.000144419755088165
-0.000146060003316961
-0.000147737504448742
-0.000149385290569626
-0.000151071784785017
-0.00015275833720807
-0.00015456005348824
-0.000156442751176655
-0.000159258488565683
-0.000163480755873024
-0.000169685605214909
-0.000178870104718953
-0.000192590814549476
-0.000212250553886406
-0.000243274087551981
-0.00030374396010302
-0.000399708078475669
-0.000532500038389117
-0.000657578581012785
-0.000778375775553286
-0.0008923708810471
-0.000994328642264009
-0.00108694925438613
-0.00117102428339422
-0.00124317070003599
-0.00130369409453124
-0.00135285127907991
-0.00139161793049425
-0.00141810858622193
-0.00143120053689927
-0.00143429380841553
-0.00143491174094379
-0.00143524934537709
-0.00143529917113483
-0.00143533584196121
-0.00143535586539656
-0.00143535959068686
-0.00143534003291279
-0.0014353139558807
-0.00143526378087699
-0.00143524969462305
-0.00143525225576013
-0.00143527204636484
-0.00143530988134444
-0.00143538869451731
-0.00143542268779129
-0.00143544573802501
-0.00143543118610978
-0.00143541616853327
-0.00143540964927524
-0.00143538357224315
-0.00143538531847298
-0.00143534864764661
-0.00143532687798142
-0.00143530464265496
-0.00143532571382821
-0.00143536564428359
-0.00143540080171078
-0.00143541942816228
-0.0014353928854689
-0.00143538077827543
-0.00143543223384768
-0.00143546925392002
-0.00143557460978627
-0.00143560336437076
-0.00143557030241936
-0.00143550895154476
-0.00143545132596046
-0.00143542315345258
-0.00143539998680353
-0.00143540289718658
-0.00143541116267443
-0.00143536762334406
-0.0014353587757796
-0.00143531640060246
-0.00143528345506638
-0.0014353496953845
-0.00143580278381705
-0.00143580278381705
-0.00143580266740173
-0.00143580266740173
-0.00143580266740173
-0.00143580266740173
-0.00143580266740173
-0.00143580266740173
-0.00143580266740173
-0.00143580266740173
-0.00143580266740173
-0.00143580266740173
-0.00143580266740173
-0.00143580266740173
-0.00143580266740173
-0.00143580266740173
-0.00143580266740173
-0.00143580266740173
-0.00143580266740173
-0.00143580266740173
-0.00143580266740173
-0.00143580266740173
-0.00143580266740173
-0.00143580278381705
-0.00143580278381705
-0.00143580278381705
-0.00143580278381705
-0.00143580278381705
-0.00143580278381705
-0.00143580278381705
-0.00143580278381705
-0.00143580278381705
-0.00143580278381705
-0.00143580278381705
-0.00143580278381705
-0.00143580278381705
-0.00143580278381705
-0.00143580278381705
-0.00143580278381705
-0.00143580278381705
-0.00143580278381705
-0.00143580278381705
-0.00143580278381705
-0.00143580278381705
-0.00143580278381705
-0.00143580278381705
-0.00143580278381705
-0.00143580278381705
-0.00143580278381705
-0.00143580278381705
-0.00143580278381705
-0.00143580278381705
-0.00143580278381705
-0.00143580278381705
-0.00143580278381705
-0.00143580278381705
-0.00143580278381705
-0.00143580278381705
-0.00143580278381705
-0.00143580278381705
-0.00143580278381705
-0.00143580278381705
-0.00143580278381705
-0.00143580278381705
-0.00143580278381705
-0.00143580278381705
-0.00143580278381705
-0.00143580278381705
-0.00143580278381705
-0.00143580278381705
-0.00143580278381705
-0.00143580278381705
-0.00143580278381705
-0.00143580278381705
-0.00143580278381705
-0.00143580278381705
-0.00143580278381705
-0.00143580278381705
-0.00143580278381705
-0.00143580278381705
-0.00143580278381705
-0.00143580278381705
-0.00143580278381705
-0.00143580278381705
-0.00143580278381705
-0.00143580278381705
-0.00143580278381705
-0.00143580278381705
-0.00143580278381705
-0.00143580278381705
-0.00143580278381705
-0.00143580278381705
-0.00143580278381705
-0.00143580278381705
-0.00143580278381705
-0.00143580278381705
-0.00143580278381705
-0.00143580278381705
-0.00143580278381705
-0.00143580278381705
-0.00143580278381705
-0.00143580278381705
-0.00143580278381705
-0.00143580278381705
-0.00143580278381705
-0.00143580278381705
-0.00143580278381705
-0.00143580278381705
-0.00143580278381705
-0.00143580278381705
-0.00143580278381705
-0.00143580278381705
-0.00143580278381705
-0.00143580278381705
-0.00143580278381705
-0.00143580278381705
-0.00143580278381705
-0.00143580278381705
-0.00143580278381705
-0.00143580278381705
-0.00143580278381705
-0.00143580278381705
-0.00143580278381705
-0.00143580278381705
-0.00143580278381705
-0.00143580278381705
-0.00143580278381705
-0.00143580278381705
-0.00143580278381705
-0.00143580278381705
-0.00143580278381705
-0.00143580278381705
-0.00143580278381705
-0.00143580278381705
-0.00143580278381705
-0.00143580278381705
-0.00143580278381705
-0.00143580278381705
-0.00143580278381705
-0.00143580278381705
-0.00143580278381705
-0.00143580278381705
-0.00143580278381705
-0.00143580278381705
-0.00143580278381705
-0.00143580278381705
-0.00143580278381705
-0.00143580278381705
-0.00143580278381705
-0.00143580278381705
-0.00143580278381705
-0.00143580278381705
-0.00143580278381705
-0.00143580278381705
-0.00143580278381705
-0.00143580278381705
-0.00143580278381705
-0.00143580278381705
-0.00143580278381705
-0.00143580278381705
-0.00143580278381705
-0.00143580278381705
-0.00143580278381705
-0.00143580278381705
-0.00143580278381705
-0.00143580278381705
-0.00143580278381705
-0.00143580278381705
-0.00143580278381705
-0.00143580278381705
-0.00143580278381705
-0.00143580278381705
-0.00143580278381705
-0.00143580278381705
-0.00143580278381705
-0.00143580278381705
-0.00143580278381705
-0.00143580278381705
-0.00143580278381705
-0.00143580278381705
-0.00143580278381705
-0.00143580278381705
-0.00143580278381705
-0.00143580278381705
-0.00143580278381705
-0.00143580278381705
-0.00143580278381705
-0.00143580278381705
-0.00143580278381705
-0.00143580278381705
-0.00143580278381705
-0.00143580278381705
-0.00143580278381705
-0.00143580278381705
-0.00143580278381705
-0.00143580278381705
-0.00143580278381705
-0.00143580278381705
-0.00143580278381705
-0.00143580278381705
-0.00143580278381705
-0.00143580278381705
-0.00143580278381705
-0.00143580278381705
-0.00143580278381705
-0.00143580278381705
-0.00143580278381705
-0.00143580278381705
-0.00143580278381705
-0.00143580278381705
-0.00143580278381705
-0.00143580278381705
-0.00143580278381705
-0.00143580278381705
-0.00143580278381705
-0.00143580278381705
-0.00143580278381705
-0.00143580278381705
-0.00143580278381705
-0.00143580278381705
-0.00143580278381705
-0.00143580278381705
-0.00143580278381705
-0.00143580278381705
-0.00143580278381705
-0.00143580278381705
-0.00143580278381705
-0.00143580278381705
-0.00143580278381705
-0.00143580278381705
-0.00143580278381705
-0.00143580278381705
-0.00143580278381705
-0.00143580278381705
-0.00143580278381705
-0.00143580278381705
-0.00143580278381705
-0.00143580278381705
-0.00143580278381705
-0.00143580278381705
-0.00143580278381705
-0.00143580278381705
-0.00143580278381705
-0.00143580278381705
-0.00143580278381705
-0.00143580278381705
-0.00143580278381705
-0.00143580278381705
-0.00143580278381705
-0.00143580278381705
-0.00143580278381705
-0.00143580278381705
-0.00143580278381705
-0.00143580278381705
-0.00143580278381705
-0.00143580278381705
-0.00143580278381705
-0.00143580278381705
-0.00143580278381705
-0.00143580278381705
-0.00143580278381705
-0.00143580278381705
-0.00143580278381705
-0.00143580278381705
-0.00143580278381705
-0.00143580278381705
-0.00143580278381705
-0.00143580278381705
-0.00143580278381705
-0.00143580278381705
-0.00143580278381705
-0.00143580278381705
-0.00143580278381705
-0.00143580278381705
-0.00143580278381705
-0.00143580278381705
-0.00143580278381705
-0.00143580278381705
-0.00143580278381705
-0.00143580278381705
-0.00143580278381705
-0.00143580278381705
-0.00143580278381705
-0.00143580278381705
-0.00143580278381705
-0.00143580278381705
-0.00143580278381705
-0.00143580278381705
-0.00143580278381705
-0.00143580278381705
-0.00143580278381705
-0.00143580278381705
-0.00143580278381705
-0.00143580278381705
-0.00143580278381705
-0.00143580278381705
-0.00143580278381705
-0.00143580278381705
-0.00143580278381705
-0.00143580278381705
-0.00143580278381705
-0.00143580278381705
-0.00143580278381705
-0.00143580278381705
-0.00143580278381705
-0.00143580278381705
-0.00143580278381705
-0.00143580278381705
-0.00143580278381705
-0.00143580278381705
-0.00143580278381705
-0.00143580278381705
-0.00143580278381705
-0.00143580278381705
-0.00143580278381705
-0.00143580278381705
-0.00143580278381705
-0.00143580278381705
-0.00143580278381705
-0.00143580278381705
-0.00143580278381705
-0.00143580278381705
-0.00143580278381705
-0.00143580278381705
-0.00143580278381705
-0.00143580278381705
-0.00143580278381705
-0.00143580278381705
-0.00143580278381705
-0.00143580278381705
-0.00143580278381705
-0.00143580278381705
-0.00143580278381705
-0.00143580278381705
-0.00143580278381705
-0.00143580278381705
-0.00143580278381705
-0.00143580278381705
-0.00143580278381705
-0.00143580278381705
-0.00143580278381705
-0.00143580278381705
-0.00143580278381705
-0.00143580278381705
-0.00143580278381705
-0.00143580278381705
-0.00143580278381705
-0.00143580278381705
-0.00143580278381705
-0.00143580278381705
-0.00143580278381705
-0.00143580278381705
-0.00143580278381705
-0.00143580278381705
-0.00143580278381705
-0.00143580278381705
-0.00143580278381705
-0.00143580278381705
-0.00143580278381705
-0.00143580278381705
-0.00143580278381705
-0.00143580278381705
-0.00143580278381705
-0.00143580278381705
-0.00143580278381705
-0.00143580278381705
-0.00143580278381705
-0.00143580278381705
-0.00143580278381705
-0.00143580278381705
-0.00143580278381705
-0.00143580278381705
-0.00143580278381705
-0.00143580278381705
-0.00143580278381705
-0.00143580278381705
-0.00143580278381705
-0.00143580278381705
-0.00143580278381705
-0.00143580278381705
-0.00143580278381705
-0.00143580278381705
-0.00143580278381705
-0.00143580278381705
-0.00143580278381705
-0.00143580278381705
-0.00143580278381705
-0.00143580278381705
-0.00143580278381705
-0.00143580278381705
-0.00143580278381705
