0.0
2.57142659165766e-07
5.6894066347013e-07
8.46222292238963e-07
1.35106881771208e-06
1.93144114746246e-06
2.48437959271541e-06
3.06216202261567e-06
3.70263728655118e-06
4.5084652811056e-06
5.3008538998256e-06
7.51642346585868e-06
1.06538591353456e-05
1.40887023007963e-05
1.81174327735789e-05
2.18441964534577e-05
2.71510252787266e-05
3.24098582495935e-05
3.7802143197041e-05
4.28016392106656e-05
5.32627636857796e-05
7.28639570297673e-05
7.78346802690066e-05
8.32207588246092e-05
9.15216223802418e-05
0.000103924779978115
0.000122163386549801
0.000129199848743156
0.00014012327301316
0.000144373916555196
0.000145474172313698
0.000146564794704318
0.000148234874359332
0.000149936793604866
0.000151600121171214
0.000153299552039243
0.000154970344738103
0.000156678666826338
0.000158386625116691
0.000160203955601901
0.000162098673172295
0.000164934986969456
0.000169198479852639
0.000175504887010902
0.00018493999959901
0.000199252302991226
0.000220242654904723
0.000253164645982906
0.000313933735014871
0.000409550266340375
0.000541510584298521
0.00067370809847489
0.000800229143351316
0.000912804447580129
0.00102294480893761
0.00112410471774638
0.00120286003220826
0.00126871408428997
0.00132285756990314
0.00136432645376772
0.00139465276151896
0.0014112782664597
0.00141224812250584
0.00140411197207868
0.00139561900869012
0.00138570228591561
0.00138268701266497
0.00137851934414357
0.00137542420998216
0.00137234397698194
0.00136657385155559
0.00135985901579261
0.00135048874653876
0.00134215375874192
0.00133470818400383
0.00132532906718552
0.00131473038345575
0.00130805524531752
0.00130092888139188
0.00129450252279639
0.00128575344569981
0.00127862952649593
0.00127018801867962
0.00126173696480691
0.00125466182362288
0.00124649330973625
0.0012349575990811
0.00122837338130921
0.00122243457008153
0.00121457467321306
0.00120734598021954
0.00119829748291522
0.00119064236059785
0.00118118652608246
0.00117341557051986
0.00116377521771938
0.00115753209684044
0.00114714272785932
0.00113677664194256
0.00112765596713871
0.00112285057548434
0.00111243803985417
0.00110517244320363
0.00109553232323378
0.00108616019133478
0.0010781743330881
0.00106764957308769
0.00106052844785154
0.00104741472750902
0.00104082492180169
0.00100930163171142
0.00100929522886872
0.00100930221378803
0.00100930221378803
0.00100930221378803
0.00100930221378803
0.00100930221378803
0.00100930221378803
0.00100930221378803
0.00100930221378803
0.00100930221378803
0.00100930221378803
0.00100930221378803
0.00100930221378803
0.00100930221378803
0.00100930221378803
0.00100930221378803
0.00100930221378803
0.00100930221378803
0.00100930221378803
0.00100930221378803
0.00100930221378803
0.00100930209737271
0.00100930209737271
0.00100930209737271
0.00100930209737271
0.00100930209737271
0.00100930209737271
0.00100930209737271
0.00100930209737271
0.00100930209737271
0.00100930209737271
0.00100930209737271
0.00100930209737271
0.00100930209737271
0.00100930209737271
0.00100930209737271
0.00100930209737271
0.00100930209737271
0.00100930209737271
0.00100930209737271
0.00100930209737271
0.00100930209737271
0.00100930209737271
0.00100930209737271
0.00100930209737271
0.00100930209737271
0.00100930209737271
0.00100930209737271
0.00100930198095739
0.00100930198095739
0.00100930198095739
0.00100930198095739
0.00100930198095739
0.00100930198095739
0.00100930198095739
0.00100930198095739
0.00100930198095739
0.00100930198095739
0.00100930198095739
0.00100930198095739
0.00100930198095739
0.00100930198095739
0.00100930198095739
0.00100930198095739
0.00100930198095739
0.00100930198095739
0.00100930198095739
0.00100930198095739
0.00100930198095739
0.00100930198095739
0.00100930198095739
0.00100930198095739
0.00100930198095739
0.00100930198095739
0.00100930198095739
0.00100930198095739
0.00100930198095739
0.00100930186454207
0.00100930186454207
0.00100930186454207
0.00100930186454207
0.00100930186454207
0.00100930186454207
0.00100930186454207
0.00100930186454207
0.00100930186454207
0.00100930186454207
0.00100930186454207
0.00100930186454207
0.00100930186454207
0.00100930186454207
0.00100930186454207
0.00100930186454207
0.00100930186454207
0.00100930186454207
0.00100930186454207
0.00100930186454207
0.00100930186454207
0.00100930186454207
0.00100930186454207
0.00100930186454207
0.00100930186454207
0.00100930186454207
0.00100930186454207
0.00100930186454207
0.00100930186454207
0.00100930186454207
0.00100930174812675
0.00100930174812675
0.00100930174812675
0.00100930174812675
0.00100930174812675
0.00100930174812675
0.00100930174812675
0.00100930174812675
0.00100930174812675
0.00100930174812675
0.00100930174812675
0.00100930174812675
0.00100930174812675
0.00100930174812675
0.00100930174812675
0.00100930174812675
0.00100930174812675
0.00100930174812675
0.00100930174812675
0.00100930174812675
0.00100930174812675
0.00100930174812675
0.00100930174812675
0.00100930174812675
0.00100930174812675
0.00100930174812675
0.00100930174812675
0.00100930163171142
0.00100930163171142
0.00100930163171142
0.00100930163171142
0.00100930163171142
0.00100930163171142
0.00100930163171142
0.00100930163171142
0.00100930163171142
0.00100930163171142
0.00100930163171142
0.00100930163171142
0.00100930163171142
0.00100930163171142
0.00100930163171142
0.00100930163171142
0.00100930163171142
0.00100930163171142
0.00100930163171142
0.00100930163171142
0.00100930163171142
0.00100930163171142
0.00100930163171142
0.00100930163171142
0.00100930163171142
0.00100930163171142
0.00100930163171142
0.00100930163171142
0.00100930163171142
0.00100930163171142
0.0010093015152961
0.0010093015152961
0.0010093015152961
0.0010093015152961
0.0010093015152961
0.0010093015152961
0.0010093015152961
0.0010093015152961
0.0010093015152961
0.0010093015152961
0.0010093015152961
0.0010093015152961
0.0010093015152961
0.0010093015152961
0.0010093015152961
0.0010093015152961
0.0010093015152961
0.0010093015152961
0.0010093015152961
0.0010093015152961
0.0010093015152961
0.0010093015152961
0.0010093015152961
0.0010093015152961
0.0010093015152961
0.0010093015152961
0.0010093015152961
0.0010093015152961
0.0010093015152961
0.00100930139888078
0.00100930139888078
0.00100930139888078
0.00100930139888078
0.00100930139888078
0.00100930139888078
0.00100930139888078
0.00100930139888078
0.00100930139888078
0.00100930139888078
0.00100930139888078
0.00100930139888078
0.00100930139888078
0.00100930139888078
0.00100930139888078
0.00100930139888078
0.00100930139888078
0.00100930139888078
0.00100930139888078
0.00100930139888078
0.00100930139888078
0.00100930139888078
0.00100930139888078
0.00100930139888078
0.00100930139888078
0.00100930139888078
0.00100930139888078
0.00100930139888078
0.00100930128246546
0.00100930128246546
0.00100930128246546
0.00100930128246546
0.00100930128246546
0.00100930128246546
0.00100930128246546
0.00100930128246546
0.00100930128246546
0.00100930128246546
0.00100930128246546
0.00100930128246546
0.00100930128246546
0.00100930128246546
0.00100930128246546
0.00100930128246546
0.00100930128246546
0.00100930128246546
0.00100930128246546
0.00100930128246546
0.00100930128246546
0.00100930128246546
0.00100930128246546
0.00100930128246546
0.00100930128246546
0.00100930128246546
0.00100930128246546
0.00100930128246546
0.00100930128246546
0.00100930116605014
0.00100930116605014
0.00100930116605014
0.00100930116605014
0.00100930116605014
0.00100930116605014
0.00100930116605014
0.00100930116605014
0.00100930116605014
0.00100930116605014
0.00100930116605014
0.00100930116605014
0.00100930116605014
0.00100930116605014
0.00100930116605014
0.00100930116605014
0.00100930116605014
0.00100930116605014
0.00100930116605014
0.00100930116605014
0.00100930116605014
0.00100930116605014
0.00100930116605014
0.00100930116605014
0.00100930116605014
0.00100930116605014
0.00100930116605014
0.00100930116605014
0.00100930104963481
0.00100930104963481
0.00100930104963481
0.00100930104963481
0.00100930104963481
0.00100930104963481
0.00100930104963481
0.00100930104963481
0.00100930104963481
0.00100930104963481
0.00100930104963481
0.00100930104963481
0.00100930104963481
0.00100930104963481
0.00100930104963481
0.00100930104963481
0.00100930104963481
0.00100930104963481
0.00100930104963481
0.00100930104963481
0.00100930104963481
0.00100930104963481
0.00100930104963481
0.00100930104963481
0.00100930104963481
0.00100930104963481
0.00100930104963481
0.00100930104963481
0.00100930104963481
0.00100930104963481
0.00100930093321949
0.00100930093321949
0.00100930093321949
0.00100930093321949
0.00100930093321949
0.00100930093321949
0.00100930093321949
0.00100930093321949
0.00100930093321949
0.00100930093321949
0.00100930093321949
0.00100930093321949
0.00100930093321949
0.00100930093321949
0.00100930093321949
0.00100930093321949
0.00100930093321949
0.00100930093321949
0.00100930093321949
0.00100930093321949
0.00100930093321949
0.00100930093321949
0.00100930093321949
0.00100930093321949
0.00100930093321949
0.00100930093321949
0.00100930093321949
0.00100930093321949
0.00100930093321949
0.00100930081680417
0.00100930081680417
0.00100930081680417
0.00100930081680417
0.00100930081680417
0.00100930081680417
0.00100930081680417
0.00100930081680417
0.00100930081680417
0.00100930081680417
0.00100930081680417
0.00100930081680417
0.00100930081680417
0.00100930081680417
0.00100930081680417
0.00100930081680417
0.00100930081680417
0.00100930081680417
0.00100930081680417
0.00100930081680417
0.00100930081680417
0.00100930081680417
0.00100930081680417
0.00100930081680417
0.00100930081680417
0.00100930081680417
0.00100930081680417
0.00100930081680417
0.00100930081680417
0.00100930070038885
0.00100930070038885
0.00100930070038885
0.00100930070038885
0.00100930070038885
0.00100930070038885
0.00100930070038885
0.00100930070038885
0.00100930070038885
0.00100930070038885
0.00100930070038885
0.00100930070038885
0.00100930070038885
0.00100930070038885
0.00100930070038885
0.00100930070038885
0.00100930070038885
0.00100930070038885
0.00100930070038885
0.00100930070038885
0.00100930070038885
0.00100930070038885
0.00100930070038885
0.00100930070038885
