0.0
0.00999999977648258
0.0199999995529652
0.0225000008940697
0.025000000372529
0.0256249997764826
0.0262499991804361
0.0268750004470348
0.0274999998509884
0.0284375008195639
0.0293749999254942
0.0303125008940697
0.0317187495529652
0.0338281244039536
0.0369921885430813
0.0417382828891277
0.0429248064756393
0.0441113263368607
0.0458911135792732
0.0485607907176018
0.0512304678559303
0.0539001449942589
0.054567564278841
0.0552349835634232
0.0562361143529415
0.0577378086745739
0.0577392764389515
0.0577396415174007
0.05774000659585
0.0577400997281075
0.0577401667833328
0.0577402375638485
0.0577403046190739
0.0577403083443642
0.0577403083443642
0.0577403120696545
0.0577403157949448
0.0577403157949448
0.0577403195202351
0.0577403195202351
0.0577403195202351
0.0577403232455254
0.0577403232455254
0.0577403269708157
0.0577403269708157
0.0577403269708157
0.057740330696106
0.057740330696106
0.057740330696106
0.0577403344213963
0.0577403344213963
0.0577403381466866
0.0577403381466866
0.0577403381466866
0.0577403418719769
0.0577403418719769
0.0577403455972672
0.0577403455972672
0.0577403455972672
0.0577403493225574
0.0577403530478477
0.0577403530478477
0.0577403530478477
0.057740356773138
0.057740356773138
0.057740356773138
0.0577403604984283
0.0577403604984283
0.0577403642237186
0.0577403642237186
0.0577403642237186
0.0577403642237186
0.0577403679490089
0.0577403679490089
0.0577403716742992
0.0577403716742992
0.0577403753995895
0.0577403753995895
0.0577403791248798
0.0577403791248798
0.0577403828501701
0.0577403828501701
0.0577403828501701
0.0577403865754604
0.0577403865754604
0.0577403865754604
0.0577403903007507
0.0577403903007507
0.057740394026041
0.057740394026041
0.057740394026041
0.0577403977513313
0.0577403977513313
0.0577403977513313
0.0577403977513313
0.0577404014766216
0.0577404014766216
0.0577404052019119
0.0577404052019119
0.0577404052019119
0.0577404089272022
0.0577404089272022
0.0577404089272022
0.0577404126524925
0.0577404126524925
0.0577404163777828
0.0577404163777828
0.0577404163777828
0.0577404201030731
0.0577404201030731
0.0577404238283634
0.0577404238283634
0.0577404275536537
0.0577404275536537
0.0577404275536537
0.057740431278944
0.057740431278944
0.057740431278944
0.0577404350042343
0.0577404350042343
0.0577404350042343
0.0577404387295246
0.0577404387295246
0.0577404424548149
0.0577404424548149
0.0577404461801052
0.0577404461801052
0.0577404461801052
0.0577404499053955
0.0577404499053955
0.0577404499053955
0.0577404536306858
0.0577404536306858
0.0577404536306858
0.0577404573559761
0.0577404573559761
0.0577404610812664
0.0577404610812664
0.0577404610812664
0.0577404648065567
0.0577404648065567
0.057740468531847
0.0577404722571373
0.0577404722571373
0.0577404759824276
0.0577404759824276
0.0577404797077179
0.0577404797077179
0.0577404797077179
0.0577404834330082
0.0577404834330082
0.0577404871582985
0.0577404871582985
0.0577404908835888
0.0577404908835888
0.0577404908835888
0.0577404946088791
0.0577404946088791
0.0577404946088791
0.0577404983341694
0.0577405020594597
0.0577405020594597
0.0577405020594597
0.05774050578475
0.0577405095100403
0.0577405095100403
0.0577405132353306
0.0577405132353306
0.0577405169606209
0.0577405169606209
0.0577405206859112
0.0577405206859112
0.0577405206859112
0.0577405244112015
0.0577405244112015
0.0577405244112015
0.0577405281364918
0.0577405281364918
0.0577405318617821
0.0577405318617821
0.0577405318617821
0.0577405355870724
0.0577405355870724
0.0577405355870724
0.0577405393123627
0.0577405393123627
0.0577405393123627
0.0577405393123627
0.057740543037653
0.057740543037653
0.057740543037653
0.0577405467629433
0.0577405467629433
0.0577405504882336
0.0577405504882336
0.0577405542135239
0.0577405542135239
0.0577405542135239
0.0577405579388142
0.0577405579388142
0.0577405579388142
0.0577405616641045
0.0577405616641045
0.0577405616641045
0.0577405653893948
0.0577405691146851
0.0577405691146851
0.0577405691146851
0.0577405728399754
0.0577405728399754
0.0577405765652657
0.0577405765652657
0.0577405765652657
0.057740580290556
0.057740580290556
0.057740580290556
0.0577405840158463
0.0577405840158463
0.0577405877411366
0.0577405877411366
0.0577405877411366
0.0577405914664268
0.0577405914664268
0.0577405914664268
0.0577405951917171
0.0577405951917171
0.0577405951917171
0.0577405989170074
0.0577405989170074
0.0577406026422977
0.0577406026422977
0.057740606367588
0.057740606367588
0.0577406100928783
0.0577406100928783
0.0577406100928783
0.0577406138181686
0.0577406175434589
0.0577406212687492
0.0577406212687492
0.0577406212687492
0.0577406249940395
0.0577406249940395
0.0577406249940395
0.0577406287193298
0.0577406287193298
0.0577406287193298
0.0577406324446201
0.0577406361699104
0.0577406361699104
0.0577406398952007
0.0577406398952007
0.057740643620491
0.057740643620491
0.0577406473457813
0.0577406473457813
0.0577406473457813
0.0577406510710716
0.0577406510710716
0.0577406510710716
0.0577406547963619
0.0577406547963619
0.0577406547963619
0.0577406547963619
0.0577406585216522
0.0577406585216522
0.0577406622469425
0.0577406622469425
0.0577406659722328
0.0577406659722328
0.0577406696975231
0.0577406696975231
0.0577406734228134
0.0577406734228134
0.0577406771481037
0.0577406771481037
0.0577406771481037
0.057740680873394
0.057740680873394
0.057740680873394
0.057740680873394
0.0577406845986843
0.0577406883239746
0.0577406883239746
0.0577406883239746
0.0577406883239746
0.0577406920492649
0.0577406957745552
0.0577406957745552
0.0577406994998455
0.0577406994998455
0.0577407032251358
0.0577407032251358
0.0577407069504261
0.0577407069504261
0.0577407106757164
0.0577407106757164
0.0577407144010067
0.0577407144010067
0.057740718126297
0.0577407218515873
0.0577407218515873
0.0577407255768776
0.0577407255768776
0.0577407293021679
0.0577407293021679
0.0577407293021679
0.0577407330274582
0.0577407330274582
0.0577407367527485
0.0577407367527485
0.0577407367527485
0.0577407404780388
0.0577407404780388
0.0577407404780388
0.0577407442033291
0.0577407442033291
0.0577407479286194
0.0577407479286194
0.0577407516539097
0.0577407516539097
0.0577407516539097
0.0577407553792
0.0577407553792
0.0577407553792
0.0577407591044903
0.0577407591044903
0.0577407591044903
0.0577407628297806
0.0577407628297806
0.0577407628297806
0.0577407665550709
0.0577407665550709
0.0577407665550709
0.0577407702803612
0.0577407702803612
0.0577407740056515
0.0577407740056515
0.0577407740056515
0.0577407777309418
0.0577407777309418
0.0577407777309418
0.0577407777309418
0.0577407814562321
0.0577407814562321
0.0577407814562321
0.0577407851815224
0.0577407851815224
0.0577407851815224
0.0577407889068127
0.0577407889068127
0.057740792632103
0.057740792632103
0.057740792632103
0.0577407963573933
0.0577407963573933
0.0577407963573933
0.0577408000826836
0.0577408000826836
0.0577408000826836
0.0577408038079739
0.0577408075332642
0.0577408075332642
0.0577408112585545
0.0577408112585545
0.0577408149838448
0.0577408149838448
0.0577408187091351
0.0577408187091351
0.0577408224344254
0.0577408224344254
0.0577408261597157
0.0577408261597157
0.057740829885006
0.057740829885006
0.057740829885006
0.0577408336102962
0.0577408336102962
0.0577408336102962
0.0577408373355865
0.0577408373355865
0.0577408373355865
0.0577408410608768
0.0577408410608768
0.0577408447861671
0.0577408447861671
0.0577408485114574
0.0577408485114574
0.0577408485114574
0.0577408522367477
0.0577408522367477
0.0577408522367477
0.057740855962038
0.057740855962038
0.057740855962038
0.0577408596873283
0.0577408596873283
0.0577408634126186
0.0577408634126186
0.0577408634126186
0.0577408671379089
0.0577408671379089
0.0577408671379089
0.0577408708631992
0.0577408708631992
0.0577408708631992
0.0577408708631992
0.0577408745884895
0.0577408783137798
0.0577408783137798
0.0577408783137798
0.0577408783137798
0.0577408820390701
0.0577408820390701
0.0577408857643604
0.0577408857643604
0.0577408894896507
0.0577408894896507
0.0577408894896507
0.057740893214941
0.057740893214941
0.057740893214941
0.057740893214941
0.0577408969402313
0.0577409006655216
0.0577409006655216
0.0577409006655216
0.0577409043908119
0.0577409043908119
0.0577409081161022
0.0577409081161022
0.0577409118413925
0.0577409118413925
0.0577409155666828
0.0577409155666828
0.0577409192919731
0.0577409192919731
0.0577409192919731
0.0577409230172634
0.0577409230172634
0.0577409230172634
0.0577409230172634
0.0577409230172634
0.0577409267425537
0.0577409267425537
0.057740930467844
0.057740930467844
0.0577409341931343
0.0577409341931343
0.0577409379184246
0.0577409379184246
0.0577409379184246
0.0577409416437149
0.0577409416437149
0.0577409416437149
0.0577409453690052
0.0577409453690052
0.0577409453690052
0.0577409453690052
0.0577409490942955
0.0577409490942955
0.0577409528195858
0.0577409565448761
0.0577409565448761
0.0577409602701664
0.0577409602701664
0.0577409639954567
0.0577409639954567
0.057740967720747
0.057740967720747
0.0577409714460373
0.0577409714460373
0.0577409751713276
0.0577409751713276
0.0577409751713276
0.0577409788966179
0.0577409788966179
0.0577409788966179
0.0577409826219082
0.0577409826219082
0.0577409826219082
0.0577409863471985
0.0577409863471985
0.0577409900724888
0.0577409937977791
0.0577409937977791
0.0577409937977791
0.0577409975230694
0.0577409975230694
0.0577409975230694
0.0577410012483597
0.0577410012483597
0.05774100497365
0.05774100497365
0.0577410086989403
0.0577410124242306
0.0577410124242306
0.0577410161495209
0.0577410198748112
0.0577410198748112
0.0577410198748112
