0.0
3.58537572122335e-35
6.63129497979753e-08
9.63302753120843e-08
1.22256864187875e-07
1.8037584936792e-07
2.04984857532509e-07
2.31419932106292e-07
2.60344819480451e-07
2.92567818860334e-07
3.28358169099374e-07
3.68417289564604e-07
4.13326347370457e-07
4.63770305714206e-07
5.51795778847008e-07
7.12110761469376e-07
7.37891468816088e-07
7.30856868358387e-07
6.97538553140475e-07
5.68301004477689e-07
5.42927068636345e-07
6.32227283858811e-07
1.15358000130072e-06
1.80754852863174e-06
1.14774161374953e-06
1.41514044571522e-06
1.55273414748081e-06
1.71832482465106e-06
1.92652100849955e-06
2.18442664845497e-06
2.2936310415389e-06
2.37602125707781e-06
2.49297795562597e-06
2.67305767920334e-06
2.94720871352183e-06
3.23238373312051e-06
3.23479980579577e-06
3.23059771289991e-06
3.22473192682082e-06
3.23270910485007e-06
3.23797871715215e-06
3.22147525366745e-06
3.20584763358056e-06
3.19233208756486e-06
3.17179910780396e-06
3.14351837005233e-06
3.13975306198699e-06
3.07785876429989e-06
3.05217827190063e-06
2.98920349450782e-06
2.92805270873941e-06
2.86879935629258e-06
2.81112306765863e-06
2.75607408184442e-06
2.70151804215857e-06
2.64865366261802e-06
2.59496778198809e-06
2.54264568866347e-06
2.49018034992332e-06
2.44089915213408e-06
2.39393057199777e-06
2.3498680548073e-06
2.3086104192771e-06
2.26408815251489e-06
2.22361995838583e-06
2.18567015508597e-06
2.14984106605698e-06
2.11538804251177e-06
2.08044752980641e-06
2.04705952455697e-06
2.0160125586699e-06
1.98807083506836e-06
1.96112000594439e-06
1.93431242223596e-06
1.90973423741525e-06
1.87682064733963e-06
1.83164888767351e-06
1.79576204573095e-06
1.76398589246674e-06
1.71055864939262e-06
1.62545859438978e-06
1.45786202665477e-06
1.30346495552658e-06
1.16465798782883e-06
1.03988156752166e-06
9.27984160625783e-07
8.2758953112716e-07
7.37969969577534e-07
6.567556738446e-07
5.91624882417818e-07
5.36034804099472e-07
4.80629921639775e-07
4.33114649922572e-07
3.81496931822767e-07
3.35484259039731e-07
2.91382747263924e-07
2.53568003927285e-07
2.25554288135754e-07
1.97453502437384e-07
1.73945508663564e-07
1.42750323561813e-07
1.08182604208196e-07
8.19725087808365e-08
5.79754342311389e-08
3.97594099865728e-08
2.7221727094684e-08
1.60582640518214e-08
7.26202875611648e-09
3.44843376076653e-09
3.05125769095582e-09
2.91710700039971e-09
2.80415668463263e-09
2.86909185298612e-09
3.03976044335741e-09
3.24500826209828e-09
3.40223693662267e-09
3.56052876071544e-09
3.62177066115521e-09
3.37372529912727e-09
3.37372529912727e-09
