0.0
3.36839415951765e-13
7.1366586251731e-11
1.16186518739347e-10
3.25703186643267e-10
4.09663913902847e-10
5.27091537083635e-10
6.56041554414344e-10
8.55754966888611e-10
1.30224320216143e-09
1.99580685311673e-09
2.8591722323057e-09
4.07726075124515e-09
5.57847101845255e-09
6.95151980423248e-09
8.07827937876482e-09
9.11196984532125e-09
1.03015462826761e-08
1.18638094903645e-08
1.39802551757384e-08
1.41521727670124e-08
1.42107774436795e-08
1.4298002781743e-08
1.44200287266472e-08
1.45970027176645e-08
1.48588821247131e-08
1.52972692291087e-08
1.60529847192947e-08
1.74425505150566e-08
1.88789339716777e-08
2.02269916371733e-08
2.22156764095871e-08
2.41645938814372e-08
2.6070045677784e-08
2.77760552336304e-08
3.03189722217212e-08
3.1059194327554e-08
3.17040331765384e-08
3.24402549267688e-08
3.35058309985925e-08
3.51109967766661e-08
3.83104499235287e-08
4.02708479896319e-08
4.35610409965648e-08
4.47136514480917e-08
4.58328059949054e-08
4.69396432833946e-08
4.856087088001e-08
5.09294117989612e-08
5.44134408642094e-08
5.95007065840036e-08
6.6720531322062e-08
7.71000188137805e-08
7.73854225144532e-08
7.76373241251349e-08
7.78813742385864e-08
7.81224613888298e-08
7.84810438858585e-08
7.89550327340294e-08
7.976272797805e-08
8.09289133485436e-08
8.26813035814666e-08
8.54723580800965e-08
8.65120881599069e-08
8.81096866578446e-08
9.06483776930145e-08
9.49644558545515e-08
9.92574200608942e-08
1.03642342708099e-07
1.1010259726163e-07
1.19690938049644e-07
1.3039547752669e-07
1.41423157629106e-07
1.57535822609134e-07
1.81264084631039e-07
2.15194106090166e-07
2.55956109640465e-07
2.91434474775087e-07
3.2283963946611e-07
3.49009781075438e-07
3.70554346318386e-07
3.88981248988785e-07
4.04665797759662e-07
4.18534710888707e-07
4.30953150498681e-07
4.41965710251679e-07
4.5136246740185e-07
4.5933370529383e-07
4.59715693068574e-07
4.58693051541559e-07
4.5707778895121e-07
4.54365277846591e-07
4.50502568583033e-07
4.45768563395177e-07
4.41308230847426e-07
4.36671200532146e-07
4.31762089192489e-07
4.26981415557748e-07
4.22261592802897e-07
4.17638034377887e-07
4.13013651723304e-07
4.08230533821552e-07
4.037313203753e-07
3.99294577846376e-07
3.94764526845393e-07
3.90145402207054e-07
3.85756436571683e-07
3.81285417461186e-07
3.77139741658539e-07
3.72936341364039e-07
3.68738227507492e-07
3.64863126378623e-07
3.6121969060332e-07
3.57275240503441e-07
3.56382003019462e-07
3.56342439999935e-07
3.56341018914463e-07
3.56341530505233e-07
3.56341587348652e-07
3.56341587348652e-07
3.56341587348652e-07
3.56341587348652e-07
3.56341587348652e-07
3.56341587348652e-07
3.56341587348652e-07
3.56341587348652e-07
3.56341587348652e-07
3.56341587348652e-07
3.56341558926943e-07
3.56341558926943e-07
3.56341558926943e-07
3.56341558926943e-07
3.56341558926943e-07
3.56341558926943e-07
3.56341558926943e-07
3.56341558926943e-07
3.56341558926943e-07
3.56341558926943e-07
3.56341558926943e-07
3.56341558926943e-07
3.56341558926943e-07
3.56341558926943e-07
3.56341530505233e-07
3.56341530505233e-07
3.56341530505233e-07
3.56341530505233e-07
3.56341530505233e-07
3.56341530505233e-07
3.56341530505233e-07
3.56341530505233e-07
3.56341530505233e-07
3.56341530505233e-07
3.56341530505233e-07
3.56341530505233e-07
3.56341530505233e-07
3.56341530505233e-07
3.56341530505233e-07
3.56341502083524e-07
3.56341502083524e-07
3.56341502083524e-07
3.56341502083524e-07
3.56341502083524e-07
3.56341502083524e-07
3.56341502083524e-07
3.56341502083524e-07
3.56341502083524e-07
3.56341502083524e-07
3.56341502083524e-07
3.56341502083524e-07
3.56341502083524e-07
3.56341473661814e-07
3.56341473661814e-07
3.56341473661814e-07
3.56341473661814e-07
3.56341473661814e-07
3.56341473661814e-07
3.56341473661814e-07
3.56341473661814e-07
3.56341473661814e-07
3.56341473661814e-07
3.56341473661814e-07
3.56341473661814e-07
3.56341473661814e-07
3.56341473661814e-07
3.56341445240105e-07
3.56341445240105e-07
3.56341445240105e-07
3.56341445240105e-07
3.56341445240105e-07
3.56341445240105e-07
3.56341445240105e-07
3.56341445240105e-07
3.56341445240105e-07
3.56341445240105e-07
3.56341445240105e-07
3.56341445240105e-07
3.56341445240105e-07
3.56341445240105e-07
3.56341416818395e-07
3.56341416818395e-07
3.56341416818395e-07
3.56341416818395e-07
3.56341416818395e-07
3.56341416818395e-07
3.56341416818395e-07
3.56341416818395e-07
3.56341416818395e-07
3.56341416818395e-07
3.56341416818395e-07
3.56341416818395e-07
3.56341416818395e-07
3.56341416818395e-07
3.56341416818395e-07
3.56341388396686e-07
3.56341388396686e-07
3.56341388396686e-07
3.56341388396686e-07
3.56341388396686e-07
3.56341388396686e-07
3.56341388396686e-07
3.56341388396686e-07
3.56341388396686e-07
3.56341388396686e-07
3.56341388396686e-07
3.56341388396686e-07
3.56341388396686e-07
3.56341388396686e-07
3.56341359974977e-07
3.56341359974977e-07
3.56341359974977e-07
3.56341359974977e-07
3.56341359974977e-07
3.56341359974977e-07
3.56341359974977e-07
3.56341359974977e-07
3.56341359974977e-07
3.56341359974977e-07
3.56341359974977e-07
3.56341359974977e-07
3.56341359974977e-07
3.56341331553267e-07
3.56341331553267e-07
3.56341331553267e-07
3.56341331553267e-07
3.56341331553267e-07
3.56341331553267e-07
3.56341331553267e-07
3.56341331553267e-07
3.56341331553267e-07
3.56341331553267e-07
3.56341331553267e-07
3.56341331553267e-07
3.56341331553267e-07
3.56341331553267e-07
3.56341303131558e-07
3.56341303131558e-07
3.56341303131558e-07
3.56341303131558e-07
3.56341303131558e-07
3.56341303131558e-07
3.56341303131558e-07
3.56341303131558e-07
3.56341303131558e-07
3.56341303131558e-07
3.56341303131558e-07
3.56341303131558e-07
3.56341303131558e-07
3.56341303131558e-07
3.56341274709848e-07
3.56341274709848e-07
3.56341274709848e-07
3.56341274709848e-07
3.56341274709848e-07
3.56341274709848e-07
3.56341274709848e-07
3.56341274709848e-07
3.56341274709848e-07
3.56341274709848e-07
3.56341274709848e-07
3.56341274709848e-07
3.56341274709848e-07
3.56341274709848e-07
3.56341246288139e-07
3.56341246288139e-07
3.56341246288139e-07
3.56341246288139e-07
3.56341246288139e-07
3.56341246288139e-07
3.56341246288139e-07
3.56341246288139e-07
3.56341246288139e-07
3.56341246288139e-07
3.56341246288139e-07
3.56341246288139e-07
3.56341246288139e-07
3.56341246288139e-07
3.56341217866429e-07
3.56341217866429e-07
3.56341217866429e-07
3.56341217866429e-07
3.56341217866429e-07
3.56341217866429e-07
3.56341217866429e-07
3.56341217866429e-07
3.56341217866429e-07
3.56341217866429e-07
3.56341217866429e-07
3.56341217866429e-07
3.56341217866429e-07
3.56341217866429e-07
3.5634118944472e-07
3.5634118944472e-07
3.5634118944472e-07
3.5634118944472e-07
3.5634118944472e-07
3.5634118944472e-07
3.5634118944472e-07
3.5634118944472e-07
3.5634118944472e-07
3.5634118944472e-07
3.5634118944472e-07
3.5634118944472e-07
3.5634118944472e-07
3.5634118944472e-07
3.5634116102301e-07
3.5634116102301e-07
3.5634116102301e-07
3.5634116102301e-07
3.5634116102301e-07
3.5634116102301e-07
3.5634116102301e-07
3.5634116102301e-07
3.5634116102301e-07
3.5634116102301e-07
3.5634116102301e-07
3.5634116102301e-07
3.5634116102301e-07
3.56341132601301e-07
3.56341132601301e-07
3.56341132601301e-07
3.56341132601301e-07
3.56341132601301e-07
3.56341132601301e-07
3.56341132601301e-07
3.56341132601301e-07
3.56341132601301e-07
3.56341132601301e-07
3.56341132601301e-07
3.56341132601301e-07
3.56341132601301e-07
3.56341132601301e-07
3.56341132601301e-07
3.56341104179592e-07
3.56341104179592e-07
3.56341104179592e-07
3.56341104179592e-07
3.56341104179592e-07
3.56341104179592e-07
3.56341104179592e-07
3.56341104179592e-07
3.56341104179592e-07
3.56341104179592e-07
3.56341104179592e-07
3.56341104179592e-07
3.56341104179592e-07
3.56341075757882e-07
3.56341075757882e-07
3.56341075757882e-07
3.56341075757882e-07
3.56341075757882e-07
3.56341075757882e-07
3.56341075757882e-07
3.56341075757882e-07
3.56341075757882e-07
3.56341075757882e-07
3.56341075757882e-07
3.56341075757882e-07
3.56341075757882e-07
3.56341075757882e-07
3.56341047336173e-07
3.56341047336173e-07
3.56341047336173e-07
3.56341047336173e-07
3.56341047336173e-07
3.56341047336173e-07
3.56341047336173e-07
3.56341047336173e-07
3.56341047336173e-07
3.56341047336173e-07
3.56341047336173e-07
3.56341047336173e-07
3.56341047336173e-07
3.56341047336173e-07
3.56341018914463e-07
3.56341018914463e-07
3.56341018914463e-07
3.56341018914463e-07
3.56341018914463e-07
3.56341018914463e-07
3.56341018914463e-07
3.56341018914463e-07
3.56341018914463e-07
3.56341018914463e-07
3.56341018914463e-07
3.56341018914463e-07
3.56341018914463e-07
3.56341018914463e-07
3.56341018914463e-07
3.56340990492754e-07
3.56340990492754e-07
3.56340990492754e-07
3.56340990492754e-07
3.56340990492754e-07
3.56340990492754e-07
3.56340990492754e-07
3.56340990492754e-07
3.56340990492754e-07
3.56340990492754e-07
3.56340990492754e-07
3.56340990492754e-07
3.56340962071044e-07
3.56340962071044e-07
3.56340962071044e-07
3.56340962071044e-07
3.56340962071044e-07
3.56340962071044e-07
3.56340962071044e-07
3.56340962071044e-07
3.56340962071044e-07
3.56340962071044e-07
3.56340962071044e-07
3.56340962071044e-07
3.56340962071044e-07
3.56340962071044e-07
3.56340962071044e-07
3.56340933649335e-07
3.56340933649335e-07
3.56340933649335e-07
3.56340933649335e-07
3.56340933649335e-07
3.56340933649335e-07
3.56340933649335e-07
3.56340933649335e-07
3.56340933649335e-07
3.56340933649335e-07
3.56340933649335e-07
3.56340933649335e-07
3.56340933649335e-07
3.56340933649335e-07
3.56340933649335e-07
3.56340905227626e-07
3.56340905227626e-07
3.56340905227626e-07
3.56340905227626e-07
3.56340905227626e-07
3.56340905227626e-07
3.56340905227626e-07
3.56340905227626e-07
3.56340905227626e-07
3.56340905227626e-07
3.56340905227626e-07
3.56340905227626e-07
3.56340905227626e-07
3.56340876805916e-07
3.56340876805916e-07
3.56340876805916e-07
3.56340876805916e-07
3.56340876805916e-07
3.56340876805916e-07
3.56340876805916e-07
3.56340876805916e-07
3.56340876805916e-07
3.56340876805916e-07
3.56340876805916e-07
3.56340876805916e-07
3.56340876805916e-07
3.56340876805916e-07
3.56340876805916e-07
3.56340848384207e-07
3.56340848384207e-07
3.56340848384207e-07
3.56340848384207e-07
3.56340848384207e-07
3.56340848384207e-07
3.56340848384207e-07
3.56340848384207e-07
3.56340848384207e-07
3.56340848384207e-07
3.56340848384207e-07
3.56340848384207e-07
3.56340848384207e-07
3.56340819962497e-07
3.56340819962497e-07
3.56340819962497e-07
3.56340819962497e-07
3.56340819962497e-07
3.56340819962497e-07
3.56340819962497e-07
3.56340819962497e-07
3.56340819962497e-07
3.56340819962497e-07
