0.0
0.0
2.13261455428437e-06
1.73628504853696e-05
4.05348946515005e-05
4.79244590678718e-05
5.58307147002779e-05
6.44811079837382e-05
7.14210327714682e-05
7.69714388297871e-05
8.45259637571871e-05
9.41192629397847e-05
0.000104907710920088
0.000116346076538321
0.000128774932818487
0.00014194124378264
0.000155694913701154
0.000169870443642139
0.000184508215170354
0.000199297399376519
0.000200213427888229
0.000200429538381286
0.000200762195163406
0.000201266710064374
0.000202025956241414
0.000203171075554565
0.000204850803129375
0.000207354387384839
0.000211012607906014
0.00021469515922945
0.000218434797716327
0.000224037328734994
0.000229659344768152
0.000235268322285265
0.000241053741774522
0.00024962576571852
0.000251619057962671
0.000253755366429687
0.000255732709774747
0.000258810061495751
0.000263369380263612
0.000269051233772188
0.000270249089226127
0.000272023899015039
0.000272731063887477
0.00027342839166522
0.000274128513410687
0.000275197235168889
0.000276834238320589
0.000279334810329601
0.000283144705463201
0.000289128627628088
0.000298406434012577
0.000298557511996478
0.000298754399409518
0.00029894764884375
0.000299143604934216
0.000299439911032096
0.000299989362247288
0.000300611252896488
0.000301714550005272
0.000303256761981174
0.000305380235658959
0.000306192378047854
0.000307330134091899
0.000308874674374238
0.00031052969279699
0.000312231917632744
0.000313582015223801
0.000315600249450654
0.000318205420626327
0.000318678998155519
0.000318807695293799
0.000318956153932959
0.000319067185046151
0.000319120590575039
0.000319125130772591
0.000319101818604395
0.00031906776712276
0.000319024693453684
0.000318974372930825
0.000318915699608624
0.00031885365024209
0.000318774080369622
0.000318653619615361
0.000318533944664523
0.000318437494570389
0.000318353966576979
0.000318376725772396
0.000318377133226022
0.000318377715302631
0.000318378763040528
0.000318380072712898
0.000318381149554625
0.000318382051773369
0.000318381120450795
0.000318380014505237
0.000318379752570763
0.000318379141390324
0.000318378704832867
0.000318378588417545
0.000318379083182663
0.000318379781674594
0.000318380218232051
0.000318380974931642
0.000318382837576792
0.000318385718856007
0.000318386912113056
0.000318385631544515
0.00031838336144574
0.00031838144059293
0.000318381033139303
0.000318380712997168
0.000318380247335881
0.000318380247335881
0.000318380247335881
0.000318380247335881
0.000318380247335881
0.000318380247335881
0.000318380247335881
0.000318380247335881
0.000318380247335881
0.000318380247335881
0.000318380247335881
0.000318380247335881
0.000318380247335881
0.000318380247335881
0.000318380247335881
0.000318380247335881
0.000318380247335881
0.000318380247335881
0.000318380247335881
0.000318380247335881
0.000318380247335881
0.000318380247335881
0.000318380247335881
0.000318380247335881
0.000318380247335881
0.000318380247335881
0.000318380247335881
0.000318380247335881
0.000318380247335881
0.000318380247335881
0.000318380247335881
0.000318380247335881
0.000318380247335881
0.000318380247335881
0.000318380247335881
0.000318380247335881
0.000318380247335881
0.000318380247335881
0.000318380247335881
0.000318380247335881
0.000318380247335881
0.000318380247335881
0.000318380247335881
0.000318380247335881
0.000318380247335881
0.000318380247335881
0.000318380247335881
0.000318380247335881
0.000318380247335881
0.000318380247335881
0.000318380247335881
0.000318380247335881
0.000318380247335881
0.000318380247335881
0.000318380247335881
0.000318380247335881
0.000318380247335881
0.000318380247335881
0.000318380247335881
0.000318380247335881
0.000318380247335881
0.000318380247335881
0.000318380247335881
0.000318380247335881
0.000318380247335881
0.000318380247335881
0.000318380247335881
0.000318380247335881
0.000318380247335881
0.000318380247335881
0.000318380247335881
0.000318380247335881
0.000318380247335881
0.000318380247335881
0.000318380247335881
0.000318380247335881
0.000318380247335881
0.000318380247335881
0.000318380247335881
0.000318380247335881
0.000318380247335881
0.000318380247335881
0.000318380247335881
0.000318380247335881
0.000318380247335881
0.000318380247335881
0.000318380247335881
0.000318380247335881
0.000318380247335881
0.000318380247335881
0.000318380247335881
0.000318380247335881
0.000318380247335881
0.000318380247335881
0.000318380247335881
0.000318380247335881
0.000318380247335881
0.000318380247335881
0.000318380247335881
0.000318380247335881
0.000318380247335881
0.000318380247335881
0.000318380247335881
0.000318380247335881
0.000318380247335881
0.000318380247335881
0.000318380247335881
0.000318380247335881
0.000318380247335881
0.000318380247335881
0.000318380247335881
0.000318380247335881
0.000318380247335881
0.000318380247335881
0.000318380247335881
0.000318380247335881
0.000318380247335881
0.000318380247335881
0.000318380247335881
0.000318380247335881
0.000318380247335881
0.000318380247335881
0.000318380247335881
0.000318380247335881
0.000318380247335881
0.000318380247335881
0.000318380247335881
0.000318380247335881
0.000318380247335881
0.000318380247335881
0.000318380247335881
0.000318380247335881
0.000318380247335881
0.000318380247335881
0.000318380247335881
0.000318380247335881
0.000318380247335881
0.000318380247335881
0.000318380247335881
0.000318380247335881
0.000318380247335881
0.000318380247335881
0.000318380247335881
0.000318380247335881
0.000318380247335881
0.000318380247335881
0.000318380247335881
0.000318380247335881
0.000318380247335881
0.000318380247335881
0.000318380247335881
0.000318380247335881
0.000318380247335881
0.000318380247335881
0.000318380247335881
0.000318380247335881
0.000318380247335881
0.000318380247335881
0.000318380247335881
0.000318380247335881
0.000318380247335881
0.000318380247335881
0.000318380247335881
0.000318380247335881
0.000318380247335881
0.000318380247335881
0.000318380247335881
0.000318380247335881
0.000318380247335881
0.000318380247335881
0.000318380247335881
0.000318380247335881
0.000318380247335881
0.000318380247335881
0.000318380247335881
0.000318380247335881
0.000318380247335881
0.000318380247335881
0.000318380247335881
0.000318380247335881
0.000318380247335881
0.000318380247335881
0.000318380247335881
0.000318380247335881
0.000318380247335881
0.000318380247335881
0.000318380247335881
0.000318380247335881
0.000318380247335881
0.000318380247335881
0.000318380247335881
0.000318380247335881
0.000318380247335881
0.000318380247335881
0.000318380247335881
0.000318380247335881
0.000318380247335881
0.000318380247335881
0.000318380247335881
0.000318380247335881
0.000318380247335881
0.000318380247335881
0.000318380247335881
0.000318380247335881
0.000318380247335881
0.000318380247335881
0.000318380247335881
0.000318380247335881
0.000318380247335881
0.000318380247335881
0.000318380247335881
0.000318380247335881
0.000318380247335881
0.000318380247335881
0.000318380247335881
0.000318380247335881
0.000318380247335881
0.000318380247335881
0.000318380247335881
0.000318380247335881
0.000318380247335881
0.000318380247335881
0.000318380247335881
0.000318380247335881
0.000318380247335881
0.000318380247335881
0.000318380247335881
0.000318380247335881
0.000318380247335881
0.000318380247335881
0.000318380247335881
0.000318380247335881
0.000318380247335881
0.000318380247335881
0.000318380247335881
0.000318380247335881
0.000318380247335881
0.000318380247335881
0.000318380247335881
0.000318380247335881
0.000318380247335881
0.000318380247335881
0.000318380247335881
0.000318380247335881
0.000318380247335881
0.000318380247335881
0.000318380247335881
0.000318380247335881
0.000318380247335881
0.000318380247335881
0.000318380247335881
0.000318380247335881
0.000318380247335881
0.000318380247335881
0.000318380247335881
0.000318380247335881
0.000318380247335881
0.000318380247335881
0.000318380247335881
0.000318380247335881
0.000318380247335881
0.000318380247335881
0.000318380247335881
0.000318380247335881
0.000318380247335881
0.000318380247335881
0.000318380247335881
0.000318380247335881
0.000318380247335881
0.000318380247335881
0.000318380247335881
0.000318380247335881
0.000318380247335881
0.000318380247335881
0.000318380247335881
0.000318380247335881
0.000318380247335881
0.000318380247335881
0.000318380247335881
0.000318380247335881
0.000318380247335881
0.000318380247335881
0.000318380247335881
0.000318380247335881
0.000318380247335881
0.000318380247335881
0.000318380247335881
0.000318380247335881
0.000318380247335881
0.000318380247335881
0.000318380247335881
0.000318380247335881
0.000318380247335881
0.000318380247335881
0.000318380247335881
0.000318380247335881
0.000318380247335881
0.000318380247335881
0.000318380247335881
0.000318380247335881
0.000318380247335881
0.000318380247335881
0.000318380247335881
0.000318380247335881
0.000318380247335881
0.000318380247335881
0.000318380247335881
0.000318380247335881
0.000318380247335881
0.000318380247335881
0.000318380247335881
0.000318380247335881
0.000318380247335881
0.000318380247335881
0.000318380247335881
0.000318380247335881
0.000318380247335881
0.000318380247335881
0.000318380247335881
0.000318380247335881
0.000318380247335881
0.000318380247335881
0.000318380247335881
0.000318380247335881
0.000318380247335881
0.000318380247335881
0.000318380247335881
0.000318380247335881
0.000318380247335881
0.000318380247335881
0.000318380247335881
0.000318380247335881
0.000318380247335881
0.000318380247335881
0.000318380247335881
0.000318380247335881
0.000318380247335881
0.000318380247335881
0.000318380247335881
0.000318380247335881
0.000318380247335881
0.000318380247335881
0.000318380247335881
0.000318380247335881
0.000318380247335881
0.000318380247335881
0.000318380247335881
0.000318380247335881
0.000318380247335881
0.000318380247335881
0.000318380247335881
0.000318380247335881
0.000318380247335881
0.000318380247335881
0.000318380247335881
0.000318380247335881
0.000318380247335881
0.000318380247335881
0.000318380247335881
0.000318380247335881
0.000318380247335881
0.000318380247335881
0.000318380247335881
0.000318380247335881
0.000318380247335881
0.000318380247335881
0.000318380247335881
0.000318380247335881
0.000318380247335881
0.000318380247335881
0.000318380247335881
0.000318380247335881
0.000318380247335881
0.000318380247335881
0.000318380247335881
0.000318380247335881
0.000318380247335881
0.000318380247335881
0.000318380247335881
0.000318380247335881
0.000318380247335881
0.000318380247335881
0.000318380247335881
0.000318380247335881
0.000318380247335881
0.000318380247335881
0.000318380247335881
0.000318380247335881
