0.0
2.68461075838599e-34
4.84425477509376e-08
1.20359771926815e-07
3.12904802513003e-07
3.05738325323546e-07
2.97552304573401e-07
4.54944341754526e-07
7.63088507937937e-07
8.77385616604442e-07
9.45510862493393e-07
1.1170058087373e-06
1.41330326641764e-06
1.72064960679563e-06
1.65483731962013e-06
1.86469992513594e-06
2.63047422777163e-06
2.99172370432643e-06
3.37321148435876e-06
3.22857272294641e-06
3.06142055706005e-06
3.0820447136648e-06
3.17501053359592e-06
3.4967090414284e-06
4.32278375228634e-06
4.6844197640894e-06
5.35629624209832e-06
6.40136613583309e-06
7.77843706600834e-06
8.8931983555085e-06
9.02025385585148e-06
9.1241945483489e-06
9.06510376808001e-06
8.64808680489659e-06
8.43608904688153e-06
8.11742847872665e-06
7.69110101828119e-06
7.13885356162791e-06
6.21816298007616e-06
5.85923771723174e-06
5.35020171810174e-06
4.60545061287121e-06
3.41620943800081e-06
1.52228528804699e-06
1.25605083667324e-06
1.04749813090166e-06
9.20218724331789e-07
8.20117179500812e-07
7.58070427764324e-07
7.28095528756967e-07
7.11009704446042e-07
6.83284554270358e-07
6.38978463030071e-07
5.91548712236545e-07
5.60822059014754e-07
5.41941403753299e-07
5.40095925316564e-07
5.45551358754892e-07
5.38405629413319e-07
5.17729688453983e-07
4.92349272462889e-07
4.73067984785303e-07
4.6173326495591e-07
4.58821972415535e-07
4.61171794086113e-07
4.62225415276407e-07
4.62049314364776e-07
4.62054885019825e-07
4.62057357708545e-07
4.62061791495216e-07
4.6206758952394e-07
4.62075803397966e-07
4.62088195263277e-07
4.6210502091526e-07
4.62126877209812e-07
4.62152144109496e-07
4.62167946579939e-07
4.62146147128806e-07
4.62053151295549e-07
4.62053378669225e-07
4.61961661812893e-07
4.61739062984634e-07
4.61718741462391e-07
4.61594993339531e-07
4.61562848386166e-07
4.61550200725469e-07
4.61536814100327e-07
4.61525075934333e-07
4.61521949546295e-07
4.61522773775869e-07
4.61522120076552e-07
4.61522091654842e-07
4.6152368327057e-07
4.61525331729717e-07
4.6152669597177e-07
4.61526298067838e-07
4.61551223907009e-07
4.61571062260191e-07
4.61599938716972e-07
4.61639928062141e-07
4.61663262285583e-07
4.61687591268856e-07
4.61720105704444e-07
4.61736647139332e-07
4.61755519154394e-07
4.61779791294248e-07
4.61810202523338e-07
4.61829330333785e-07
4.61836890508494e-07
4.61852863509193e-07
4.61872446066991e-07
4.61903795212493e-07
4.61951429997498e-07
4.62020409486286e-07
4.62050223859478e-07
4.62086347852164e-07
4.62132874190502e-07
4.62155071545567e-07
4.62179798432771e-07
4.62208390672458e-07
4.62223113117943e-07
4.62238205045651e-07
4.62256366517977e-07
4.62264381440036e-07
4.62272822687737e-07
4.62285271396468e-07
4.62293741065878e-07
4.62281747104498e-07
4.62208646467843e-07
4.62030925518775e-07
4.61611676882967e-07
4.6156262101249e-07
4.61295968534614e-07
4.60766528931345e-07
4.59807978359095e-07
4.59573783473388e-07
4.58986846751941e-07
4.57964176803216e-07
4.56291445516399e-07
4.55849260561081e-07
4.54944938610424e-07
4.53383904641669e-07
4.53023318414125e-07
4.52220945135196e-07
4.51157234238053e-07
4.50919742434053e-07
4.50435209131683e-07
4.50028664999991e-07
4.49077901976125e-07
4.47279461468497e-07
4.46797770337071e-07
4.45695235384846e-07
4.44108053443415e-07
4.43210694811569e-07
4.4211836325303e-07
4.41748454704793e-07
4.41049735400156e-07
4.3997323473377e-07
4.38216432030458e-07
4.37701856981221e-07
4.36736002029647e-07
4.35222432315641e-07
4.34747335020802e-07
4.33984553183109e-07
4.32807183869954e-07
4.30957243224839e-07
4.3036888541792e-07
4.30170473464386e-07
4.29800621759568e-07
4.2966729552063e-07
4.2961843860212e-07
4.29599253948254e-07
4.2959197799064e-07
4.2958097878909e-07
4.29576857641223e-07
4.29570661708567e-07
4.29561367809583e-07
4.29547441171962e-07
4.29526522793822e-07
4.29495116804901e-07
4.29447993610665e-07
4.29377280397603e-07
4.29271238999718e-07
4.29111537414428e-07
4.28871686608545e-07
4.2851368675656e-07
4.27976857508838e-07
4.27787767875998e-07
4.27520461698805e-07
4.2717090309452e-07
4.26659937602381e-07
4.26002003450776e-07
4.25753569288645e-07
4.25669071546508e-07
4.25548137172882e-07
4.25367943535093e-07
4.2512459685895e-07
4.24745479676858e-07
4.24180143454578e-07
4.23966184825986e-07
4.23640670987879e-07
4.23524284087762e-07
4.23481168354556e-07
4.23412274130897e-07
4.23307909613868e-07
4.2326936977588e-07
4.23210622102488e-07
4.23188680542808e-07
4.23180466668782e-07
4.23168046381761e-07
4.23149344896956e-07
4.23121292669748e-07
4.23110805058968e-07
4.23095031010234e-07
4.2307129888286e-07
4.23035629637525e-07
4.2298199787183e-07
4.2290116653021e-07
4.22779208975044e-07
4.22739134364747e-07
4.22722393977892e-07
4.22698491320261e-07
4.22663362087405e-07
4.22650202835939e-07
4.22630336061047e-07
4.22600436422726e-07
4.22555501700117e-07
4.22487886453382e-07
4.2238420405738e-07
4.22221887674823e-07
4.22158109358861e-07
4.221332119414e-07
4.22124998067375e-07
4.22121871679337e-07
4.22120706389251e-07
4.22118972664975e-07
4.22116357867708e-07
4.22112435671806e-07
4.22106580799664e-07
4.2209779849145e-07
4.22084696083402e-07
4.22065198790733e-07
4.22036237068824e-07
4.21993405552712e-07
4.21930678839999e-07
4.21840013586916e-07
4.21712172737898e-07
4.21537237116354e-07
4.21315803578182e-07
4.21081779222732e-07
4.20692089164731e-07
4.19835885168141e-07
4.1958443830481e-07
4.19083306724133e-07
4.18269081592371e-07
4.17131019503358e-07
4.16503638689392e-07
4.15645843077073e-07
4.15429809663692e-07
4.1495491132082e-07
4.14237263157702e-07
4.13988971104118e-07
4.13596808357397e-07
4.13004158872354e-07
4.12802734217621e-07
4.1248694060414e-07
4.12363874602306e-07
4.12317604059353e-07
4.12250471981679e-07
4.12150455986193e-07
4.12001043059718e-07
4.11778671605134e-07
4.11445398640353e-07
4.1098300584963e-07
4.10276527418318e-07
4.10088233593342e-07
4.09736429674012e-07
4.09356033514996e-07
4.08762872439183e-07
4.08576113386516e-07
4.08268419960223e-07
4.07789940481962e-07
4.07636946420098e-07
4.07374841415731e-07
4.06901705218843e-07
4.0677809920453e-07
4.06521792228887e-07
4.060555909291e-07
4.059597529249e-07
4.05702962780197e-07
4.05339505960001e-07
4.0532657408221e-07
4.05265126346421e-07
4.051903204072e-07
4.05085501142821e-07
4.04942113618745e-07
4.04893853556132e-07
4.04839965995052e-07
4.04756150373942e-07
4.04734123549133e-07
4.04726193892202e-07
4.04723351721259e-07
4.0471928741681e-07
4.04716416824158e-07
4.04715251534071e-07
4.04713716761762e-07
4.04711471446717e-07
4.04708117685004e-07
4.04703143885854e-07
4.0469586792824e-07
4.04684840304981e-07
4.04669464160179e-07
4.04648204721525e-07
4.04620806193634e-07
4.04589911795483e-07
4.04537757958678e-07
4.04518601726522e-07
4.04491032668375e-07
4.04461871994499e-07
4.04399401077171e-07
4.04316409685634e-07
4.04283753141499e-07
4.04164012479669e-07
4.04021562872003e-07
4.03708725116303e-07
4.03683998229099e-07
4.03646822633164e-07
4.0365148379351e-07
4.0363750031247e-07
4.03641735147175e-07
4.03647845814703e-07
4.03658077630098e-07
4.0368240661337e-07
4.03716825303491e-07
4.03768780188329e-07
4.03769661261322e-07
4.03776311941328e-07
4.03791432290745e-07
4.03809366389396e-07
4.03817068672652e-07
4.0382863630839e-07
4.03845803020886e-07
4.03871467824501e-07
4.0390744970864e-07
4.03914697244545e-07
4.03933285042513e-07
4.03942351567821e-07
4.03954658168004e-07
4.0395985934083e-07
4.0396184886049e-07
4.03964776296561e-07
4.03965884743229e-07
4.03966311068871e-07
4.03966907924769e-07
4.03967163720154e-07
4.03967504780667e-07
4.03968016371437e-07
4.03968812179301e-07
4.03969977469387e-07
4.03971768037081e-07
4.03974439677768e-07
4.03978503982216e-07
4.03984643071453e-07
4.03993993813856e-07
4.04008403620537e-07
4.04030942036115e-07
4.0406612811239e-07
4.04122829422704e-07
4.04202438630819e-07
4.04366460315941e-07
4.04334684844798e-07
4.04477248139301e-07
4.04796310249367e-07
4.05186909802069e-07
4.05630203204055e-07
4.05783566748141e-07
4.06072189207407e-07
4.06087650617337e-07
4.0612493990011e-07
4.06191162483083e-07
4.06276797093597e-07
4.06316246426286e-07
4.06373629857626e-07
4.06462049795664e-07
4.06598388735802e-07
4.06813626341318e-07
4.07128339929841e-07
4.07553613968048e-07
4.07794175316667e-07
4.08121820782981e-07
4.08536607210408e-07
4.08698355158776e-07
4.0891424646361e-07
4.09192551842352e-07
4.09530201750385e-07
4.09800776424163e-07
4.10048244248173e-07
4.10166620667951e-07
4.10322741117852e-07
4.10372678061321e-07
4.10390327942878e-07
4.10425229802058e-07
4.10477099421769e-07
4.10550285323552e-07
4.10681337825736e-07
4.10722236665606e-07
4.10791585636616e-07
4.10902714520489e-07
4.11065514072106e-07
4.11300192126873e-07
4.1163914943354e-07
4.1210472545572e-07
4.12924237025436e-07
4.13040481817006e-07
4.13066572946263e-07
4.13105425423055e-07
4.13166191037817e-07
4.13256742604062e-07
4.13289882317258e-07
4.13337232885169e-07
4.13401835430705e-07
4.13470218063594e-07
4.13543830291019e-07
4.13595330428507e-07
4.13690543155099e-07
4.13743634908315e-07
4.13771402918428e-07
4.13835749668579e-07
4.13839529755933e-07
4.13840723467729e-07
4.13840893997985e-07
4.13840496094053e-07
4.13838961321744e-07
4.13831713785839e-07
4.13810113286672e-07
4.13805707921711e-07
4.13786523267845e-07
4.13751763517212e-07
4.13743975968828e-07
4.137233986512e-07
4.13685313560563e-07
4.13622302630756e-07
4.13513532748766e-07
4.1349088064635e-07
4.1343349721501e-07
4.13327569503963e-07
4.13297698287352e-07
4.13237728480453e-07
4.13219396477871e-07
4.13212092098547e-07
4.13199387594432e-07
4.13180458735951e-07
4.1315058751934e-07
4.13117675179819e-07
4.13089964013125e-07
4.13110115005111e-07
4.1313109022667e-07
4.13326546322423e-07
4.13385038200431e-07
4.13499435580889e-07
4.13685057765178e-07
4.14104533774662e-07
4.14609672816368e-07
4.14721029073917e-07
4.14875017895611e-07
4.14947663784915e-07
4.14998169162573e-07
4.15016586430283e-07
4.15008173604292e-07
4.15055751545879e-07
4.15020053878834e-07
4.14928592817887e-07
4.14667027825999e-07
4.14631671219468e-07
4.14476488685978e-07
4.1417249008191e-07
4.13685029343469e-07
4.13599110515861e-07
4.13346526784153e-07
4.12887288803176e-07
4.12801966831466e-07
4.1256927829636e-07
4.1217907664759e-07
4.11681895684524e-07
4.11630992402934e-07
4.11537911304549e-07
4.113906868497e-07
4.11196907634803e-07
4.10914793746997e-07
4.10528144811906e-07
4.10394420669036e-07
4.10168922826415e-07
4.09830818171031e-07
4.09367061138255e-07
4.09146309721109e-07
4.08796921647081e-07
4.08821449582319e-07
4.08776088534069e-07
4.0870267525861e-07
4.08589784228752e-07
4.08413853847378e-07
