0
0.00922769587486982
0.0207379441708326
0.0265125967562199
0.0410558842122555
0.058939516544342
0.0738605782389641
0.0859737321734428
0.101515762507915
0.113787837326527
0.116523131728172
0.118906766176224
0.119737364351749
0.120887845754623
0.120982125401497
0.121120281517506
0.121228478848934
0.121335469186306
0.121445193886757
0.121554352343082
0.121661081910133
0.121822535991669
0.121942594647408
0.122059069573879
0.12222783267498
0.122287333011627
0.122376091778278
0.122493378818035
0.122520580887794
0.122545085847378
0.122571781277657
0.122586831450462
0.122595526278019
0.122590996325016
0.122572280466557
0.12250804156065
0.122390300035477
0.12219014018774
0.121906064450741
0.121522217988968
0.121044360101223
0.120461277663708
0.119628332555294
0.118353754281998
0.118583999574184
0.118103586137295
0.115376181900501
0.111818596720695
0.110518224537373
0.106824852526188
0.103078037500381
0.100959002971649
0.0972591787576675
0.0931726470589638
0.089119166135788
0.0850581303238869
0.0810378268361092
0.0770587921142578
0.0731191858649254
0.069246381521225
0.0654233992099762
0.0616457238793373
0.0578481182456017
0.0541172511875629
0.0504757612943649
0.0468794703483582
0.0433178581297398
0.0397746004164219
0.0362920500338078
0.0328505672514439
0.0294799692928791
0.0261275060474873
0.0228569004684687
0.0196336414664984
0.0164932161569595
0.0133844884112477
0.0103347664698958
0.00731392204761505
0.00426919804885983
0.0012570075923577
1.15101570941079e-07
1.1842818992136e-07
1.19195235015468e-07
1.43779743666528e-07
1.73327293850889e-07
2.04847921736473e-07
2.20905477021915e-07
1.76085734437947e-07
1.42982997886065e-07
1.0131903849242e-07
5.84339829856617e-08
4.06482669745856e-09
-1.00216510645623e-08
-1.00216510645623e-08
