0.0
4.64790275600535e-07
1.92361721929046e-06
3.15709371534467e-06
3.5319501421327e-06
3.80939286515058e-06
4.48704440714209e-06
5.36257994099287e-06
5.66928065381944e-06
5.79679362999741e-06
5.86719761486165e-06
5.92751848671469e-06
6.03846092417371e-06
6.45339969196357e-06
7.26848338672426e-06
8.45416434458457e-06
9.48268916545203e-06
9.61294153967174e-06
9.74032354861265e-06
9.82275469141314e-06
9.86863233265467e-06
9.87127441476332e-06
9.87335351965157e-06
9.87389739748323e-06
9.87444764177781e-06
9.8750588222174e-06
9.87576368061127e-06
9.87664043350378e-06
9.87786006589886e-06
9.87891598924762e-06
9.87975909083616e-06
9.88041938398965e-06
9.8809096016339e-06
9.88127885648282e-06
9.88156352832448e-06
9.88180545391515e-06
9.88205465546343e-06
9.88243118626997e-06
9.88300780591089e-06
9.88367537502199e-06
9.88422743830597e-06
9.88468582363566e-06
9.88497231446672e-06
9.88497231446672e-06
9.88574720395263e-06
9.88701776805101e-06
9.88917508948362e-06
9.89149793895194e-06
9.89390628092224e-06
9.8963482741965e-06
9.89997170108836e-06
9.90145144896815e-06
9.90288663160754e-06
9.90431362879463e-06
9.9064054666087e-06
9.90945045487024e-06
9.91372871794738e-06
9.91529395832913e-06
9.91680553852348e-06
9.91826982499333e-06
9.92036711977562e-06
9.92334389593452e-06
9.9245144156157e-06
9.92619152384577e-06
9.92780405795202e-06
9.92941113509005e-06
9.93171670415904e-06
9.93393859971547e-06
9.93609592114808e-06
9.93821231531911e-06
9.93976846075384e-06
9.94203128357185e-06
9.94529273157241e-06
9.950005733117e-06
9.95130085357232e-06
9.952570508176e-06
9.95384107227437e-06
9.9551916719065e-06
9.95658047031611e-06
9.95778100332245e-06
9.95878963294672e-06
9.95967639028095e-06
9.96051312540658e-06
9.96127982944017e-06
9.96238941297634e-06
9.96394646790577e-06
9.96610560832778e-06
9.96909784589661e-06
9.973244232242e-06
9.9777598734363e-06
9.98085306491703e-06
9.98291307041654e-06
9.98452924250159e-06
9.98574159893906e-06
9.98716950562084e-06
9.98870109469863e-06
9.99111489363713e-06
9.9947428680025e-06
9.9947428680025e-06
9.9947428680025e-06
9.9947428680025e-06
9.9947428680025e-06
9.9947428680025e-06
9.9947428680025e-06
9.9947428680025e-06
9.9947428680025e-06
9.9947428680025e-06
9.9947428680025e-06
9.9947428680025e-06
9.9947428680025e-06
1.0436260708957e-05
1.16817354864907e-05
1.16821220217389e-05
1.16821229312336e-05
1.16821238407283e-05
1.16821256597177e-05
1.16821265692124e-05
1.16821265692124e-05
1.16821274787071e-05
1.16821274787071e-05
1.16821274787071e-05
1.16821274787071e-05
1.16821274787071e-05
1.16821274787071e-05
1.16821274787071e-05
1.16821274787071e-05
1.16821274787071e-05
1.16821274787071e-05
1.16821274787071e-05
1.16821274787071e-05
1.16821274787071e-05
1.16821274787071e-05
1.16821274787071e-05
1.16821274787071e-05
1.16821274787071e-05
1.16821274787071e-05
1.16821274787071e-05
1.16821283882018e-05
1.16821292976965e-05
1.16821292976965e-05
1.16821292976965e-05
1.16821292976965e-05
1.16821292976965e-05
1.16821292976965e-05
1.16821292976965e-05
1.16821292976965e-05
1.16821292976965e-05
