-0.0
3.62683749699499e-09
2.28199496632442e-07
1.37217739393236e-06
1.98005272977753e-06
2.29736724577378e-06
2.30367732001469e-06
1.80549614015035e-06
2.13426756090485e-06
2.89417585008778e-06
3.90996501664631e-06
5.12412589159794e-06
1.09059292299207e-05
4.09060885431245e-06
1.0037656466011e-06
-4.2415558709763e-07
-6.36886397842318e-07
-1.49056068039499e-05
-7.42183183319867e-05
-0.000611079216469079
-0.000623278028797358
-0.000584398629143834
-0.000543077709153295
-0.00052978954045102
-0.000514210085384548
-0.000495507149025798
-0.000472423620522022
-0.000441946729552001
-0.00039788635331206
-0.000359072990249842
-0.000327684858348221
-0.000303153443383053
-0.000285227753920481
-0.000271835713647306
-0.000261670036707073
-0.00025363513850607
-0.000247136485995725
-0.000238647451624274
-0.000227606302360073
-0.00021688494598493
-0.000206448501558043
-0.000199303292902187
-0.000188629666808993
-0.000180321745574474
-0.000174074404640123
-0.000167746373335831
-0.000161184332682751
-0.000154220280819573
-0.000146946142194793
-0.000139413547003642
-0.000127727878862061
-0.000122454250231385
-0.000117078314360697
-0.000111501234641764
-0.000103061473055277
-8.99121732800268e-05
-7.58516689529642e-05
-7.50788603909314e-05
-7.48255260987207e-05
-7.49025493860245e-05
-7.53277199692093e-05
-7.57822708692402e-05
-7.58389141992666e-05
-7.61369738029316e-05
-7.66094817663543e-05
-7.75174921727739e-05
-8.07765973149799e-05
-8.5304825915955e-05
-9.0022491349373e-05
-9.60333491093479e-05
-0.000101112134871073
-0.000109125743620098
-0.000122332174214534
-0.000156172347487882
-0.000170379134942777
-0.000185472265002318
-0.000202692433958873
-0.00022611889289692
-0.000251563615165651
-0.000265417358605191
-0.000271760596660897
-0.000275533559033647
-0.000278454943327233
-0.000280206761090085
-0.00028234685305506
-0.000284088775515556
-0.000286833848804235
-0.000290805415716022
-0.00029619422275573
-0.000298556755296886
-0.000295050471322611
-0.000277985411230475
-0.000262142508290708
-0.000248888391070068
-0.000230539502808824
-0.000206037831958383
-0.000178380505531095
-0.000148312348756008
-0.000107854182715528
-6.05697023274843e-05
-1.63055192388128e-05
1.81827635969967e-05
4.4671160139842e-05
7.1050388214644e-05
9.95254740701057e-05
0.000121464254334569
0.000131769033032469
0.000140655363793485
0.000144664474646561
0.000151240470586345
0.000145600890391506
-5.84132540097926e-05
-3.77176934307499e-06
-3.77144442609278e-06
-3.82116922992282e-06
-3.84626173399738e-06
-3.87873024010332e-06
-3.90865579902311e-06
-3.93954496757942e-06
-3.89457318306086e-06
-3.83057840736001e-06
-3.80692063117749e-06
-3.77122955796949e-06
-3.71993269254745e-06
-3.6296087273513e-06
-3.38611562256119e-06
-3.13462874146353e-06
-2.83836607195553e-06
-2.63330616689927e-06
-2.43513045461441e-06
-2.27051032197778e-06
-2.08229789677716e-06
-1.93524783753674e-06
-1.76512264715711e-06
-1.65039239163889e-06
-1.56160785991233e-06
-1.47921173265786e-06
-1.43944021147036e-06
-1.34560445985699e-06
-1.21445577860868e-06
-1.0396622656117e-06
-9.14893973913422e-07
-7.38165454094997e-07
-4.85004250094789e-07
-2.13352080891127e-07
2.03681764787689e-07
2.03681764787689e-07
