0.0
5.10386666263685e-09
5.10391151564704e-09
5.10391329200388e-09
5.10391329200388e-09
5.10391373609309e-09
5.10391373609309e-09
5.10391373609309e-09
5.10391373609309e-09
5.10391373609309e-09
5.10391373609309e-09
5.10391373609309e-09
5.10391373609309e-09
5.10391373609309e-09
5.10391373609309e-09
5.10391373609309e-09
5.10391373609309e-09
5.10391373609309e-09
5.10391373609309e-09
5.10391373609309e-09
5.10391373609309e-09
5.10391373609309e-09
5.10391373609309e-09
5.10391373609309e-09
5.10391373609309e-09
5.10391373609309e-09
5.10391373609309e-09
5.10391373609309e-09
5.10391373609309e-09
5.10391373609309e-09
5.10391373609309e-09
5.10391373609309e-09
5.10391373609309e-09
5.10391373609309e-09
5.10391373609309e-09
5.10391373609309e-09
5.10391373609309e-09
5.10391373609309e-09
5.10391373609309e-09
5.10391373609309e-09
5.10391373609309e-09
5.10391373609309e-09
5.10391373609309e-09
5.10391373609309e-09
5.10391373609309e-09
5.10391373609309e-09
5.10391373609309e-09
5.10391373609309e-09
5.10391373609309e-09
5.10391373609309e-09
5.10391373609309e-09
5.10391373609309e-09
5.10391373609309e-09
5.10391373609309e-09
5.10391373609309e-09
5.10391373609309e-09
5.10391373609309e-09
5.10391373609309e-09
5.10391373609309e-09
5.10391373609309e-09
5.10391373609309e-09
5.10391373609309e-09
5.10391373609309e-09
5.10391373609309e-09
5.10391373609309e-09
5.10391373609309e-09
5.10391373609309e-09
5.10391373609309e-09
5.10391373609309e-09
5.10391373609309e-09
5.10391373609309e-09
5.10391373609309e-09
5.10391373609309e-09
5.10391373609309e-09
5.10391373609309e-09
5.10391373609309e-09
5.10391373609309e-09
5.10391373609309e-09
5.10391373609309e-09
5.10391373609309e-09
5.10391373609309e-09
5.10391373609309e-09
5.10391373609309e-09
5.10391373609309e-09
5.10391373609309e-09
5.10391373609309e-09
5.10391373609309e-09
5.10391373609309e-09
5.10391373609309e-09
5.10391373609309e-09
5.10391373609309e-09
5.10391373609309e-09
5.10391373609309e-09
5.10391373609309e-09
5.10391373609309e-09
5.10391373609309e-09
5.10391373609309e-09
5.10391373609309e-09
5.10391373609309e-09
5.10391373609309e-09
5.10391373609309e-09
