0.0
2.40669723733378e-12
4.34975319651976e-12
6.19754985178855e-12
1.50824734646005e-11
1.81442100927187e-11
1.84166137201514e-11
2.02381115338435e-11
2.06095834842657e-11
2.10959947427591e-11
2.16139588865571e-11
2.21557407836803e-11
2.27752504355916e-11
2.34078208205535e-11
2.39514172384325e-11
2.44375596147872e-11
2.49076818198413e-11
2.53713890174811e-11
2.58191090035664e-11
2.62467981376746e-11
2.66591904801716e-11
2.70518017708721e-11
2.74413807649365e-11
2.78136940562446e-11
2.83371780901431e-11
2.94704850800631e-11
3.1089519847427e-11
3.28406676852744e-11
3.54703245941668e-11
4.14786607838558e-11
5.27613855383358e-11
7.44973596700227e-11
9.98707366806073e-11
2.52515008902776e-10
5.81016346146157e-10
1.06803266231026e-09
1.59375657116101e-09
1.73800474012609e-09
1.89183735344045e-09
2.15341899867383e-09
2.69172018008135e-09
3.46739081891201e-09
4.35729496928161e-09
5.1052939653573e-09
6.37405817016656e-09
7.56572493543217e-09
8.36100877421586e-09
9.57779722199348e-09
1.17932845711266e-08
1.46982648274729e-08
1.56584274435545e-08
1.78460997091179e-08
2.08620800634662e-08
2.4706828583021e-08
2.98631448458764e-08
3.97379729122349e-08
4.51110757637707e-08
5.43861560231562e-08
7.5200226490324e-08
1.01912171146523e-07
1.32169475364208e-07
1.69870133959193e-07
2.12575045566155e-07
2.80744586689252e-07
2.90438208594423e-07
2.95879686973421e-07
2.99433281725214e-07
3.02276362162957e-07
3.05483041529442e-07
3.10036256223611e-07
3.11278540721105e-07
3.12873225993826e-07
3.15146337470651e-07
3.18207924010494e-07
3.21543410564118e-07
3.25342824680774e-07
3.30204414922264e-07
3.38108776531953e-07
3.60845774594054e-07
3.86955321118876e-07
4.10673351325386e-07
4.32776062098128e-07
4.51659502687107e-07
4.66221337092065e-07
4.73751015306334e-07
4.78000004022761e-07
4.80716039419349e-07
4.82669520351919e-07
4.84954171042773e-07
4.87857619191345e-07
4.91784192035993e-07
4.97292262480187e-07
5.0520890226835e-07
5.1665404043888e-07
5.32932403984887e-07
5.55608266950003e-07
5.86795522394823e-07
6.27388033080933e-07
6.77507841828628e-07
7.4151694207103e-07
8.26150369448442e-07
9.09400000637106e-07
9.74051204138959e-07
1.0287772056472e-06
1.07399148419063e-06
1.10929863694764e-06
1.1408660611778e-06
1.16862838694942e-06
1.19430774248031e-06
1.21750338166748e-06
1.23374002214405e-06
1.24549933389062e-06
1.25449469123851e-06
1.26480313156208e-06
1.27104578950821e-06
1.27743760458543e-06
1.28183910419466e-06
1.28812473576545e-06
1.29438706153451e-06
1.29890747757599e-06
1.3038309134572e-06
1.30710088797059e-06
1.31071101350244e-06
1.31366368805175e-06
1.31664921809715e-06
1.31884598886245e-06
1.32078014303261e-06
1.32212392145448e-06
1.32303614464035e-06
1.32408581521304e-06
1.32422610477079e-06
1.32461661905836e-06
1.3240166936157e-06
1.32369484617811e-06
1.32315869905142e-06
1.32242655581649e-06
1.32150466924941e-06
1.32024172216916e-06
1.31890112697874e-06
1.31720003082592e-06
1.31513320411614e-06
1.31318972762529e-06
1.31035233152943e-06
1.30789055674541e-06
1.30519822505448e-06
1.30184821500734e-06
1.29854845454247e-06
1.29549937355478e-06
1.29140562421526e-06
1.28839076296572e-06
1.28473027416476e-06
1.28096121443377e-06
1.27680903005967e-06
1.271990299756e-06
1.26779946185707e-06
1.26251529763977e-06
1.25863061839482e-06
1.2527794979178e-06
1.2480818440963e-06
1.2220175449329e-06
1.22193569040974e-06
1.22191681839467e-06
1.22194239793316e-06
1.22195990570617e-06
1.22196638585592e-06
1.22197047858208e-06
1.22196638585592e-06
1.22196615848225e-06
1.22196615848225e-06
1.22196615848225e-06
1.22196615848225e-06
1.22196615848225e-06
1.22196615848225e-06
1.22196615848225e-06
1.22196615848225e-06
1.22196615848225e-06
1.22196615848225e-06
1.22196615848225e-06
1.22196615848225e-06
1.22196615848225e-06
1.22196615848225e-06
1.22196615848225e-06
1.22196615848225e-06
1.22196615848225e-06
1.22196615848225e-06
1.22196615848225e-06
1.22196615848225e-06
1.22196615848225e-06
1.22196615848225e-06
1.22196615848225e-06
1.22196615848225e-06
1.22196615848225e-06
1.22196615848225e-06
1.22196604479541e-06
1.22196604479541e-06
1.22196604479541e-06
1.22196604479541e-06
1.22196604479541e-06
1.22196604479541e-06
1.22196604479541e-06
1.22196604479541e-06
1.22196604479541e-06
1.22196604479541e-06
1.22196604479541e-06
1.22196604479541e-06
1.22196604479541e-06
1.22196604479541e-06
1.22196604479541e-06
1.22196604479541e-06
1.22196604479541e-06
1.22196604479541e-06
1.22196604479541e-06
1.22196604479541e-06
1.22196604479541e-06
1.22196604479541e-06
1.22196604479541e-06
1.22196604479541e-06
1.22196593110857e-06
1.22196593110857e-06
1.22196593110857e-06
1.22196593110857e-06
1.22196593110857e-06
1.22196593110857e-06
1.22196593110857e-06
1.22196593110857e-06
1.22196593110857e-06
1.22196593110857e-06
1.22196593110857e-06
1.22196593110857e-06
1.22196593110857e-06
1.22196593110857e-06
1.22196593110857e-06
1.22196593110857e-06
1.22196593110857e-06
1.22196593110857e-06
1.22196593110857e-06
1.22196593110857e-06
1.22196593110857e-06
1.22196593110857e-06
1.22196593110857e-06
1.22196593110857e-06
1.22196593110857e-06
1.22196581742173e-06
1.22196581742173e-06
1.22196581742173e-06
1.22196581742173e-06
1.22196581742173e-06
1.22196581742173e-06
1.22196581742173e-06
1.22196581742173e-06
1.22196581742173e-06
1.22196581742173e-06
1.22196581742173e-06
1.22196581742173e-06
1.22196581742173e-06
1.22196581742173e-06
1.22196581742173e-06
1.22196581742173e-06
1.22196581742173e-06
1.22196581742173e-06
1.22196581742173e-06
1.22196581742173e-06
1.22196581742173e-06
1.22196581742173e-06
1.22196581742173e-06
1.22196581742173e-06
1.2219657037349e-06
1.2219657037349e-06
1.2219657037349e-06
1.2219657037349e-06
1.2219657037349e-06
1.2219657037349e-06
1.2219657037349e-06
1.2219657037349e-06
1.2219657037349e-06
1.2219657037349e-06
1.2219657037349e-06
1.2219657037349e-06
1.2219657037349e-06
1.2219657037349e-06
1.2219657037349e-06
1.2219657037349e-06
1.2219657037349e-06
1.2219657037349e-06
1.2219657037349e-06
1.2219657037349e-06
1.2219657037349e-06
1.2219657037349e-06
1.2219657037349e-06
1.2219657037349e-06
1.22196559004806e-06
1.22196559004806e-06
1.22196559004806e-06
1.22196559004806e-06
1.22196559004806e-06
1.22196559004806e-06
1.22196559004806e-06
1.22196559004806e-06
1.22196559004806e-06
1.22196559004806e-06
1.22196559004806e-06
1.22196559004806e-06
1.22196559004806e-06
1.22196559004806e-06
1.22196559004806e-06
1.22196559004806e-06
1.22196559004806e-06
1.22196559004806e-06
1.22196559004806e-06
1.22196559004806e-06
1.22196559004806e-06
1.22196559004806e-06
1.22196559004806e-06
1.22196559004806e-06
1.22196547636122e-06
1.22196547636122e-06
1.22196547636122e-06
1.22196547636122e-06
1.22196547636122e-06
1.22196547636122e-06
1.22196547636122e-06
1.22196547636122e-06
1.22196547636122e-06
1.22196547636122e-06
1.22196547636122e-06
1.22196547636122e-06
1.22196547636122e-06
1.22196547636122e-06
1.22196547636122e-06
1.22196547636122e-06
1.22196547636122e-06
1.22196547636122e-06
1.22196547636122e-06
1.22196547636122e-06
1.22196547636122e-06
1.22196547636122e-06
1.22196547636122e-06
1.22196536267438e-06
1.22196536267438e-06
1.22196536267438e-06
1.22196536267438e-06
1.22196536267438e-06
1.22196536267438e-06
1.22196536267438e-06
1.22196536267438e-06
1.22196536267438e-06
1.22196536267438e-06
1.22196536267438e-06
1.22196536267438e-06
1.22196536267438e-06
1.22196536267438e-06
1.22196536267438e-06
1.22196536267438e-06
1.22196536267438e-06
1.22196536267438e-06
1.22196536267438e-06
1.22196536267438e-06
1.22196536267438e-06
1.22196536267438e-06
1.22196536267438e-06
1.22196536267438e-06
1.22196536267438e-06
1.22196524898754e-06
1.22196524898754e-06
1.22196524898754e-06
1.22196524898754e-06
1.22196524898754e-06
1.22196524898754e-06
1.22196524898754e-06
1.22196524898754e-06
1.22196524898754e-06
1.22196524898754e-06
1.22196524898754e-06
1.22196524898754e-06
1.22196524898754e-06
1.22196524898754e-06
1.22196524898754e-06
1.22196524898754e-06
1.22196524898754e-06
1.22196524898754e-06
1.22196524898754e-06
1.22196524898754e-06
1.22196524898754e-06
1.22196524898754e-06
1.22196524898754e-06
1.22196513530071e-06
1.22196513530071e-06
1.22196513530071e-06
1.22196513530071e-06
1.22196513530071e-06
1.22196513530071e-06
1.22196513530071e-06
1.22196513530071e-06
1.22196513530071e-06
1.22196513530071e-06
1.22196513530071e-06
1.22196513530071e-06
1.22196513530071e-06
1.22196513530071e-06
1.22196513530071e-06
1.22196513530071e-06
1.22196513530071e-06
1.22196513530071e-06
1.22196513530071e-06
1.22196513530071e-06
1.22196513530071e-06
1.22196513530071e-06
1.22196513530071e-06
1.22196513530071e-06
1.22196513530071e-06
1.22196502161387e-06
1.22196502161387e-06
1.22196502161387e-06
1.22196502161387e-06
1.22196502161387e-06
1.22196502161387e-06
1.22196502161387e-06
1.22196502161387e-06
1.22196502161387e-06
1.22196502161387e-06
1.22196502161387e-06
1.22196502161387e-06
1.22196502161387e-06
1.22196502161387e-06
1.22196502161387e-06
1.22196502161387e-06
1.22196502161387e-06
1.22196502161387e-06
1.22196502161387e-06
1.22196502161387e-06
1.22196502161387e-06
1.22196502161387e-06
1.22196502161387e-06
1.22196490792703e-06
1.22196490792703e-06
1.22196490792703e-06
1.22196490792703e-06
1.22196490792703e-06
1.22196490792703e-06
1.22196490792703e-06
1.22196490792703e-06
1.22196490792703e-06
1.22196490792703e-06
1.22196490792703e-06
1.22196490792703e-06
1.22196490792703e-06
1.22196490792703e-06
1.22196490792703e-06
1.22196490792703e-06
1.22196490792703e-06
1.22196490792703e-06
1.22196490792703e-06
1.22196490792703e-06
1.22196490792703e-06
1.22196490792703e-06
1.22196490792703e-06
1.22196490792703e-06
1.22196490792703e-06
1.22196479424019e-06
1.22196479424019e-06
1.22196479424019e-06
1.22196479424019e-06
1.22196479424019e-06
1.22196479424019e-06
1.22196479424019e-06
1.22196479424019e-06
1.22196479424019e-06
1.22196479424019e-06
1.22196479424019e-06
1.22196479424019e-06
1.22196479424019e-06
1.22196479424019e-06
1.22196479424019e-06
1.22196479424019e-06
1.22196479424019e-06
1.22196479424019e-06
1.22196479424019e-06
1.22196479424019e-06
1.22196479424019e-06
1.22196479424019e-06
1.22196479424019e-06
1.22196479424019e-06
1.22196468055336e-06
1.22196468055336e-06
1.22196468055336e-06
1.22196468055336e-06
1.22196468055336e-06
1.22196468055336e-06
1.22196468055336e-06
1.22196468055336e-06
1.22196468055336e-06
1.22196468055336e-06
1.22196468055336e-06
1.22196468055336e-06
1.22196468055336e-06
1.22196468055336e-06
1.22196468055336e-06
1.22196468055336e-06
1.22196468055336e-06
1.22196468055336e-06
1.22196468055336e-06
