0.0
0.00999999977648258
0.0125000001862645
0.0162499994039536
0.0176562499254942
0.0197656247764826
0.021874999627471
0.0229296870529652
0.0239843744784594
0.0242480468004942
0.024511719122529
0.0246435552835464
0.0246765129268169
0.024678573012352
0.0246796030551195
0.024680633097887
0.024681406095624
0.0246821790933609
0.0246829502284527
0.0246837232261896
0.0246848817914724
0.0246860403567553
0.0246871989220381
0.0246889367699623
0.0246915444731712
0.0246954560279846
0.0247013214975595
0.0247101206332445
0.024723319336772
0.0247431173920631
0.0247728135436773
0.0248173587024212
0.0248841755092144
0.0249509923160076
0.0249676965177059
0.0249927528202534
0.0250303391367197
0.0250867158174515
0.0251712817698717
0.0252981297671795
0.0254249777644873
0.025551825761795
0.025678675621748
0.0258689466863871
0.0260592196136713
0.0262494925409555
0.0264397654682398
0.026630038395524
0.0268203113228083
0.0270105842500925
0.0272008571773767
0.027391130104661
0.0275814011693001
0.0277716740965843
0.0279619470238686
0.0281522199511528
0.028342492878437
0.0285327658057213
0.0287230387330055
0.0289133116602898
0.0291987210512161
0.0296268332749605
0.0300549473613501
0.0304830614477396
0.030911173671484
0.0315533466637135
0.0325166024267673
0.0339614823460579
0.0361288078129292
0.0393797978758812
0.0442562773823738
0.051571000367403
0.0588857233524323
0.0662004426121712
0.0735151693224907
0.0808298885822296
0.0881446152925491
0.0918019711971283
0.0954593345522881
0.0982023552060127
0.100945375859737
0.103688396513462
0.106431417167187
0.109174437820911
0.111917458474636
0.116031989455223
0.122203789651394
0.128375589847565
0.134547382593155
0.140719175338745
0.146890982985497
0.153062775731087
0.162320464849472
0.17232047021389
0.182320475578308
0.192320466041565
0.202320471405983
0.212320476770401
0.222320467233658
0.232320472598076
0.242320463061333
0.252320468425751
0.262320458889008
0.272320479154587
0.282320469617844
0.2923204600811
0.30232048034668
0.312320470809937
0.322320461273193
0.332320481538773
0.342320472002029
0.352320462465286
0.362320482730865
0.372320473194122
0.382320463657379
0.392320483922958
0.402320474386215
0.412320464849472
0.422320455312729
0.432320475578308
0.442320466041565
0.452320456504822
0.462320476770401
0.472320467233658
0.482320457696915
0.492320477962494
0.502320468425751
0.512320458889008
0.522320449352264
0.532320499420166
0.542320489883423
0.55232048034668
0.562320470809937
0.572320461273193
0.58232045173645
0.592320442199707
0.602320492267609
0.612320482730865
0.622320473194122
0.632320463657379
0.642320454120636
0.652320444583893
0.662320494651794
0.672320485115051
0.682320475578308
0.692320466041565
0.702320456504822
0.712320446968079
0.72232049703598
0.732320487499237
0.742320477962494
0.752320468425751
0.762320458889008
0.772320449352264
0.782320499420166
0.792320489883423
0.80232048034668
0.812320470809937
0.822320461273193
0.83232045173645
0.842320442199707
0.852320492267609
0.862320482730865
0.872320473194122
0.882320463657379
0.892320454120636
0.902320444583893
0.912320494651794
0.922320485115051
0.932320475578308
0.942320466041565
0.944820463657379
0.948570489883423
0.949976742267609
0.949976742267609
