0.0
0.0
4.88271382437233e-07
1.07457026388147e-06
1.23612392144423e-06
1.47490186463983e-06
1.93663026948343e-06
2.28878502639418e-06
2.77095023193397e-06
2.74247759080026e-06
2.63784249909804e-06
2.48495325649856e-06
2.39674477597873e-06
2.51971573561605e-06
2.74473177341861e-06
2.98772715723317e-06
3.2280024697684e-06
3.52945380655001e-06
3.89457591154496e-06
4.24100198870292e-06
4.42287955593201e-06
4.61984473076882e-06
4.80786366097163e-06
5.06383548781741e-06
5.12882752445876e-06
5.18725937581621e-06
5.20496450917562e-06
5.2057748689549e-06
5.20668618264608e-06
5.20758430866408e-06
5.2088230404479e-06
5.21063248015707e-06
5.21320589541574e-06
5.21558013133472e-06
5.21724723512307e-06
5.21876108905417e-06
5.2200857680873e-06
5.22114351042546e-06
5.22176605954883e-06
5.22209666087292e-06
5.22183609064086e-06
5.22125992574729e-06
5.21995480085025e-06
5.21754554938525e-06
5.2130812946416e-06
5.20522326041828e-06
5.19298600920592e-06
5.17511807629489e-06
5.15392230227008e-06
5.11919188284082e-06
5.05771458847448e-06
5.01185968460049e-06
4.93165907755611e-06
4.69833048555302e-06
4.43308999820147e-06
4.21631693825475e-06
3.99856935473508e-06
3.72499289369443e-06
3.44946624863951e-06
3.153337047479e-06
2.78490870186943e-06
2.3144575607148e-06
1.6475344182254e-06
1.03513139038114e-06
5.32498006577953e-07
2.25821594312947e-07
1.90371679309465e-07
1.59907065366838e-09
1.69334035682311e-09
1.7738389646027e-09
1.87017001884726e-09
1.85218351766991e-09
1.81594128623175e-09
1.85642201611103e-09
1.49748358158064e-09
1.72962366651319e-09
1.53852797168952e-09
1.73335856779033e-09
1.50824130962235e-09
1.57556767632627e-09
1.68323932570047e-09
1.743888700112e-09
1.8688735003991e-09
1.93256854963408e-09
1.95240068556757e-09
1.98512561944142e-09
1.95772797972893e-09
2.02075378652466e-09
1.96807747876449e-09
1.93210336618677e-09
1.84380399836925e-09
1.79762771335135e-09
1.71584069175168e-09
1.66273106394499e-09
1.58466395561163e-09
1.57008539503067e-09
1.57796031796664e-09
1.5853702794999e-09
1.52315271506609e-09
1.46862533245695e-09
1.37680644662908e-09
1.32241462225124e-09
1.2209446786926e-09
1.12520093242807e-09
9.5986907311385e-10
8.97360130647229e-10
2.87147222666206e-10
4.95145625889482e-11
2.2106049629711e-11
1.24256455819038e-11
1.88389321503779e-12
1.88389321503779e-12
