-0.0
-1.07080389797006e-16
9.19708043056744e-09
3.50810864802042e-08
6.6873667492473e-08
-1.43968009069795e-07
-5.41404006071389e-08
-1.56839746523474e-07
-1.52595021063462e-08
1.13670466816984e-07
3.79981429432519e-07
3.86991814593785e-07
2.4751261662459e-07
1.58293005370069e-07
3.34281139657833e-07
2.32597813010216e-07
3.81884092348628e-07
2.73174009635113e-07
3.12011252390221e-07
2.19761204789393e-07
2.56712155533023e-07
2.28745193453506e-07
4.928297130391e-07
4.29758074460551e-07
2.33616447076201e-07
1.27118255477399e-07
1.48284016177058e-08
1.71778083313257e-07
1.93016603589058e-07
3.15456418320537e-07
7.29942257748917e-08
-7.44239514460787e-08
-5.62469722353853e-07
-1.49364132084884e-06
-1.31595697894227e-06
-1.71588362718467e-06
-2.00863360078074e-06
-2.26989141083322e-06
-2.34653089137282e-06
-2.30469595408067e-06
-2.31026024266612e-06
-2.27015334530734e-06
-2.29399665840901e-06
-2.12069244298618e-06
-2.47653588303365e-06
-2.65143171418458e-06
-2.80502717941999e-06
-2.88459887087811e-06
-2.90619846055051e-06
-2.90525622403948e-06
-2.91936612484278e-06
-2.89544186671264e-06
-3.35260938300053e-06
-3.55593601852888e-06
-3.66175845556427e-06
-3.78090453523328e-06
-3.78030017600395e-06
-3.77429751097225e-06
-3.72851218344294e-06
-3.72006229554245e-06
-3.91110188502353e-06
-3.69386293641583e-06
-2.78493439509475e-06
-2.42898181568307e-06
-1.28393014620087e-06
-1.17146453249006e-06
-9.82288725026592e-07
-8.17492036730982e-07
-6.02486522893741e-07
-3.29841213897453e-07
-5.51688117411686e-08
8.54752215673216e-08
1.98612269741716e-07
2.63507786257833e-07
2.2748656647309e-07
3.6810365600104e-07
5.21908646078373e-07
7.08689071871049e-07
1.0537643220232e-06
1.21084383408743e-06
1.35757829866634e-06
1.539431650599e-06
1.67841551501624e-06
1.87147384167474e-06
1.57361125729949e-06
2.02765841095243e-06
2.03994022740517e-06
2.01256057152932e-06
2.00098656932823e-06
2.12589634429605e-06
2.29232637138921e-06
2.43907152253087e-06
2.6326911211072e-06
2.83599320027861e-06
3.02523812933941e-06
4.92503750137985e-06
4.24388690589694e-06
7.94227071310161e-06
1.06257866718806e-05
9.66475090535823e-06
8.95307766768383e-06
7.84348412707914e-06
6.01099691266427e-06
3.26612371281954e-06
3.19896298606182e-06
3.15609895551461e-06
3.13186637868057e-06
3.09511938212381e-06
3.03963724945788e-06
2.98662439490727e-06
2.90318325824046e-06
2.89450076706999e-06
2.88271166937193e-06
2.86500244328636e-06
2.83548297375091e-06
2.81312691186031e-06
2.76846458291402e-06
2.75238289759727e-06
2.68839357886463e-06
2.65969083557138e-06
2.61622608377365e-06
2.55158147410839e-06
2.4462719920848e-06
2.38038774114102e-06
2.02864930543001e-06
1.99090823116421e-06
1.93312530427647e-06
1.84671296210581e-06
1.71462716025417e-06
1.52049949520006e-06
1.24135749501875e-06
1.2146306289651e-06
1.15591001303983e-06
1.09628331301792e-06
1.01056707535463e-06
8.85776671566418e-07
8.76432238783309e-07
8.62875026541587e-07
8.42659915178956e-07
8.12358337043406e-07
8.01003977812798e-07
7.84009500875982e-07
7.58545297685487e-07
7.41902852041676e-07
