0.0
0.00999999977648258
0.0125000001862645
0.0162499994039536
0.021874999627471
0.0222265627235174
0.0225781258195639
0.0229296870529652
0.0232812501490116
0.0236328132450581
0.0239843744784594
0.0243359375745058
0.0246875006705523
0.0247753914445639
0.0248632803559303
0.0249951165169477
0.0251269526779652
0.0251599121838808
0.0251928716897964
0.0252423100173473
0.0253164675086737
0.0254277046769857
0.0255389399826527
0.0256501771509647
0.0257614143192768
0.0258726496249437
0.0259838867932558
0.0260951239615679
0.0262619778513908
0.0263036917895079
0.0263141207396984
0.0263297632336617
0.0263532269746065
0.0263884235173464
0.026441216468811
0.0265204068273306
0.0265995990484953
0.0266787894070148
0.0267579797655344
0.0268371719866991
0.0269163623452187
0.0269955527037382
0.0270747430622578
0.0270945411175489
0.0271143391728401
0.0271341372281313
0.0271539352834225
0.0271737314760685
0.0271935295313597
0.027223227545619
0.0272677708417177
0.0273123160004616
0.0273568611592054
0.0274014063179493
0.0274459514766932
0.027490496635437
0.0275350399315357
0.0275795850902796
0.0275907218456268
0.0276018586009741
0.0276129934936762
0.0276157781481743
0.0276185628026724
0.027622738853097
0.0276290029287338
0.0276352670043707
0.0276415310800076
0.0276477951556444
0.0276540592312813
0.0276603233069181
0.027666587382555
0.0276728514581919
0.0276791155338287
0.0276853796094656
0.0276916436851025
0.0276979077607393
0.0277041718363762
0.0277104359120131
0.0277166999876499
0.0277229640632868
0.0277292281389236
0.0277354922145605
0.027737058699131
0.0277386251837015
0.027740191668272
0.0277425404638052
0.0277434214949608
0.0277443025261164
0.0277451816946268
0.0277465041726828
0.0277484860271215
0.0277504678815603
0.02775096334517
0.0277514588087797
0.0277522020041943
0.0277533177286386
0.0277549885213375
0.0277554076164961
0.0277558248490095
0.0277558248490095
