0.0
0.0
8.35586746461559e-08
1.26965787217159e-07
1.26965787217159e-07
1.26965787217159e-07
1.26965787217159e-07
1.52994672930618e-07
1.66690909964018e-07
1.735847092732e-07
1.735847092732e-07
1.735847092732e-07
1.735847092732e-07
1.735847092732e-07
1.735847092732e-07
1.735847092732e-07
1.735847092732e-07
1.735847092732e-07
1.84021672566814e-07
2.5386012225681e-07
3.09613085391902e-07
4.26584506385552e-07
5.89980970744364e-07
1.32728905555268e-06
2.78879997495096e-06
3.30355464939203e-06
4.1634516492195e-06
5.34009177499684e-06
6.30037538940087e-06
6.53787537885364e-06
6.87657438902534e-06
7.35438698029611e-06
7.53190442992491e-06
7.82313509262167e-06
8.27518761070678e-06
9.05655997485155e-06
9.38439552555792e-06
9.87344992608996e-06
1.06094830698567e-05
1.17389536171686e-05
1.4271268810262e-05
1.56051410158398e-05
1.77252168214181e-05
2.085569940391e-05
2.20154033740982e-05
2.37383865169249e-05
2.44598741119262e-05
2.57351039181231e-05
2.76923510682536e-05
2.84560737782158e-05
2.99279017781373e-05
3.21981970046181e-05
3.30724215018563e-05
3.35476688633207e-05
3.4271946788067e-05
3.4547545510577e-05
3.45736043527722e-05
3.45760126947425e-05
3.45769221894443e-05
3.45782937074546e-05
3.45788066624664e-05
3.45789230777882e-05
3.45789339917246e-05
3.45789339917246e-05
3.45789339917246e-05
3.45789339917246e-05
