0.0
2.62781640003595e-07
6.33679576367285e-07
6.23486585027422e-06
1.42470880746259e-05
2.91660744551336e-05
5.25189025211148e-05
7.74291911511682e-05
0.000106564053567126
0.0001354671549052
0.000163332209922373
0.000196751672774553
0.000243284943280742
0.000294080848107114
0.000343993393471465
0.00036505053867586
0.000387257518013939
0.000409976637456566
0.000411058397730812
0.000411859393352643
0.000412657769629732
0.000413847941672429
0.000415025890106335
0.000416193826822564
0.000417352886870503
0.00041907950071618
0.000421655451646075
0.000424223951995373
0.000426152168074623
0.000427608116297051
0.000429037754656747
0.000430442072683945
0.000431830994784832
0.000433208158938214
0.000435249734437093
0.000438265997217968
0.000442706746980548
0.000449145707534626
0.000458421069197357
0.000471412291517481
0.000490283069666475
0.000510065408889204
0.000528865319211036
0.000547649629879743
0.000566828588489443
0.000571758020669222
0.000576658407226205
0.000581634347327054
0.00058544147759676
0.000586174777708948
0.000586735550314188
0.000587287242524326
0.000587683927733451
0.00058810826158151
0.000588548136875033
0.000588997732847929
0.000589445466175675
0.000589883828070015
0.000590310723055154
0.000590937328524888
0.000591858115512878
0.000593227392528206
0.000594599463511258
0.000595972465816885
0.000597347156144679
0.00059940671781078
0.000602592364884913
0.000602745858486742
0.000602899643126875
0.000603054533712566
0.000603289983700961
0.000603527412749827
0.000603765714913607
0.000604003318585455
0.000604239059612155
0.000604472123086452
0.000604714790824801
0.000604965083766729
0.000605214911047369
0.000605460605584085
0.00060570245841518
0.000606055953539908
0.000606575922574848
0.000607343041338027
0.000608483329415321
0.00061018590349704
0.000612733303569257
0.000616573437582701
0.000622358347754925
0.00063110823975876
0.000632003589998931
0.000632880139164627
0.000633091607596725
0.000633408722933382
0.000633529503829777
0.000633708667010069
0.00063377630431205
0.000633877469226718
0.000633978983387351
0.000634080963209271
0.000634182768408209
0.0006342803244479
0.000634364900179207
0.00063438800862059
0.000634429161436856
0.000634434691164643
0.000634528987575322
0.000634646159596741
0.000634782307315618
0.000635016884189099
0.000635271426290274
0.000635536678601056
0.00063580903224647
0.000636223005130887
0.000636837503407151
0.000637723540421575
0.000638047989923507
0.000638530822470784
0.000638705911114812
0.00063887913711369
0.000639050442259759
0.00063921936089173
0.000639385427348316
0.000639547011815012
0.000639697653241456
0.000639819889329374
0.000639850739389658
0.000639721693005413
0.000639811856672168
0.000639937759842724
0.000640162848867476
0.000640532525721937
0.000641089980490506
0.000641889695543796
0.000642995291855186
0.000644552055746317
0.000646835716906935
0.000648525252472609
0.000649780558887869
0.000651698501314968
0.000653613649774343
0.000655537645798177
0.000656290038023144
0.000657044292893261
0.000657793949358165
0.000658912002108991
0.000659337849356234
0.000659967598039657
0.000660929945297539
0.000662330014165491
0.000662897131405771
0.000663448125123978
0.000663588056340814
0.000663727172650397
0.000663936778437346
0.000664145452901721
0.000664291612338275
0.000664388702716678
0.000664476479869336
0.000664551975205541
0.000664571183733642
0.000664638122543693
0.000664721592329443
0.000664867751765996
0.000665124272927642
0.000665406521875411
0.000665705010760576
0.00066601432627067
0.000666488136630505
0.000667195534333587
0.000667884713038802
0.000668574823066592
0.000669242988806218
0.000669920700602233
0.000670584733597934
0.000671268790028989
0.000671512098051608
0.000671888585202396
0.000672264024615288
0.000672642898280174
0.000673209608066827
0.000673786737024784
0.000673923059366643
0.000674063630867749
0.000674203271046281
0.000674410141073167
0.00067461165599525
0.000674804789014161
0.000674985116347671
0.000675144721753895
0.000675265211611986
0.00067529920488596
0.000675184594001621
0.000675070681609213
0.000675009039696306
0.000675053393933922
0.000675187679007649
0.00067537504946813
0.000675599731039256
0.00067598617170006
0.000676620751619339
0.000677275413181633
0.000677935837302357
0.000678591371979564
0.00067957432474941
0.000680545868817717
0.000681503384839743
0.000682915677316487
0.000685019593220204
0.000688141211867332
0.000692770176101476
0.000693831942044199
0.000694087066221982
0.000694468442816287
0.000695035560056567
0.00069585774326697
0.000696613045874983
0.000697323819622397
0.000697952811606228
0.000698394956998527
0.000698818708769977
0.000699438329320401
0.000700059346854687
0.000700692064128816
0.000701320881489664
0.000701983750332147
0.000702651683241129
0.00070333102485165
0.000704028294421732
0.000705113285221159
0.000705547805409878
0.000705983897205442
0.000706422491930425
0.000706864986568689
0.000707537808921188
0.000708549632690847
0.000710115826223046
0.000710738124325871
0.000711357686668634
0.000711979169864208
0.000712605484295636
0.000713556073606014
0.000714977504685521
0.000715531699825078
0.000716369017027318
0.000717197137419134
0.000718029157724231
0.000719298084732145
0.000720253447070718
0.000721207703463733
0.000722179072909057
0.000723139382898808
0.000724089273717254
0.000725048186723143
0.000725404417607933
0.00072593754157424
0.000726734520867467
0.000727906939573586
0.000728350365534425
0.000729012943338603
0.000729683437384665
0.000730352418031543
0.000731352309230715
0.000732858839910477
0.000735121720936149
0.000738538219593465
0.000743761833291501
0.000751889368984848
0.000765003147535026
0.000786227639764547
0.0008202099124901
0.000873334880452603
0.000947154185269028
0.00104409211780876
0.00115148606710136
0.00125769933219999
0.0013593299081549
0.00144850683864206
0.00152365223038942
0.00159013201482594
0.00164923444390297
0.00169974565505981
0.00173040654044598
0.00174922146834433
0.0017582643777132
0.00175717065576464
0.00174738897476345
0.00172787066549063
0.00169692060444504
0.00165663484949619
0.00160689232870936
0.0015475481050089
0.00147888239007443
0.00139988749288023
0.00131323584355414
0.00121736282017082
0.00111293105874211
0.00100131123326719
0.000881487561855465
0.00075384380761534
0.000618560356087983
0.000476475135656074
0.00032485558767803
0.000159078772412613
4.06728431698866e-05
4.04335914936382e-05
4.04516031267121e-05
4.04734128096607e-05
4.04842467105482e-05
4.04847887693904e-05
4.04604434152134e-05
4.04204947699327e-05
4.03642952733207e-05
4.03486665163655e-05
4.0342867578147e-05
4.0342867578147e-05
