0.0
1.61788224579945e-31
2.40268491324969e-06
8.11235440778546e-06
1.28217316159862e-05
2.94355431833537e-05
4.84344818687532e-05
8.02417707745917e-05
0.000120421951578464
0.000163976408657618
0.000209748759516515
0.000249904958764091
0.000287608127109706
0.000322895677527413
0.000363837403710932
0.000394762231735513
0.000424059166107327
0.000450930267106742
0.000485350465169176
0.000508377561345696
0.000529275217559189
0.000546222319826484
0.000563199399039149
0.00057806249242276
0.000589809089433402
0.000599806953687221
0.000606428715400398
0.00061150616966188
0.000615086290054023
0.000618332996964455
0.000616982404608279
0.000613927724771202
0.00061003165319562
0.000606501998845488
0.000597274105530232
0.000590761075727642
0.000579049286898226
0.000564576184842736
0.000551592092961073
0.00053569080773741
0.00051622255705297
0.00049850792856887
0.000477217603474855
0.000455205619800836
0.000432453962275758
0.000406356382882223
0.000382009369786829
0.00035250186920166
0.000325724278809503
0.000293666584184393
0.000263446156168357
0.000228883654926904
0.000192944120499305
0.00015751548926346
0.000120532022265252
8.19528213469312e-05
4.26262413384393e-05
8.09922403277596e-06
8.12830057839165e-06
8.15270595921902e-06
8.18079115560977e-06
8.20600780571112e-06
8.21777121018386e-06
8.2184615166625e-06
8.1583384599071e-06
8.09568064141786e-06
8.03953844297212e-06
7.96376480138861e-06
7.92852370068431e-06
7.95385403762339e-06
7.97009852249175e-06
8.00425186753273e-06
8.03812326921616e-06
8.0674390119384e-06
8.10727851785487e-06
8.13697897683596e-06
8.18086573417531e-06
8.21590219857171e-06
8.24161179480143e-06
8.25214465294266e-06
8.26507493911777e-06
8.19749038782902e-06
8.11011159385089e-06
8.03007696958957e-06
7.92592527432134e-06
7.83782525104471e-06
7.84921667218441e-06
7.85728934715735e-06
7.85228166932939e-06
7.88370562077034e-06
7.92376886238344e-06
7.93326125858584e-06
7.97217762738001e-06
8.01831993157975e-06
8.05600575404242e-06
8.0961153798853e-06
8.14794930192875e-06
8.19400429463712e-06
8.22949550638441e-06
8.26656923891278e-06
8.28605971037177e-06
