0.0
6.75239114555612e-19
1.31840585182313e-18
1.26731866020397e-18
1.29759905409255e-18
1.312702338102e-18
1.2591132353226e-18
1.22766630997517e-18
1.20336332998806e-18
1.22958495540599e-18
1.27923698866237e-18
1.29684900807211e-18
2.47145575116292e-08
1.2229527612817e-07
4.03354562195091e-07
6.23238861408026e-07
1.5902548966551e-06
3.07339769278769e-06
5.65930395168834e-06
9.96202561509563e-06
1.50023706737556e-05
2.29528559430037e-05
3.33169991790783e-05
4.85014134028461e-05
6.43780804239213e-05
8.56060505611822e-05
0.000134577319840901
0.000241246758378111
0.000389069959055632
0.000548251438885927
0.000707822560798377
0.000859606370795518
0.00100327306427062
0.00115123519208282
0.00128094479441643
0.0014004212571308
0.00151092326268554
0.00164082262199372
0.00173500168602914
0.00182190025225282
0.00190158071927726
0.00196847366169095
0.00202908180654049
0.00207928637973964
0.00211974163539708
0.00214955909177661
0.00217816466465592
0.00219721300527453
0.00220158346928656
0.00219657504931092
0.00219122436828911
0.00218214537017047
0.00216986075975001
0.00216258550062776
0.00214719329960644
0.00214301934465766
0.00212829746305943
0.00212365761399269
0.00210939976386726
0.00209671608172357
0.00209050695411861
0.00207744934596121
0.00207163207232952
0.00205818959511817
0.00205275090411305
0.00203280802816153
0.00203032675199211
0.00201793457381427
0.00200787489302456
0.0020045880228281
0.00198544026352465
0.00198057340458035
0.00196287618018687
0.00196282099932432
0.00194249593187124
0.0019403180340305
0.00192696147132665
0.00191780703607947
0.00190602545626462
0.00189120846334845
0.00189122790470719
0.00187348946928978
0.00186462991405278
0.00186464248690754
0.00184185360558331
0.00183803052641451
0.00182205601595342
0.00181092810817063
0.00181092519778758
0.0017887104768306
0.00178379332646728
0.00178287853486836
0.00175769138149917
0.00175663141999394
0.00173958204686642
0.00172453618142754
0.0017245311755687
0.001718282350339
0.00169244012795389
0.00169242825359106
0.00169209076557308
