0.0
6.39492782283924e-06
3.34519718308002e-05
8.62081942614168e-05
0.000161782081704587
0.000258526735706255
0.000376392068574205
0.000523134542163461
0.000706439313944429
0.00092314655194059
0.00116172654088587
0.00122276111505926
0.0012828332837671
0.00137110042851418
0.0015005775494501
0.00168779771775007
0.00189475505612791
0.00208378280512989
0.00225606909953058
0.00241248495876789
0.002551328856498
0.0026715942658484
0.00277369399555027
0.00285718753002584
0.00292088952846825
0.00296386540867388
0.00298475474119186
0.00298616220243275
0.00298619293607771
0.00298619456589222
0.00298619642853737
0.0029861971270293
0.0029861971270293
0.00298619735985994
0.00298619759269059
0.00298619759269059
0.00298619759269059
0.00298619759269059
0.00298619782552123
0.00298619782552123
0.00298619782552123
0.00298619782552123
0.00298619782552123
0.00298619782552123
0.00298619782552123
0.00298619782552123
0.00298619782552123
0.00298619782552123
0.00298619782552123
0.00298619782552123
0.00298619782552123
0.00298619782552123
0.00298619782552123
0.00298619805835187
0.00298619805835187
0.00298619829118252
0.00298619852401316
0.00298619875684381
0.00298619922250509
0.00298619992099702
0.0029862008523196
0.00298620224930346
0.00298620364628732
0.00298620527610183
0.00298620667308569
0.00298620807006955
0.00298620946705341
0.00298621086403728
0.00298621226102114
0.002986213658005
0.0029862152878195
0.00298621691763401
0.00298621831461787
0.00298621994443238
0.00298622157424688
0.00298622320406139
0.00298622483387589
0.00298622669652104
0.00298622832633555
0.0029862301889807
0.00298623205162585
0.002986233914271
0.00298623600974679
0.00298623787239194
0.00298623996786773
0.00298624183051288
0.00298624392598867
0.00298624602146447
0.00298624788410962
0.00298624997958541
0.00298625184223056
0.00298625370487571
0.00298625556752086
0.00298625766299665
0.0029862595256418
0.00298626162111759
0.00298626348376274
0.00298626557923853
0.00298626767471433
0.00298626977019012
0.00298627186566591
0.00298627372831106
0.00298627582378685
0.00298627791926265
0.0029862797819078
0.00298628187738359
0.00298628397285938
0.00298628583550453
0.00298628793098032
0.00298628979362547
0.00298629142343998
0.00298629328608513
0.00298629491589963
0.0029862963128835
0.00298629770986736
0.00298629887402058
0.00298630003817379
0.00298630120232701
0.00298630236648023
0.00298630329780281
0.00298630399629474
0.00298630492761731
0.00298630562610924
0.00298630632460117
0.0029863070230931
0.00298630772158504
0.00298630818724632
0.00298630888573825
0.00298630935139954
0.00298630981706083
0.00298631028272212
0.0029863107483834
0.00298631098121405
0.00298631144687533
0.00298631167970598
0.00298631167970598
