0.0
-5.10595550607441e-33
-4.50589794809275e-07
-1.7760592072591e-06
-4.82542827739962e-06
-5.63680077902973e-06
-6.46837179374415e-06
-7.41791927794111e-06
-8.31387023936259e-06
-1.06229490484111e-05
-1.29431373352418e-05
-1.5099782103789e-05
-1.65709643624723e-05
-2.15121617657132e-05
-2.85795449599391e-05
-4.09946260333527e-05
-5.69491530768573e-05
-8.88159702299163e-05
-0.000183940937859006
-0.000324086693581194
-0.000481215538457036
-0.000633138348348439
-0.000772290455643088
-0.000892713200300932
-0.00101508619263768
-0.00112847983837128
-0.00122711854055524
-0.00131936208344996
-0.00139736174605787
-0.00145632366184145
-0.0015030896756798
-0.00154128496069461
-0.0015678855124861
-0.00158336001913995
-0.00158754852600396
-0.0015879524871707
-0.00158805202227086
-0.00158808287233114
-0.00158825679682195
-0.00158823071978986
-0.00158825889229774
-0.00158829952124506
-0.00158838951028883
-0.00158850173465908
-0.00158854410983622
-0.00158862222451717
-0.00158865517005324
-0.00158865074627101
-0.00158866413403302
-0.00158862490206957
-0.00158877845387906
-0.00158873677719384
-0.0015887413173914
-0.00158875458873808
-0.00158883328549564
-0.00158906006254256
-0.00158911792095751
-0.00158920709509403
-0.00158928649034351
-0.00158934853971004
-0.00158943270798773
-0.00158945226576179
-0.00158940930850804
-0.00158936192747205
-0.00158931768964976
-0.00158925319556147
-0.00158927799202502
-0.00158931373152882
-0.00158936099614948
-0.00158961000852287
-0.00158972782082856
-0.00158975133672357
-0.00158983061555773
-0.00158984714653343
-0.00158988067414612
-0.00158992526121438
-0.0015899712452665
-0.00158994970843196
-0.00158999697305262
-0.00158999639097601
-0.00158998474944383
-0.00158996146637946
-0.00159000349231064
-0.00159007718320936
-0.00159015203826129
-0.00159021781291813
-0.00159044750034809
-0.00159051863010973
-0.00159058417193592
-0.00159066170454025
-0.00159072503447533
-0.00159075111150742
-0.00159078789874911
-0.00159081758465618
-0.00159079709555954
-0.00159083097241819
-0.00159087986685336
-0.00159092142712325
-0.00159096636343747
-0.0015909771900624
-0.00159094051923603
-0.00159082422032952
-0.00159081001766026
-0.00159080396406353
-0.00159079732839018
-0.00159079232253134
-0.00159078801516443
-0.00159076612908393
-0.00159069569781423
-0.00159064226318151
-0.00159068964421749
-0.00159071572124958
