0
0.176243
0.832524
1.672735
2.302046
2.639266
3.482052
3.73686
4.00536
4.24456
4.459937
4.643241
4.804199
4.957519
5.101866
5.136808
5.170862
5.183362
5.20189
5.24641
5.296093
5.34531
5.394858
5.407258
5.419333
5.428087
5.436578
5.445138
5.453818
5.462884
5.472038
5.481205
5.490362
5.504067
5.524834
5.557458
5.606115
5.678897
5.787195
5.891495
5.993012
6.092069
6.235899
6.429652
6.687533
6.917296
7.084121
7.242778
7.461686
7.784709
8.297449
9.123269
9.271771
9.464414
9.532071
9.592288
9.528094
9.331369
9.036245
8.779138
8.30721
7.680393
7.036456
6.431223
5.917836
5.216527
4.49335
3.796258
3.132684
2.361759
1.578447
0.769395
0.003375
-2e-06
-2e-06
