-0.0
2.92450327607944e-16
-1.34331230583484e-07
-1.61727598424477e-07
-1.46145339385839e-07
-7.48227648728061e-08
1.02402736956719e-07
3.47281456924975e-08
5.09718120156322e-07
1.47061928146286e-06
1.88883859664202e-06
2.282243258378e-06
2.61805598711362e-06
2.39154542214237e-06
2.20655965676997e-06
2.27861346502323e-06
1.77194124262314e-06
1.38089126267005e-06
2.36553569266107e-06
2.6567231543595e-06
1.27617386169732e-06
1.49361221701838e-06
9.72537236521021e-07
-2.18886270886287e-07
-2.24094219447579e-06
-2.5540775823174e-06
-1.79082780960016e-06
-2.23927781917155e-06
-1.85531280294526e-06
-1.93712003238034e-06
-1.69611666933633e-06
-1.65732126333751e-06
-1.96494875126518e-06
-2.04369462153409e-06
-1.78971276909579e-06
-1.84254895430058e-06
-2.24438826990081e-06
-3.11403528030496e-06
-1.89991351362551e-06
-3.11909843730973e-07
-2.74408819223027e-07
-2.7406383651396e-07
-2.74091007668176e-07
-2.74188721505197e-07
-2.74412002454483e-07
-2.74633862318296e-07
-2.74902447472414e-07
-2.75270679139794e-07
-2.75582465292246e-07
-2.75980198694015e-07
-2.76834384749236e-07
-2.77679305327183e-07
-2.52315260240721e-07
-2.35842207985115e-07
-2.24410428018018e-07
-2.96608959615696e-09
2.07268158192164e-07
5.57279690838186e-07
4.74719911380816e-07
8.13102928987064e-07
7.26384939753189e-07
5.06010053413775e-07
1.00924637536082e-07
-1.23169854759908e-07
-2.48380104039825e-07
3.73716488866194e-07
1.48302228808461e-06
7.31620275473688e-08
2.44944658334134e-07
-2.15159957406286e-07
-5.29563521922682e-08
-4.33209038419591e-07
-2.42126930061204e-07
-9.02844021766214e-09
1.62501578415686e-07
8.70491021487396e-08
-5.3402004596137e-08
-5.69893927604426e-08
-4.39128712059755e-07
-3.43478632203187e-07
-6.43387238596915e-07
-5.45888497072156e-07
-4.92897811454895e-07
-4.82694531456218e-07
-4.43176304543158e-08
-1.45861349665211e-07
8.88620661498862e-08
1.08281938082655e-07
1.20475988296675e-07
-1.59894852913567e-07
-4.23166966356803e-07
-5.06416995449399e-07
-3.94896346733731e-07
-4.25951157012605e-07
-4.23151504946873e-07
-3.05686853607767e-07
-2.80608219327405e-07
-2.79936784863821e-08
-7.6725882536266e-08
1.87300315701577e-07
8.34813818073599e-08
-1.36291532726318e-07
-2.89830381916545e-07
-1.71755800693063e-08
-4.19988396060944e-07
-2.55294480666635e-07
-1.72399836628756e-07
-2.3828499706724e-07
-3.08452172248508e-07
-2.18113541450293e-07
-1.12398538476555e-07
-1.13342025542806e-07
9.05788510863204e-09
1.36769926939451e-07
1.53315340867266e-07
-5.09223809785908e-08
-1.91995127352129e-07
-4.90612137582502e-08
-1.7747424863046e-08
2.78266725217691e-08
-3.81534960069985e-07
-2.5125893898803e-07
-7.6511469160323e-08
-1.29444856611372e-07
-3.10807308778749e-08
3.8131815927045e-08
-9.67129381024279e-08
-3.63313574780477e-08
2.29755869440851e-07
1.59445789904566e-07
1.06441802927293e-07
-8.92441676114686e-09
-9.49702325669932e-08
-1.8895480025094e-07
-3.89782144338824e-08
-1.26120994536905e-07
-4.96659140480915e-08
-9.17714260140201e-09
4.01167881136644e-08
-2.48338778874313e-07
-8.59648707773886e-08
-9.58879127210821e-08
-1.62965761774103e-07
-1.06904622043658e-07
-7.30664169168449e-08
-2.12877012017998e-07
-8.59143938214402e-08
-4.48081891590846e-08
6.22013658357901e-08
-1.0882956757996e-07
