0.0
-5.89218534704692e-19
7.18202363714227e-06
2.80801177723333e-05
5.64706424484029e-05
8.87303685885854e-05
0.000130496147903614
0.000143244120408781
0.000157321032020263
0.000172719126567245
0.000189383586985059
0.000207230943487957
0.000226156029384583
0.000246061797952279
0.000277596642263234
0.000328570633428171
0.000333575735567138
0.000338616780936718
0.000342420738888904
0.000343375053489581
0.000343554158462211
0.000343733292538673
0.000343778083333746
0.000343822903232649
0.000343825697200373
0.000343828491168097
0.000343831285135821
0.000343831983627751
0.000343832711223513
0.000343833409715444
0.000343833671649918
0.000343833758961409
0.000343833904480562
0.000343833962688223
0.000343834049999714
0.000343834079103544
0.000343834079103544
0.000343834108207375
0.000343834137311205
0.000343834137311205
0.000343834166415036
0.000343834224622697
0.000343834224622697
0.000343834253726527
0.000343834282830358
0.000343834341038018
0.000343834399245679
0.00034383442834951
0.00034383445745334
0.000343834486557171
0.000343834515661001
0.000343834544764832
0.000343834573868662
0.000343834632076323
0.000343834632076323
0.000343834661180153
0.000343834719387814
0.000343834719387814
0.000343834748491645
0.000343834777595475
0.000343834806699306
0.000343834835803136
0.000343834894010797
0.000343834923114628
0.000343834952218458
0.000343834981322289
0.000343835010426119
0.000343835039529949
0.00034383506863378
0.00034383509773761
0.000343835126841441
0.000343835185049102
0.000343835272360593
0.000343835301464424
0.000343835301464424
0.000343835330568254
0.000343835388775915
0.000343835417879745
0.000343835417879745
0.000343835476087406
0.000343835476087406
0.000343835505191237
0.000343835534295067
0.000343835563398898
0.000343835563398898
0.000343835592502728
0.000343835650710389
0.00034383570891805
0.00034383570891805
0.000343835767125711
0.000343835796229541
0.000343835825333372
0.000343835854437202
0.000343835912644863
0.000343835912644863
0.000343835941748694
0.000343835970852524
0.000343835999956354
0.000343835999956354
0.000343836058164015
0.000343836087267846
0.000343836145475507
0.000343836174579337
0.000343836203683168
0.000343836232786998
0.000343836232786998
0.000343836261890829
0.00034383632009849
0.00034383632009849
0.00034383634920232
0.000343836407409981
0.000343836465617642
0.000343836465617642
0.000343836465617642
0.000343836494721472
0.000343836523825303
0.000343836582032964
0.000343836611136794
0.000343836611136794
0.000343836669344455
0.000343836669344455
0.000343836698448285
0.000343836727552116
0.000343836785759777
0.000343836843967438
0.000343836843967438
0.000343836873071268
0.000343836873071268
0.000343836902175099
0.00034383696038276
0.00034383696038276
0.00034383698948659
0.00034383701859042
0.000343837047694251
0.000343837076798081
0.000343837105901912
0.000343837135005742
0.000343837193213403
0.000343837222317234
0.000343837251421064
0.000343837309628725
0.000343837309628725
0.000343837338732556
0.000343837396940216
0.000343837426044047
0.000343837426044047
0.000343837484251708
0.000343837513355538
0.000343837571563199
0.00034383760066703
0.00034383760066703
0.00034383762977086
0.000343837658874691
0.000343837717082351
0.000343837717082351
0.000343837746186182
0.000343837804393843
0.000343837804393843
0.000343837833497673
0.000343837862601504
0.000343837891705334
0.000343837920809165
0.000343837979016826
0.000343837979016826
0.000343838008120656
0.000343838066328317
0.000343838124535978
0.000343838182743639
0.000343838211847469
0.000343838211847469
0.0003438382409513
0.00034383827005513
0.000343838299158961
0.000343838299158961
0.000343838328262791
0.000343838386470452
0.000343838444678113
0.000343838561093435
0.000343838590197265
0.000343838590197265
0.000343838619301096
0.000343838648404926
0.000343838706612587
0.000343838764820248
0.000343838764820248
0.000343838764820248
0.000343838793924078
0.000343838823027909
0.000343838852131739
0.0003438389103394
0.000343838939443231
0.000343838968547061
0.000343839026754722
0.000343839055858552
0.000343839084962383
0.000343839114066213
0.000343839172273874
0.000343839201377705
0.000343839201377705
0.000343839230481535
0.000343839288689196
0.000343839317793027
0.000343839346896857
0.000343839376000687
0.000343839434208348
0.000343839492416009
0.00034383952151984
0.00034383952151984
0.00034383955062367
0.000343839579727501
0.000343839608831331
0.000343839637935162
0.000343839667038992
0.000343839696142823
0.000343839725246653
0.000343839754350483
0.000343839783454314
0.000343839812558144
0.000343839841661975
0.000343839870765805
0.000343839899869636
0.000343839928973466
0.000343839987181127
0.000343840016284958
0.000343840045388788
0.000343840074492618
0.00034384016180411
0.00034384016180411
0.00034384019090794
0.000343840220011771
0.000343840249115601
0.000343840249115601
0.000343840278219432
0.000343840307323262
0.000343840336427093
0.000343840336427093
0.000343840365530923
0.000343840394634753
0.000343840452842414
0.000343840481946245
0.000343840540153906
0.000343840540153906
0.000343840569257736
0.000343840598361567
0.000343840598361567
0.000343840627465397
0.000343840656569228
0.000343840685673058
0.000343840714776888
0.000343840743880719
0.000343840772984549
0.00034384080208838
0.00034384083119221
0.00034384083119221
0.000343840860296041
0.000343840889399871
0.000343840918503702
0.000343840947607532
0.000343841005815193
0.000343841005815193
0.000343841034919024
0.000343841093126684
0.000343841151334345
0.000343841151334345
0.000343841180438176
0.000343841180438176
0.000343841209542006
0.000343841267749667
0.000343841296853498
0.000343841325957328
0.000343841355061159
0.000343841384164989
0.000343841384164989
0.00034384144237265
0.00034384147147648
0.000343841500580311
0.000343841500580311
0.000343841529684141
0.000343841558787972
0.000343841587891802
0.000343841616995633
0.000343841646099463
0.000343841675203294
0.000343841733410954
0.000343841820722446
0.000343841849826276
0.000343841849826276
0.000343841878930107
0.000343841937137768
0.000343841966241598
0.000343841966241598
0.000343842024449259
0.00034384208265692
0.00034384208265692
0.00034384211176075
0.000343842140864581
0.000343842169968411
0.000343842199072242
0.000343842228176072
0.000343842257279903
0.000343842286383733
0.000343842315487564
0.000343842344591394
0.000343842373695225
0.000343842373695225
0.000343842402799055
0.000343842431902885
0.000343842490110546
0.000343842490110546
0.000343842519214377
0.000343842519214377
0.000343842548318207
0.000343842577422038
0.000343842606525868
0.000343842606525868
0.000343842664733529
0.00034384269383736
0.00034384275204502
0.00034384275204502
0.000343842781148851
0.000343842781148851
0.000343842810252681
0.000343842868460342
0.000343842868460342
0.000343842897564173
0.000343842926668003
0.000343842984875664
0.000343843043083325
0.000343843072187155
0.000343843072187155
0.000343843101290986
0.000343843130394816
0.000343843188602477
0.000343843217706308
0.000343843217706308
0.000343843275913969
0.00034384333412163
0.000343843392329291
0.000343843421433121
0.000343843421433121
0.000343843450536951
0.000343843479640782
0.000343843537848443
0.000343843566952273
0.000343843596056104
0.000343843625159934
0.000343843654263765
0.000343843654263765
0.000343843712471426
0.000343843770679086
0.000343843770679086
0.000343843799782917
0.000343843828886747
0.000343843828886747
0.000343843857990578
0.000343843916198239
0.000343843945302069
0.0003438439744059
0.000343844032613561
0.000343844149028882
0.000343844178132713
0.000343844207236543
0.000343844207236543
0.000343844236340374
0.000343844294548035
0.000343844323651865
0.000343844352755696
0.000343844381859526
0.000343844410963356
0.000343844469171017
0.000343844527378678
0.000343844556482509
0.000343844585586339
0.00034384461469017
0.000343844643794
0.000343844672897831
0.000343844702001661
0.000343844789313152
0.000343844789313152
0.000343844818416983
0.000343844847520813
0.000343844876624644
0.000343844934832305
0.000343844934832305
0.000343844963936135
0.000343845022143796
0.000343845051247627
0.000343845051247627
0.000343845109455287
0.000343845109455287
0.000343845138559118
0.000343845167662948
0.000343845196766779
0.000343845196766779
0.000343845225870609
0.00034384525497444
0.000343845342285931
0.000343845400493592
0.000343845400493592
0.000343845429597422
0.000343845429597422
0.000343845458701253
0.000343845487805083
0.000343845516908914
0.000343845546012744
0.000343845575116575
0.000343845604220405
0.000343845691531897
0.000343845720635727
0.000343845720635727
0.000343845749739558
0.000343845807947218
0.000343845807947218
0.000343845837051049
0.000343845866154879
0.00034384589525871
0.000343845953466371
0.000343845982570201
0.000343846011674032
0.000343846040777862
0.000343846098985523
0.000343846157193184
0.000343846157193184
0.000343846186297014
0.000343846215400845
0.000343846244504675
0.000343846273608506
0.000343846273608506
0.000343846302712336
0.000343846360919997
0.000343846390023828
0.000343846419127658
0.000343846448231488
0.000343846448231488
0.000343846477335319
0.000343846506439149
0.00034384656464681
0.000343846593750641
0.000343846622854471
0.000343846710165963
0.000343846826581284
0.000343847001204267
0.000343847263138741
0.000343847263138741
0.000343847292242572
0.000343847292242572
0.000343847321346402
0.000343847350450233
0.000343847379554063
0.000343847408657894
0.000343847466865554
0.000343847466865554
0.000343847495969385
0.000343847525073215
0.000343847583280876
0.000343847641488537
0.000343847670592368
0.000343847670592368
0.000343847699696198
0.000343847728800029
0.000343847787007689
0.000343847787007689
0.00034384781611152
0.000343847874319181
0.000343847874319181
0.000343847903423011
0.000343847932526842
0.000343847961630672
0.000343848019838333
0.000343848048942164
0.000343848136253655
0.000343848165357485
0.000343848165357485
0.000343848194461316
0.000343848252668977
0.000343848281772807
0.000343848281772807
0.000343848339980468
0.000343848339980468
0.000343848369084299
0.000343848398188129
0.00034384845639579
0.00034384848549962
0.000343848514603451
0.000343848514603451
0.000343848543707281
0.000343848543707281
0.000343848601914942
0.000343848601914942
0.000343848631018773
0.000343848660122603
0.000343848718330264
0.000343848805641755
0.000343848805641755
0.000343848834745586
0.000343848834745586
0.000343848863849416
0.000343848892953247
0.000343848951160908
0.000343848980264738
0.000343849038472399
