-0.0
2.38574671129754e-09
9.56583789957222e-09
1.38279574457556e-08
2.78684183285804e-07
2.19105913856765e-07
2.14540250453865e-07
2.39856944972416e-07
2.57783085544361e-07
4.60525370726828e-07
6.68962456984445e-07
5.31687874172349e-07
5.34255377715454e-07
5.44910108146723e-07
2.66968527284916e-07
1.7391903384123e-07
1.15333023131825e-07
-8.52014636620879e-09
-8.66602931637317e-08
-1.51449057739228e-07
-2.35075276577845e-07
-2.75558704743162e-07
-4.37696144217625e-07
4.86605131300166e-07
9.99240000965074e-07
-5.67979441257194e-07
-7.73492502048612e-07
-7.26675352780148e-07
-5.45165676157922e-07
-8.02931026555598e-07
-7.87069438956678e-07
-7.93894287198782e-07
-7.88837496656924e-07
-7.93748768046498e-07
-7.91776983533055e-07
-7.88735633250326e-07
-7.81255948822945e-07
-7.75653461460024e-07
-7.50391336623579e-07
-5.78613253310323e-07
-5.39534084964544e-07
-5.08174707647413e-07
-4.8075889935717e-07
-4.65093762613833e-07
-4.41810698248446e-07
-4.03473677579314e-07
-4.41199517808855e-07
-3.99391865357757e-07
-3.45513399224728e-07
-3.23925632983446e-07
-3.07565642287955e-07
-2.6915586204268e-07
-2.6158886612393e-07
-3.6555138649419e-07
-3.45517037203535e-07
-3.47132299793884e-07
-3.39663529302925e-07
-2.85370333585888e-07
-2.4584005586803e-07
-2.93210177915171e-07
-2.00816430151463e-07
-1.62894139066339e-07
-2.73576006293297e-07
-2.34496837947518e-07
-1.67041434906423e-07
-1.18663592729717e-07
-4.54063410870731e-07
-3.83428414352238e-07
-1.97038389160298e-07
-1.37479219119996e-07
-5.86896931054071e-08
-7.17071088729426e-07
2.13689418160357e-07
3.96670657210052e-07
3.95471943193115e-07
-7.74416548665613e-07
2.80502717941999e-07
5.13762643095106e-07
6.40373400528915e-07
-2.56386192631908e-06
1.13872738438658e-06
1.15495640784502e-06
1.32382774609141e-06
-3.8365487853298e-06
4.43176759290509e-07
4.89279045723379e-07
3.14194039674476e-07
1.48559774970636e-06
4.57317582913674e-07
4.66245182906277e-07
-3.18119782605208e-06
1.17731724458281e-06
1.12138422991848e-06
1.75666264112806e-06
9.14090378500987e-07
7.9058463597903e-07
1.31978049466852e-06
6.43798557575792e-07
-3.24232951243175e-06
8.75216755957808e-07
7.60329385229852e-07
-5.97954567638226e-07
1.0749217835837e-06
-2.97275619232096e-06
7.53943822928704e-07
8.07426658866461e-07
1.25581209431402e-07
6.02254658588208e-07
-2.74075591732981e-06
2.2878339223098e-07
4.82052200823091e-07
6.3907282310538e-07
5.67810729990015e-07
7.18586761649931e-07
5.37515461473959e-07
-3.14697444991907e-06
4.67931840830715e-07
-2.21671416511526e-06
3.68596374755725e-07
-1.00724219009862e-06
3.05292360280873e-07
2.51643996307394e-07
1.37791175802704e-07
3.95489223592449e-07
4.54340806754772e-07
2.59155513049336e-07
4.35494939665659e-07
2.67528548647533e-07
2.82972678178339e-07
2.13699422602076e-07
1.51021367855719e-07
1.13143869384658e-07
1.64339780894807e-07
