0.0
1.05623139762487e-31
3.12596489493444e-06
1.43404704431305e-05
3.17484045808669e-05
3.93009213439655e-05
5.29315839230549e-05
6.96105998940766e-05
8.93663891474716e-05
0.000111229848698713
0.000135133421281353
0.00016251606575679
0.000192589257494546
0.000225424490054138
0.000279514584690332
0.00037196624907665
0.000500344322063029
0.000535613391548395
0.00059176079230383
0.000680886150803417
0.000773013802245259
0.000866146525368094
0.00100543757434934
0.00104618130717427
0.00110794720239937
0.00120529800187796
0.00123753142543137
0.00128412549383938
0.00135390728246421
0.00145598547533154
0.00159310316666961
0.00174139451701194
0.00187528354581445
0.00200050626881421
0.0021213423460722
0.0022680414840579
0.00238040741533041
0.00248771207407117
0.00258956057950854
0.00268611405044794
0.00277743581682444
0.00286370050162077
0.00294189993292093
0.00301969307474792
0.00309971161186695
0.00316455867141485
0.0032237486448139
0.00327900098636746
0.00334109691902995
0.00339286681264639
0.00343076116405427
0.00346694933250546
0.00351708731614053
0.00354113546200097
0.00356104713864625
0.00360157247632742
0.00361459702253342
0.00362510280683637
0.00365055561996996
0.0036482997238636
0.00366096012294292
0.00365990772843361
0.00365145085379481
0.00365704204887152
0.00363218225538731
0.00363462488166988
0.00360824377276003
0.00358842872083187
0.00357324350625277
0.00353344925679266
0.00353047880344093
0.00351108284667134
0.0034879466984421
0.00348778394982219
0.00344543112441897
0.00344307441264391
0.00340258446522057
0.00340248993597925
0.00335987727157772
0.00335952080786228
0.0033284502569586
0.00331657659262419
0.00328939990140498
0.0032659072894603
0.00326588423922658
0.00321869971230626
0.00321526848711073
0.00321529735811055
0.00316470419056714
0.00316470256075263
0.00311907427385449
0.00311435549519956
0.00311426795087755
0.00306368689052761
0.00306367524899542
0.00305646564811468
0.0030129412189126
0.00301287951879203
0.00295495800673962
0.0029529370367527
0.00295290979556739
0.00290925288572907
0.00289301737211645
0.0028930245898664
0.00287902122363448
0.00283310445956886
0.00283307651989162
0.00278577650897205
0.00277346256189048
0.00277351774275303
0.00275408639572561
0.00271392939612269
0.00271399528719485
0.00271318596787751
0.00268873013556004
