0.0
0.00120000005699694
0.00240000011399388
0.00359999993816018
0.00480000022798777
0.00600000005215406
0.00719999987632036
0.00839999970048666
0.00960000045597553
0.0108000002801418
0.0120000001043081
0.0131999999284744
0.0143999997526407
0.015599999576807
0.0159000009298325
0.0162000004202127
0.016312500461936
0.0164812505245209
0.0165445320308208
0.0166394524276257
0.016663184389472
0.0166869144886732
0.016722509637475
0.0167759042233229
0.0168559942394495
0.0169761292636395
0.0171563327312469
0.0174266379326582
0.0178320948034525
0.0182375516742468
0.0186430085450411
0.0192511957138777
0.0201634746044874
0.0213634744286537
0.02256347425282
0.0237634740769863
0.0249634739011526
0.0261634737253189
0.0273634735494852
0.0285634733736515
0.0297634731978178
0.0309634748846292
0.0321634747087955
0.0333634726703167
0.0345634743571281
0.0357634723186493
0.0369634740054607
0.0381634756922722
0.0393634736537933
0.0405634753406048
0.0417634733021259
0.0429634749889374
0.0441634729504585
0.04536347463727
0.0465634725987911
0.0477634742856026
0.0489634722471237
0.0501634739339352
0.0513634756207466
0.0525634735822678
0.0537634752690792
0.0549634732306004
0.0561634749174118
0.057363472878933
0.0585634745657444
0.0597634725272655
0.060063473880291
0.060513474047184
0.0611884742975235
0.0622009746730328
0.0634009763598442
0.0646009743213654
0.0658009722828865
0.0670009776949883
0.0682009756565094
0.0685009732842445
0.0686134770512581
0.0687822252511978
0.0687822252511978
