0
0.00189576530829072
0.00589121552184224
0.0125082451850176
0.0138054806739092
0.0147428475320339
0.0149131314828992
0.0162778496742249
0.0243777018040419
0.0378226265311241
0.0454979240894318
0.0606154352426529
0.0664724633097649
0.0704386085271835
0.0732734575867653
0.0794415324926376
0.086861215531826
0.0923969969153404
0.102276861667633
0.116888664662838
0.128429606556892
0.136899352073669
0.140097409486771
0.140146389603615
0.139723986387253
0.139384016394615
0.138322040438652
0.136232182383537
0.135211676359177
0.132418602705002
0.131100386381149
0.127958759665489
0.125604823231697
0.122896745800972
0.120386458933353
0.117712683975697
0.114474266767502
0.111439928412437
0.108959712088108
0.106587171554565
0.104111865162849
0.101395390927792
0.0987184196710587
0.0958718806505203
0.0931264385581017
0.0908602401614189
0.0885430872440338
0.0861044004559517
0.0836233198642731
0.0811435878276825
0.0785522758960724
0.0760113075375557
0.0738602876663208
0.0717964321374893
0.0695157498121262
0.0671705082058907
0.0647856816649437
0.0623118244111538
0.0598628483712673
0.0576792545616627
0.0558420121669769
0.0540448427200317
0.0519716888666153
0.0500176250934601
0.04794991761446
0.0458312071859837
0.0436575524508953
0.0416397526860237
0.0396496839821339
0.0377752259373665
0.0360026583075523
0.0343700349330902
0.0326083414256573
0.0307393372058868
0.0288251675665379
0.0269677098840475
0.0249276496469975
0.0230310056358576
0.0214756857603788
0.0199433676898479
0.0183321703225374
0.0167107339948416
0.0151597848162055
0.013599906116724
0.0120240394026041
0.0103230495005846
0.00861562229692936
0.00691863289102912
0.00704417191445827
0.00717315915971994
0.00728288991376758
0.00740280468016863
0.00738966837525368
0.00735579617321491
0.0072497776709497
0.00716242380440235
0.00691750552505255
0.00689310347661376
0.00676786946132779
0.00674927840009332
0.00689477194100618
0.00702837016433477
0.00714047392830253
0.00719547457993031
0.00722306687384844
0.0072671459056437
0.00732579920440912
0.00738635798916221
0.00745936529710889
0.00755171570926905
0.00759440427646041
0.00746528524905443
0.00730478065088391
0.00709317158907652
0.00691032595932484
0.0068415692076087
0.0066967299208045
0.0066247945651412
