0.0
-6.80147759406867e-19
3.68794417227036e-07
4.84935753775062e-06
7.16571594239213e-06
1.1356474715285e-05
1.94705789908767e-05
3.81092395400628e-05
6.69237124384381e-05
7.58284513722174e-05
8.523887663614e-05
9.50763133005239e-05
0.000105267790786456
0.00011575502139749
0.000126906699733809
0.000138892661198042
0.000151538231875747
0.000172519517946057
0.000207908306038007
0.000246204726863652
0.000286946888081729
0.000331351853674278
0.000349353445926681
0.000378021795768291
0.00038926542038098
0.000406516832299531
0.00041309223161079
0.000415571412304416
0.000419303134549409
0.000419303134549409
