0.0
8.87044482311694e-09
5.82060181386623e-07
2.88184514829481e-06
6.99727434039232e-06
1.2435323696991e-05
1.47676137203234e-05
1.82487365236739e-05
2.37438416661462e-05
2.84589204966323e-05
3.01503532682545e-05
3.15963952743914e-05
3.31887604261283e-05
3.4915421565529e-05
3.67571083188523e-05
3.87014624720905e-05
3.96045652450994e-05
3.96112518501468e-05
3.96175855712499e-05
3.96238683606498e-05
3.96301547880284e-05
3.96396208088845e-05
3.96538052882534e-05
3.96753093809821e-05
3.96793802792672e-05
3.96834657294676e-05
3.9687569369562e-05
3.96916730096564e-05
3.96957766497508e-05
3.96998693759087e-05
3.97039329982363e-05
3.97079347749241e-05
3.971182013629e-05
3.97154290112667e-05
3.97182593587786e-05
3.97190415242221e-05
3.97151743527502e-05
3.97025942220353e-05
3.96904324588832e-05
3.96709983760957e-05
3.96339601138607e-05
3.96087307308335e-05
3.95832648791838e-05
3.95484203181695e-05
3.95270471926779e-05
3.95101524190977e-05
3.94958697143011e-05
3.95033312088344e-05
3.95241986552719e-05
3.9551730878884e-05
3.95807510358281e-05
3.96110808651429e-05
3.96417381125502e-05
3.9687569369562e-05
3.97568073822185e-05
3.98622032662388e-05
4.00222670577932e-05
4.02449404646177e-05
4.04917627747636e-05
4.08431369578466e-05
4.11350811191369e-05
4.13895832025446e-05
4.16592411056627e-05
4.19430834881496e-05
4.23612291342579e-05
4.25513353548013e-05
4.25816906499676e-05
4.26046462962404e-05
4.26256556238513e-05
4.26468614023179e-05
4.26665246777702e-05
4.26867300120648e-05
4.27118175139185e-05
4.27385639341082e-05
4.27654740633443e-05
4.27925078838598e-05
4.28328385169152e-05
4.28922903665807e-05
4.29711362812668e-05
4.30455984314904e-05
4.31187181675341e-05
4.31936787208542e-05
4.32679698860738e-05
4.33394343417604e-05
4.34397516073659e-05
4.35953006672207e-05
4.38939532614313e-05
4.45441546617076e-05
4.47270103904884e-05
4.49159197160043e-05
4.4920168875251e-05
4.49246217613108e-05
4.49291401309893e-05
4.49360777565744e-05
4.49431317974813e-05
4.49502986157313e-05
4.49576436949428e-05
4.49651852250099e-05
4.49729050160386e-05
4.49807776021771e-05
4.49884537374601e-05
4.49945582658984e-05
4.4995584175922e-05
4.49889630544931e-05
4.49776780442335e-05
4.4968503061682e-05
4.49609069619328e-05
4.49508115707431e-05
4.49391445727088e-05
4.49441577075049e-05
4.49604704044759e-05
4.49833605671301e-05
4.5009426685283e-05
4.50371808256023e-05
4.50660372735001e-05
4.51095875177998e-05
4.51720188721083e-05
4.52593340014573e-05
4.53795473731589e-05
4.55421213700902e-05
4.57662317785434e-05
4.59263246739283e-05
4.60443443444092e-05
4.61618838016875e-05
4.62786410935223e-05
4.64535405626521e-05
4.67206155008171e-05
4.7132092731772e-05
4.75432752864435e-05
4.79436203022487e-05
4.83294752484653e-05
4.87204561068211e-05
4.91071878059302e-05
4.96609063702635e-05
5.01689064549282e-05
5.06243522977456e-05
5.10530589963309e-05
5.14567291247658e-05
5.17948428750969e-05
5.21801521244925e-05
5.2505169151118e-05
5.26766998518724e-05
5.2785992011195e-05
5.26650474057533e-05
5.27120027982164e-05
5.27871343365405e-05
5.28086529811844e-05
5.28221607964952e-05
5.28100426890887e-05
5.27973861608189e-05
5.27801748830825e-05
5.275755393086e-05
5.27212068845984e-05
5.26654730492737e-05
5.25850227859337e-05
5.24629249412101e-05
5.23042835993692e-05
5.20966095791664e-05
5.18192973686382e-05
5.14195780851878e-05
5.09105193486903e-05
5.06058968312573e-05
5.01087997690775e-05
4.90060228912625e-05
4.79052141599823e-05
4.68610960524529e-05
4.60922783531714e-05
4.54067376267631e-05
4.46184567408636e-05
4.36479458585382e-05
4.28266794187948e-05
4.2067636968568e-05
4.1048631828744e-05
3.94768321712036e-05
3.78475160687231e-05
3.61049060302321e-05
3.40060760208871e-05
3.13672644551843e-05
2.83709960058331e-05
2.50761931965826e-05
2.1956493583275e-05
1.90947812370723e-05
1.6529593267478e-05
1.4174249372445e-05
1.20022878036252e-05
9.99892381514655e-06
8.13339920568978e-06
6.40537018625764e-06
4.83744088342064e-06
3.28291480400367e-06
1.67783628057805e-06
9.24066299035076e-08
7.13576611133249e-08
7.10635461587117e-08
7.11685785859117e-08
7.12066920982579e-08
7.13474648250667e-08
7.14274435154039e-08
7.14602137463771e-08
7.16165047265349e-08
7.45346255826007e-08
7.70312524878136e-08
7.92795518123057e-08
7.92789691672624e-08
7.92786565284587e-08
7.92781804648257e-08
7.92780028291418e-08
7.92780454617059e-08
7.92780596725606e-08
7.92780809888427e-08
7.92781165159795e-08
7.92781307268342e-08
7.92781520431163e-08
7.92781804648257e-08
7.92781875702531e-08
7.92782088865351e-08
7.92782302028172e-08
7.9278265729954e-08
7.92782799408087e-08
7.92783012570908e-08
7.92783367842276e-08
7.92783438896549e-08
7.9278365205937e-08
7.92783936276464e-08
7.92784291547832e-08
7.92784433656379e-08
7.927846468192e-08
7.92785002090568e-08
7.92785144199115e-08
7.92785286307662e-08
7.92785570524757e-08
7.92785712633304e-08
7.92785854741851e-08
7.92786138958945e-08
7.92786494230313e-08
7.92786565284587e-08
7.92786778447407e-08
7.92787133718775e-08
7.92787204773049e-08
7.9278741793587e-08
7.9278763109869e-08
7.92787986370058e-08
7.92788128478605e-08
7.92788341641426e-08
7.92788696912794e-08
7.92788839021341e-08
7.92788981129888e-08
7.92789265346983e-08
7.92789691672624e-08
7.92789833781171e-08
7.92790046943992e-08
7.9279040221536e-08
7.92790544323907e-08
7.92790757486728e-08
7.92791041703822e-08
7.92791112758096e-08
7.92791254866643e-08
7.92791539083737e-08
7.92791894355105e-08
7.92792036463652e-08
7.92792249626473e-08
7.92792533843567e-08
7.92792675952114e-08
7.92792818060661e-08
7.92793102277756e-08
7.92793528603397e-08
7.92793670711944e-08
7.92793883874765e-08
7.92794168091859e-08
7.92794310200406e-08
7.92794523363227e-08
7.92794807580322e-08
7.92795162851689e-08
7.9279537601451e-08
7.92795589177331e-08
7.92795944448699e-08
7.92796086557246e-08
7.92796299720067e-08
7.92796583937161e-08
7.92796654991434e-08
7.92796868154255e-08
7.92797081317076e-08
7.92797507642717e-08
7.92797649751265e-08
7.92797862914085e-08
7.9279814713118e-08
7.92798289239727e-08
7.92798431348274e-08
7.92798715565368e-08
7.9279914189101e-08
7.92799283999557e-08
7.92799497162378e-08
7.92799852433745e-08
7.92799923488019e-08
7.9280013665084e-08
7.92800420867934e-08
7.92800562976481e-08
7.92800705085028e-08
7.92800918247849e-08
7.92801273519217e-08
7.92801415627764e-08
7.92801628790585e-08
7.92801913007679e-08
7.92802055116226e-08
7.92802197224773e-08
7.92802481441868e-08
7.92802907767509e-08
7.92803049876056e-08
7.92803263038877e-08
7.92803547255971e-08
7.92803689364519e-08
7.92803902527339e-08
7.9280411569016e-08
7.92804542015801e-08
7.92804684124349e-08
7.92804968341443e-08
7.92805323612811e-08
7.92805394667084e-08
7.92805607829905e-08
7.92805892046999e-08
7.92806034155547e-08
7.92806176264094e-08
7.92806460481188e-08
7.92806815752556e-08
7.92806957861103e-08
7.92807171023924e-08
7.92807455241018e-08
7.92807597349565e-08
7.92807739458112e-08
7.92808023675207e-08
7.92808450000848e-08
7.92808592109395e-08
7.92808805272216e-08
7.9280908948931e-08
7.92809231597857e-08
7.92809444760678e-08
7.92809728977772e-08
7.92809800032046e-08
7.92810013194867e-08
7.92810226357687e-08
7.92810581629055e-08
7.92810723737603e-08
7.92810936900423e-08
7.92811221117518e-08
7.92811292171791e-08
7.92811505334612e-08
7.92811718497433e-08
7.92812144823074e-08
7.92812286931621e-08
7.92812500094442e-08
7.92812784311536e-08
7.92812926420083e-08
7.92813139582904e-08
7.92813352745725e-08
7.92813779071366e-08
7.92813921179913e-08
7.92814134342734e-08
7.92814489614102e-08
7.92814631722649e-08
7.9281484488547e-08
7.92815129102564e-08
7.92815200156838e-08
7.92815413319659e-08
7.92815626482479e-08
7.92815981753847e-08
7.92816123862394e-08
7.92816337025215e-08
7.92816692296583e-08
7.92816763350856e-08
7.92816976513677e-08
7.92817189676498e-08
7.92817616002139e-08
7.92817758110687e-08
7.92817971273507e-08
7.92818326544875e-08
7.92818397599149e-08
7.92818610761969e-08
7.92818894979064e-08
7.92819321304705e-08
7.92819463413252e-08
7.92819676576073e-08
7.92820031847441e-08
7.92820173955988e-08
7.92820387118809e-08
7.92820671335903e-08
7.9282081344445e-08
7.92820955552997e-08
7.92821168715818e-08
7.9282159504146e-08
7.92821737150007e-08
7.92821950312828e-08
7.92822234529922e-08
7.92822376638469e-08
7.92822518747016e-08
7.9282280296411e-08
7.92823229289752e-08
7.92823371398299e-08
7.9282358456112e-08
7.92823939832488e-08
7.92824081941035e-08
7.92824224049582e-08
7.92824508266676e-08
7.92824650375223e-08
7.92824792483771e-08
7.92825005646591e-08
7.92825360917959e-08
7.92825503026506e-08
7.92825716189327e-08
7.92826071460695e-08
7.92826142514969e-08
7.92826355677789e-08
7.9282656884061e-08
7.92826995166251e-08
7.92827137274799e-08
7.92827350437619e-08
7.92827634654714e-08
7.92827776763261e-08
7.92827989926082e-08
7.92828203088902e-08
7.92828629414544e-08
7.92828771523091e-08
7.92829055740185e-08
7.92829411011553e-08
7.92829482065827e-08
7.92829695228647e-08
7.92829979445742e-08
7.92830121554289e-08
7.92830263662836e-08
7.9283054787993e-08
7.92830903151298e-08
7.92831045259845e-08
7.92831258422666e-08
7.9283154263976e-08
7.92831684748307e-08
7.92831826856855e-08
7.92832111073949e-08
7.92832466345317e-08
7.92832679508138e-08
7.92832892670958e-08
7.92833176888053e-08
7.928333189966e-08
7.9283353215942e-08
7.92833816376515e-08
7.92833887430788e-08
7.92834029539335e-08
7.9283431375643e-08
7.92834669027798e-08
7.92834811136345e-08
7.92835024299166e-08
7.9283530851626e-08
7.92835379570533e-08
7.92835592733354e-08
7.92835805896175e-08
7.92836232221816e-08
7.92836374330363e-08
7.92836587493184e-08
7.92836871710279e-08
7.92837013818826e-08
7.92837155927373e-08
7.92837440144467e-08
7.92837866470109e-08
7.92838008578656e-08
7.92838221741476e-08
7.92838577012844e-08
7.92838719121391e-08
7.92838932284212e-08
7.92839216501307e-08
7.9283928755558e-08
7.92839500718401e-08
7.92839713881222e-08
7.92840069152589e-08
7.92840211261137e-08
7.92840424423957e-08
7.92840708641052e-08
7.92840850749599e-08
7.92840992858146e-08
7.9284127707524e-08
7.92841632346608e-08
7.92841845509429e-08
7.9284205867225e-08
7.92842342889344e-08
7.92842484997891e-08
7.92842698160712e-08
7.92842982377806e-08
7.92843337649174e-08
7.92843550811995e-08
7.92843763974815e-08
7.92844119246183e-08
7.9284426135473e-08
7.92844403463278e-08
7.92844758734645e-08
7.92844829788919e-08
7.9284504295174e-08
7.9284525611456e-08
7.92845611385928e-08
7.92845753494476e-08
7.92845966657296e-08
7.92846321928664e-08
7.92846392982938e-08
7.92846606145758e-08
7.92846890362853e-08
