0.0
1.33011667458049e-06
1.33106914290693e-06
1.33116634515318e-06
1.33117703171592e-06
1.33117873701849e-06
1.331179078079e-06
1.33117919176584e-06
1.33117919176584e-06
1.33117919176584e-06
1.33117919176584e-06
1.33117919176584e-06
1.33117919176584e-06
1.33117919176584e-06
1.33117919176584e-06
1.33117919176584e-06
1.33117919176584e-06
1.33117919176584e-06
1.78056779986946e-06
1.64711309480481e-05
4.5919674448669e-05
7.4882096669171e-05
0.000102151097962633
0.000133433670271188
0.000142018951009959
0.000152226508362219
0.000181629642611369
0.000239817760302685
0.000328079535393044
0.000435130816185847
0.000566056463867426
0.000717205926775932
0.000885047134943306
0.00107058323919773
0.00127937668003142
0.00151234620716423
0.00176697212737054
0.00196784525178373
0.00201929989270866
0.00207086815498769
0.00212253513745964
0.00217409920878708
0.00222534476779401
0.00226303515955806
0.00227245897985995
0.00228186766617
0.00229122396558523
0.00230506481602788
0.00231199571862817
0.00231890985742211
0.00232149963267148
0.00232537090778351
0.00233114790171385
0.00233689276501536
0.00234262878075242
0.00235120276920497
0.00235974066890776
0.00236816634424031
0.00236976193264127
0.00237134285271168
0.0023717381991446
0.00237213331274688
0.00237272633239627
0.00237361551262438
0.00237495033070445
0.00237694941461086
0.00237995432689786
0.00238445051945746
0.00239112135022879
0.00240110768936574
0.00240202387794852
0.00240294216200709
0.0024038627743721
0.00240478455089033
0.00240616989322007
0.0024082453455776
0.00241136783733964
0.00241253711283207
0.00241427542641759
0.00241601443849504
0.00241775321774185
0.00242036627605557
0.00242134416475892
0.00242231786251068
0.00242329365573823
0.00242365687154233
0.00242420379072428
0.00242502219043672
0.00242623849771917
0.00242669857107103
0.00242738658562303
0.00242841453291476
0.00242995750159025
0.00243053352460265
0.00243140081875026
0.00243269721977413
0.00243399757891893
0.00243529654107988
0.00243659294210374
0.00243789120577276
0.0024391922634095
0.00244049238972366
0.00244179228320718
0.00244309031404555
0.00244357879273593
0.00244430894963443
0.00244540604762733
0.00244581839069724
0.00244643539190292
0.00244736159220338
0.00244875298812985
0.00244927313178778
0.00245005614124238
0.00245122727937996
0.00245239958167076
0.00245357444509864
0.00245401333086193
0.00245467410422862
0.00245566270314157
0.00245603453367949
0.00245659076608717
0.00245742592960596
0.00245868065394461
0.00246055633760989
0.00246338336728513
0.00246443483047187
0.00246482947841287
0.00246542249806225
0.0024663123767823
0.00246764835901558
0.0024696527980268
0.00247266376391053
0.00247379182837903
0.00247548404149711
0.00247802911326289
0.00247898115776479
0.00248041190207005
0.00248255603946745
0.00248577375896275
0.00248658331111073
0.00248738960362971
0.00248859613202512
0.00248904968611896
0.0024897288531065
0.00249074888415635
0.00249227485619485
0.00249456497840583
0.00249542016535997
0.00249670399352908
0.00249863299541175
0.00250152056105435
0.00250260578468442
0.00250423001125455
0.00250665540806949
0.00250756833702326
0.00250893249176443
0.00250995671376586
0.00251098186708987
0.00251251715235412
0.00251367106102407
0.00251482240855694
0.00251597631722689
0.0025171278975904
0.00251827575266361
0.00251942756585777
0.00252028810791671
0.00252158218063414
0.00252206576988101
0.0025227926671505
0.00252388278022408
0.00252551562152803
0.00252797035500407
0.00253163767047226
0.00253713899292052
0.00254538422450423
0.00255773426033556
0.00257629388943315
0.0026042137760669
0.00264614238403738
0.00270865252241492
0.00279947672970593
0.00292847352102399
0.00310839619487524
0.00329068046994507
0.00344277219846845
0.0035590291954577
0.00363083020783961
0.00365939107723534
0.00365891540423036
0.0036568574141711
0.00365594914183021
0.00365535845048726
0.00365483458153903
0.00365407043136656
0.00364260165952146
0.00364245939999819
0.00364225474186242
0.00364194787107408
0.003641486633569
0.00364079908467829
0.0036398081574589
0.00363843212835491
0.00363686494529247
0.00363549054600298
0.00363405467942357
0.00363210286013782
0.0036310541909188
0.00363102066330612
0.00363099249079823
0.00363097316585481
0.00363096268847585
0.00363095849752426
0.0036309571005404
0.00363095686770976
0.00363095686770976
0.00363095686770976
0.00363095686770976
0.00363095686770976
0.00363095686770976
0.00363095686770976
0.00363095686770976
0.00363095686770976
0.00363095686770976
0.00363095686770976
0.00363095686770976
0.00363095686770976
0.00363095686770976
0.00363095686770976
0.00362730422057211
0.00361975166015327
0.00361062097363174
0.00360122951678932
0.00359166995622218
0.00358195952139795
0.00357221579179168
0.00356196076609194
0.00355061260052025
0.00353917013853788
0.00352662801742554
0.00351276178844273
0.00349775468930602
0.00348262209445238
0.00346754747442901
0.00345194945111871
0.00343601498752832
0.00342020438984036
0.00340454326942563
0.00338877714239061
0.0033726051915437
0.00335675734095275
0.00334040517918766
0.00332404905930161
0.00332404905930161
