0.0
-5.10595550607441e-33
-4.99098746331583e-07
-1.86889963060821e-06
-3.03029719361803e-06
-3.66856761502277e-06
-4.36466461906093e-06
-4.95666927236016e-06
-5.46808632861939e-06
-5.94422135691275e-06
-6.55711028230144e-06
-8.00648922449909e-06
-9.67647338256938e-06
-1.14830882012029e-05
-1.38248660732643e-05
-1.57431368279504e-05
-1.820532088459e-05
-2.55607210419839e-05
-3.56974560418166e-05
-6.34149910183623e-05
-6.62652309983969e-05
-7.38352173357271e-05
-9.29864909267053e-05
-0.000125238642795011
-0.000176377230673097
-0.000250761077040806
-0.000352687522536144
-0.00048737513134256
-0.000597135163843632
-0.000682357873301953
-0.000750235223677009
-0.00078438624041155
-0.000794458261225373
-0.000794658495578915
-0.000794696621596813
-0.000794715655501932
-0.000794742547441274
-0.00079484999878332
-0.000794878811575472
-0.000794893596321344
-0.000794919731561095
-0.000794971885625273
-0.00079499848652631
-0.000795009837020189
-0.000795014726463705
-0.00079502392327413
-0.000795035157352686
-0.000795057334471494
-0.000795094936620444
-0.00079508509952575
-0.000795102387201041
-0.000795112398918718
-0.000795126834418625
-0.000795164727605879
-0.000795210886280984
-0.000795243715401739
-0.000795292609836906
-0.000795285974163562
-0.000795326544903219
-0.000795340689364821
-0.000795372121501714
-0.000795360072515905
-0.000795348605606705
-0.000795346568338573
-0.00079534063115716
-0.000795362109784037
-0.000795376603491604
-0.000795411702711135
-0.000795436557382345
-0.00079547060886398
-0.000795493193436414
-0.000795541796833277
-0.0007955725886859
-0.000795583240687847
-0.000795613508671522
-0.000795613916125149
-0.000795619038399309
-0.000795611296780407
-0.000795632135123014
-0.000795621308498085
-0.000795629050116986
-0.0007956413901411
-0.000795655127149075
-0.000795675558038056
-0.000795667350757867
-0.000795671250671148
-0.000795667234342545
-0.000795670202933252
-0.000795671250671148
-0.000795656407717615
-0.000795640982687473
-0.000795645930338651
-0.000795661529991776
-0.000795707572251558
-0.000795713451225311
-0.00079573696712032
-0.000795768573880196
-0.000795786327216774
-0.000795825384557247
-0.000795846106484532
-0.000795876025222242
-0.000795920670498163
-0.00079596956493333
-0.00079596386058256
-0.000795956584624946
-0.000795976317021996
-0.000795989879406989
-0.000795991509221494
-0.000795974570792168
-0.00079590518726036
-0.000795913394540548
-0.000795908621512353
-0.000795888423454016
-0.000795873522292823
-0.000795875093899667
-0.000795859028585255
-0.000795904488768429
-0.000795912637840956
-0.000795916421338916
