0
0.00120000005699694
0.00239999988116324
0.00360000017099083
0.0039000001270324
0.00420000008307398
0.00450000003911555
0.00479999999515712
0.0050999999511987
0.0055500001180917
0.00599999981932342
0.00644999998621643
0.00690000015310943
0.00735000032000244
0.00779999955557287
0.00847499980591238
0.00948750018142166
0.0104999996256084
0.0115125000011176
0.011587500339374
0.0117000003810972
0.0118687495123595
0.0121218746062369
0.0125015627127141
0.0130710934754461
0.0139253910165281
0.0151253899093718
0.0163253897335381
0.0175253914203495
0.0187253912445158
0.0199253910686821
0.0211253908928484
0.0223253907170147
0.023525390541181
0.0247253903653473
0.0259253901895136
0.0271253900136799
0.0283253898378462
0.0295253896620125
0.0307253913488239
0.0319253893103451
0.0331253909971565
0.0343253889586777
0.0355253906454891
0.0367253923323006
0.0379253902938217
0.0391253919806332
0.0403253899421543
0.0415253916289658
0.0427253895904869
0.0439253912772984
0.0451253892388195
0.046325390925631
0.0475253888871521
0.0487253905739636
0.049925392260775
0.0511253902222962
0.0523253919091076
0.0535253898706288
0.0547253915574402
0.0559253895189614
0.0571253912057728
0.0583253891672939
0.0595253908541054
0.0607253888156265
0.0619253942277283
0.0631253921892494
0.0643253901507706
0.0655253881122917
0.0667253935243935
0.0679253914859146
0.0691253894474358
0.0703253874089569
0.0715253928210587
0.0727253907825798
0.073925388744101
0.0751253941562027
0.0763253921177239
0.077525390079245
0.0787253880407662
0.0799253934528679
0.0811253914143891
0.0823253893759102
0.0835253873374314
0.0847253927495331
0.0859253907110542
0.0871253886725754
0.0874253937508911
0.0878753939177841
0.0885503941681236
0.0895628908183426
0.0907628887798638
0.0919628941919655
0.0931628921534867
0.0943628901150078
0.0955628880765289
0.0967628934886307
0.0979628914501518
0.0991628894116731
0.100362887373194
0.101562892785296
0.102762890746817
0.103962888708338
0.10516289412044
0.106362892081961
0.107562890043482
0.107862887671217
0.10831288783811
0.10898788808845
0.110000392189249
0.11120039015077
0.112400388112292
0.113600393524393
0.114800391485915
0.116000389447436
0.117200387408957
0.118400392821059
0.118799997260794
