0
0.294136
0.560299
0.877003
1.773179
2.547191
2.728237
2.912635
3.120928
3.310405
3.483677
3.525056
3.565737
3.605697
3.663579
3.677282
3.690873
3.704379
3.71779
3.731054
3.744187
3.757328
3.776557
3.816321
3.860225
3.902973
3.945091
3.955567
3.966001
3.976387
3.986728
3.997001
4.007235
4.007874
4.008513
4.009151
4.00979
4.010429
4.011067
4.011705
4.012343
4.012981
4.013619
4.014257
4.014895
4.015533
4.01617
4.016807
4.017445
4.018082
4.018719
4.019356
4.019358
4.019359
4.019359
4.01936
4.01936
4.01936
4.019361
4.019361
4.019362
4.019362
4.019362
4.019363
4.019363
4.019364
4.019364
4.019364
4.019365
4.019365
4.019365
4.019366
4.019367
4.019366
4.019367
4.019368
4.019368
4.019368
4.019368
4.019368
4.019368
4.019369
4.01937
4.01937
4.01937
4.019371
4.019371
4.019371
4.019372
4.019372
4.019372
4.019373
4.019374
4.019374
4.019374
4.019375
4.019375
4.019376
4.019376
4.019376
4.019377
4.019377
4.019377
4.019378
4.019378
4.019378
4.019379
4.019378
4.019379
4.019379
4.01938
4.01938
4.01938
4.01938
4.019381
4.019381
4.019381
4.019381
4.019381
4.019382
4.019383
4.019383
4.019383
4.019383
4.019384
4.019385
4.019384
4.019385
4.019385
4.019385
4.019385
4.019385
4.019386
4.019387
4.019387
4.019387
4.019388
4.019388
4.019389
4.019389
4.019389
4.01939
4.01939
4.01939
4.01939
4.019391
4.019391
4.019391
4.019392
4.019392
4.019393
4.019393
4.019394
4.019394
4.019394
4.019394
4.019395
4.019395
4.019396
4.019396
4.019396
4.019397
4.019398
4.019398
4.019398
4.019398
4.019398
4.019399
4.019399
4.0194
4.0194
4.0194
4.0194
4.019401
4.019401
4.019401
4.019401
4.019401
4.019401
4.019402
4.019402
4.019402
4.019403
4.019403
4.019403
4.019404
4.019405
4.019405
4.019406
4.019407
4.019406
4.019407
4.019407
4.019407
4.019408
4.019408
4.019409
4.019409
4.01941
4.01941
4.01941
4.01941
4.01941
4.019411
4.019411
4.019412
4.019412
4.019413
4.019413
4.019414
4.019413
4.019414
4.019414
4.019414
4.019416
4.019416
4.019416
4.019416
4.019417
4.019417
4.019417
4.019418
4.019418
4.019418
4.019419
4.019419
4.019419
4.01942
4.01942
4.01942
4.019421
4.019421
4.019421
4.019422
4.019422
4.019423
4.019423
4.019423
4.019423
4.019423
4.019424
4.019424
4.019425
4.019425
4.019426
4.019426
4.019426
4.019427
4.019427
4.019428
4.019428
4.019429
4.019429
4.01943
4.01943
4.01943
4.019431
4.019431
4.019432
4.019432
4.019432
4.019432
4.019433
4.019433
4.019434
4.019434
4.019435
4.019435
4.019436
4.019436
4.019436
4.019436
4.019436
4.019437
4.019437
4.019438
4.019438
4.019438
4.019438
4.019439
4.019439
4.01944
4.01944
4.01944
4.019441
4.019441
4.019441
4.019441
4.019442
4.019442
4.019442
4.019443
4.019443
4.019443
4.019444
4.019444
4.019444
4.019445
4.019445
4.019446
4.019446
4.019447
4.019447
4.019447
4.019447
4.019447
4.019448
4.019448
4.019449
4.01945
4.01945
4.01945
4.01945
4.019451
4.019451
4.019451
4.019452
4.019452
4.019453
4.019453
4.019453
4.019453
4.019454
4.019454
4.019454
4.019454
4.019455
4.019456
4.019457
4.019456
4.019456
4.019457
4.019457
4.019456
4.019457
4.019457
4.019458
4.019459
4.019459
4.019459
4.01946
4.01946
4.01946
4.01946
4.019461
4.019461
4.019461
4.019462
4.019462
4.019462
4.019462
4.019463
4.019464
4.019464
4.019464
4.019464
4.019465
4.019466
4.019466
4.019466
4.019466
4.019467
4.019467
4.019468
4.019468
4.019468
4.019468
4.019469
4.019469
4.019469
4.019469
4.01947
4.01947
4.019471
4.019472
4.019471
4.019472
4.019472
4.019473
4.019473
4.019474
4.019474
4.019474
4.019475
4.019475
4.019476
4.019476
4.019476
4.019476
4.019477
4.019477
4.019477
4.019478
4.019478
4.019478
4.019478
4.019479
4.019479
4.019479
4.019479
4.019479
4.019479
4.01948
4.019481
4.019481
4.019481
4.019481
4.019482
4.019482
4.019483
4.019483
4.019484
4.019484
4.019485
4.019485
4.019486
4.019486
4.019486
4.019486
4.019487
4.019487
4.019488
4.019488
4.019488
4.019488
4.019488
4.019489
4.019489
4.01949
4.01949
4.01949
4.01949
4.01949
4.019492
4.019492
4.019492
4.019492
4.019492
4.019493
4.019494
4.019494
4.019494
4.019495
4.019495
4.019495
4.019495
4.019496
4.019497
4.019497
4.019497
4.019498
4.019498
4.019499
4.019499
4.019499
4.019499
4.019499
4.0195
4.019501
4.019501
4.019502
4.019502
4.019502
4.019503
4.019503
4.019503
4.019503
4.019504
4.019504
4.019505
4.019505
4.019505
4.019505
4.019506
4.019506
4.019507
4.019507
4.019507
4.019507
4.019507
4.019508
4.019509
4.01951
4.01951
4.01951
4.01951
4.019511
4.019511
4.019511
4.019512
4.019511
4.019512
4.019512
4.019512
4.019512
4.019513
4.019513
4.019513
4.019513
4.019514
