0
0.00621721055358648
0.0181775987148285
0.0308781154453754
0.033681470900774
0.0372586250305176
0.0430804267525673
0.0528342239558697
0.063372440636158
0.0698859468102455
0.0751544237136841
0.0862339287996292
0.0970532670617104
0.105542875826359
0.117648832499981
0.13046957552433
0.138787150382996
0.146240636706352
0.150922954082489
0.15281580388546
0.15302486717701
0.153179883956909
0.153332009911537
0.15354996919632
0.153750285506248
0.153897076845169
0.15404200553894
0.154186397790909
0.154407352209091
0.154765322804451
0.155122563242912
0.155464604496956
0.155793562531471
0.156268313527107
0.156948655843735
0.157192066311836
0.157250374555588
0.157308131456375
0.157365173101425
0.157421067357063
0.157475963234901
0.157529920339584
0.157583251595497
0.157636389136314
0.1577158421278
0.157835140824318
0.158016219735146
0.158302754163742
0.158516421914101
0.158728182315826
0.158938333392143
0.159250184893608
0.1597009152174
0.160133987665176
0.160554185509682
0.161153972148895
0.161739438772202
0.162908211350441
0.164413556456566
0.165775671601295
0.167036160826683
0.168202474713326
0.1690554022789
0.169879242777824
0.170073315501213
0.170205354690552
0.170298844575882
0.170388132333755
0.170474156737328
0.170559853315353
0.170644253492355
0.170767903327942
0.170946627855301
0.171203568577766
0.171214938163757
0.171227470040321
0.171240210533142
0.171256840229034
0.171269923448563
0.171258479356766
0.171212494373322
0.171167612075806
0.171106994152069
0.17100815474987
0.170880034565926
0.170768782496452
0.170708954334259
0.170659512281418
0.170658051967621
0.17070834338665
0.17076663672924
0.170827969908714
0.170918762683868
0.171052813529968
0.171245619654655
0.171521842479706
0.171905919909477
0.172453880310059
0.173242881894112
0.174312636256218
0.174548164010048
0.174603044986725
0.17465728521347
0.174709334969521
0.174755647778511
0.174789324402809
0.17479881644249
0.174781516194344
0.174731016159058
0.174738436937332
0.174757838249207
0.174781292676926
0.174819052219391
0.174877151846886
0.174963086843491
0.175088435411453
0.175270587205887
0.175330877304077
0.175391212105751
0.175446212291718
0.175495997071266
0.175539135932922
0.175571441650391
0.175577968358994
0.175518482923508
0.175480023026466
0.175476878881454
0.17548380792141
0.175495177507401
0.175513833761215
0.175522223114967
0.175509914755821
0.175518542528152
0.175580412149429
0.175645336508751
0.175709873437881
0.175806313753128
0.175948336720467
0.176157563924789
0.176462695002556
0.176909178495407
0.177533075213432
0.178132802248001
0.178726106882095
0.17954009771347
0.180187880992889
0.180268332362175
0.180328622460365
0.18035252392292
0.180276423692703
0.180244103074074
0.180238887667656
0.180225998163223
0.180131569504738
0.180145651102066
0.180177450180054
0.180213034152985
0.180242940783501
0.180261179804802
0.180276602506638
0.180277124047279
0.180271804332733
0.180258482694626
0.180223703384399
0.180179953575134
0.180178254842758
0.180184587836266
0.180194646120071
0.18021360039711
0.180244311690331
0.180293276906013
0.180358901619911
0.180386617779732
0.180410489439964
0.180433988571167
0.180457040667534
0.180489078164101
0.180529624223709
0.180556386709213
0.180559456348419
0.180560857057571
0.180558010935783
0.180545777082443
0.180541187524796
0.180535465478897
0.180521309375763
0.180493637919426
0.180444523692131
0.180358022451401
0.180244043469429
0.18014931678772
0.180138349533081
0.180143639445305
0.180153802037239
0.180172324180603
0.180201515555382
0.180247947573662
0.18026427924633
0.180290132761002
0.180315569043159
0.180349171161652
0.180402815341949
0.180479973554611
0.180554494261742
0.180625736713409
0.180680081248283
0.180760949850082
0.180800095200539
0.180838257074356
0.180894374847412
0.180974811315536
0.181082114577293
0.181179076433182
0.181259393692017
0.181272059679031
0.18128614127636
0.181295573711395
0.18130224943161
0.18130761384964
0.181310728192329
0.181311964988708
0.181311845779419
0.181308999657631
0.18130487203598
0.181297168135643
0.181243553757668
0.18116757273674
0.181074991822243
0.180914998054504
0.180763944983482
0.180506944656372
0.180235639214516
0.179945439100266
0.179520219564438
0.17889629304409
0.178439944982529
0.1779755204916
0.177544727921486
0.176912665367126
0.176284298300743
0.175667598843575
0.175059840083122
0.17443984746933
0.173881486058235
0.173063382506371
0.171950116753578
0.170802921056747
0.169991299510002
0.169426590204239
0.168895825743675
0.168404325842857
0.167338535189629
0.162641301751137
0.154641941189766
0.144028544425964
0.135363340377808
0.124059706926346
0.112755253911018
0.101691544055939
0.0903580859303474
0.0773671418428421
0.0637790784239769
0.049822211265564
0.0356797762215137
0.02169537730515
0.00825265981256962
1.7908098470798e-06
1.66528297995683e-06
1.66637198617536e-06
1.66830091075099e-06
1.64535606472782e-06
1.60478919042362e-06
1.5893697309366e-06
1.56094279191166e-06
1.61664763709268e-06
1.68275244050164e-06
1.66134145729302e-06
1.6072749531304e-06
1.53223743382114e-06
1.43932288665383e-06
1.46545710322243e-06
1.48388312481984e-06
1.62824778726645e-06
1.75699051396805e-06
1.733111730573e-06
1.78931964001094e-06
1.7749453036231e-06
1.68772407960205e-06
1.54211011249572e-06
1.54211011249572e-06
