0.0
0.0
1.7056624557199e-08
1.35882615381888e-07
2.12022513323973e-07
3.30608969534296e-07
4.3451240117065e-07
4.8707948963056e-07
5.77544767565996e-07
6.93122103712085e-07
7.77208867930312e-07
8.18014484593732e-07
8.18014484593732e-07
8.1808093455038e-07
8.27291501082073e-07
8.38481582832173e-07
8.53426740832219e-07
8.73035446602444e-07
9.0854456402667e-07
9.66890752351901e-07
1.0291026910636e-06
1.14245972326898e-06
1.37280073886359e-06
1.83240069873136e-06
2.30611817642057e-06
2.80504696092976e-06
3.35219192493241e-06
3.72189174413506e-06
4.05821947424556e-06
4.52169479103759e-06
4.97277687827591e-06
5.39387792741763e-06
5.96990867052227e-06
6.8900744736311e-06
8.48153922561323e-06
8.94404456630582e-06
9.42922542890301e-06
1.01649447969976e-05
1.04341461337754e-05
1.08350695882109e-05
1.08723552330048e-05
1.09094517029007e-05
1.09464999695774e-05
1.10020637293928e-05
1.10860773929744e-05
1.12256702777813e-05
1.128532585426e-05
1.13553642222541e-05
1.13757378130686e-05
1.14174617920071e-05
1.14230697363382e-05
1.14307667899993e-05
1.14336426122463e-05
1.14351851152605e-05
1.14359290819266e-05
1.1436251043051e-05
1.14368413051125e-05
1.14371086965548e-05
1.14376371129765e-05
1.14376525743864e-05
1.14376671263017e-05
1.14376898636692e-05
1.1437693501648e-05
1.14376953206374e-05
1.14376962301321e-05
1.14376971396268e-05
1.14376971396268e-05
1.14376971396268e-05
1.14376980491215e-05
1.14376980491215e-05
1.14376980491215e-05
