0.0
1.67251698712789e-07
1.67236876791321e-07
1.67236862580467e-07
1.67236862580467e-07
1.67236862580467e-07
1.67236862580467e-07
1.67236862580467e-07
1.67236862580467e-07
1.67236862580467e-07
1.67236862580467e-07
1.67236862580467e-07
1.67236862580467e-07
1.67236862580467e-07
1.67236862580467e-07
1.67236862580467e-07
1.67236862580467e-07
1.67236862580467e-07
1.67236862580467e-07
1.67236862580467e-07
1.67236862580467e-07
1.67236862580467e-07
1.67236862580467e-07
1.67236862580467e-07
1.67236862580467e-07
1.67236862580467e-07
1.67236862580467e-07
1.67236862580467e-07
3.42182062240681e-07
6.2773060562904e-06
1.97745521290926e-05
3.77369360649027e-05
6.06989124207757e-05
8.4052502643317e-05
0.000101426237961277
0.000123079211334698
0.000152225809870288
0.000219275345443748
0.000277374434517696
0.000334740499965847
0.000387621781555936
0.000469356600660831
0.000538995547685772
0.000616499572061002
0.00067940738517791
0.00073580932803452
0.000788487435784191
0.000839572981931269
0.000898387923371047
0.000941000995226204
0.000976186362095177
0.00100699404720217
0.00104245077818632
0.00107831507921219
0.0011006718268618
0.00111442932393402
0.00112438970245421
0.00113001582212746
0.00113234366290271
0.00112967612221837
0.00112310401163995
0.00111327180638909
0.0010992040624842
0.00108108157292008
0.00105964497197419
0.00103437935467809
0.00100525969173759
0.000973305432125926
0.000936976808588952
0.000897815800271928
0.00085368740838021
0.000807632110081613
0.000756741384975612
0.000704182311892509
0.000647085485979915
0.000588004942983389
0.000524921750184149
0.000459481554571539
0.000387264357414097
0.000311567477183416
0.000231425015954301
0.000146119040437043
4.43532699136995e-05
2.34769067901652e-05
2.34772141993744e-05
2.34794988500653e-05
2.34805629588664e-05
2.34816707234131e-05
2.3484879420721e-05
2.34862545767101e-05
2.34893777815159e-05
2.3491686079069e-05
2.34967537835473e-05
2.35030347539578e-05
2.35079405683791e-05
2.3510328901466e-05
2.35132283705752e-05
2.35152128880145e-05
2.35140378208598e-05
2.35119096032577e-05
2.35159532167017e-05
2.35255356528796e-05
2.35251009144122e-05
