0.0
0.00999999977648258
0.0199999995529652
0.0299999993294477
0.0399999991059303
0.0500000007450581
0.0599999986588955
0.0700000002980232
0.0799999982118607
0.0900000035762787
0.100000001490116
0.109999999403954
0.119999997317791
0.129999995231628
0.140000000596046
0.141874998807907
0.143281251192093
0.144687503576279
0.146093755960464
0.146126702427864
0.146151423454285
0.146176144480705
0.146200865507126
0.146237939596176
0.146275028586388
0.146312102675438
0.146349176764488
0.1463862657547
0.14642333984375
0.1464604139328
0.146497502923012
0.146534577012062
0.146571651101112
0.146627277135849
0.146648123860359
0.146679416298866
0.146710693836212
0.146734163165092
0.146757632493973
0.146775230765343
0.146792829036713
0.146806016564369
0.146815925836563
0.146825820207596
0.146840676665306
0.14686293900013
0.146885216236115
0.146907493472099
0.146929755806923
0.146952033042908
0.146974310278893
0.147007718682289
0.147057831287384
0.147132992744446
0.1472457498312
0.14741487801075
0.147668570280075
0.148049116134644
0.148619934916496
0.149476170539856
0.150760516524315
0.152687013149261
0.155576780438423
0.156660452485085
0.158285945653915
0.158895507454872
0.159809842705727
0.159895569086075
0.160024136304855
0.160217016935349
0.160361662507057
0.160506308078766
0.160650968551636
0.160759449005127
0.160867944359779
0.160976424813271
0.161139160394669
0.161383271217346
0.16174940764904
0.162298634648323
0.163122475147247
0.164358228445053
0.166211858391762
0.168992295861244
0.173162966966629
0.179418966174126
0.188802972435951
0.198802962899208
0.208802968263626
0.218802973628044
0.228802964091301
0.238802969455719
0.248802974820137
0.258802980184555
0.268802970647812
0.278802961111069
0.288802981376648
0.298802971839905
0.308802962303162
0.318802982568741
0.328802973031998
0.338802963495255
0.348802953958511
0.358802974224091
0.368802964687347
0.378802955150604
0.388802975416183
0.39880296587944
0.408802956342697
0.418802976608276
0.428802967071533
0.43880295753479
0.448802977800369
0.458802968263626
0.468802958726883
0.478802978992462
0.488802969455719
0.498802959918976
0.50130295753479
0.505052983760834
0.510677993297577
0.519115447998047
0.529115438461304
0.539115488529205
0.549115478992462
0.559115469455719
0.569115459918976
0.579115450382233
0.58911544084549
0.599115490913391
0.609115481376648
0.619115471839905
0.629115462303162
0.639115452766418
0.649115443229675
0.659115493297577
0.669115483760834
0.679115474224091
0.689115464687347
0.699115455150604
0.709115445613861
0.719115495681763
0.72911548614502
0.739115476608276
0.749115467071533
0.75911545753479
0.769115447998047
0.779115438461304
0.789115488529205
0.799115478992462
0.809115469455719
0.819115459918976
0.829115450382233
0.83911544084549
0.849115490913391
0.859115481376648
0.869115471839905
0.879115462303162
0.889115452766418
0.899115443229675
0.909115493297577
0.919115483760834
0.929115474224091
0.939115464687347
0.949115455150604
0.959115445613861
0.969115495681763
0.97911548614502
0.989115476608276
0.999115467071533
1.0
