0.0
4.31869260353324e-08
7.44171472888411e-07
2.29607803703402e-06
2.92999061457522e-06
3.03062097373186e-06
4.16863349528285e-06
6.43654129817151e-06
9.1894498837064e-06
1.19890710266191e-05
1.27257098938571e-05
1.36454691528343e-05
1.30645476019708e-05
1.22601359180408e-05
1.21234497783007e-05
1.20256872833124e-05
1.1963783435931e-05
1.19402602649643e-05
1.19566648209002e-05
1.2011038052151e-05
1.21062012112816e-05
1.2212974979775e-05
1.23399977383087e-05
1.23748877740582e-05
1.24118159874342e-05
1.24680764201912e-05
1.25572960314457e-05
1.26532931972179e-05
1.27561334011261e-05
1.28659548863652e-05
1.28946503537009e-05
1.29385489344713e-05
1.29557465697872e-05
1.298167535424e-05
1.30208181872149e-05
1.30808239191538e-05
1.31764627440134e-05
1.32144914459786e-05
1.32718460008618e-05
1.32948280224809e-05
1.33293815451907e-05
1.33826988530927e-05
1.34381934913108e-05
1.3497033251042e-05
1.3558752470999e-05
1.36241542350035e-05
1.36430480779381e-05
1.36612288770266e-05
1.36792086777859e-05
1.37066308525391e-05
1.37497154355515e-05
1.37959859785042e-05
1.38092746055918e-05
1.38221703309682e-05
1.38348623295315e-05
1.3853735254088e-05
1.38831983349519e-05
1.38992081701872e-05
1.39157000376144e-05
1.3932261026639e-05
1.39491112349788e-05
1.39753274197574e-05
1.39753274197574e-05
