0.0
0.00999999977648258
0.0125000001862645
0.0162499994039536
0.021874999627471
0.0303125008940697
0.0328124985098839
0.0365624986588955
0.0421875007450581
0.0506250001490116
0.0590624995529652
0.0611718744039536
0.0632812529802322
0.0653906241059303
0.067500002682209
0.0706640630960464
0.0718505829572678
0.0736303701996803
0.0763000473380089
0.0803045630455017
0.0843090787529945
0.088313601911068
0.0898152887821198
0.0920678302645683
0.0954466462135315
0.100514858961105
0.102415442466736
0.105266310274601
0.105979032814503
0.106691747903824
0.107760824263096
0.109364442527294
0.111769862473011
0.1126718968153
0.114024944603443
0.116054520010948
0.116815611720085
0.117957249283791
0.119669705629349
0.122238390147686
0.12320164591074
0.124646529555321
0.126813843846321
0.130064845085144
0.131283953785896
0.133112639188766
0.133798390626907
0.13482703268528
0.136369973421097
0.138684406876564
0.142156034708023
0.147363483905792
0.155174672603607
0.165174677968025
0.175174668431282
0.1851746737957
0.195174664258957
0.205174669623375
0.215174674987793
0.22517466545105
0.235174670815468
0.245174676179886
0.255174666643143
0.2651746571064
0.275174677371979
0.285174667835236
0.295174658298492
0.305174678564072
0.315174669027328
0.325174659490585
0.335174679756165
0.345174670219421
0.355174660682678
0.365174680948257
0.375174671411514
0.385174661874771
0.39517468214035
0.405174672603607
0.415174663066864
0.425174683332443
0.4351746737957
0.445174664258957
0.455174684524536
0.465174674987793
0.47517466545105
0.485174685716629
0.495174676179886
0.505174696445465
0.515174686908722
0.525174677371979
0.535174667835236
0.545174658298492
0.555174648761749
0.565174698829651
0.575174689292908
0.585174679756165
0.595174670219421
0.605174660682678
0.615174651145935
0.625174641609192
0.635174691677094
0.64517468214035
0.655174672603607
0.665174663066864
0.675174653530121
0.685174643993378
0.695174694061279
0.705174684524536
0.715174674987793
0.72517466545105
0.735174655914307
0.745174646377563
0.755174696445465
0.765174686908722
0.775174677371979
0.785174667835236
0.795174658298492
0.805174648761749
0.815174698829651
0.825174689292908
0.835174679756165
0.845174670219421
0.855174660682678
0.865174651145935
0.875174641609192
0.885174691677094
0.89517468214035
0.905174672603607
0.915174663066864
0.925174653530121
0.935174643993378
0.945174694061279
0.955174684524536
0.965174674987793
0.97517466545105
0.985174655914307
0.995174646377563
1.0
