0.0
5.26115566043539e-12
1.57133420858324e-11
1.61829733641428e-11
2.43337242716857e-11
4.42520776966493e-11
9.39701094715417e-11
1.58775756431417e-10
2.83469747675014e-10
6.0183352745824e-10
1.05818398488111e-09
1.37065481187193e-09
1.52638746087064e-09
1.6010330838867e-09
1.62421021077108e-09
1.63837055033866e-09
1.83574400125508e-09
2.20302620590473e-09
2.28748597841388e-09
2.38617814396491e-09
2.47373943551565e-09
2.57036192330418e-09
2.7248958645032e-09
2.86666268500824e-09
2.97176838692792e-09
3.10326409014294e-09
3.32553895532328e-09
3.52632323341595e-09
3.6749028264893e-09
3.84774523354281e-09
4.05720568252832e-09
4.48387771356806e-09
5.28893240314687e-09
6.07522698814478e-09
6.7916814394664e-09
1.0297355856892e-08
1.65543490027176e-08
2.14330313497157e-08
2.50073366458992e-08
2.99749416399209e-08
3.66050834088583e-08
4.35891998051829e-08
5.55522525758079e-08
5.98825593556285e-08
6.65663648646841e-08
7.62587504254952e-08
8.68825367206227e-08
9.39625905971297e-08
1.0048735532564e-07
1.06877315886322e-07
1.13090763420587e-07
1.22090398235741e-07
1.2528445836324e-07
1.29945888716065e-07
1.31487226440186e-07
1.32845798361814e-07
1.34984674104999e-07
1.38296869067744e-07
1.44040768645937e-07
1.52046169432651e-07
1.64954286674401e-07
1.76797911422e-07
1.7993347967149e-07
1.82684729566063e-07
1.8566652215668e-07
1.86343896757535e-07
1.8649457445008e-07
1.86651490707845e-07
1.86906618182547e-07
1.87306810062182e-07
1.87715741617467e-07
1.88142578849693e-07
1.88297732961473e-07
1.8852939831504e-07
1.88874892614876e-07
1.8939662993489e-07
1.90196274729715e-07
1.9137434037475e-07
1.93233987033636e-07
1.95065283037366e-07
1.96825908460596e-07
1.99321519289697e-07
2.03372522378231e-07
2.08847168892135e-07
2.11178686981839e-07
2.13433537510355e-07
2.15628148225733e-07
2.15816641002675e-07
2.16058253954543e-07
2.16281634379811e-07
2.16497127780713e-07
2.16802675367944e-07
2.17267171365165e-07
2.17433154148239e-07
2.17681218828147e-07
2.18066105617254e-07
2.18207091506883e-07
2.18418520603336e-07
2.18734996337844e-07
2.19225157138681e-07
2.1994272003667e-07
2.21109218045967e-07
2.22134204364011e-07
2.23309953639728e-07
2.24428362116669e-07
2.25532289732655e-07
2.26587246743293e-07
2.27637315219908e-07
2.29220404435182e-07
2.31580543186283e-07
2.35161195405453e-07
2.40298192011323e-07
2.48379080858285e-07
2.5067814135582e-07
2.51027813646942e-07
2.51141301532698e-07
2.51303021059357e-07
2.51525506200778e-07
2.51855396982137e-07
2.51976103982088e-07
2.52155558655431e-07
2.524245985569e-07
2.52826396263117e-07
2.53431977625951e-07
2.54324788784288e-07
2.54660449172661e-07
2.54792553278094e-07
2.54986446179828e-07
2.55280411920467e-07
2.55708982876968e-07
2.55881701605176e-07
2.5613499587962e-07
2.56510048757264e-07
2.57069387998854e-07
2.57912802226201e-07
2.59154916193438e-07
2.61097596876425e-07
2.6291314725313e-07
2.64792390680668e-07
2.67795428499085e-07
2.70730851070766e-07
2.73513563797678e-07
2.77951471616689e-07
2.84265894379132e-07
2.94945920131795e-07
3.11026212784782e-07
3.16834558589107e-07
3.26939414208027e-07
3.27543006051201e-07
3.28736433630183e-07
3.30818124893995e-07
3.33100501848094e-07
3.35312023480583e-07
3.36364479380791e-07
3.3677366673146e-07
3.3717637393238e-07
3.37573197839447e-07
3.38202198690851e-07
3.38424484880306e-07
3.38770888674844e-07
3.39115558745107e-07
3.3946915323213e-07
3.39992681119838e-07
3.40192826797647e-07
3.40493897965644e-07
3.40946456844904e-07
3.41626645194992e-07
3.4265613635398e-07
3.44236497085149e-07
3.44808199770341e-07
3.45731109518965e-07
3.47150120205697e-07
3.49253042486453e-07
3.52478934928513e-07
3.57332623934781e-07
3.6461875652094e-07
3.7578345768452e-07
3.92736325238729e-07
4.20126440303648e-07
4.62188580740985e-07
5.26889891716564e-07
6.27710164735618e-07
7.51178845348477e-07
8.66565812884801e-07
9.78167577159184e-07
1.07983453290217e-06
1.171341978079e-06
1.25638121062366e-06
1.33727030515729e-06
1.42299040817306e-06
1.52288453136862e-06
1.54703968746617e-06
1.54265626406414e-06
1.53862208662758e-06
1.53443238559703e-06
1.53014127590723e-06
1.52563563915464e-06
1.52116660956381e-06
1.51664801251172e-06
1.51184576679952e-06
1.50653818309365e-06
1.50110452068475e-06
1.49479296851496e-06
1.48850085679442e-06
1.48086371609679e-06
1.47362425195752e-06
1.46606987527775e-06
1.45845297083724e-06
1.45112153404625e-06
1.44325690598635e-06
1.43582030887046e-06
1.42743215292285e-06
1.42033252359397e-06
1.41228031225182e-06
1.40455438213394e-06
1.39724716063938e-06
1.38860332299373e-06
1.38140103445039e-06
1.3727182022194e-06
1.3659692967849e-06
1.35728475925134e-06
1.35051686811494e-06
1.34229003379005e-06
1.33488617848343e-06
1.32692855459027e-06
1.31931744817848e-06
1.31198021335877e-06
1.30417242871772e-06
1.29675220250647e-06
1.28907026919478e-06
1.28149667943944e-06
1.27372572933382e-06
1.26636143704673e-06
1.25856922750245e-06
1.25125518479763e-06
1.24371081255958e-06
1.23588426959031e-06
1.22889127851522e-06
1.2213629361213e-06
1.21448272238922e-06
1.20711922590999e-06
1.19947776511253e-06
1.19277012800012e-06
1.18536524951196e-06
1.17772867724852e-06
1.17078855055297e-06
1.16391606752586e-06
1.1568806712603e-06
1.14960903374595e-06
1.14198223855055e-06
1.13427881842654e-06
1.12678026198409e-06
1.11928170554165e-06
1.11152280624083e-06
1.10918676909932e-06
