0.0
0.00999999977648258
0.0199999995529652
0.0299999993294477
0.0324999988079071
0.0362499989569187
0.0418750010430813
0.0439843758940697
0.0460937507450581
0.0482031255960464
0.0503125004470348
0.0524218752980232
0.0545312501490116
0.0576953142881393
0.0608593747019768
0.0640234351158142
0.0671875029802322
0.0703515633940697
0.0735156238079071
0.0766796842217445
0.0798437520861626
0.0830078125
0.0853808596730232
0.0877539068460464
0.0901269540190697
0.0925000011920929
0.0948730483651161
0.0972460955381393
0.0996191427111626
0.101992189884186
0.10555175691843
0.109111331403255
0.1126708984375
0.113560788333416
0.114450685679913
0.115785524249077
0.117787778377533
0.120791167020798
