0.0
1.55513586345469e-34
4.79484697279986e-07
2.45320825342787e-06
4.29074998464785e-06
6.45938598609064e-06
1.16283363240655e-05
1.93597625184339e-05
2.68691928795306e-05
3.24082211591303e-05
3.36179036821704e-05
3.47972418239806e-05
3.54155636159703e-05
3.42901766998693e-05
3.3717617043294e-05
3.28778223774862e-05
3.19435566780157e-05
3.01187883451348e-05
2.76163118542172e-05
2.70090604317375e-05
2.63175807049265e-05
2.48239866778022e-05
2.43405756918946e-05
2.40531662711874e-05
2.36618834605906e-05
2.35578208958032e-05
2.34466970141511e-05
2.32353995670564e-05
2.3146536477725e-05
2.29926008614711e-05
2.29284887609538e-05
2.28216304094531e-05
2.27772834477946e-05
2.27045184146846e-05
2.25460153160384e-05
2.25007424887735e-05
2.24490777327446e-05
2.24278901441721e-05
2.23923925659619e-05
2.23106144403573e-05
2.22850467253011e-05
2.22554044739809e-05
2.22464550461154e-05
2.22375838347943e-05
2.22280978050549e-05
2.22101934923558e-05
2.22046219278127e-05
2.21990885620471e-05
2.21933914872352e-05
2.21828868234297e-05
2.21794143726584e-05
2.21768223127583e-05
2.21742429857841e-05
2.21701429836685e-05
2.21648006117903e-05
2.21596401388524e-05
2.21546670218231e-05
2.21546670218231e-05
