-0.0
6.57817054161569e-08
2.33880655287066e-06
8.74931174621452e-07
-2.49566983256955e-06
-1.28595829664846e-05
-3.31257760990411e-05
-4.68015605292749e-06
-1.67449616128579e-05
-3.00696337944828e-05
-1.26666818687227e-05
-6.60480873193592e-06
-7.97544998931699e-06
-9.41093458095565e-06
-1.00787219707854e-05
-1.0668230970623e-05
-1.2679160136031e-05
-1.63275290105958e-05
-2.09052377613261e-05
-2.4095246772049e-05
-2.68744770437479e-05
-2.91563301288988e-05
-3.11457806674298e-05
-3.38150239258539e-05
-3.6327212001197e-05
-3.88199732697103e-05
-4.14808309869841e-05
-4.58728900412098e-05
-5.26778349012602e-05
-6.16546312812716e-05
-7.28700833860785e-05
-8.2865939475596e-05
-9.23437110031955e-05
-0.00010686681343941
-0.000116570488899015
-0.000114584938273765
1.28214887809008e-05
5.66373746551108e-05
0.000100629418739118
8.63646564539522e-05
6.24530657660216e-05
5.3324085456552e-05
4.51419946330134e-05
3.55647716787644e-05
2.42745445575565e-05
1.05848412204068e-05
-6.48787681711838e-06
-3.00314495689236e-05
-6.99034426361322e-05
-8.44870155560784e-05
-9.13965632207692e-05
-9.57374140853062e-05
-0.000100374229077715
-0.00010588692384772
-0.00011238778824918
-0.000119959076982923
-0.000129101215861738
-0.000140607386128977
-0.000155036905198358
-0.00017586765170563
-0.000213161663850769
-0.000226288568228483
-0.000241620495216921
-0.000260505534242839
-0.000290459400275722
-0.000345791806466877
-0.000388577114790678
-0.000421289616497234
-0.000470055791083723
-0.000554069061763585
-0.000661239493638277
-0.000738273316528648
-0.000779301801230758
-0.000803978531621397
-0.000818340398836881
-0.000827821786515415
-0.000834092264994979
-0.000838022562675178
-0.000840223801787943
-0.000841492437757552
-0.000842573877889663
-0.00084104121197015
-0.000838015985209495
-0.000831109238788486
-0.000824449933134019
-0.000823123205918819
-0.000843066780362278
-0.000881125743035227
-0.00091958197299391
-0.00095635128673166
-0.000990613480098546
-0.00104122329503298
-0.00112458318471909
-0.00126287143211812
-0.00215703924186528
-0.00220026262104511
-0.0022406866773963
-0.00227813702076674
-0.00233327061869204
-0.00241139344871044
-0.00251152971759439
-0.00262316456064582
-0.00270181358791888
-0.00269901612773538
-0.00267009972594678
-0.00264121522195637
-0.00260359980165958
-0.00243721879087389
-0.00239346828311682
-0.00235131685622036
-0.0023059097584337
-0.00222678179852664
-0.00212756590917706
-0.00203682272695005
-0.00189064489677548
-0.00175586517434567
-0.00164578331168741
-0.00144676421768963
-0.00123749615158886
-0.00108083034865558
-0.00100638170260936
-0.000982722151093185
-0.000975469360128045
-0.000973996124230325
-0.000974675931502134
-0.000977366580627859
-0.000981192453764379
-0.000983965350314975
-0.000986568164080381
-0.000986870029009879
-0.000982605386525393
-0.000961694051511586
-0.000936089491005987
-0.000917714321985841
-0.00088923511793837
-0.000877368845976889
-0.000876302889082581
-0.000875171215739101
-0.000874040881171823
-0.000872418051585555
-0.000869759591296315
-0.000865893671289086
-0.000860982283484191
-0.000857326725963503
-0.000853863544762135
-0.000850433018058538
-0.00084560492541641
-0.000837794679682702
-0.000831004639621824
-0.000827003153972328
-0.000824557966552675
-0.000821661786176264
-0.000821782276034355
-0.000809842080343515
-0.000788727251347154
-0.000762529554776847
-0.00073383329436183
-0.000705797807313502
-0.000678905169479549
-0.000589083414524794
-0.000514730461873114
-0.000478460045997053
-0.000445043900981545
-0.000393371388781816
-0.000389569875551388
-0.000362112477887422
-0.000331184797687456
-0.000206667144084349
-1.39169205795042e-05
-0.000109641769086011
-7.105427357601e-15
-7.105427357601e-15
