-0.0
9.23637344385497e-09
-2.26947304327041e-06
-4.78635774925351e-06
-7.1295362431556e-06
-1.94694439414889e-06
-3.5066477721557e-07
-1.10981636680663e-06
-3.79973062081262e-06
-4.12355439038947e-06
-5.16574073117226e-06
-6.37311313766986e-06
-9.53062408370897e-06
-1.66857571457513e-05
-3.02240077871829e-05
-3.88984553865157e-05
-4.02458972530439e-05
-3.95629394915886e-05
-3.84695667889901e-05
-3.73356015188619e-05
-3.579890835681e-05
-3.4223008697154e-05
-3.58372635673732e-05
-3.55139309249353e-05
-3.56620948878117e-05
-3.67357097275089e-05
-3.74033916159533e-05
-3.81428508262616e-05
-3.90892382711172e-05
-4.04226593673229e-05
-4.24796853621956e-05
-4.70509367005434e-05
-4.8765170504339e-05
-5.10030004079454e-05
-5.40145811100956e-05
-5.82431930524763e-05
-6.46443222649395e-05
-7.28183367755264e-05
-7.75315056671388e-05
-8.11849458841607e-05
-8.27832263894379e-05
-8.36343679111451e-05
-8.40352004161105e-05
-8.42014123918489e-05
-8.42757581267506e-05
-8.4454397438094e-05
-8.45248650875874e-05
-8.42741137603298e-05
-8.38615524116904e-05
-8.27720505185425e-05
-8.05489544291049e-05
-7.71241611801088e-05
-7.59838876547292e-05
-7.4554278398864e-05
-7.25653444533236e-05
-6.9892339524813e-05
-6.69379223836586e-05
-6.40203288639896e-05
-6.13972079008818e-05
-5.75007979932707e-05
-5.28668351762462e-05
-4.85279415443074e-05
-4.57075366284698e-05
-4.39966097474098e-05
-4.27569648309145e-05
-4.16839866375085e-05
-4.01614342990797e-05
-3.79698467440903e-05
-4.04299971705768e-05
-3.60509875463322e-05
-2.77092294709291e-05
-2.32849997701123e-05
3.23418025800493e-05
3.6198238376528e-05
5.09774181409739e-05
5.66802409593947e-05
5.48785319551826e-05
5.28083801327739e-05
4.56303569080774e-05
4.22378980147187e-05
3.79925004381221e-05
3.24007742165122e-05
2.41368761635385e-05
1.99657079065219e-05
1.63213571795495e-05
1.25599399325438e-05
-1.73058215295896e-05
-2.45449009526055e-05
-2.66261195065454e-05
-2.5986631953856e-05
-2.40325316553935e-05
-2.11683691304643e-05
-2.08753554034047e-05
-2.5925208319677e-05
-3.56741293217055e-05
-3.80775272788014e-05
-4.08530831919052e-05
-4.41828742623329e-05
-4.83739167975727e-05
-5.39866450708359e-05
-6.25283937552013e-05
-7.986395212356e-05
-0.00010969843424391
-0.000124074140330777
-0.000141586235258728
-0.000161859585205093
-0.000177637382876128
-0.000190704216947779
-0.000206546814297326
-0.000218172310269438
-0.00022343332238961
-0.000228160235565156
-0.000231460842769593
-0.000232131817028858
-0.00023274018894881
-0.000233475439017639
-0.000234021848882549
-0.000234407838433981
-0.000234599443501793
-0.000234567749430425
-0.000234279446885921
-0.000233901708270423
-0.00023338056053035
-0.000232368125580251
-0.000230199395446107
-0.000226726217078976
-0.000219964524148963
-0.00021846141316928
-0.000216628861380741
-0.000212030950933695
-0.000203355826670304
-0.000200610724277794
-0.00019739379058592
-0.000193899395526387
-0.000191862913197838
-0.000190687569556758
-0.000190076767466962
-0.000189618411241099
-0.000187464800546877
-0.000184201358933933
-0.00017858856881503
-0.000171535895788111
-0.000169326332979836
-0.000166937519679777
-0.000164076598593965
-0.000160385228809901
-0.000155163259478286
-0.000146146747283638
-0.000143089113407768
-0.000139324372867122
-0.000130877044284716
-0.000115382950752974
-9.95570881059393e-05
-8.95092234713957e-05
-7.80026311986148e-05
-6.51355876470916e-05
-5.07492004544474e-05
-4.05614155170042e-05
-3.40764709108043e-05
-2.9396716854535e-05
-2.59697262663394e-05
-2.33896098507103e-05
-2.12706945603713e-05
-1.92366096598562e-05
-1.62381475092843e-05
-1.19259457278531e-05
-8.51237564347684e-06
-6.5602216636762e-06
-4.88590012537315e-06
-4.01259967475198e-06
-4.49991784989834e-06
-5.10066456627101e-06
-4.4946136767976e-06
6.82121026329696e-09
6.64970139041543e-06
3.24402208207175e-07
-7.81677590566687e-06
-1.18634779937565e-05
-2.57273968600202e-05
-3.18248457915615e-05
-4.21971308242064e-05
-5.13579652761109e-05
-0.000137470415211283
-0.000272571429377422
-0.00172324024606496
-0.00245866365730762
-0.00279880478046834
-0.00286417547613382
-0.00292581971734762
-0.00292832241393626
-0.00293477857485414
-0.00294098467566073
-0.00294727669097483
-0.00295369536615908
-0.00295981951057911
-0.00296418811194599
-0.00296841096132994
-0.00297365942969918
-0.00297721778042614
-0.00298016564920545
-0.00298278825357556
-0.00298436335287988
-0.00298673240467906
-0.00298744137398899
-0.00298683764412999
-0.00298223784193397
-0.0029745118226856
-0.00296042254194617
-0.00293094757944345
-0.00285185966640711
-0.00268872384913266
-0.0024217376485467
-0.00214268919080496
-0.00198134151287377
-0.00185320095624775
-0.00165760540403426
-0.00132318981923163
-0.000989328138530254
-0.000853471748996526
-0.00082554790424183
-0.00078806554665789
-0.000565917696803808
-0.000333724135998636
-0.000153546192450449
-8.34333945931576e-07
-1.08989320324326e-06
-1.60295689966006e-06
-2.31834405894915e-06
-3.2721859497542e-06
-4.67227346234722e-06
-5.59511590836337e-06
-5.59555519430432e-06
-4.30979071097681e-06
-2.65934909293719e-06
-1.53642940858845e-06
-1.45362764669699e-06
-3.85772000299767e-06
-4.98188137498801e-06
-6.10716142546153e-06
-6.52676772006089e-06
-5.88360626352369e-06
-4.27140457759378e-06
-2.67327436631604e-06
-7.83393261372112e-07
-1.19983440072247e-07
-4.34324050502255e-07
-1.15317288873484e-06
-1.6833625977597e-06
-2.06767299459898e-06
-2.07024800147337e-06
-1.58944715167308e-06
-9.23161451282795e-07
-3.5944384535469e-07
-1.04280005075452e-07
5.52958567823225e-10
6.04053198571819e-08
8.02889417172992e-08
1.86048367822877e-08
-3.9662086237513e-07
-8.11714926385321e-07
-2.60678746144549e-07
-2.05755668503116e-07
-8.23796781901365e-08
-3.53880977854715e-08
5.50356560324872e-09
-1.3715467162001e-07
-1.3715467162001e-07
