0.0
-4.73268094839064e-33
-2.77321646535711e-07
-1.80606514277315e-06
-4.40339954366209e-06
-4.97016935696593e-06
-5.5731493375788e-06
-5.90726722293766e-06
-6.55267194815679e-06
-7.53150379750878e-06
-8.44160877022659e-06
-8.67244307301007e-06
-9.04780699784169e-06
-9.5768091341597e-06
-9.72432280832436e-06
-1.00853649200872e-05
-9.57686916081002e-06
-8.29730106488569e-06
-8.01307578512933e-06
-7.70287442719564e-06
-8.33310059533687e-06
-8.38826508697821e-06
-8.41408291307744e-06
-8.41774090076797e-06
-8.40335451357532e-06
-8.35402352095116e-06
-8.27831900096498e-06
-8.18449734651949e-06
-8.08574077382218e-06
-7.98762175691081e-06
-7.88990018918412e-06
-7.7941676863702e-06
-7.7233753472683e-06
-7.76028082327684e-06
-7.7946824603714e-06
-7.82458209869219e-06
-7.80588470661314e-06
-7.71293616708135e-06
-7.59169188313535e-06
-7.53561334931874e-06
-7.45880925023812e-06
-7.61976843932644e-06
-7.88130546425236e-06
-8.06035404821159e-06
-7.98014752945164e-06
-7.48939100958523e-06
-5.53553354620817e-06
-4.28134353569476e-06
-2.34058529713366e-06
-2.82331416201487e-06
-3.44480258718249e-06
-3.37766641678172e-06
-2.8754102459061e-06
-2.62530033978692e-06
-2.204021484431e-06
-2.04384468815988e-06
-1.79069820660516e-06
-1.69387146797817e-06
-1.31941294512217e-06
-1.29525153624854e-06
-1.27049418097158e-06
-1.26455574900319e-06
-1.25470808143291e-06
-1.24383416277851e-06
-1.2413070180628e-06
-1.23851623357041e-06
-1.23573727250914e-06
-1.23291158615757e-06
-1.22861945328623e-06
-1.22748008379858e-06
-1.226355379913e-06
-1.22525841561583e-06
-1.2235823305673e-06
-1.22183564599254e-06
-1.22013830150536e-06
-1.2196981060697e-06
-1.21925404528156e-06
-1.21882783332694e-06
-1.21838115774153e-06
-1.21795324048435e-06
-1.21750383641483e-06
-1.21717516776698e-06
-1.21684797704802e-06
-1.21651976314752e-06
-1.21602204217197e-06
-1.2156366437921e-06
-1.21557081911305e-06
-1.21555319765321e-06
-1.21553955523268e-06
-1.21552977816464e-06
-1.21552250220702e-06
-1.2155148851889e-06
-1.21550942822068e-06
-1.21550522180769e-06
-1.21550101539469e-06
-1.21549794585007e-06
-1.21549476261862e-06
-1.21549157938716e-06
-1.21548850984254e-06
-1.21548544029793e-06
-1.21548225706647e-06
-1.21547907383501e-06
-1.21547441267467e-06
-1.21546725040389e-06
-1.21546020181995e-06
-1.21545326692285e-06
-1.21544610465207e-06
-1.21543916975497e-06
-1.2154320074842e-06
-1.2154268915765e-06
-1.21542279885034e-06
-1.21541881981102e-06
-1.2154148407717e-06
-1.21541097541922e-06
-1.2154069963799e-06
-1.21540290365374e-06
-1.21539892461442e-06
-1.21539505926194e-06
-1.21539096653578e-06
-1.2153871011833e-06
-1.21538414532552e-06
-1.2153810757809e-06
-1.21537811992312e-06
-1.21537368613645e-06
-1.21536925234977e-06
-1.2153648185631e-06
-1.21535799735284e-06
-1.21534810659796e-06
-1.21533275887487e-06
-1.21531002150732e-06
-1.21528739782661e-06
-1.21526522889326e-06
-1.21523066809459e-06
-1.21520531592978e-06
-1.21518667128839e-06
-1.21516757189966e-06
-1.2151532473581e-06
-1.21513858175604e-06
-1.21512448458816e-06
-1.21511016004661e-06
-1.21509935979702e-06
-1.21508855954744e-06
-1.21507241601648e-06
-1.21504831440689e-06
-1.2150115935583e-06
-1.21495781968406e-06
-1.21487653359509e-06
-1.21479274639569e-06
-1.2147930874562e-06
-1.2147921779615e-06
-1.2147921779615e-06
-1.21479138215363e-06
-1.2147912684668e-06
-1.21479138215363e-06
-1.21478990422474e-06
-1.21479047265893e-06
-1.21479024528526e-06
-1.21467235203454e-06
-1.21467076041881e-06
-1.21466939617676e-06
-1.21466985092411e-06
-1.21466905511625e-06
-1.21466848668206e-06
-1.21466666769265e-06
-1.21466712244001e-06
-1.21457344448572e-06
-1.21457253499102e-06
-1.21457071600162e-06
-1.21457071600162e-06
-1.21457071600162e-06
-1.2145435448474e-06
-1.2145426353527e-06
-1.21454195323167e-06
-1.214541725858e-06
-1.21454183954484e-06
-1.21448238132871e-06
-1.21448215395503e-06
-1.21447772016836e-06
-1.21447737910785e-06
-1.21447828860255e-06
-1.21447942547093e-06
-1.21447840228939e-06
-1.21447919809725e-06
-1.2144787433499e-06
-1.21447612855263e-06
-1.21447612855263e-06
