0.0
5.5226088175078e-31
1.83738634973452e-07
1.67026098552014e-06
7.53239146433771e-06
1.62554151756922e-05
2.50037392106606e-05
4.4363066990627e-05
7.85171723691747e-05
0.000120502394565847
0.000173351494595408
0.000255107443081215
0.000343907973729074
0.000432649161666632
0.000516689266078174
0.000598895770963281
0.000682406476698816
0.000760173890739679
0.00084172748029232
0.000915425654966384
0.000985379796475172
0.0010517513146624
0.00111758662387729
0.00118018803186715
0.00123729452025145
0.00129520741757005
0.00135067536029965
0.00140316342003644
0.00145127379801124
0.00149602943565696
0.00154116761405021
0.00158401497174054
0.00162449188064784
0.00166269508190453
0.00169870257377625
0.00173180631827563
0.00176269188523293
0.00179142027627677
0.00181798508856446
0.00184240576345474
0.00186474819201976
0.00188404915388674
0.00190132518764585
0.00191658572293818
0.00192985380999744
0.00194119045045227
0.00195110193453729
0.00195744750089943
0.00197263294830918
0.00197832216508687
0.00197929609566927
0.00197848887182772
0.00197595707140863
0.00197407463565469
0.00197186740115285
0.00197185366414487
0.00196134625002742
0.00194923859089613
0.00193632883019745
0.00193640985526145
0.0019207150908187
0.00190428702626377
0.00188702961895615
0.00188635021913797
0.00186837336514145
0.00185402156785131
0.00184977857861668
0.00183240289334208
0.00181447819340974
0.00181442697066814
0.00179646455217153
0.00177682063076645
0.00177683937363327
0.00175721081905067
0.00174820574466139
0.00173756980802864
0.00171790842432529
0.00171439163386822
0.00169824564363807
0.00167894770856947
0.00167861219961196
0.00165714148897678
0.00165425008162856
0.00163569732103497
0.00162272504530847
0.0016142352251336
0.00159276253543794
0.00159274926409125
0.00157125969417393
0.00157079997006804
0.00154975638724864
0.00152644631452858
0.00152626750059426
0.00150357943493873
0.00150280189700425
0.00148139253724366
0.00147934374399483
0.00145591306500137
0.00145593541674316
0.00143246387597173
0.00143245479557663
0.00140895368531346
0.00140891934279352
0.00137751724105328
0.00137752050068229
