0.0
3.08834668949487e-09
3.65501733767815e-07
7.01820408721687e-06
1.99975183932111e-05
3.80101446353365e-05
6.94426780682988e-05
0.000126255050417967
0.000193266037967987
0.000273920362815261
0.000359028053935617
0.000468293117592111
0.000591355201322585
0.000617261044681072
0.000644634244963527
0.00067265285179019
0.000701315177138895
0.000730580883100629
0.000760010443627834
0.000790073827374727
0.000813137041404843
0.000836017658002675
0.000858726212754846
0.000881347630638629
0.000903306005056947
0.000924546911846846
0.000939771416597068
0.000953819020651281
0.000957199081312865
0.000960090954322368
0.000960260513238609
0.000960423261858523
0.000960584671702236
0.000960812845733017
0.000961132347583771
0.000961241603363305
0.000961393350735307
0.000961598299909383
0.000961830432061106
0.000961972866207361
0.000962072052061558
0.000962131540291011
0.000962168327532709
0.000962193764280528
0.000962222751695663
0.000962251564487815
0.000962270947638899
0.000962277117650956
0.000962286023423076
0.000962299352977425
0.000962303951382637
0.000962310819886625
0.000962317630182952
0.000962326652370393
0.000962329155299813
0.000962333986535668
0.000962338643148541
0.000962342950515449
0.000962350226473063
0.000962356338277459
0.000962363206781447
0.000962369958870113
0.000962376245297492
0.000962385500315577
0.00096239906270057
0.000962414254900068
0.000962427468039095
0.000962428166531026
0.000962429272476584
0.000962430553045124
0.000962431309744716
0.000962432532105595
0.0009624341619201
0.000962435849942267
0.000962436199188232
0.000962437014095485
0.000962438003625721
0.000962439633440226
0.000962443649768829
0.000962444231845438
0.000962445279583335
0.000962446501944214
0.000962447782512754
0.000962449703365564
0.000962452206294984
0.000962456222623587
0.000962464255280793
0.000962473859544843
0.000962486548814923
0.000962523510679603
0.00096262275474146
0.000962654012255371
0.000962638936471194
0.000962577585596591
0.000962546851951629
0.000962513440754265
0.000962459831498563
0.000962400750722736
0.000962301157414913
0.000962153193540871
0.0009619434713386
0.000961608602665365
0.000961063720751554
0.000960480014327914
0.000959795783273876
0.000959214754402637
0.000958846358116716
0.00095884274924174
0.000958844379056245
0.000958848570007831
0.000958853692281991
0.000958855380304158
0.000958851247560233
0.000958849443122745
0.000958853226620704
0.000958863645792007
0.000958871387410909
0.000958870863541961
0.000958876451477408
0.000958881864789873
0.000958884716965258
0.000958886172156781
0.000958880002144724
0.000958866323344409
0.000958851887844503
0.000958840129896998
0.000958832155447453
0.000958834541961551
0.000958850025199354
0.000958850025199354
