-0.000000
0.000000
0.000000
0.542102
0.810842
0.886456
1.503531
2.252505
2.403632
2.459662
2.544046
2.576508
2.609477
2.643355
2.677904
2.713875
2.750331
2.787099
2.824068
2.833291
2.842503
2.856309
2.876843
2.907374
2.952503
2.996519
3.039869
3.056000
3.080036
3.088999
3.102439
3.123776
3.146961
3.169909
3.203943
3.254025
3.303107
3.351228
3.398315
3.444390
3.489533
3.536525
3.584275
3.631494
3.678138
3.724029
3.768856
3.812383
3.875243
3.991444
4.115928
4.232582
4.343530
4.396587
4.399445
4.401294
4.401664
4.402026
4.402333
4.402598
4.402824
4.403000
4.403004
4.402772
4.402158
4.401133
4.400720
4.400310
4.399910
4.399364
4.398559
4.397468
4.396213
4.395416
4.394956
4.394868
4.394983
4.395216
4.395430
4.395895
4.396373
4.396990
4.397674
4.398415
4.399522
4.401204
4.403768
4.407892
4.414996
4.423335
4.430939
4.438451
4.445686
4.452697
4.459466
4.465928
4.467485
4.469038
4.470559
4.472073
4.473537
4.474891
4.475970
4.476663
4.476712
4.475893
4.474310
4.472822
4.472873
4.473529
4.474184
4.474854
4.475937
4.478061
4.480900
4.484127
4.486991
4.489781
4.494358
4.499064
4.504044
4.509102
4.514252
4.522052
4.533895
4.545651
4.557458
4.569334
4.581326
4.593460
4.606077
4.619064
4.632074
4.645060
4.657770
4.670037
4.682278
4.694556
4.713084
4.740741
4.768251
4.795382
4.835961
4.876175
4.915911
4.955607
5.004853
5.019605
5.034200
5.048645
5.062935
5.077033
5.090923
5.104680
5.125066
5.145228
5.165135
5.184817
5.204233
5.223325
5.251547
5.292792
5.332894
5.372142
5.429373
5.484568
5.498003
5.517890
5.519746
5.521593
5.521593
5.521600
5.521604
5.521604
5.521604
5.521604
5.521604
5.521606
5.521605
5.521606
5.521607
5.521607
5.521607
5.521607
5.521608
5.521608
5.521608
5.521609
5.521608
5.521608
5.521609
5.521609
5.521610
5.521610
5.521610
5.521611
5.521612
5.521612
5.521612
5.521612
5.521613
5.521614
5.521614
5.521614
5.521615
5.521615
5.521615
5.521615
5.521616
5.521616
5.521616
5.521616
5.521616
5.521617
5.521617
5.521617
5.521617
5.521618
5.521617
5.521618
5.521618
5.521618
5.521619
5.521619
5.521619
5.521619
5.521619
5.521620
5.521620
5.521620
5.521620
5.521621
5.521621
5.521621
5.521621
5.521621
5.521621
5.521623
5.521622
5.521622
5.521623
5.521624
5.521624
5.521624
5.521625
5.521625
5.521625
5.521626
5.521626
5.521626
5.521626
5.521627
5.521628
5.521628
5.521628
5.521629
5.521628
5.521629
5.521629
5.521629
5.521629
5.521629
5.521629
5.521630
5.521630
5.521630
5.521630
5.521631
5.521631
5.521632
5.521632
5.521633
5.521633
5.521633
5.521633
5.521634
5.521634
5.521634
5.521634
5.521634
5.521634
5.521635
5.521636
5.521636
5.521636
5.521636
5.521636
5.521636
5.521637
5.521637
5.521637
5.521637
5.521637
5.521638
5.521638
5.521638
5.521638
5.521638
5.521639
5.521638
5.521638
5.521639
5.521639
5.521639
5.521640
5.521641
5.521642
5.521642
5.521643
5.521644
5.521643
5.521644
5.521644
5.521645
5.521645
5.521645
5.521645
5.521645
5.521646
5.521647
5.521646
5.521646
5.521646
5.521647
5.521647
5.521648
5.521648
5.521648
5.521648
5.521648
5.521649
5.521649
5.521649
5.521649
5.521651
5.521650
5.521650
5.521651
5.521651
5.521651
5.521651
5.521651
5.521652
5.521653
5.521653
5.521653
5.521653
5.521653
5.521653
5.521654
5.521654
5.521654
5.521654
5.521655
5.521655
5.521655
5.521656
5.521656
5.521656
5.521656
5.521656
5.521656
5.521657
5.521657
5.521658
5.521657
5.521658
5.521658
5.521658
5.521660
5.521660
5.521660
5.521660
5.521660
5.521661
5.521661
5.521661
5.521662
5.521661
5.521662
5.521662
5.521662
5.521663
5.521663
5.521663
5.521664
5.521664
5.521664
5.521664
5.521665
5.521665
5.521665
5.521667
5.521667
5.521666
5.521666
5.521667
5.521667
5.521668
5.521668
5.521668
5.521668
5.521668
5.521668
5.521668
5.521668
5.521668
5.521669
5.521670
5.521670
5.521670
5.521670
5.521671
5.521670
5.521671
5.521671
5.521671
5.521671
5.521672
5.521673
5.521673
5.521673
5.521674
5.521673
5.521675
5.521675
5.521675
5.521676
5.521676
5.521676
5.521677
5.521676
5.521677
5.521678
5.521678
5.521677
5.521678
5.521678
5.521678
5.521678
5.521678
5.521678
5.521679
5.521679
5.521679
5.521679
5.521679
5.521679
5.521679
5.521681
5.521681
5.521681
5.521681
5.521681
5.521681
5.521681
5.521682
5.521682
5.521682
5.521682
5.521683
5.521683
5.521683
5.521683
5.521684
5.521685
5.521686
5.521686
5.521686
5.521687
5.521687
5.521687
5.521687
5.521687
5.521687
5.521687
5.521687
5.521687
5.521688
5.521689
5.521689
5.521690
5.521691
5.521691
5.521691
5.521691
5.521692
5.521692
5.521692
5.521693
5.521693
5.521693
5.521693
5.521693
5.521694
5.521694
5.521694
5.521694
5.521696
5.521695
5.521696
