0
0.561913
1.229068
1.585121
1.833242
2.161276
2.600401
2.918403
3.160364
3.359979
3.522483
3.796932
4.182833
4.467272
4.873345
5.530809
6.318836
7.479247
8.217391
8.244481
8.300573
8.140956
7.961427
7.811905
7.825626
7.672291
7.534013
7.404969
7.402224
7.251685
7.101533
6.938987
6.78971
6.636331
6.473412
6.343391
6.199214
6.044747
5.891068
5.764084
5.650742
5.510028
5.362647
5.254108
5.105739
4.959778
4.844699
4.703656
4.551386
4.439907
4.288858
4.143261
4.053306
3.916817
3.82729
3.694148
3.598207
3.474168
3.36771
3.251087
3.129348
3.01981
2.880504
2.783964
2.664225
2.568475
2.476179
2.359763
2.255413
2.151363
2.063614
1.953526
1.870896
1.760748
1.681727
1.570391
1.4875
1.39995
1.297688
1.219848
1.126269
1.049999
0.967942
0.886271
0.808367
0.718401
0.641633
0.562037
0.473622
0.393973
0.306584
0.222568
0.152993
0.145735
0.13781
0.144249
0.149398
0.151053
0.154472
0.155752
0.160557
0.16565
0.168175
0.173261
0.180378
0.184324
0.185745
0.189034
0.189971
0.188616
0.188126
