0.0
5.44134024949017e-07
1.02644326034351e-05
3.03009146591648e-05
6.41395236016251e-05
0.000106508290627971
0.000152149863424711
0.000198944879230112
0.000251953781116754
0.000267755764070898
0.000293666322249919
0.000322109641274437
0.000352783361449838
0.000384847866371274
0.000418152310885489
0.000426683487603441
0.000427219056291506
0.00042775459587574
0.000428290688432753
0.00042882704292424
0.00042936354293488
0.000430168845923617
0.000431377382483333
0.000433194218203425
0.000435014138929546
0.000436836940934882
0.00043957558227703
0.000443694909336045
0.00044782625627704
0.000451967818662524
0.000456119509181008
0.00046028004726395
0.000460670707980171
0.000460670707980171
