0.0
4.97787198128208e-07
1.49315610542544e-06
2.07182802114403e-06
2.0588850020431e-06
2.04997854780231e-06
2.08768960874295e-06
2.49751315095637e-06
2.81432653537195e-06
3.01005866276682e-06
2.98509144158743e-06
2.89355239146971e-06
2.69348447545781e-06
2.46650461122044e-06
2.37826452575973e-06
2.36904270423111e-06
2.37715266848681e-06
2.38207303482341e-06
2.38735856328276e-06
2.39459677686682e-06
2.40865938394563e-06
2.40916347138409e-06
2.40954136643268e-06
2.40989902522415e-06
2.41023712987953e-06
2.4107180252031e-06
2.41141651713406e-06
2.41244742937852e-06
2.41389625443844e-06
2.41607699535962e-06
2.4191992906708e-06
2.424135345791e-06
2.43164436142251e-06
2.44196849052969e-06
2.44257626036415e-06
2.44299121732183e-06
2.44336524701794e-06
2.44392367676483e-06
2.44487659983861e-06
2.44608327193419e-06
2.44767466028861e-06
2.44866578213987e-06
2.44977968577587e-06
2.45056889980333e-06
2.45076444116421e-06
2.4509533886885e-06
2.45113460550783e-06
2.4511589344911e-06
2.45062665271689e-06
2.44987995756674e-06
2.450629381201e-06
2.45049977820599e-06
2.44899911194807e-06
2.44721695707995e-06
2.44633383772452e-06
2.44625880441163e-06
2.44721559283789e-06
2.4493608634657e-06
2.45288697442447e-06
2.45770047513361e-06
2.46437502937624e-06
2.47504976869095e-06
2.49117329076398e-06
2.51045821642037e-06
2.54287442658097e-06
2.59349531006592e-06
2.68214193965832e-06
2.79370306088822e-06
2.89366721517581e-06
2.91376522909559e-06
2.9352027013374e-06
2.96695634460775e-06
2.98735994874733e-06
2.99374687529053e-06
3.00125157082221e-06
3.00178999168565e-06
2.99966313832556e-06
2.99783027912781e-06
2.99725616059732e-06
2.99659291158605e-06
2.9957841434225e-06
2.99477778753499e-06
2.99346925203281e-06
2.99179669127625e-06
2.98944360110909e-06
2.98680674859497e-06
2.98425629807753e-06
2.98111467600393e-06
2.97880797006655e-06
2.97709652841149e-06
2.97541510008159e-06
2.9743150662398e-06
2.97362089440867e-06
2.97318979392003e-06
2.97293036055635e-06
2.97275892080506e-06
2.97269707516534e-06
2.97268002213968e-06
2.97270480587031e-06
2.97255087389203e-06
2.97053907161171e-06
2.96692405754584e-06
2.96252846965217e-06
2.9578875455627e-06
2.95064251076838e-06
2.94010237666953e-06
2.92583604277752e-06
2.90699176730413e-06
2.88190381070308e-06
2.8486060728028e-06
2.80472545455268e-06
2.7734452032746e-06
2.71418844022264e-06
2.55110103353218e-06
2.27180998990661e-06
1.99341593543068e-06
1.53438452343835e-06
8.81131143160019e-07
4.31439048043103e-07
3.01499653687642e-07
4.07341188557453e-10
4.25485979782536e-10
4.19691725817017e-10
4.08433148413323e-10
4.02886307648842e-10
3.97988558775708e-10
3.94298788064518e-10
4.26989055224425e-10
4.49669829150068e-10
4.70767813620654e-10
4.8905635097185e-10
4.93778351540186e-10
5.08591002645886e-10
4.90834761723846e-10
4.93470986295819e-10
4.88324436442866e-10
4.90337437319965e-10
4.63961619123765e-10
4.33036689839739e-10
4.03690331163276e-10
3.84257237140417e-10
4.1142733664401e-10
4.40780800747831e-10
4.85871454181108e-10
4.94854046628745e-10
5.06681030465472e-10
5.07622666123808e-10
4.87444029584339e-10
4.89090712374463e-10
4.99561614297761e-10
4.93210694507695e-10
4.56521404013088e-10
4.03733185772026e-10
3.25784954569031e-10
2.87853352265444e-10
2.52366488817657e-10
2.36514835494361e-10
2.18503992677199e-10
2.1793936100245e-10
2.41909436926591e-10
2.09433442810436e-10
2.15338746833993e-10
1.98867922129864e-10
1.97935168255725e-10
1.91070978483587e-10
1.7496180892973e-10
1.68113009624271e-10
1.6653094181418e-10
1.86408555258311e-10
1.56915841431626e-10
1.42124464974636e-10
1.34055627709628e-10
9.40702585272568e-11
6.44183942299925e-11
2.90074960579423e-11
3.64300690308683e-12
0.0
0.0
