0.0
1.16198251345733e-31
1.08051418687066e-32
1.95535756383931e-32
3.01965955302861e-32
3.57894712858559e-32
4.66202999101798e-32
6.07041210713083e-32
7.06116165154766e-32
8.46587093556136e-32
1.02559625160091e-31
1.16467768690489e-31
4.44657644038671e-07
2.81514689959295e-06
6.33966737950686e-06
7.3073128987744e-06
8.28485281090252e-06
9.80233198788483e-06
1.21323237181059e-05
1.49429242810584e-05
1.76917492353823e-05
2.02939172595507e-05
2.52157587965485e-05
3.2196785468841e-05
3.85528182960115e-05
4.44663892267272e-05
5.0818853196688e-05
6.12811272731051e-05
7.0615264121443e-05
8.13907099654898e-05
9.72003981587477e-05
0.000120381751912646
0.000154302833834663
0.000187062498298474
0.000236277119256556
0.000282336346572265
0.000329432368744165
0.000377033924451098
0.000423628371208906
0.000469130784040317
0.000521248381119221
0.000573162687942386
0.000636560493148863
0.000686720304656774
0.000735804555006325
0.000783718074671924
0.000831494340673089
0.000894211931154132
0.000942496466450393
0.000987340114079416
0.00102959654759616
0.00107055075932294
0.00111268169712275
0.00115522183477879
0.0011934363283217
0.00122828932944685
0.00126979814376682
0.00130324170459062
0.00133683276362717
0.0013741347938776
0.0014034042833373
0.00143479893449694
0.00146861781831831
0.001494224765338
0.00152651313692331
0.00155185617040843
0.00158070691395551
0.00160549965221435
0.00163072894793004
0.00165526813361794
0.00167081726249307
0.00170104228891432
0.00171446648892015
0.00174323923420161
0.00175472162663937
0.00178170285653323
0.00178851711098105
0.00181461870670319
0.00181900418829173
0.00184364314191043
0.00185181456618011
0.00186905113514513
0.00187150563579053
0.00189095176756382
0.00190693710464984
0.00190942839253694
0.00192893878556788
0.00192448939196765
0.00194270827341825
0.00193205766845495
0.00194893428124487
0.0019646305590868
0.00195229623932391
0.00196745549328625
0.00196758448146284
0.00196669297292829
0.00197920249775052
0.00196285080164671
0.00197490165010095
0.00197089836001396
0.00196673511527479
0.00197701016440988
0.00195669499225914
0.00196482753381133
0.0019699998665601
0.00194415415171534
0.00195148272905499
0.00195830035954714
0.0019271548371762
0.00193300843238831
0.00193838216364384
0.00190557888709009
0.00190976075828075
0.00191014364827424
