0.0
0.00100000004749745
0.0020000000949949
0.00300000002607703
0.00400000018998981
0.00499999988824129
0.00600000005215406
0.00700000021606684
0.00800000037997961
0.00899999961256981
0.00999999977648258
0.0109999999403954
0.0120000001043081
0.0130000002682209
0.0140000004321337
0.0142500000074506
0.0144999995827675
0.014750000089407
0.0149999996647239
0.0152500001713634
0.0154999997466803
0.0157500002533197
0.0161249991506338
0.016499999910593
0.0168750006705523
0.0172499995678663
0.0176250003278255
0.0179999992251396
0.0183749999850988
0.0187500007450581
0.0193124990910292
0.0201562494039536
0.0209999997168779
0.0218437500298023
0.0226875003427267
0.0235312506556511
0.0243749991059303
0.0252187494188547
0.0260624997317791
0.0269062500447035
0.0279062502086163
0.028906250372529
0.0299062505364418
0.0309062507003546
0.0319062508642673
0.032906249165535
0.0339062511920929
0.0349062494933605
0.0359062515199184
0.0369062498211861
0.037906251847744
0.0389062501490116
0.0399062484502792
0.0409062504768372
0.0419062487781048
0.0429062508046627
0.0439062491059303
0.0449062511324883
0.0459062494337559
0.0469062514603138
0.0479062497615814
0.0489062517881393
0.049906250089407
0.0509062483906746
0.0519062504172325
0.0529062487185001
0.0539062507450581
0.0549062490463257
0.0559062510728836
0.0569062493741512
0.0579062514007092
0.0589062497019768
0.0599062517285347
0.0609062500298023
0.0619062483310699
0.0629062503576279
0.0639062523841858
0.0649062469601631
0.065906248986721
0.066906251013279
0.0679062530398369
0.0689062476158142
0.0699062496423721
0.0709062516689301
0.071906253695488
0.0729062482714653
0.0739062502980232
0.0749062523245811
0.0759062469005585
0.0769062489271164
0.0779062509536743
0.0789062529802322
0.0799062475562096
0.0809062495827675
0.0819062516093254
0.0829062536358833
0.0839062482118607
0.0849062502384186
0.0859062522649765
0.0869062468409538
0.0879062488675117
0.0889062508940697
0.0899062529206276
0.0909062474966049
0.0919062495231628
0.0929062515497208
0.0939062535762787
0.094906248152256
0.0959062501788139
0.0969062522053719
0.0979062467813492
0.0989062488079071
0.099906250834465
0.100000001490116
