0.0
0.0
1.3792172239846e-06
1.80074050604162e-06
1.99910209630616e-06
1.8891369109042e-06
2.17206343222642e-06
2.66747520072386e-06
3.09218944494205e-06
3.52956521965098e-06
4.09334779760684e-06
4.87220904688002e-06
5.01911517858389e-06
5.25734731127159e-06
5.71277769267908e-06
5.8776349760592e-06
6.10864117334131e-06
6.55944040772738e-06
7.32325679564383e-06
7.55833343646373e-06
7.91221373219742e-06
8.3923659985885e-06
9.31435442907969e-06
9.63652746577282e-06
1.03611009762972e-05
1.08202484625508e-05
1.11896106318454e-05
1.13293372123735e-05
1.1377355804143e-05
1.14284484880045e-05
1.14783697426901e-05
1.14865679279319e-05
1.14939584818785e-05
1.15003867904306e-05
1.15054590423824e-05
1.15052198452759e-05
1.1499516404001e-05
1.14966696855845e-05
1.14919557745452e-05
1.1484265087347e-05
1.14692129500327e-05
1.14330869109835e-05
1.13813621283043e-05
1.13631294880179e-05
1.13438682092237e-05
1.13230998977087e-05
1.130173313868e-05
1.12790794446482e-05
1.12559737317497e-05
1.12320485641249e-05
1.11952267616289e-05
1.11571434899815e-05
1.11170802483684e-05
1.10764167402522e-05
1.10345681605395e-05
1.10175451482064e-05
1.09921093098819e-05
1.09536704258062e-05
1.09387256088667e-05
1.0916306564468e-05
1.08825715869898e-05
1.08316708065104e-05
1.07542800833471e-05
1.07234491224517e-05
1.06756806417252e-05
1.06248216980021e-05
1.05845529105864e-05
1.05423532659188e-05
1.04973214547499e-05
1.04606942841201e-05
1.03996444522636e-05
1.03267766462523e-05
1.02346739367931e-05
1.01043451650185e-05
9.95259597402764e-06
9.80419281404465e-06
9.61857767833862e-06
9.42037058848655e-06
9.22346680454211e-06
8.96734945854405e-06
8.7567404989386e-06
8.57573468238115e-06
8.3915456343675e-06
7.92289574746974e-06
7.60480497774552e-06
7.36870106265997e-06
7.16477279638639e-06
7.11565644451184e-06
7.06514492776478e-06
7.00927739671897e-06
6.94110531185288e-06
6.85411896483856e-06
6.77598018228309e-06
6.7066794144921e-06
6.61876538288197e-06
6.51360187475802e-06
6.42897884972626e-06
6.37057109997841e-06
6.33171384833986e-06
6.30193426331971e-06
6.27642293693498e-06
6.22727475274587e-06
6.21682511336985e-06
6.20523951511132e-06
6.18273179497919e-06
6.15449471297325e-06
6.11868563282769e-06
6.08266373092192e-06
6.04955130256712e-06
6.01520059717586e-06
5.98899077886017e-06
5.97143844061065e-06
5.9593530750135e-06
5.95118035562336e-06
5.94574748902232e-06
5.94222910876852e-06
5.94004723097896e-06
5.93887034483487e-06
5.93847289565019e-06
5.93951017435757e-06
5.94207585891127e-06
5.94678522247705e-06
5.95403707848163e-06
5.96417248743819e-06
5.9798230722663e-06
6.00162593400455e-06
6.03308762947563e-06
6.07367564953165e-06
6.11805899097817e-06
6.13584688835545e-06
6.1401046878018e-06
6.08635900789523e-06
5.9691278693208e-06
5.82286293138168e-06
5.6754911383905e-06
5.48457865079399e-06
5.2574832807295e-06
5.07543290950707e-06
4.88324394609663e-06
4.62764410258387e-06
4.27661643698229e-06
3.91221146855969e-06
3.58020815838245e-06
3.26226745528402e-06
2.93644302473695e-06
2.62800926975615e-06
2.33910964198003e-06
2.04830121219857e-06
1.74120896190288e-06
1.39507619678625e-06
1.00261991065054e-06
6.12533426647133e-07
3.53782866113761e-07
2.16134466768381e-07
1.2917722358452e-07
1.53269525071664e-07
2.68186738594522e-07
4.35033257417672e-07
6.45300133328419e-07
9.02250690160145e-07
1.19164303669095e-06
1.49589379816462e-06
1.72801173903281e-06
6.72567466608598e-07
0.0
4.29528611842808e-14
0.0
0.0
0.0
0.0
0.0
0.0
0.0
0.0
0.0
0.0
0.0
0.0
0.0
0.0
0.0
0.0
0.0
0.0
0.0
0.0
0.0
0.0
0.0
0.0
0.0
0.0
0.0
0.0
0.0
0.0
0.0
0.0
0.0
0.0
0.0
0.0
0.0
0.0
0.0
0.0
0.0
0.0
0.0
0.0
0.0
0.0
0.0
0.0
0.0
0.0
0.0
0.0
0.0
0.0
0.0
0.0
0.0
0.0
0.0
0.0
0.0
0.0
0.0
0.0
0.0
0.0
0.0
0.0
0.0
0.0
0.0
0.0
0.0
0.0
0.0
0.0
0.0
0.0
0.0
0.0
0.0
0.0
0.0
0.0
0.0
0.0
0.0
0.0
0.0
0.0
0.0
0.0
0.0
0.0
0.0
0.0
0.0
0.0
0.0
0.0
0.0
0.0
0.0
0.0
0.0
0.0
0.0
0.0
0.0
0.0
0.0
0.0
0.0
0.0
0.0
0.0
0.0
0.0
0.0
0.0
0.0
0.0
0.0
0.0
0.0
0.0
0.0
0.0
0.0
0.0
0.0
0.0
0.0
0.0
0.0
0.0
0.0
0.0
0.0
0.0
0.0
0.0
0.0
0.0
0.0
0.0
0.0
0.0
0.0
0.0
0.0
0.0
0.0
0.0
0.0
0.0
0.0
0.0
0.0
0.0
0.0
0.0
0.0
0.0
0.0
0.0
0.0
0.0
0.0
0.0
0.0
0.0
0.0
0.0
0.0
0.0
0.0
0.0
0.0
0.0
0.0
0.0
0.0
0.0
0.0
0.0
0.0
0.0
0.0
0.0
0.0
0.0
0.0
0.0
0.0
0.0
0.0
0.0
0.0
0.0
0.0
0.0
0.0
0.0
0.0
0.0
0.0
0.0
0.0
0.0
0.0
0.0
0.0
0.0
0.0
0.0
0.0
0.0
0.0
0.0
0.0
0.0
0.0
0.0
0.0
0.0
0.0
0.0
0.0
0.0
0.0
0.0
0.0
0.0
0.0
0.0
0.0
0.0
0.0
0.0
0.0
0.0
0.0
0.0
0.0
0.0
0.0
0.0
0.0
0.0
0.0
0.0
0.0
0.0
0.0
0.0
0.0
0.0
0.0
0.0
0.0
0.0
0.0
0.0
0.0
0.0
0.0
0.0
0.0
0.0
0.0
0.0
0.0
0.0
0.0
0.0
0.0
0.0
0.0
0.0
0.0
0.0
0.0
0.0
0.0
0.0
0.0
0.0
0.0
0.0
0.0
0.0
0.0
0.0
0.0
0.0
0.0
0.0
0.0
0.0
0.0
0.0
0.0
0.0
0.0
0.0
0.0
0.0
0.0
0.0
0.0
0.0
0.0
0.0
0.0
0.0
0.0
0.0
0.0
0.0
0.0
0.0
0.0
0.0
0.0
0.0
0.0
0.0
0.0
0.0
0.0
0.0
0.0
0.0
0.0
