0.0
3.77962464881421e-07
1.50895766637404e-06
3.87774980481481e-06
6.69615656079259e-06
1.00873412520741e-05
1.02228150353767e-05
1.02388557934319e-05
1.02733238236397e-05
1.08189560705796e-05
1.23094869195484e-05
1.35793507070048e-05
1.45723970490508e-05
1.52107531903312e-05
1.5725483535789e-05
1.5725483535789e-05
1.5725483535789e-05
1.5725483535789e-05
1.5725483535789e-05
1.5725483535789e-05
1.5725483535789e-05
1.5725483535789e-05
1.5725483535789e-05
1.5725483535789e-05
1.5725483535789e-05
1.5725483535789e-05
1.5725483535789e-05
1.5725483535789e-05
1.5725483535789e-05
1.5725483535789e-05
1.5725483535789e-05
1.5725483535789e-05
1.5725483535789e-05
1.5725483535789e-05
1.5725483535789e-05
1.5725483535789e-05
1.5725483535789e-05
1.5725483535789e-05
1.5725483535789e-05
1.5725483535789e-05
1.5725483535789e-05
1.5725483535789e-05
1.5725483535789e-05
1.5725483535789e-05
1.5725483535789e-05
1.5725483535789e-05
1.5725483535789e-05
1.57608556037303e-05
1.58412094606319e-05
1.59600585902808e-05
1.59803948918125e-05
1.59902356244856e-05
1.5990701285773e-05
1.59907140186988e-05
1.59907140186988e-05
1.59907140186988e-05
1.59907140186988e-05
1.59907158376882e-05
1.59907158376882e-05
1.59907158376882e-05
1.59907158376882e-05
1.59907176566776e-05
1.59907212946564e-05
1.59907231136458e-05
1.59907231136458e-05
1.59907231136458e-05
1.59907231136458e-05
1.59907231136458e-05
1.59907249326352e-05
1.59907249326352e-05
1.5990728570614e-05
1.59907322085928e-05
1.59907340275822e-05
1.5990737665561e-05
1.59907413035398e-05
1.5990746760508e-05
1.59907503984869e-05
1.59907540364657e-05
1.59907594934339e-05
1.59907631314127e-05
1.59907685883809e-05
1.59907740453491e-05
1.59907740453491e-05
1.59907740453491e-05
1.59907740453491e-05
1.59907740453491e-05
1.59907740453491e-05
1.59907740453491e-05
1.59907740453491e-05
1.59907740453491e-05
1.59907740453491e-05
1.59907758643385e-05
1.59907795023173e-05
1.59907813213067e-05
1.59907813213067e-05
1.59907831402961e-05
1.59907849592855e-05
1.59907867782749e-05
1.59907867782749e-05
1.59907867782749e-05
1.59907885972643e-05
1.59907885972643e-05
1.59907885972643e-05
1.59907885972643e-05
1.59907885972643e-05
1.59907885972643e-05
1.59907885972643e-05
1.59907885972643e-05
1.59907885972643e-05
1.59907885972643e-05
1.59907885972643e-05
1.59907885972643e-05
