0.0
1.04887991625446e-08
7.62409058552294e-07
2.64215623246855e-06
4.52125141237048e-06
7.98264682089211e-06
1.33043486130191e-05
1.82602198037785e-05
2.32107286137762e-05
2.46119489020202e-05
2.91665382974315e-05
3.41781596944202e-05
4.01073521061335e-05
4.84773481730372e-05
5.45432376384269e-05
6.06574321864173e-05
6.21452927589417e-05
6.22367297182791e-05
6.23063751845621e-05
6.23766027274542e-05
6.24228923697956e-05
6.24334788881242e-05
6.24444946879521e-05
6.24618623987772e-05
6.24754757154733e-05
6.24860258540139e-05
6.24968597549014e-05
6.25081884209067e-05
6.25258689979091e-05
6.25539469183423e-05
6.25838147243485e-05
6.26155015197583e-05
6.26486071269028e-05
6.26828405074775e-05
6.27180925221182e-05
6.27727276878431e-05
6.28264460829087e-05
6.28805937594734e-05
6.29662827122957e-05
6.31082948530093e-05
6.33223899058066e-05
6.33764720987529e-05
6.33922318229452e-05
6.34094103588723e-05
6.34158932371065e-05
6.34177849860862e-05
6.34173629805446e-05
6.34167299722321e-05
6.34156313026324e-05
6.34138123132288e-05
6.34106472716667e-05
6.34042080491781e-05
6.3397892517969e-05
6.33920426480472e-05
6.33832314633764e-05
6.33639356237836e-05
6.33147283224389e-05
6.32713563391007e-05
6.32058290648274e-05
6.30575814284384e-05
6.29547575954348e-05
6.28803391009569e-05
6.28103807684965e-05
6.27586559858173e-05
6.27124973107129e-05
6.26734981779009e-05
6.26388282398693e-05
6.26182009000331e-05
6.26036271569319e-05
6.25969478278421e-05
6.25921893515624e-05
6.2588820583187e-05
6.25853353994898e-05
6.25829416094348e-05
6.25931934337132e-05
6.26443070359528e-05
6.27069748588838e-05
6.27739864285104e-05
6.28826310276054e-05
6.30588765488937e-05
6.33282907074317e-05
6.36703189229593e-05
6.39527206658386e-05
6.42624727333896e-05
6.47408305667341e-05
6.57246491755359e-05
6.77993884892203e-05
6.92181129124947e-05
7.05191487213597e-05
7.07962026353925e-05
7.08767256583087e-05
7.08939842297696e-05
7.09011874278076e-05
7.09013402229175e-05
7.09003288648091e-05
7.08966254023835e-05
7.0887130277697e-05
7.08465668139979e-05
7.08117295289412e-05
7.07740473444574e-05
7.07324288669042e-05
7.07235667505302e-05
7.07141443854198e-05
7.07035214873031e-05
7.0700712967664e-05
7.06977807567455e-05
7.06929422449321e-05
7.06873033777811e-05
7.06797000020742e-05
7.06651189830154e-05
7.06522041582502e-05
7.06384962541051e-05
7.06180435372517e-05
7.05887796357274e-05
7.05510683474131e-05
7.05218844814226e-05
7.04990889062174e-05
7.04729682183824e-05
7.04437916283496e-05
7.04127814969979e-05
7.03876066836528e-05
7.03664918546565e-05
7.03390760463662e-05
7.0300666266121e-05
7.02362012816593e-05
7.01619355822913e-05
7.00893579050899e-05
7.00137461535633e-05
6.9907408033032e-05
6.97552241035737e-05
6.95345806889236e-05
6.91950917826034e-05
6.87183710397221e-05
6.79919176036492e-05
6.72578607918695e-05
6.60625228192657e-05
6.26641558483243e-05
5.89629817113746e-05
5.5424592574127e-05
5.23392227478325e-05
4.78018955618609e-05
3.86773244827054e-05
2.57104766205885e-05
1.59903083840618e-05
9.07586127141258e-06
7.17617422196781e-06
6.45396630716277e-06
6.216258952918e-06
5.92041214986239e-06
5.75904869037913e-06
5.70027486901381e-06
5.67863526157453e-06
5.222521849646e-06
4.98713643537485e-06
3.52028655470349e-06
5.34914477157145e-07
2.3960978978721e-07
1.34078732116905e-07
1.13071450869029e-07
1.06854791681599e-07
1.02416599645494e-07
9.72065379301057e-08
9.13005848701687e-08
8.53785948606856e-08
8.22413426249113e-08
7.82988607284096e-08
7.61605321031311e-08
7.51319859659816e-08
7.53094937522292e-08
7.58760734242969e-08
7.68015482321971e-08
7.80594646698773e-08
7.87854190775761e-08
7.99691264319335e-08
8.03829323103855e-08
8.09555089631431e-08
8.17702527911024e-08
8.24757080408745e-08
8.36658600178453e-08
8.43687573137686e-08
8.51169232873872e-08
8.51691268621835e-08
8.58434674455566e-08
8.7230660028581e-08
8.91082336806903e-08
9.06586947735377e-08
9.24728169593436e-08
9.45142133446097e-08
9.71197593457873e-08
9.9146006959927e-08
1.01073389657813e-07
1.02308142402308e-07
1.04131139266883e-07
1.05582024900741e-07
1.06551766521079e-07
1.07384238390296e-07
1.07699854368093e-07
1.09272498605151e-07
1.11675859670868e-07
1.14314019583617e-07
1.17156865542256e-07
1.18517256453288e-07
1.19593977387922e-07
1.20568813599675e-07
1.21760919569169e-07
1.24154141190047e-07
1.26871725569799e-07
1.29178332031188e-07
1.29968540818481e-07
1.31108237155786e-07
1.31741856534973e-07
1.3263240816741e-07
1.34003187213239e-07
1.34872664148133e-07
1.33127855406201e-07
1.3011106148042e-07
1.2985834985102e-07
1.31092676269873e-07
1.31495752953015e-07
1.31174587636451e-07
1.32172019107202e-07
1.33145448444338e-07
1.34111019178818e-07
1.34735543610986e-07
1.3652272912168e-07
1.38973319963043e-07
1.4206987941634e-07
1.45495405945439e-07
1.4863495323425e-07
1.51502248968427e-07
1.53040360828527e-07
1.55002013002559e-07
1.57394765665231e-07
1.5905668249161e-07
1.58518886905767e-07
1.58824491336418e-07
1.59557728807158e-07
1.58974359010244e-07
1.54946008024126e-07
1.5538242337243e-07
