-0.0
7.105427357601e-14
4.23025994678028e-07
-9.95614027488045e-06
-4.26315891672857e-05
-6.67829881422222e-05
-8.204004552681e-05
-8.20613204268739e-05
-8.77253187354654e-05
-8.82424210431054e-05
-0.000105102531961165
-0.000129897991428152
-0.000196199252968654
-0.000186635472346097
-0.000191657978575677
-0.000206207245355472
-0.000192974461242557
-0.000207010685699061
-0.00021997225121595
-0.000239165965467691
-0.000260941567830741
-0.000275620084721595
-0.000285099842585623
-0.000286000256892294
-0.00026918645016849
-0.000255575316259637
-0.000241949644987471
-0.000226537784328684
-0.000204910582397133
-0.000181891708052717
-0.000171440216945484
-0.00016286427853629
-0.000141099735628814
-0.000115326169179752
-9.07698122318834e-05
-7.03383921063505e-05
-5.86170717724599e-05
-4.85134951304644e-05
-3.47871464327909e-05
-1.44811783684418e-05
0.000456152891274542
0.000623645319137722
0.000655872223433107
0.000684517086483538
0.000694815185852349
0.000730226922314614
0.000737625116016716
0.000745224417187274
0.000754001550376415
0.000764834636356682
0.000780055997893214
0.000807551899924874
0.000829392462037504
0.000845096714328974
0.000866537331603467
0.000909585971385241
0.000996791990473866
0.00100771919824183
0.000970381195656955
0.000848545343615115
0.000708507956005633
0.00061357207596302
0.000538821273948997
0.000492442864924669
0.000455219967989251
0.000426793616497889
0.000402026635129005
0.000385592400562018
0.000372128648450598
0.000363348488463089
0.000355903815943748
0.000349119858583435
0.000339966209139675
0.000328411813825369
0.000314523582346737
0.00030868110479787
0.000306415866361931
0.00030376628274098
0.000293825491098687
0.00027847260935232
0.000252721190918237
0.000197377186850645
0.000281552667729557
0.000475532317068428
0.000749386555980891
0.000920119869988412
0.000511218444444239
0.000114328962808941
-0.000177215290023014
-0.000230470832320862
-0.000249981938395649
-0.00025976711185649
-0.000276041682809591
-0.000282660970697179
-0.00028932312852703
-0.00029597055981867
-0.000306912726955488
-0.00033599665039219
-0.000348552333889529
-0.000359492813004181
-0.000377425691112876
-0.000382819853257388
-0.000389792869100347
-0.000400627206545323
-0.000403880781959742
-0.000407575309509411
-0.000414775626268238
-0.000425328180426732
-0.000444855744717643
-0.000498600187711418
-0.000543865840882063
-0.000586016685701907
-0.000633818097412586
-0.000684216211084276
-0.000727930571883917
-0.000743474811315536
-0.00074641895480454
-0.000746155972592533
-0.000744213873986155
-0.000741304247640073
-0.000738594797439873
-0.000736041751224548
-0.000732490909285843
-0.00072572793578729
-0.000714205962140113
-0.000702960242051631
-0.000691659166477621
-0.000680608209222555
-0.000664143939502537
-0.000639692298136652
-0.000606690242420882
-0.000562855391763151
-0.000504950410686433
-0.000427712278906256
-0.000336317316396162
-0.000213775289012119
-0.000212969011045061
-0.000218864734051749
-0.000156514812260866
-7.69203325035051e-05
9.04177795746364e-07
6.80219673085958e-05
9.53979906626046e-05
3.67087814083789e-05
-0.000296877580694854
-0.000454124645330012
-0.00036594073753804
-0.000317306403303519
-0.000249045202508569
-0.000205250587896444
-0.000187612226000056
-0.000181028168299235
4.05886603402905e-05
0.000135886017233133
0.00018568680388853
2.0405403120094e-05
-4.93766037834575e-07
-1.17704621516168e-05
-1.44833766171359e-05
-1.53359178511892e-05
-1.59476294356864e-05
-1.6661793779349e-05
-1.74298784259008e-05
-1.81428349605994e-05
-1.87223158718552e-05
-1.94683070731116e-05
-1.98581692529842e-05
-2.04222287720768e-05
-2.09397749131313e-05
-2.16141852433793e-05
-2.22720318561187e-05
-2.30528985412093e-05
-2.37685271713417e-05
-2.57340798270889e-05
-2.67409395746654e-05
-2.77320668828906e-05
-2.7911160941585e-05
-2.75645270448877e-05
-2.67454397544498e-05
-2.4663248041179e-05
-2.10380530916154e-05
-1.51642952914699e-05
-1.3681947166333e-05
-1.05831013570423e-05
-6.53737697575707e-06
-7.11405846232083e-06
-9.00162467587506e-06
-9.93840694718529e-06
-1.1930459550058e-05
-1.30129665194545e-05
-1.3476877938956e-05
-1.48630342664546e-05
-1.59001556312433e-05
-1.72314248629846e-05
-1.78962218342349e-05
-1.80579190782737e-05
-1.78351510840002e-05
-1.78022801264888e-05
-1.83564116014168e-05
-1.89112979569472e-05
-1.45482335938141e-05
-8.14457507658517e-06
-5.33759293830371e-06
-5.8254636314814e-06
-5.75295825910871e-06
-7.86095006333198e-06
-8.79426715982845e-06
-8.43176530906931e-06
-8.09295579529135e-06
-9.04616172192618e-06
-9.08384754438885e-06
-9.62508602242451e-06
-9.62692138273269e-06
-9.53916787693743e-06
-8.83378197613638e-06
-9.25396216189256e-06
-8.48277068143943e-06
-8.76779904501745e-06
-8.87034730112646e-06
-8.98528742254712e-06
-7.04042076904443e-06
-5.09474193677306e-06
-3.25553605762252e-06
-1.19541425647185e-07
2.6410518216835e-07
-1.11700728666619e-06
-2.4545024643885e-06
-3.2482557799085e-06
-3.57012118001876e-06
-4.26339556724997e-06
-4.76550667372067e-06
-4.969489054929e-06
-4.73610953122261e-06
-4.80384687762125e-06
-5.21955098520266e-06
-4.48934042651672e-06
-3.7083555071149e-06
-3.20405865750217e-06
-2.96880330097338e-06
-2.63265724242956e-06
