0.0
0.0
5.33224294940737e-07
2.37814197134867e-06
4.02097612095531e-06
4.66534265797236e-06
5.23892003911897e-06
5.61680099053774e-06
5.76103093408165e-06
6.49606681690784e-06
7.39897768653464e-06
8.12526013760362e-06
8.56838232721202e-06
9.0953653852921e-06
9.85431597655406e-06
1.05869658000302e-05
1.11895942609408e-05
1.17477957246592e-05
1.24495309137274e-05
1.24770804177388e-05
1.25129263324197e-05
1.25167098303791e-05
1.25167507576407e-05
1.25189708342077e-05
1.25213255159906e-05
1.252355377801e-05
1.25253427540883e-05
1.25275255413726e-05
1.25297419799608e-05
1.25317037600325e-05
1.25326687339111e-05
1.25409278552979e-05
1.25643573483103e-05
1.25872320495546e-05
1.26075738080544e-05
1.26332333820756e-05
1.2659608728427e-05
1.26808918139432e-05
1.26808918139432e-05
1.26808918139432e-05
1.26808918139432e-05
1.27202092699008e-05
1.27202092699008e-05
1.27202092699008e-05
1.27210669234046e-05
1.27210669234046e-05
1.27210669234046e-05
1.27210669234046e-05
1.27210669234046e-05
1.27210669234046e-05
1.27210669234046e-05
1.27210669234046e-05
1.27210669234046e-05
1.27210669234046e-05
1.27210669234046e-05
1.27210669234046e-05
1.27210669234046e-05
1.27210669234046e-05
1.27210669234046e-05
1.27210669234046e-05
1.27210669234046e-05
1.27210669234046e-05
1.27210669234046e-05
1.27210669234046e-05
1.27210669234046e-05
1.27210669234046e-05
1.27210669234046e-05
1.27210669234046e-05
1.27210669234046e-05
1.27210669234046e-05
1.27210669234046e-05
1.27210669234046e-05
1.27210669234046e-05
1.27210669234046e-05
1.27210669234046e-05
1.27210669234046e-05
