0
0.00120000005699694
0.00239999988116324
0.00360000017099083
0.00479999999515712
0.0050999999511987
0.00539999990724027
0.00585000007413328
0.006299999775365
0.00675000040791929
0.00719999964348972
0.00764999981038273
0.00809999997727573
0.00855000014416874
0.00922500039450826
0.00989999971352516
0.0105749999638647
0.0107437500264496
0.0109125000890345
0.0111656251829118
0.0115453123580665
0.0121148440521211
0.0122572265099734
0.0123996089678258
0.0126131835859269
0.012933544581756
0.0130536805372686
0.0132338840048761
0.0135041882749647
0.0136055524926633
0.0137575992848725
0.0139856690075249
0.0143277735915035
0.0144560632761568
0.0146484968718142
0.0149371472653002
0.0152257976587862
0.0155144480522722
0.0159474255051464
0.01659688889049
0.0168404390569777
0.0169317701365799
0.0170687658246607
0.0171201394405216
0.0171971989329905
0.0173127909656614
0.0174861771520228
0.0177462545689196
0.0181363744195551
0.0187215523328633
0.0195993182715029
0.0207993180956692
0.0219993179198355
0.0231993177440018
0.0243993175681681
0.0255993192549795
0.0258993187453598
0.0260118187870831
0.0261805688496679
0.0261963882949204
0.0262201183941216
0.0262290181126446
0.026242365827784
0.0262623892631382
0.0262698975857348
0.0262811610009522
0.0262980551924557
0.0263043900486082
0.0263138932641596
0.0263281462248415
0.0263495275285095
0.0263816004153341
0.0264297088142485
0.02650187141262
0.0266101153101772
0.0267724820878357
0.0270160303916783
0.0273813547100872
0.0279293393250555
0.0287513190414757
0.029951318865642
0.0311513186898083
0.0323513166513294
0.0326513180043549
0.0331013181712479
0.033143507083878
0.0332067885901779
0.0333017089869827
0.0334440933074803
0.0336576642002911
0.0339780279900879
0.0340981611516327
0.0342783646192402
0.0343459413852543
0.0344473065342755
0.0345993542578072
0.0348274239804596
0.0351695285644383
0.0356826835777611
0.0364524179603905
0.0376070232596249
0.03790702088736
0.038357021054253
0.0390320213045925
0.0400445216801018
0.0412445233669132
0.0424445213284344
0.0436445230152458
0.044844520976767
0.0460445226635784
0.0472445243503899
0.048444522311911
0.0496445239987225
0.0508445219602436
0.0520445236470551
0.0523445212747902
0.0524570213165135
0.0524992102291435
0.0525624917354435
0.0525862218346447
0.0526218169834465
0.0526752115692944
0.052755301585421
0.0528754384722561
0.0530556419398636
0.0533259452786297
0.053731402149424
0.0543395893182606
0.0552518682088703
0.0564518661703915
0.0576518678572029
0.0588518658187241
0.0600518675055355
0.0612518654670567
0.0624518671538681
0.0636518651153893
0.064851870527491
0.0660518684890122
0.0672518664505333
0.0684518644120545
0.0687518694903702
0.0688643658068031
0.0690331140067429
0.0692862400319428
0.0696659290697426
0.0702354589011521
0.0710897573735565
0.0722897553350777
0.0734897607471794
0.0746897587087006
0.0758897566702217
0.0770897546317429
0.0782897600438446
0.0785897576715798
0.0790397578384728
0.0792085060384125
0.0794616320636124
0.0798413211014122
0.0804108509328217
0.0812651494052262
0.0824651473667473
0.0827651449944824
0.0832151451613754
0.083890145411715
0.0849026495125145
0.0861026474740357
0.0873026454355568
0.0885026508476586
0.0897026488091797
0.0909026467707009
0.0921026521828026
0.0933026501443237
0.0945026481058449
0.095702646067366
0.0969026514794678
0.0981026494409889
0.0984026470687241
0.0985151508357376
0.0986838990356774
0.0989370250608771
0.0993167140986771
0.0994590946938841
0.0995124855544421
0.0995925792958591
0.0997127124574031
0.0998929196503011
0.100163219263777
0.100264584412798
0.10041662841104
0.100644698133692
0.100986806442961
0.101499965181574
0.101692398777232
0.101981049170718
0.102414024760947
0.10306349187158
0.104037685086951
0.104112682631239
0.104225186398253
0.104393934598193
0.104647060623392
0.105026749661192
0.105169130256399
0.10538270114921
0.105703068664297
0.106183608761057
0.106363808503374
0.106634115567431
0.106735480716452
0.106887524714693
0.107115594437346
0.107457702746615
0.107970854034647
0.108740595867857
0.108812754740938
0.108839815249667
0.10884996294044
0.108865184476599
0.108888020506129
0.108922270825133
0.108973642578348
0.109050703933462
0.109166292240843
0.109339682152495
0.109599759569392
0.109989879420027
0.11057505547069
0.110794497421011
0.111123656621203
0.11161739914678
0.112358016660437
0.113468942930922
0.114668940892443
0.115868938853964
0.117068944266066
0.118268942227587
0.118799997260794
