0
0.178497
1.212214
2.526355
3.891471
4.094214
4.207659
4.212337
4.011549
3.948045
3.840125
3.803231
3.755318
3.63517
3.579622
2.866538
2.861374
2.856143
2.848176
2.839202
2.851956
2.870343
2.896483
2.932751
2.982446
3.051356
3.151621
2.853554
2.440027
2.500662
2.560337
2.64611
2.766882
2.941135
3.210193
3.819545
4.548522
5.218088
5.817755
6.324438
6.727288
7.059435
7.348753
7.665399
7.904083
8.080879
8.265634
8.472507
8.701642
9.014021
9.426651
10.017984
10.197766
10.106473
9.880049
9.639778
9.34619
9.032241
8.20113
7.209847
6.379823
5.408171
4.393969
3.450791
2.470045
1.425058
1.162523
0.771231
0.613071
0.329539
2.4e-05
1.9e-05
1.4e-05
4e-06
2e-06
0
0
0
-0
-0
