0.0
-3.82933700305592e-19
4.12174259167841e-08
3.08423011574632e-07
4.25976708129383e-07
5.05723050991946e-07
3.46347320601126e-07
1.54067777202727e-07
1.68105600550916e-07
2.19195996464805e-07
2.4133575493579e-07
2.64337501221235e-07
2.88166688733327e-07
2.94322717309115e-07
3.00515608842034e-07
3.06751729794996e-07
3.16157922952698e-07
3.30409648086061e-07
3.44884625747e-07
3.5959203614766e-07
3.63334606845456e-07
3.67094372677457e-07
3.72748871768636e-07
3.74881409470618e-07
3.78087776198299e-07
3.82905682272394e-07
3.9015009178911e-07
4.01095633151272e-07
4.12148779105337e-07
4.23297876750439e-07
4.34500208257305e-07
4.45735622633947e-07
4.48563099553212e-07
4.5139339022171e-07
4.55634705076591e-07
4.61993010958395e-07
4.68345291437799e-07
4.74678756745561e-07
4.80983771922183e-07
4.87237798552087e-07
4.93421339342603e-07
4.99513646445848e-07
5.05476805301441e-07
5.11274777181825e-07
5.16863394750544e-07
5.22172797445819e-07
5.27107204106869e-07
5.3185345905149e-07
5.36283664587245e-07
5.39581492375873e-07
5.40361895673414e-07
5.41122119557258e-07
5.41859435543302e-07
5.4257054671325e-07
5.43250791906758e-07
5.4389983006331e-07
5.44057343176974e-07
5.44210877251317e-07
5.44437114058383e-07
5.44769932275813e-07
5.45231273463287e-07
5.45343141311605e-07
5.45451939615305e-07
5.45611442248628e-07
5.4583887276749e-07
5.46055673567025e-07
5.46260480405181e-07
5.46442606719211e-07
5.46612909602118e-07
5.46651165223011e-07
5.46688795566297e-07
5.46725914318813e-07
5.46780199783825e-07
5.46857336303219e-07
5.46881096852303e-07
5.46904630027711e-07
5.46928447420214e-07
5.46963519809651e-07
5.47012859897222e-07
5.47026843378262e-07
5.47040770015883e-07
5.47054980870598e-07
5.47068736977963e-07
5.47081981494557e-07
5.47100000858336e-07
5.47124329841608e-07
5.47147578799922e-07
5.4715917485737e-07
5.47156275843008e-07
5.4714223551855e-07
5.47109721082961e-07
5.47063621070265e-07
5.47004049167299e-07
5.46916965049604e-07
5.46888543340174e-07
5.46860633221513e-07
5.46833177850203e-07
5.46805210888124e-07
5.46776220744505e-07
5.46730291262065e-07
5.46647811461298e-07
5.46622231922811e-07
5.46598357686889e-07
5.46574824511481e-07
5.46551859770261e-07
5.46528156064596e-07
5.46503656551067e-07
5.46478247542836e-07
5.46439423487755e-07
5.4637877155983e-07
5.46284127267427e-07
5.46284127267427e-07
