0
0.00615913653746247
0.0264257993549109
0.0374360531568527
0.0432608164846897
0.0465412065386772
0.0515356585383415
0.0689790174365044
0.0911091789603233
0.113158151507378
0.124873466789722
0.133285492658615
0.140196159482002
0.141792297363281
0.14218370616436
0.142561495304108
0.142927452921867
0.143283396959305
0.143636167049408
0.143979638814926
0.144501656293869
0.145291224122047
0.146433666348457
0.147330075502396
0.148621648550034
0.149865806102753
0.15016596019268
0.150446146726608
0.150524914264679
0.150598287582397
0.150674164295197
0.150741562247276
0.150816887617111
0.150929659605026
0.15106588602066
0.151205837726593
0.151305973529816
0.151454672217369
0.15156914293766
0.151695072650909
0.151810571551323
0.151939243078232
0.152054399251938
0.152183547616005
0.152297034859657
0.152425810694695
0.152538955211639
0.152667179703712
0.152780175209045
0.15290629863739
0.153018862009048
0.153145208954811
0.153266444802284
0.153367981314659
0.153414785861969
0.153479546308517
0.153545156121254
0.153613835573196
0.153680503368378
0.15374530851841
0.153835251927376
0.153988376259804
0.154183328151703
0.154537186026573
0.15483383834362
0.15516696870327
0.155481740832329
0.15582737326622
0.156148239970207
0.156617864966393
0.157367751002312
0.158112213015556
0.158868312835693
0.159949973225594
0.160384804010391
0.160973981022835
0.161866471171379
0.162198066711426
0.162690505385399
0.163100823760033
0.163578107953072
0.163894787430763
0.164035022258759
0.164040490984917
0.164046809077263
0.164052963256836
0.164061978459358
0.164075285196304
0.164088144898415
0.1641014367342
0.164114430546761
0.164127036929131
0.164140149950981
0.164153039455414
0.164165556430817
0.164178282022476
0.164191246032715
0.164203733205795
0.164216369390488
0.164229214191437
0.16424186527729
0.164254039525986
0.164266407489777
0.164278924465179
0.164291337132454
0.164303630590439
0.164315640926361
0.164327755570412
0.164340153336525
0.164352044463158
0.164361387491226
0.16437041759491
0.164383724331856
0.164404436945915
0.164432376623154
0.164441004395485
0.164448916912079
0.164456456899643
0.164467871189117
0.164472013711929
0.164478465914726
0.164487734436989
0.164502173662186
0.16450734436512
0.16451521217823
0.16452693939209
0.164544716477394
0.164551198482513
0.16456127166748
0.164564833045006
0.164570510387421
0.164578586816788
0.164581820368767
0.164586395025253
0.164593547582626
0.164604112505913
0.164614573121071
0.164624765515327
0.164628818631172
0.164634510874748
0.164643526077271
0.164646744728088
0.164651781320572
0.164658918976784
0.164661794900894
0.1646658629179
0.164672255516052
0.164681449532509
0.164691001176834
0.164700046181679
0.16470929980278
0.164718776941299
0.164722204208374
0.16472752392292
0.164735108613968
0.164738208055496
0.164742469787598
0.164749309420586
0.164759203791618
0.164769113063812
0.164778769016266
0.16478256881237
0.164788022637367
0.164796575903893
0.164799526333809
0.164804369211197
0.164811372756958
0.164821699261665
0.164825782179832
0.164831534028053
0.164840400218964
0.164853975176811
0.164858803153038
0.164866417646408
0.164869174361229
0.164873465895653
0.164879709482193
0.164889380335808
0.164892792701721
0.164898127317429
0.164906203746796
0.164918065071106
0.164922714233398
0.164929315447807
0.164939478039742
0.164949864149094
0.164959818124771
0.164970174431801
0.16498039662838
0.164990589022636
0.165000557899475
0.165004447102547
0.165010049939156
0.16501884162426
0.165021970868111
0.165026903152466
0.165033936500549
0.165036782622337
0.165040761232376
0.165047034621239
0.1650560349226
0.165065184235573
0.165074571967125
0.165077909827232
0.165083140134811
0.165090709924698
0.165093749761581
0.165097996592522
0.165104746818542
0.165114566683769
0.165124386548996
0.165134012699127
0.165148958563805
0.165154278278351
0.165162444114685
0.165174692869186
0.165193125605583
0.165220826864243
0.165262207388878
0.165318503975868
0.165326848626137
0.16533300280571
0.165339022874832
0.165344849228859
0.165353417396545
0.165366053581238
0.165384903550148
0.165411829948425
0.165449470281601
0.165455475449562
0.165459930896759
0.165464103221893
0.165470272302628
0.165479019284248
0.165487661957741
0.165495857596397
0.165508523583412
0.165512934327126
0.165519967675209
0.16552247107029
0.165526390075684
0.165532022714615
0.16554057598114
0.165553778409958
0.165572971105576
0.165590599179268
0.165595933794975
0.16560298204422
0.165609687566757
0.165616616606712
0.165619060397148
0.165622934699059
0.165628403425217
0.16563706099987
0.165645495057106
0.16565366089344
0.165662005543709
0.165672913193703
0.165677800774574
0.165684387087822
0.165691196918488
0.16569758951664
0.165707617998123
0.165719896554947
0.165740624070168
0.165748804807663
0.165751591324806
0.165755718946457
0.165761917829514
0.165771201252937
0.165784537792206
0.165789991617203
0.165791764855385
0.165794759988785
0.165798902511597
0.165805175900459
0.165815025568008
0.165818363428116
0.165823847055435
0.16583026945591
0.165833562612534
0.165837824344635
0.165843665599823
0.165849849581718
0.165855750441551
0.165861591696739
0.16586734354496
0.16586934030056
0.165872633457184
0.165877431631088
0.165879115462303
0.165881857275963
0.165885657072067
0.165891483426094
0.165896147489548
0.16590042412281
0.165907591581345
0.165909871459007
0.165913537144661
0.165918916463852
0.16592738032341
0.165930345654488
0.165934816002846
0.165941596031189
0.165951669216156
0.165967032313347
0.165968343615532
0.165970370173454
0.165973499417305
0.165977999567986
0.165979817509651
0.165982335805893
0.16598641872406
0.16598778963089
0.165990054607391
0.16599315404892
0.165998250246048
0.166002824902534
0.166007980704308
0.16601288318634
0.166017726063728
0.166022554039955
0.16602897644043
0.166031673550606
0.166035547852516
0.166041374206543
0.166043430566788
0.166046649217606
0.166051283478737
0.166058599948883
0.166059717535973
0.166061788797379
0.166064724326134
0.166068881750107
0.16607591509819
0.166078016161919
0.166081726551056
0.166085064411163
0.166088834404945
0.166090056300163
0.16609214246273
0.166094973683357
0.166096165776253
0.166097775101662
0.166100427508354
0.16610424220562
0.166105523705482
0.166107729077339
0.166110634803772
0.166111975908279
0.16611360013485
0.166116386651993
0.166120126843452
0.166124254465103
0.166128262877464
0.166132152080536
0.166135996580124
0.166141450405121
0.166143819689751
0.166147083044052
0.166148170828819
0.16615004837513
0.166152775287628
0.1661566644907
0.166158199310303
0.166160419583321
0.166163936257362
0.166165113449097
0.166167065501213
0.166169688105583
0.166170865297318
0.166172295808792
0.166174814105034
0.166178122162819
0.166181519627571
0.166185215115547
0.166190087795258
0.166199684143066
0.166219621896744
0.166235134005547
0.166229516267776
0.166238754987717
0.166238561272621
0.166239693760872
0.166240394115448
0.166242033243179
0.166244059801102
0.166245430707932
0.166246592998505
0.16624715924263
0.166247799992561
0.166249066591263
0.166250482201576
0.166251301765442
0.16625203192234
0.16625340282917
0.166255757212639
0.166259169578552
0.166258990764618
0.16626064479351
0.16626387834549
0.166264876723289
0.166266053915024
0.166266024112701
0.166272222995758
0.16627262532711
0.166267782449722
0.166305035352707
0.166286468505859
0.166291490197182
0.166300520300865
0.166301637887955
0.166308596730232
0.166234761476517
0.166096314787865
0.165795713663101
0.164998382329941
0.163000822067261
0.160332083702087
0.152238473296165
0.139932975172997
0.127842754125595
0.114081874489784
0.0979053676128387
0.0813400745391846
0.0641695782542229
0.0468601882457733
0.0298755150288343
0.0120689272880554
1.45484534641582e-07
1.98951966012828e-13
-1.98951966012828e-13
-2.8421709430404e-14
-2.8421709430404e-13
-6.06661387791974e-09
-4.06105584715988e-08
-4.06105584715988e-08
