0.0
1.46081944762955e-07
2.91384685624507e-06
5.43700389243895e-06
8.29901728138793e-06
1.18593243314535e-05
1.28606016005506e-05
1.54275094246259e-05
2.0505118300207e-05
2.22388207475888e-05
2.41711913986364e-05
2.63817455561366e-05
2.78182815236505e-05
2.94984456559177e-05
3.13278360408731e-05
3.19682585541159e-05
3.26307344948873e-05
3.33354146277998e-05
3.4183896786999e-05
3.51900234818459e-05
3.63073195330799e-05
3.74732917407528e-05
3.79173034161795e-05
3.8360376493074e-05
3.83882143069059e-05
3.84160048270132e-05
3.84437153115869e-05
3.8464419048978e-05
3.84798768209293e-05
3.84952109016012e-05
3.85102575819474e-05
3.85244748031255e-05
3.85367966373451e-05
3.85427119908854e-05
3.85427410947159e-05
3.85446764994413e-05
3.85525017918553e-05
3.85631283279508e-05
3.85741877835244e-05
3.85859311791137e-05
3.86041647288948e-05
3.86226965929382e-05
3.86414649256039e-05
3.86697029171046e-05
3.87113868782762e-05
3.87265681638382e-05
3.87415020668413e-05
3.87560939998366e-05
3.87700965802651e-05
3.8782167393947e-05
3.87862964998931e-05
3.87760410376359e-05
3.87718282581773e-05
3.87704312743153e-05
3.87714244425297e-05
3.87834770663176e-05
3.87999716622289e-05
3.88204425689764e-05
3.88442895200569e-05
3.88698499591555e-05
3.88958615076263e-05
3.89291599276476e-05
3.89585293305572e-05
3.89903798350133e-05
3.90236382372677e-05
3.90720197174232e-05
3.90818204323296e-05
3.90905661333818e-05
3.90970599255525e-05
3.91018875234295e-05
3.91095090890303e-05
3.91219946322963e-05
3.91411704185884e-05
3.91705871152226e-05
3.92078836739529e-05
3.92585716326721e-05
3.9327274862444e-05
3.93819354940206e-05
3.94376111216843e-05
3.94926246372052e-05
3.95486276829615e-05
3.96045979869086e-05
3.9659978938289e-05
3.97423573303968e-05
3.98619886254892e-05
3.99782002205029e-05
4.00928074668627e-05
4.02065597882029e-05
4.03727717639413e-05
4.06038197979797e-05
4.07691222790163e-05
4.08931118727196e-05
4.10175343859009e-05
4.12066947319545e-05
4.13990564993583e-05
4.15404138038866e-05
4.16781076637562e-05
4.18152667407412e-05
4.19509633502457e-05
4.21509503212292e-05
4.24450554419309e-05
4.28451094194315e-05
4.33806635555811e-05
4.37743292422965e-05
4.41307747678366e-05
4.44496618001722e-05
4.47006677859463e-05
4.49840954388492e-05
4.52916792710312e-05
4.57940113847144e-05
4.65503580926452e-05
4.72210267616902e-05
4.78739639220294e-05
4.85316195408814e-05
4.92630970256869e-05
4.99889465572778e-05
5.06654214404989e-05
5.12634469487239e-05
5.180340303923e-05
5.23910384799819e-05
5.28549644513987e-05
5.3317955462262e-05
5.34369573870208e-05
5.34167957084719e-05
5.34137507202104e-05
5.34109422005713e-05
5.34055434400216e-05
5.33977035956923e-05
5.33898491994478e-05
5.33845886820927e-05
5.33796373929363e-05
5.33744278072845e-05
5.33659876964521e-05
5.33525380888022e-05
5.33272577740718e-05
5.32729754922912e-05
5.32232988916803e-05
5.3182626288617e-05
5.31505793333054e-05
5.31365185452159e-05
5.31374935235362e-05
5.31451805727556e-05
5.31564219272695e-05
5.31692530785222e-05
5.31829609826673e-05
5.32037010998465e-05
5.32346421096008e-05
5.327791950549e-05
5.33360689587425e-05
5.339938797988e-05
5.34758837602567e-05
5.35808139829896e-05
5.37273408554029e-05
5.39656430191826e-05
5.42753587069456e-05
5.43874230061192e-05
5.45521033927798e-05
5.46046503586695e-05
5.46754636161495e-05
5.47388881386723e-05
5.47037998330779e-05
5.45850380149204e-05
5.43903552170377e-05
5.43117203051224e-05
5.42353554919828e-05
5.41632216481958e-05
5.4062096751295e-05
5.39230786671396e-05
5.37068735866342e-05
5.36589359398931e-05
5.36122315679677e-05
5.3565512644127e-05
5.34946193511132e-05
5.33916390850209e-05
5.32405538251624e-05
5.30268116563093e-05
5.27110023540445e-05
5.24042479810305e-05
5.2108611271251e-05
5.1826693379553e-05
5.14262646902353e-05
5.0925027608173e-05
5.04064955748618e-05
4.9653128371574e-05
4.75159649795387e-05
4.43695971625857e-05
4.13947564084083e-05
3.83263723051641e-05
3.47751265508123e-05
2.76461669272976e-05
1.95268057723297e-05
1.27860612337827e-05
7.78179037297377e-06
3.99885448132409e-06
2.94995356853178e-06
2.55724467024265e-06
2.0273994323361e-06
1.81033794888208e-06
1.6517269614269e-06
1.56557348418573e-06
1.23869892831863e-06
1.04402965916961e-06
7.27126803212741e-07
7.01811416092823e-07
6.49253195206256e-07
5.07655386172701e-07
7.17180128617656e-08
7.17180128617656e-08
