0.0
0.00120000005699694
0.00240000011399388
0.00359999993816018
0.00480000022798777
0.00600000005215406
0.00719999987632036
0.00839999970048666
0.00870000012218952
0.00899999961256981
0.00930000003427267
0.00960000045597553
0.00971249956637621
0.00988124962896109
0.00994453113526106
0.010039453394711
0.0101818358525634
0.0102530270814896
0.0103242183104157
0.0103954104706645
0.0104666016995907
0.0105733890086412
0.0107335690408945
0.010973840020597
0.011334246955812
0.0118748564273119
0.0124154658988118
0.0129560763016343
0.0134966857731342
0.0140372952446342
0.0148482099175453
0.0160482097417116
0.0172482095658779
0.0184482093900442
0.0187482107430696
0.0190482102334499
0.0193482097238302
0.0196482092142105
0.0199482105672359
0.020398210734129
0.020848210901022
0.021298211067915
0.0216357093304396
0.0219732094556093
0.0223107095807791
0.0226482097059488
0.0227325856685638
0.0228169597685337
0.0229435227811337
0.0231333673000336
0.0234181322157383
0.0234893225133419
0.0235026720911264
0.0235126838088036
0.0235226936638355
0.0235302019864321
0.0235358346253633
0.0235414654016495
0.0235470961779356
0.0235527288168669
0.0235611759126186
0.0235696230083704
0.0235780701041222
0.0235865171998739
0.0235928520560265
0.023599186912179
0.0236055217683315
0.0236118566244841
0.0236181933432817
0.0236245281994343
0.0236308630555868
0.0236371979117393
0.023643534630537
0.0236530359834433
0.0236625391989946
0.0236649159342051
0.0236672908067703
0.0236696675419807
0.023672042414546
0.0236744191497564
0.0236767940223217
0.023679168894887
0.0236815456300974
0.0236839205026627
0.0236862972378731
0.0236886721104383
0.0236910488456488
0.023693423718214
0.0236958004534245
0.0236993636935949
0.0237047094851732
0.0237100534141064
0.0237153992056847
0.023720744997263
0.0237260907888412
0.0237314365804195
0.0237394534051418
0.0237514805048704
0.0237695220857859
0.0237965825945139
0.0238371733576059
0.0238777659833431
0.0239183567464352
0.0239792447537184
0.0240401308983564
0.0240705758333206
0.0240781866014004
0.0240838937461376
0.02408960275352
0.0240953098982573
0.0241010189056396
0.024106727913022
0.024111008271575
0.0241142194718122
0.0241174306720495
0.0241198372095823
0.0241216439753771
0.0241234507411718
0.0241252556443214
0.0241279657930136
0.0241320300847292
0.0241381246596575
0.0241472683846951
0.0241564121097326
0.0241655558347702
0.0241746976971626
0.0241838414222002
0.0241929851472378
0.0242066998034716
0.0242272727191448
0.0242581311613321
0.0243044197559357
0.0243738535791636
0.0244780015200377
0.0246342252939939
0.0248685609549284
0.0252200644463301
0.0257473196834326
0.0265382006764412
0.0277245249599218
0.0289245247840881
0.0301245246082544
0.0313245244324207
0.0325245261192322
0.0337245240807533
0.0349245257675648
0.0361245237290859
0.0373245254158974
0.0385245233774185
0.03972452506423
0.0409245230257511
0.0421245247125626
0.0433245226740837
0.0445245243608952
0.0457245260477066
0.0469245240092278
0.0481245256960392
0.0493245236575603
0.0505245253443718
0.0517245233058929
0.0529245249927044
0.0541245229542255
0.055324524641037
0.0565245226025581
0.0577245242893696
0.058924525976181
0.0601245239377022
0.0613245256245136
0.0625245273113251
0.0637245252728462
0.0649245232343674
0.0661245211958885
0.0673245266079903
0.0685245245695114
0.0697245225310326
0.0709245279431343
0.0721245259046555
0.0733245238661766
0.0745245218276978
0.0757245272397995
0.0769245252013206
0.0781245231628418
0.0793245211243629
0.0805245265364647
0.0808245241641998
0.0812745243310928
0.0819495245814323
0.0829620212316513
0.0841620266437531
0.0853620246052742
0.0865620225667953
0.0877620279788971
0.0889620259404182
0.0901620239019394
0.0913620218634605
0.0925620272755623
0.0937620252370834
0.0949620231986046
0.0961620211601257
0.0973620265722275
0.0985620245337486
0.0988620221614838
0.0989745259284973
0.0989745259284973
