0.0
1.49347246038193e-34
5.13217734976479e-08
1.27290533669111e-07
2.56623849281823e-07
3.51031786749445e-07
2.95174288567068e-07
2.55119829262185e-07
6.54955670142954e-07
6.31658224392595e-07
8.63840057263587e-07
1.30086459648737e-06
1.36065227707149e-06
1.66233121490222e-06
1.62901983458141e-06
1.31579122353287e-06
1.78483708168642e-06
2.72478177976154e-06
4.04706770495977e-06
4.23684150518966e-06
4.26175392931327e-06
4.67245627078228e-06
4.77433695778018e-06
4.90752927362337e-06
4.90016236653901e-06
4.83521898786421e-06
4.77895036965492e-06
4.59791135654086e-06
4.57142823506729e-06
4.52109634352382e-06
4.49528170065605e-06
4.42976852355059e-06
4.39850646216655e-06
4.32867773270118e-06
4.29362080467399e-06
4.19902107751113e-06
3.77367086912272e-06
3.46189312949718e-06
2.53783241532801e-06
2.08150390790252e-06
1.28941348975786e-06
9.4568014219476e-07
6.31653847449343e-07
4.51108149945867e-07
3.40038440072021e-07
2.84145670548241e-07
2.61332019135807e-07
2.53397246297027e-07
2.50963012149441e-07
2.49873323809879e-07
2.48666054858404e-07
2.46733378617137e-07
2.43721899551019e-07
2.39224618781009e-07
2.33551318729042e-07
2.26670508141069e-07
2.15469299291726e-07
2.05668115427216e-07
2.061212001081e-07
2.06070367880784e-07
2.11360713819886e-07
2.11152695328565e-07
2.11417940931824e-07
2.12626773077318e-07
2.12802746091256e-07
2.12764945217714e-07
2.12757370832151e-07
2.12750492778468e-07
2.12739593052902e-07
2.12733269222554e-07
2.12724870607417e-07
2.1271321770655e-07
2.12691858791914e-07
2.12683346489939e-07
2.12670371979584e-07
2.12650476782983e-07
2.12642575547761e-07
2.1263090843604e-07
2.1261267590944e-07
2.12583458392146e-07
2.1253660520415e-07
2.12518003195328e-07
2.12499671192745e-07
2.12481253925034e-07
2.12462850868178e-07
2.12455887549368e-07
2.12445485203716e-07
2.12429895896094e-07
2.12406533250942e-07
2.12383255870918e-07
2.12359807960638e-07
2.12336544791469e-07
2.12313125302899e-07
2.12289890555439e-07
2.12266499488578e-07
2.12243307373683e-07
2.12219944728531e-07
2.121967952462e-07
2.12173475233612e-07
2.12150354172991e-07
2.12127076792967e-07
2.12103927310636e-07
2.12080848882579e-07
2.12057685189393e-07
2.12034535707062e-07
2.12011357803021e-07
2.12002689181645e-07
2.11989728882145e-07
2.11970302643749e-07
2.11962955631861e-07
2.11952055906295e-07
2.11935926586193e-07
2.11912080771981e-07
2.11888405488025e-07
2.11861447496631e-07
2.11841324926354e-07
2.11821216566932e-07
2.11813684813933e-07
2.11802316130161e-07
2.11785319947921e-07
2.11759839885417e-07
2.11750418088741e-07
2.11736349342573e-07
2.11715416753577e-07
2.11707614994339e-07
2.11695891039199e-07
2.11678369055335e-07
2.11652221082659e-07
2.11642330327777e-07
2.11627579460583e-07
2.11605524214065e-07
2.11597338761749e-07
2.11584989529001e-07
2.11566430152743e-07
2.11559481044787e-07
2.11549007644862e-07
2.11533333072111e-07
2.11509842529267e-07
2.11501102853617e-07
2.11487943602151e-07
2.11468176303242e-07
2.11460758237081e-07
2.11449602716129e-07
2.11432904961839e-07
2.1140792227925e-07
2.11398486271719e-07
2.11384389103841e-07
2.11363342828008e-07
2.11331723676267e-07
2.11319957088563e-07
2.11302221941878e-07
2.11275619221851e-07
2.11235629876683e-07
2.11176015341152e-07
2.11116471859896e-07
2.11056615739835e-07
2.10997242788835e-07
2.10941365708095e-07
2.10889581353513e-07
2.10843481340817e-07
2.10800024547098e-07
2.10757121976712e-07
2.10714532045131e-07
2.10671970535259e-07
2.10627661090257e-07
2.10586236448762e-07
2.10544541801028e-07
2.10503642961157e-07
2.10465088912315e-07
2.10426819080567e-07
2.103892455807e-07
2.10354059504425e-07
2.1032589359038e-07
2.10303639391896e-07
2.10302360414971e-07
2.10313572779341e-07
2.103268599285e-07
2.10340559192446e-07
2.10351345231174e-07
2.10361193353492e-07
2.10372490982991e-07
2.1038373176907e-07
2.10395100452843e-07
2.10411172929525e-07
2.1042716014108e-07
2.10442976822378e-07
2.10457443472478e-07
2.10472563821895e-07
2.10485950447037e-07
2.10499990771496e-07
2.10513462661766e-07
2.10526650334941e-07
2.10536057920763e-07
2.10548463996929e-07
2.10551249324453e-07
2.10554063073687e-07
2.10567563385666e-07
2.10575322512341e-07
2.10577496773112e-07
2.10580424209184e-07
2.10585128002094e-07
2.1059231869458e-07
2.10595260341506e-07
2.10599537808775e-07
2.10605946904252e-07
2.10608263273571e-07
2.1061178756554e-07
2.10617116636058e-07
2.10625145768972e-07
2.10631043273679e-07
2.10636940778386e-07
2.10639157671721e-07
2.10642511433434e-07
2.10647499443439e-07
2.10654960142165e-07
2.10662349786617e-07
2.10669696798504e-07
2.10677100653811e-07
2.1068264288715e-07
2.10688114066215e-07
2.10696242675112e-07
2.1069934064144e-07
2.10703930747513e-07
2.10710766168631e-07
2.10720955351462e-07
2.10724834914799e-07
2.10730547678395e-07
2.10739088402079e-07
2.10751807117049e-07
2.10770807029803e-07
2.10777884035451e-07
2.10783227316824e-07
2.10788513754778e-07
2.10793771771023e-07
2.10795747079828e-07
2.10798731359318e-07
2.1080316514599e-07
2.10809801615142e-07
2.10816452295148e-07
2.10823017710027e-07
2.1082956891405e-07
2.10836162750638e-07
2.10842713954662e-07
2.10849222526122e-07
2.10855702675872e-07
2.10862225458186e-07
2.10868705607936e-07
2.10875143125122e-07
2.10881594853163e-07
2.10888032370349e-07
2.10894441465825e-07
2.10900822139592e-07
2.10907188602505e-07
2.10909590236952e-07
2.1091317137234e-07
2.10918528864568e-07
2.10920532595082e-07
2.10923545296282e-07
2.10928050137227e-07
2.10934800293217e-07
2.10944861578355e-07
2.10948670087419e-07
2.10954326007595e-07
2.10959967716917e-07
2.10965609426239e-07
2.10971236924706e-07
2.10976864423174e-07
2.10978967629671e-07
2.10982122439418e-07
2.10986854654038e-07
2.10988616800023e-07
2.10991274229855e-07
2.10995253269175e-07
2.1100123603901e-07
2.110034671432e-07
2.11006820904913e-07
2.11011851547482e-07
2.11013741591159e-07
2.11016555340393e-07
2.11020790175098e-07
2.11027156638011e-07
2.11033508890068e-07
2.11039861142126e-07
2.11044621778456e-07
2.11049382414785e-07
2.11051172982479e-07
2.11053858834021e-07
2.11057880505905e-07
2.11063905908304e-07
2.11069931310703e-07
2.11075956713103e-07
2.11081967904647e-07
2.11088007517901e-07
2.110940329203e-07
2.111000583227e-07
2.11106069514244e-07
2.11112109127498e-07
2.11118134529897e-07
2.11124202564861e-07
2.11130242178115e-07
2.11136281791369e-07
2.11142349826332e-07
2.11148403650441e-07
2.11154471685404e-07
2.11160525509513e-07
2.11166607755331e-07
2.11172690001149e-07
2.11178772246967e-07
2.11184854492785e-07
2.11190965160313e-07
2.11197061616986e-07
2.11203158073658e-07
2.11209254530331e-07
2.11215365197859e-07
2.11221475865386e-07
2.11227572322059e-07
2.11229846058814e-07
2.11233285085655e-07
2.11238429415062e-07
2.11246103276608e-07
2.11248959658406e-07
2.11253265547384e-07
2.1125973148628e-07
2.11262175753291e-07
2.11265827942952e-07
2.11271284911163e-07
2.11273331274242e-07
2.11276400818861e-07
2.11280990924934e-07
2.1128791161118e-07
2.11290483775883e-07
2.11294363339221e-07
2.11300204000509e-07
2.1130237826128e-07
2.11305660968719e-07
2.11310194231373e-07
2.113116295277e-07
2.11313732734197e-07
2.11316702802833e-07
2.11320781318136e-07
2.11322031873351e-07
2.11324106658139e-07
2.1132709093763e-07
2.11328213595152e-07
2.11329819421735e-07
2.1133155314601e-07
2.11332150001908e-07
2.11332860544644e-07
2.11333770039346e-07
2.11334011623876e-07
2.11334352684389e-07
2.1133480743174e-07
2.11335333233365e-07
2.11335745348151e-07
2.11336100619519e-07
2.11336399047468e-07
2.11336654842853e-07
2.11336868005674e-07
2.1133706695764e-07
2.11337152222768e-07
2.11337251698751e-07
2.11337408018153e-07
2.11337464861572e-07
2.11337535915845e-07
2.11337649602683e-07
2.11337805922085e-07
2.11337862765504e-07
2.11337933819777e-07
2.11338075928325e-07
2.11337962241487e-07
2.11337692235247e-07
2.11336995903366e-07
2.11336129041229e-07
2.1133504901627e-07
2.11333272659431e-07
2.11332505273276e-07
2.11331325772335e-07
2.11329535204641e-07
2.11328796240196e-07
2.11327716215237e-07
2.11326124599509e-07
2.11325513532756e-07
2.11324604038055e-07
2.11323225585147e-07
2.11321122378649e-07
2.11319061804716e-07
2.11317498610697e-07
2.1131585015155e-07
2.11314272746677e-07
2.11312681130948e-07
2.11312098485905e-07
2.11311160569494e-07
2.11309767905732e-07
2.11307693120943e-07
2.11305703601283e-07
2.11304069352991e-07
2.11302250363588e-07
2.11299010288712e-07
2.11297347618711e-07
2.11295187568794e-07
2.11291805385372e-07
2.11290370089046e-07
2.11288309515112e-07
2.11285211548784e-07
2.11284060469552e-07
2.11282284112713e-07
2.11279555628607e-07
2.11275391848176e-07
2.1127118543518e-07
2.11266950600475e-07
2.11262772609189e-07
2.11259560956023e-07
2.11256363513712e-07
2.11255155591061e-07
2.11253407655931e-07
2.11250693382681e-07
2.11246643289087e-07
2.11242564773784e-07
2.11238543101899e-07
2.11234493008305e-07
2.11230400282147e-07
2.11226293345135e-07
2.11222243251541e-07
2.11218150525383e-07
2.1121404358837e-07
2.11209979283922e-07
2.11205872346909e-07
2.11201765409896e-07
2.11197686894593e-07
2.11193565746726e-07
2.11189458809713e-07
2.11185366083555e-07
2.11181244935688e-07
2.11177109576965e-07
2.11173016850807e-07
2.11168881492085e-07
2.11164746133363e-07
2.11160639196351e-07
2.11156503837628e-07
2.11152354268052e-07
2.11148233120184e-07
2.11144083550607e-07
2.11139948191885e-07
2.11135798622308e-07
2.11131649052732e-07
2.111274852723e-07
2.11123335702723e-07
2.11119171922292e-07
2.1111500814186e-07
2.11110844361428e-07
2.11106680580997e-07
2.11102502589711e-07
2.11098324598424e-07
2.11094146607138e-07
2.11089968615852e-07
2.11085790624566e-07
2.11081598422425e-07
2.11077406220284e-07
2.11073214018143e-07
2.11069021816002e-07
2.11064829613861e-07
2.11060623200865e-07
2.11056416787869e-07
2.11052210374874e-07
2.11048003961878e-07
2.11043797548882e-07
2.11039591135886e-07
2.11035370512036e-07
2.11031149888186e-07
2.11026929264335e-07
2.11022708640485e-07
2.1101847380578e-07
2.11014253181929e-07
2.11010018347224e-07
2.11005783512519e-07
2.11001548677814e-07
2.10997313843109e-07
2.10993079008404e-07
2.10988829962844e-07
2.10984580917284e-07
2.10980331871724e-07
2.10976082826164e-07
2.10971833780604e-07
2.1096757052419e-07
2.10963307267775e-07
2.10959044011361e-07
2.10954780754946e-07
2.10950517498532e-07
2.10946240031262e-07
2.10941976774848e-07
2.10937699307578e-07
2.10933421840309e-07
2.10931816013726e-07
2.10929400168425e-07
2.10925790611327e-07
2.10924440580129e-07
2.10922408427905e-07
2.10919353094141e-07
2.10914777198923e-07
2.1091018709285e-07
2.10906762276863e-07
