0.0
-1.56273620177672e-06
-1.61529578690534e-06
-1.21869322811108e-06
-2.98918644148216e-06
-6.12228859608877e-06
-5.71212467548321e-06
-5.7110664783977e-06
-5.28890950590721e-06
-7.32788157620234e-06
-1.20462027553003e-05
-1.69874838320538e-05
-1.83899373951135e-05
-1.73094904312165e-05
-1.97685749299126e-05
-2.43247068283381e-05
-2.50198409048608e-05
-2.57303508988116e-05
-2.651912291185e-05
-2.66195947915548e-05
-2.6696930945036e-05
-2.67837240244262e-05
-2.69419797405135e-05
-2.69877491518855e-05
-2.70390191872139e-05
-2.70977398031391e-05
-2.71698736469261e-05
-2.72608758677961e-05
-2.73869263764936e-05
-2.75174588750815e-05
-2.77005128737073e-05
-2.79013474937528e-05
-2.80914046015823e-05
-2.84209108940559e-05
-2.88903938781004e-05
-2.93218909064308e-05
-2.97274527838454e-05
-3.02583757729735e-05
-3.07688096654601e-05
-3.12291158479638e-05
-3.16243422275875e-05
-3.19680621032603e-05
-3.22646701533813e-05
-3.26503686665092e-05
-3.31788214680273e-05
-3.39198850269895e-05
-3.49953261320479e-05
-3.64818624802865e-05
-3.84406775992829e-05
-4.04107813665178e-05
-4.29845167673193e-05
-4.50656953034922e-05
-4.71408966404852e-05
-5.03408846270759e-05
-5.54503312741872e-05
-6.47596243652515e-05
-6.79664008202963e-05
-6.89232256263494e-05
-6.99174925102852e-05
-7.09613887011074e-05
-7.26017897250131e-05
-7.5114679930266e-05
-7.69718899391592e-05
-7.88350225775503e-05
-8.06907410151325e-05
-8.37665065773763e-05
-8.45888716867194e-05
-8.54964746395126e-05
-8.70617805048823e-05
-8.87475107447244e-05
-9.06064087757841e-05
-9.25314161577262e-05
-9.45643696468323e-05
-9.7722870123107e-05
-0.000100919605756644
-0.000104176215245388
-0.000107448366179597
-0.000110599386971444
-0.000113698479253799
-0.000116747301944997
-0.000121212251542602
-0.000127869614516385
-0.000138085102662444
-0.000153913715621457
-0.000157143964315765
-0.000160243143909611
-0.000163380493177101
-0.000164203243912198
-0.000165060351719148
-0.000165975812706165
-0.000167009740835056
-0.000167955702636391
-0.000168944447068498
-0.000170028244610876
-0.000171176609001122
-0.000172889660461806
-0.000175193970790133
-0.000177163718035445
-0.000178843401954509
-0.000180291492142715
-0.000181563969817944
-0.000182691321242601
-0.000183716983883642
-0.000184669916052371
-0.000186009419849142
-0.000187923549674451
-0.000190709586604498
-0.000194789667148143
-0.000200920025235973
-0.000209917576285079
-0.000222913207835518
-0.000241952380747534
-0.000269324606051669
-0.000308081100229174
-0.000363882863894105
-0.00044936197809875
-0.000585239788051695
-0.000786780787166208
-0.000994154950603843
-0.00119746883865446
-0.00140071462374181
-0.00160123675595969
-0.0017962766578421
-0.00198566494509578
-0.00217190175317228
-0.00235212640836835
-0.00252488907426596
-0.00268974946811795
-0.00284678698517382
-0.0029962663538754
-0.00313780503347516
-0.00327141769230366
-0.00339718325994909
-0.00351508590392768
-0.00362536520697176
-0.00372782209888101
-0.00382250524125993
-0.00390992965549231
-0.00399027671664953
-0.00406313128769398
-0.00412862794473767
-0.00418702373281121
-0.00423827627673745
-0.00428244192153215
-0.00431974604725838
-0.00435032602399588
-0.00437427451834083
-0.0043918564915657
-0.00440281629562378
-0.00440753996372223
-0.00440788781270385
-0.00440790830180049
-0.00440790271386504
-0.00440790224820375
-0.00440790085121989
-0.00440789898857474
-0.00440789666026831
-0.00440789479762316
-0.00440789433196187
-0.00440789759159088
-0.00440790923312306
-0.00440793391317129
-0.00440795719623566
-0.00440798420459032
-0.00440800189971924
-0.00440800189971924
