0.0
0.0
6.2651099597133e-07
1.58239072334254e-06
2.04555794880434e-06
1.5126690868783e-06
1.0926479490081e-06
1.768673200786e-06
3.78659456146124e-06
5.44078102393541e-06
6.56307793178712e-06
7.20565958545194e-06
7.81328071752796e-06
8.94930781214498e-06
9.40621339395875e-06
9.70570727076847e-06
9.64908485912019e-06
9.58749842538964e-06
9.42923452385003e-06
9.30160149437143e-06
9.14670636120718e-06
9.06941750145052e-06
8.9550630946178e-06
8.8284077719436e-06
8.74108627613168e-06
8.66612117533805e-06
8.25131610326935e-06
8.03367584012449e-06
7.77202421886614e-06
7.56281951908022e-06
7.38828111934708e-06
7.19806848792359e-06
7.01589397067437e-06
6.84751921653515e-06
6.7368455347605e-06
6.60310297462274e-06
6.46107127977302e-06
6.22311790721142e-06
5.97589450990199e-06
5.72146564081777e-06
5.55330780116492e-06
5.37063760930323e-06
5.22170557815116e-06
5.0720855142572e-06
4.94759024149971e-06
4.71578050564858e-06
4.53508755526855e-06
4.37494236393832e-06
4.15256863561808e-06
3.89616616303101e-06
3.56015289071365e-06
3.29754038830288e-06
3.08221592604241e-06
2.84581278719997e-06
2.61869990936248e-06
2.51357732850011e-06
2.51122446570662e-06
2.55357895184716e-06
2.61102536569524e-06
2.67353834715323e-06
2.73401792583172e-06
2.78880202131404e-06
2.76471382676391e-06
2.68805752057233e-06
2.64646428149717e-06
2.60866340795474e-06
2.56970383816224e-06
2.56855719271698e-06
2.53422035711992e-06
2.51753317570547e-06
2.52266681854962e-06
2.48733954322233e-06
2.49832601184607e-06
2.49447930400493e-06
2.45712658397679e-06
2.45848332269816e-06
2.48900073529512e-06
2.55200575338677e-06
2.57080409937771e-06
2.61608374785283e-06
2.71885710390052e-06
2.73213163382025e-06
2.65028734247608e-06
2.64505865743558e-06
2.64625577983679e-06
2.63377091869188e-06
2.60152319242479e-06
2.52289169111464e-06
2.47347179538338e-06
2.40899589698529e-06
2.34195135817572e-06
2.32690626944532e-06
2.34219373851374e-06
2.3085983684723e-06
2.30713158089202e-06
2.28730323215132e-06
2.2623260065302e-06
2.24013433580694e-06
2.23955703404499e-06
2.24246173274878e-06
2.28347016673069e-06
2.4229298105638e-06
2.43764952756464e-06
2.45012120103638e-06
2.47552202381485e-06
2.6104007702088e-06
2.67929317487869e-06
2.66783990809927e-06
