0.0
4.0599420003673e-07
5.37652067578165e-06
2.13281218748307e-05
2.67344858002616e-05
3.37446908815764e-05
4.21238582930528e-05
5.12977276230231e-05
6.12233052379452e-05
7.20494135748595e-05
9.02098472579382e-05
0.000120847194921225
0.000170510727912188
0.000224040544708259
0.000238605382037349
0.000263449328485876
0.000292869604891166
0.000325317727401853
0.000359301368007436
0.000394489732570946
0.000430814048741013
0.000467016565380618
0.000517671753186733
0.000536726787686348
0.000543896167073399
0.000554632744751871
0.000558671483304352
0.000564729736652225
0.000573807978071272
0.000587605813052505
0.000608575588557869
0.000629951769951731
0.000652089307550341
0.000675241579301655
0.000711938017047942
0.000769904756452888
0.000864328816533089
0.00101864477619529
0.00106080865953118
0.00110436300747097
0.00114949326962233
0.00119593227282166
0.0012440097052604
0.00129401998128742
0.00137219636235386
0.00149555038660765
0.00152770325075835
0.00156050571240485
0.00159392226487398
0.00162795872893184
0.00162795872893184
