0.0
6.78139905341268e-11
6.78166967027494e-11
6.78173558976702e-11
6.78174807977605e-11
6.78175085533361e-11
6.781751549223e-11
6.781751549223e-11
6.781751549223e-11
6.781751549223e-11
6.781751549223e-11
6.781751549223e-11
6.781751549223e-11
6.781751549223e-11
6.781751549223e-11
6.781751549223e-11
6.781751549223e-11
6.781751549223e-11
6.781751549223e-11
6.781751549223e-11
6.781751549223e-11
6.781751549223e-11
6.781751549223e-11
6.781751549223e-11
6.781751549223e-11
6.781751549223e-11
6.781751549223e-11
6.781751549223e-11
6.781751549223e-11
6.781751549223e-11
6.781751549223e-11
6.781751549223e-11
6.781751549223e-11
6.781751549223e-11
6.781751549223e-11
6.781751549223e-11
6.781751549223e-11
6.781751549223e-11
6.781751549223e-11
6.781751549223e-11
6.781751549223e-11
6.781751549223e-11
6.781751549223e-11
6.781751549223e-11
6.781751549223e-11
6.781751549223e-11
6.781751549223e-11
6.781751549223e-11
6.781751549223e-11
6.781751549223e-11
6.781751549223e-11
6.781751549223e-11
6.781751549223e-11
6.781751549223e-11
6.781751549223e-11
6.781751549223e-11
6.781751549223e-11
6.781751549223e-11
6.781751549223e-11
6.781751549223e-11
6.781751549223e-11
6.781751549223e-11
6.781751549223e-11
6.781751549223e-11
6.781751549223e-11
6.781751549223e-11
6.781751549223e-11
6.781751549223e-11
6.781751549223e-11
6.781751549223e-11
6.781751549223e-11
6.781751549223e-11
6.781751549223e-11
6.781751549223e-11
6.781751549223e-11
6.781751549223e-11
6.781751549223e-11
6.781751549223e-11
6.781751549223e-11
6.781751549223e-11
6.781751549223e-11
6.781751549223e-11
6.781751549223e-11
6.781751549223e-11
6.781751549223e-11
6.781751549223e-11
6.781751549223e-11
6.781751549223e-11
6.781751549223e-11
6.781751549223e-11
6.781751549223e-11
6.781751549223e-11
6.781751549223e-11
6.781751549223e-11
6.781751549223e-11
6.781751549223e-11
6.781751549223e-11
6.781751549223e-11
6.781751549223e-11
6.781751549223e-11
6.781751549223e-11
6.781751549223e-11
6.781751549223e-11
6.781751549223e-11
6.781751549223e-11
6.781751549223e-11
6.781751549223e-11
6.781751549223e-11
6.781751549223e-11
6.781751549223e-11
6.781751549223e-11
6.781751549223e-11
6.781751549223e-11
6.781751549223e-11
6.781751549223e-11
6.781751549223e-11
6.781751549223e-11
6.781751549223e-11
6.781751549223e-11
6.781751549223e-11
6.781751549223e-11
6.781751549223e-11
6.781751549223e-11
6.781751549223e-11
6.781751549223e-11
6.781751549223e-11
6.781751549223e-11
6.781751549223e-11
6.781751549223e-11
6.781751549223e-11
6.781751549223e-11
6.781751549223e-11
6.781751549223e-11
6.781751549223e-11
6.781751549223e-11
6.781751549223e-11
6.781751549223e-11
6.781751549223e-11
6.781751549223e-11
6.781751549223e-11
6.781751549223e-11
6.781751549223e-11
6.781751549223e-11
6.781751549223e-11
6.781751549223e-11
6.781751549223e-11
6.781751549223e-11
6.781751549223e-11
6.781751549223e-11
6.781751549223e-11
6.781751549223e-11
6.781751549223e-11
6.781751549223e-11
6.781751549223e-11
6.781751549223e-11
6.781751549223e-11
6.781751549223e-11
6.781751549223e-11
6.781751549223e-11
