0.0
0.0
8.3886249058196e-07
6.26808059678297e-06
8.39268068375532e-06
9.54473307501758e-06
1.06772831713897e-05
1.18576217573718e-05
1.33495868794853e-05
1.50742489495315e-05
1.70571183844004e-05
1.92577663256088e-05
2.17512661038199e-05
2.44608163484372e-05
2.91105679934844e-05
3.61295642505866e-05
4.28493185609113e-05
5.19263739988673e-05
6.24904641881585e-05
7.43946220609359e-05
8.44743262859993e-05
9.57724550971761e-05
0.000108487554825842
0.000121463177492842
0.000135649170260876
0.000159909774083644
0.000169919061590917
0.000183762080268934
0.000193838161067106
0.000206554410397075
0.000222325441427529
0.000251134013524279
0.00027644558576867
0.000288103794446215
0.000288327340967953
0.00028846415807493
0.000288520415779203
0.00028852466493845
0.000288539886241779
0.000288545183138922
0.000288536917651072
0.000288503884803504
0.000288491399260238
0.00028847687644884
0.000288441282464191
0.000288406678009778
0.00028837428544648
0.000288337934762239
0.000288283074041829
0.000288220413494855
0.000288161128992215
0.000288106471998617
0.000288046663627028
0.000287963019218296
0.000287923438008875
0.000287923845462501
0.000287924747681245
0.000287925824522972
0.000287925358861685
0.000287926464807242
0.000287930626654997
0.000287929084151983
0.000287926610326394
0.000287928472971544
0.000287930626654997
0.000287933245999739
0.000287935399683192
0.000287936709355563
0.000287937204120681
0.000287937058601528
0.000287937058601528
0.000287934963125736
0.000287932867649943
0.00028793077217415
0.000287927832687274
0.000287928094621748
0.000287929782643914
0.000287931266939268
0.000287933187792078
0.000287934235529974
0.000287935312371701
0.000287936185486615
0.000287937757093459
0.000287937727989629
0.000287937757093459
0.000287937436951324
0.000287936127278954
0.000287934875814244
0.000287933013169095
0.000287931266939268
0.000287933507934213
0.000287934497464448
0.000287935516098514
0.000287936854874715
0.000287936476524919
0.00028793586534448
0.000287936185486615
0.000287936360109597
0.000287936156382784
0.00028793906676583
0.000287948438199237
0.000287949631456286
0.000287950097117573
0.000287950126221403
0.000287950271740556
0.000287949980702251
0.000287949864286929
0.000287949776975438
0.000287949631456286
0.000287949602352455
0.000287949485937133
0.000287949224002659
0.000287948379991576
0.000287946866592392
0.000287946197204292
0.000287947186734527
0.000287951057543978
0.000287953822407871
0.000287955481326208
0.000287958333501592
0.00028796007973142
0.00028795943944715
0.000287959555862471
0.00028795946855098
0.000287976377876475
0.000287973554804921
0.000287973642116413
0.000287973642116413
0.000287973642116413
0.000287973642116413
0.000287973671220243
0.00028797282720916
0.000287971604848281
0.000287971633952111
0.00028797154664062
0.000287970789941028
0.000287970033241436
