0.0
2.41443785853335e-06
1.67455691553187e-05
5.50319091416895e-05
0.000116777664516121
0.000135255773784593
0.000155454225023277
0.000188451624126174
0.000241700879996642
0.000331395567627624
0.000467856676550582
0.00064510788070038
0.000855633115861565
0.00109235185664147
0.00135951035190374
0.00143244792707264
0.00150831916835159
0.00158697552978992
0.00171019101981074
0.00190562556963414
0.00221930653788149
0.00255250534974039
0.00290100928395987
0.00326955574564636
0.00366056524217129
0.00406813947483897
0.00448807561770082
0.00492469826713204
0.00537870777770877
0.00584086682647467
0.00639300420880318
0.00694570736959577
0.00749311270192266
0.00803328678011894
0.00856772717088461
0.00909869838505983
0.00962631311267614
0.0101482085883617
0.0106630306690931
0.0111714536324143
0.0116738118231297
0.0121704749763012
0.0126611581072211
0.0131445303559303
0.0136201931163669
0.0140887033194304
0.0145499827340245
0.0150040276348591
0.0154507178813219
0.0158898290246725
0.0163212865591049
0.0167450699955225
0.0171611402183771
0.0175694208592176
0.0179701149463654
0.0183633379638195
0.0187493488192558
0.0191283505409956
0.0195004753768444
0.0198657568544149
0.0202240906655788
0.0205754805356264
0.0209199525415897
0.0212574936449528
0.0215881485491991
0.0219119992107153
0.0222290307283401
0.0225393045693636
0.0228429269045591
0.0231401640921831
0.0234312769025564
0.0237163621932268
0.0239955428987741
0.0242689251899719
0.0245364848524332
0.0247981660068035
0.0250538531690836
0.0253034234046936
0.0255468040704727
0.0257838871330023
0.0260146148502827
0.0262390393763781
0.0264576002955437
0.0266705136746168
0.026877773925662
0.0270795281976461
0.0272757243365049
0.0274665616452694
0.0276522301137447
0.0278327334672213
0.0280083399266005
0.028179133310914
0.02834502607584
0.0285059101879597
0.0286617130041122
0.0288125369697809
0.0289583951234818
0.0290991701185703
0.0292347948998213
0.0293652396649122
0.0294904410839081
0.0296105239540339
0.0297256764024496
0.0298360213637352
0.0299418233335018
0.0300433244556189
0.0301405154168606
0.0302334018051624
0.0302865449339151
