0.0
0.00999999977648258
0.0199999995529652
0.0299999993294477
0.0324999988079071
0.0350000001490116
0.0375000014901161
0.0399999991059303
0.0425000004470348
0.0450000017881393
0.0474999994039536
0.0500000007450581
0.0524999983608723
0.0549999997019768
0.0556249991059303
0.0562499985098839
0.0568750016391277
0.0578125007450581
0.0592187494039536
0.0606250017881393
0.0620312504470348
0.0634374991059303
0.0648437514901161
0.0662499964237213
0.0676562488079071
0.0690625011920929
0.0704687535762787
0.0718749985098839
0.0732812508940697
0.0753906220197678
0.0785546898841858
0.0833007842302322
0.0904199182987213
0.100419923663139
0.110419921576977
0.120419919490814
0.130419924855232
0.130478516221046
0.130522459745407
0.130566403269768
0.130632326006889
0.130731195211411
0.130879521369934
0.131101995706558
0.131435692310333
0.131936267018318
0.132436826825142
0.132937386631966
0.133437961339951
0.133688241243362
0.133735164999962
0.133782088756561
0.133829027414322
0.133875951170921
0.133922874927521
0.133969813585281
0.134016737341881
0.13406366109848
0.13411058485508
0.13415752351284
0.13420444726944
0.134251371026039
0.1342983096838
0.134368687868118
0.134474277496338
0.134579867124557
0.134685456752777
0.134791046380997
0.134870231151581
0.134949430823326
0.13502861559391
0.135107815265656
0.13518700003624
0.135266184806824
0.135384976863861
0.135563150048256
0.13583043217659
0.136231333017349
0.136832684278488
0.136983022093773
0.137133359909058
0.137283697724342
0.137311890721321
0.1373400837183
0.137368261814117
0.137396454811096
0.137424647808075
0.137452840805054
0.137481018900871
0.13750921189785
0.137537404894829
0.137565582990646
0.137593775987625
0.137621968984604
0.137664243578911
0.137727677822113
0.137822806835175
0.137917950749397
0.138013079762459
0.138108223676682
0.138179570436478
0.138233080506325
0.138286605477333
0.13834011554718
0.138393625617027
0.138447135686874
0.138500660657883
0.138580933213234
0.13870133459568
0.138881951570511
0.139152854681015
0.139559239149094
0.14016880095005
0.140778347849846
0.141387909650803
0.141997471451759
0.142149865627289
0.142264157533646
0.142378449440002
0.142492741346359
0.142607033252716
0.142721325159073
0.142892763018608
0.143149927258492
0.143407076597214
0.143664240837097
0.143921405076981
0.144307136535645
0.144885748624802
0.145753651857376
0.147055521607399
0.148357376456261
0.149008303880692
0.149659246206284
0.150147438049316
0.15063564479351
0.150696665048599
0.150788202881813
0.150856852531433
0.150908350944519
0.150959834456444
0.151011317968369
0.151062816381454
0.151114299893379
0.151152923703194
0.151181876659393
0.151210844516754
0.151239812374115
0.151268765330315
0.151297733187675
0.151326701045036
0.151355654001236
0.151384621858597
0.151428073644638
0.151493236422539
0.15159098803997
0.151737615466118
0.151957541704178
0.152177482843399
0.15239742398262
0.152617365121841
0.152782306075096
0.152947261929512
0.153112217783928
0.153277173638344
0.153400883078575
0.153524607419968
0.153648316860199
0.15377202630043
0.153895750641823
0.154019460082054
0.154205039143562
0.154483392834663
0.154900923371315
0.155527234077454
0.156466692686081
0.157406151294708
0.158345609903336
0.159754797816277
0.160107105970383
0.160173162817955
0.160239219665527
0.1603052765131
0.160354807972908
0.160404354333878
0.160453900694847
0.160503432154655
0.160552978515625
0.160602524876595
0.160652056336403
0.160701602697372
0.160751149058342
0.16080068051815
0.16085022687912
0.160899773240089
0.160974085330963
0.161048397421837
0.161122709512711
0.161197021603584
0.161308497190475
0.16147568821907
0.161726504564285
0.162102714180946
0.162667021155357
0.163513481616974
0.164359956979752
0.165206432342529
0.166476130485535
0.166535645723343
0.16658028960228
0.166624918580055
0.16669188439846
0.166758835315704
0.166825786232948
0.166892752051353
0.166959702968597
0.167026668787003
0.167093619704247
0.16716057062149
0.167210802435875
0.167248457670212
0.16728612780571
0.167323783040047
0.167361453175545
0.167399108409882
0.167413234710693
0.167434424161911
0.167455613613129
0.167476788163185
0.167497977614403
0.167513862252235
0.167529761791229
0.167553588747978
0.167589336633682
0.167625084519386
0.167660847306252
0.167696595191956
0.167750224471092
0.167830660939217
0.167951315641403
0.168132305145264
0.168403789401054
0.168607398867607
0.16881100833416
0.169116422533989
0.169173687696457
0.169230952858925
0.169273912906647
0.169306114315987
0.169338330626488
0.169370546936989
0.169394701719284
0.169418856501579
0.169443026185036
0.169467180967331
0.169491335749626
0.169515490531921
0.169539660215378
0.169575899839401
0.169630259275436
0.169711783528328
0.169834092259407
0.170017555356026
0.170292735099792
0.170705512166023
0.17132468521595
0.172253429889679
0.173182189464569
0.174110934138298
0.175039693713188
0.175968438386917
0.176897197961807
0.17712938785553
0.177361577749252
0.177448645234108
0.177535712718964
0.177622780203819
0.177709862589836
0.177775159478188
0.177824139595032
0.177860870957375
0.177888423204422
0.177915960550308
0.177943512797356
0.177971065044403
0.177998617291451
0.178026169538498
0.178053721785545
0.178081259131432
0.178108811378479
0.178136363625526
0.178177684545517
0.178219020366669
0.178260341286659
0.178322330117226
0.178415298461914
0.178554773330688
0.17876398563385
0.179077789187431
0.179548501968384
0.179901540279388
0.180254563689232
0.180607602000237
0.180960640311241
0.181490182876587
0.182284519076347
0.183476001024246
0.185263231396675
0.187050461769104
0.188837707042694
0.18928450345993
0.189396217465401
0.189563766121864
0.189595177769661
0.189626604318619
0.189658015966415
0.189689427614212
0.189720839262009
0.189752265810966
0.189783677458763
0.18981508910656
0.189862221479416
0.18993291258812
0.190003588795662
0.190074279904366
0.190127298235893
0.190167054533958
0.190206810832024
0.190236642956734
0.190266460180283
0.190296277403831
0.19032609462738
0.19035592675209
0.190400645136833
0.190467745065689
0.190534844994545
0.190601944923401
0.190669044852257
0.190736129879951
0.190803229808807
0.190903872251511
0.191054850816727
0.19128130376339
0.191620975732803
0.191748350858688
0.191875740885735
0.191899612545967
0.191923499107361
0.191947385668755
0.191971272230148
0.191995158791542
0.192019030451775
0.192042917013168
0.192066803574562
0.192090690135956
0.19211457669735
0.19215039908886
0.192204132676125
0.19225786626339
0.192311614751816
0.192392215132713
0.19251312315464
0.192634046077728
0.192754954099655
0.192936316132545
0.193208366632462
0.193616434931755
0.194228559732437
0.195146724581718
0.19583535194397
0.19652396440506
0.197212591767311
0.197901219129562
0.198934152722359
0.200483560562134
0.202807679772377
0.206293836236
0.211523085832596
0.219366952776909
0.229366958141327
0.239366948604584
0.249366953969002
0.25936695933342
0.269366949796677
0.279366970062256
0.289366960525513
0.29936695098877
0.309366941452026
0.319366961717606
0.329366952180862
0.339366942644119
0.349366962909698
0.359366953372955
0.369366943836212
0.379366964101791
0.389366954565048
0.399366945028305
0.409366965293884
0.419366955757141
0.429366946220398
0.431866943836212
0.435616970062256
0.437023192644119
0.439132571220398
0.439182013273239
0.439183175563812
0.439183622598648
0.439184278249741
0.439185231924057
0.439185231924057
