-0.000000
0.213993
0.840708
1.214146
1.915724
2.999700
3.190978
3.334958
3.475039
3.805897
4.221758
4.916381
5.287998
5.642932
5.884956
6.281601
6.702795
7.244605
7.888394
8.059992
8.274728
8.558138
8.837041
9.386426
9.822107
10.222287
11.018524
11.223655
11.513636
11.902989
11.944714
11.924131
11.813244
11.752012
11.729152
11.620295
11.400144
11.317502
11.193570
11.011132
10.777810
10.703111
10.592412
10.436842
10.377939
10.294902
10.165887
10.104111
10.010833
9.974968
9.963180
9.943646
9.937549
9.926921
9.911008
9.886712
9.849664
9.793999
9.772313
9.739415
9.729340
9.710796
9.686544
9.646710
9.631026
9.611077
9.577666
9.530493
9.457196
9.430656
9.390919
9.374326
9.370483
9.361248
9.360835
9.360403
9.359971
9.359536
9.358884
9.357903
9.356431
9.354220
9.352008
9.349793
9.347706
9.342796
9.335422
9.325616
9.310408
9.288367
9.253869
9.239958
9.239833
9.237972
9.236381
9.232095
9.230484
9.228854
9.227217
9.225580
9.223943
9.223535
9.223125
9.222511
9.221590
9.220207
9.218130
9.215012
9.210315
9.204690
9.202066
9.201080
9.200086
9.199094
9.198099
9.196604
9.194359
9.192327
9.188705
9.186884
9.184079
9.179865
9.179072
9.178277
9.177483
9.176287
9.175783
9.173180
9.172199
9.171204
9.170205
9.169201
9.167696
9.165436
9.162041
9.156916
9.149244
9.139078
9.138005
9.136398
9.133984
9.130354
9.126269
9.124262
9.123508
9.123982
9.123321
9.122242
9.121940
9.119501
9.115774
9.114362
9.112953
9.111548
9.110138
9.108731
9.107320
9.106791
9.105998
9.105203
9.104406
9.103216
9.102768
9.102096
9.101089
9.099575
9.098439
9.097301
9.096159
9.094446
9.093803
9.092838
9.091390
9.089938
9.088486
9.087033
9.085579
9.084121
9.082664
9.081202
9.081040
9.080541
9.079757
9.078940
9.078120
9.076896
9.075057
9.072282
9.068108
9.063265
9.058567
9.052524
9.051004
9.049486
9.047204
9.043772
9.042484
9.041192
9.039903
9.038610
9.038127
9.037400
9.036308
9.034664
9.034413
9.032855
9.032262
9.031354
9.030446
9.029533
9.028159
9.026783
9.025409
9.024028
9.022643
9.022122
9.021343
9.020169
9.018405
9.017111
9.013198
9.012844
9.012474
9.012105
9.011550
9.010715
9.009457
9.007567
9.006857
9.005792
9.004194
9.001800
8.998213
8.996866
8.996531
8.996196
8.995692
8.994935
8.993801
8.992099
8.991459
8.990821
8.990180
8.989222
8.987787
8.987245
8.986434
8.985623
8.984812
8.983595
8.983138
8.982453
8.981426
8.979884
8.978980
8.975600
8.970483
8.962730
8.956482
8.950231
8.944121
8.936488
8.926267
8.909039
8.884411
8.861482
8.838636
8.802175
8.789092
8.775969
8.762622
8.743402
8.709510
8.660994
8.659383
8.658163
8.656945
8.655120
8.652369
8.648220
8.643560
8.634297
8.620249
8.599033
8.570533
8.522359
8.448118
8.420068
8.377795
8.313871
8.289913
8.254143
8.200370
8.120405
7.999975
7.818415
7.547554
7.530877
7.513884
7.488363
7.449928
7.435149
7.413290
7.380932
7.368998
7.351017
7.344261
7.341761
7.338025
7.332425
7.324036
7.308440
7.304874
7.301777
7.297135
7.295391
7.295391
