0.0
3.06352377125144e-31
1.65442850175168e-06
9.58156215347117e-06
1.033053467836e-05
1.1109304978163e-05
1.19160504254978e-05
1.27475259432686e-05
1.35984864755301e-05
1.38132563733961e-05
1.40286656460376e-05
1.42445469464292e-05
1.44608675327618e-05
1.46775373650598e-05
1.48945109685883e-05
1.51115309563465e-05
1.53282508108532e-05
1.55446614371613e-05
1.57606173161184e-05
1.59758146764943e-05
1.60294239321956e-05
1.60428116942057e-05
1.6056195818237e-05
1.60695744853001e-05
1.60829531523632e-05
1.61030056915479e-05
1.61330644914415e-05
1.61781026690733e-05
1.62455780809978e-05
1.63465083460324e-05
1.64472730830312e-05
1.65478504641214e-05
1.66482350323349e-05
1.67483322002226e-05
1.68478200066602e-05
1.69469149113866e-05
1.70455950865289e-05
1.71439951373031e-05
1.7242316971533e-05
1.73909393197391e-05
1.76144421857316e-05
1.79525995918084e-05
1.80382849066518e-05
1.81249888555612e-05
1.82196799869416e-05
1.83298052434111e-05
1.8440337953507e-05
1.85511762538226e-05
1.87180594366509e-05
1.89696529560024e-05
1.92227380466647e-05
1.94772692339029e-05
1.97331282834057e-05
1.99902351596393e-05
2.02546380023705e-05
2.05363394343294e-05
2.08203455258626e-05
2.11065707844682e-05
2.15399304579478e-05
2.2198732040124e-05
2.32058791880263e-05
2.42343539866852e-05
2.52820973400958e-05
2.63469482888468e-05
2.74268295470392e-05
2.85418536805082e-05
2.98596169159282e-05
3.12183547066525e-05
3.26163462887052e-05
3.40498809237033e-05
3.55170450347941e-05
3.70164816558827e-05
3.85467319574673e-05
4.01064025936648e-05
4.1718845750438e-05
4.33719396824017e-05
4.59198890894186e-05
4.98855151818134e-05
5.61438682780135e-05
6.65617408230901e-05
8.44213427626528e-05
0.000115934126370121
0.000172035084688105
0.000187551762792282
0.000203459247131832
0.000220071800868027
0.000237413245486096
0.000254700018558651
0.000261144974501804
0.000267838506260887
0.000274827441899106
0.000282053195405751
0.000293216959107667
0.00031024104100652
0.000335460266796872
0.000374640803784132
0.000439841562183574
0.000547875533811748
0.000669864006340504
0.000807344971690327
0.000964763865340501
0.00100580311845988
0.00103659986052662
0.00104813533835113
0.00105388462543488
0.00105673237703741
0.00105885288212448
0.00106097769457847
0.00106310611590743
0.0010652377968654
0.00106737401802093
0.00106951501220465
0.00107273750472814
0.0010759710567072
0.00107921566814184
0.00108247005846351
0.00108573341276497
0.00109064637217671
0.00109805015381426
0.00110549561213702
0.001112982747145
0.0011204854818061
0.00112803990487009
0.00113564543426037
0.00114329834468663
0.00115099409595132
0.00115873129107058
0.00116652599535882
0.00117436551954597
0.00118623219896108
0.00119817990344018
0.00121019291691482
0.00122226309031248
0.00123439193703234
0.0012465778272599
0.00125880853738636
0.00127722893375903
0.00130499014630914
0.00131195865105838
0.00131893553771079
0.00132942420896143
0.00134526938199997
0.00136118498630822
0.00137716275639832
0.00140124827157706
0.00143767846748233
0.00149292673449963
0.00157693366054446
0.00166307226754725
0.00175049179233611
0.0018393131904304
0.00193007511552423
0.00195272266864777
0.00197533308528364
0.00199215696193278
0.00199636700563133
0.00199954747222364
0.00200280244462192
0.00200595636852086
0.00200901064090431
0.00201202090829611
0.00201501860283315
0.00201801210641861
0.00202250177972019
0.00202923105098307
0.00203930446878076
0.00205445778556168
0.00206987210549414
0.00208537420257926
0.0021087029017508
0.00211164588108659
0.00211238581687212
0.00211313157342374
0.0021138871088624
0.00211465149186552
0.00211542588658631
0.00211621471680701
0.00211739423684776
0.00211913767270744
0.00212166015990078
0.00212409975938499
0.00212650862522423
0.00212890235707164
0.00213248562067747
0.00213784445077181
0.00214581564068794
0.00215749233029783
0.0021749478764832
0.00220104539766908
0.00223996071144938
0.00227869278751314
0.00231725443154573
0.00237474986352026
0.00243193842470646
0.00248870882205665
0.00254515931010246
0.00254792091436684
0.00255075981840491
0.00255147507414222
0.00255255308002234
0.00255255308002234
