-0.000000
-0.000000
0.553930
1.201708
1.590597
2.827903
3.776690
5.123009
6.199259
7.410550
8.641218
9.602888
10.144471
10.742350
10.844798
10.836972
10.525186
10.221284
9.938518
9.827951
9.493732
9.184808
8.994999
8.770992
8.462033
8.158923
7.852409
7.554851
7.261683
6.958008
6.694047
6.405387
6.110765
5.820057
5.547277
5.292729
5.012856
4.728494
4.472144
4.215527
3.942509
3.682146
3.444671
3.182011
2.934414
2.697005
2.441122
2.210297
1.963072
1.724718
1.493486
1.255678
1.035013
0.804744
0.579247
0.353689
0.127247
0.028419
0.029036
0.028796
0.028831
0.028295
0.027920
0.027884
0.028009
0.028504
0.028661
0.028687
0.029080
0.028957
0.028699
0.029142
0.029033
0.028437
0.028585
0.028472
0.028304
0.028627
0.028206
0.027230
0.027211
0.026952
0.026846
0.026579
0.026306
0.026641
0.027423
0.027879
0.027995
0.028369
0.028414
0.028061
0.027630
0.027143
0.027024
0.027380
0.028496
0.028206
0.028179
0.028921
0.029188
0.028470
0.027291
