0.0
-1.54625634461665e-19
4.95109482301359e-08
2.54496001161897e-07
6.54088466944813e-07
1.5946659459587e-06
3.23008453051443e-06
6.21826029600925e-06
9.54748702497454e-06
1.57476933964062e-05
2.65210910583846e-05
3.79051052732393e-05
5.09245946886949e-05
7.08130755810998e-05
0.000107129460957367
0.000152284075738862
0.000368999579222873
0.000445684650912881
0.000512670900207013
0.000625799060799181
0.000793087820056826
0.00101563904900104
0.00124622113071382
0.00141685549169779
0.00153845304157585
0.00162531773094088
0.00164001225493848
0.00164145627059042
0.00164194835815579
0.00164264359045774
0.00164360634516925
0.00164489832241088
0.00164534721989185
0.0016459837788716
0.00164621346630156
0.0016465513035655
0.00164704432245344
0.00164776481688023
0.00164881197270006
0.00165032036602497
0.00165242690127343
0.00165507663041353
0.00165754975751042
0.00165999704040587
0.00166237878147513
0.00166297354735434
0.00166302907746285
0.0016631125472486
0.00166323722805828
0.00166342430748045
0.00166349427308887
0.00166351185180247
0.00166352943051606
0.00166353047825396
0.00166353094391525
0.00166353152599186
0.00166353245731443
0.00166353385429829
0.00166353594977409
0.00166353909298778
0.00166354374960065
0.00166355073451996
0.00166356132831424
0.00166357704438269
0.00166360079310834
0.0016636362997815
0.00166364957112819
0.00166366959456354
0.00166369951330125
0.00166374433320016
0.00166381162125617
0.00166391243692487
0.00166406342759728
0.00166421395260841
0.00166436459403485
0.00166459020692855
0.00166481593623757
0.00166504213120788
0.00166538136545569
0.001665890798904
0.00166608311701566
0.00166637205984443
0.00166680151596665
0.00166743434965611
0.00166767695918679
0.00166804867330939
0.001668635988608
0.001669553341344
0.00166964298114181
0.00166965078096837
0.00166966335382313
0.00166968209668994
0.00166971038561314
0.00166975287720561
0.00166981678921729
0.0016699128318578
0.00167005765251815
0.00167027639690787
0.00167060818057507
0.00167111330665648
0.00167130678892136
0.00167160027194768
0.00167171214707196
0.00167188129853457
0.0016719454433769
0.00167204206809402
0.00167218840215355
0.00167224369943142
0.00167232728563249
0.001672453712672
0.00167264242190868
0.00167292088735849
0.00167302624322474
0.00167318584863096
0.00167342799250036
0.00167379400227219
0.00167434604372829
0.00167455628979951
0.00167487224098295
0.00167534709908068
0.00167606060858816
0.00167612906079739
0.00167623115703464
0.0016763845924288
0.00167661567684263
0.00167696038261056
0.00167746690567583
0.00167751056142151
0.00167752697598189
0.0016775515396148
0.00167758739553392
0.00167763885110617
0.00167771568521857
0.00167783000506461
0.0016780006699264
0.00167806481476873
0.00167816050816327
0.00167830311693251
0.00167851662263274
0.00167883711401373
0.00167931674513966
0.00167949858587235
0.00167977088131011
0.00168017658870667
0.00168077764101326
0.00168167147785425
0.00168296950869262
0.00168467778712511
0.00168634613510221
0.00168786919675767
0.00168859132099897
0.00168877607211471
0.001689049648121
0.00168915267568082
0.00168915896210819
0.0016891653649509
0.00168917188420892
0.00168917828705162
0.00168918073177338
0.00168918434064835
0.00168918981216848
0.00168919796124101
0.0016892011044547
0.00168920564465225
0.00168921251315624
0.00168922287411988
0.00168923835735768
0.00168926152400672
0.00168926373589784
0.00168926699552685
0.00168927188497037
0.00168927921913564
0.00168928201310337
0.00168928608763963
0.00168929225765169
0.00168929458595812
0.00168929807841778
0.00168930331710726
0.00168931111693382
0.00168932287488133
0.00168934045359492
0.00168936676345766
0.00168936920817941
0.00168937293346971
0.00168937665876001
0.00168938026763499
0.00168938585557044
0.00168938795104623
0.00168939109425992
0.00168939575087279
0.00168940285220742
0.0016894080908969
0.00168941332958639
0.00168941868469119
0.00168942660093307
0.00168942951131612
0.00168943393509835
0.00168944068718702
0.00168945058248937
0.00168946560006589
0.00168947118800133
0.00168947537895292
0.00168947956990451
0.00168948585633188
0.00168949225917459
0.00168949854560196
0.00168950797524303
0.00168951507657766
0.00168952578678727
0.00168954173568636
0.00168956571724266
0.00168956792913377
0.00168957130517811
0.00168957631103694
0.00168957829009742
0.00168958108406514
0.00168958527501673
0.00168959167785943
0.00168959412258118
0.00168959773145616
0.00168960308656096
0.00168961111921817
0.00168962322641164
0.00168964138720185
0.00168966851197183
0.00168967875652015
0.00168968888465315
0.00168969912920147
0.00168970925733447
0.00168971181847155
0.00168971566017717
0.00168972136452794
0.00168972997926176
0.00168973859399557
0.00168974068947136
0.00168974394910038
0.00168974872212857
0.00168975593987852
0.00168975861743093
0.00168976269196719
0.00168976874556392
0.00168977794237435
0.00168978131841868
0.00168978644069284
0.00168979412410408
0.00168980564922094
0.00168982287868857
0.0016898246249184
0.00168982706964016
0.00168983067851514
0.00168983615003526
0.00168984441552311
0.00168984744232148
0.00168985209893435
0.00168985896743834
0.0016898694448173
0.00168988504447043
0.00168989086523652
0.00168989668600261
0.00168990110978484
0.00168990553356707
0.00168991205282509
0.00168992194812745
0.0016899318434298
0.00168994173873216
0.00168994418345392
0.00168994790874422
0.00168995349667966
0.00168996176216751
0.00168997433502227
0.00168999307788908
0.00169000006280839
0.00169001065660268
0.00169002125039697
0.00169003184419125
0.00169004243798554
0.00169005303177983
0.00169005570933223
0.00169005966745317
0.0016900657210499
0.00169007468502969
0.00169008364900947
0.00169009261298925
0.00169009936507791
0.00169010611716658
0.00169011286925524
0.00169012299738824
0.00169012672267854
0.00169013242702931
0.00169013813138008
0.00169014383573085
0.00169015233404934
0.00169016083236784
0.00169016933068633
0.00169017573352903
0.00169018201995641
0.00169018842279911
0.00169019482564181
0.0016902043716982
0.00169021147303283
0.00169021857436746
0.00169022579211742
0.00169023289345205
0.00169023999478668
0.00169024709612131
0.00169025419745594
0.00169026129879057
0.00169026840012521
0.00169027550145984
0.00169028260279447
0.0016902897041291
0.00169029680546373
0.00169030379038304
0.00169031089171767
0.00169031787663698
0.00169032497797161
0.00169033196289092
0.00169033894781023
0.00169034604914486
0.00169035303406417
0.00169036001898348
0.00169036700390279
0.0016903739888221
0.00169038097374141
0.00169038795866072
0.00169039482716471
0.00169040181208402
0.00169040879700333
0.00169041578192264
0.00169042265042663
0.00169042963534594
0.00169043650384992
0.00169044348876923
0.00169045035727322
0.00169045722577721
0.00169045897200704
0.00169046153314412
0.00169046549126506
0.00169047131203115
0.00169047992676497
0.0016904833028093
0.00169048819225281
0.00169049552641809
0.00169049820397049
0.00169050239492208
0.00169050856493413
0.00169051776174456
0.00169053161516786
0.00169055233709514
0.00169058318715543
0.00169062917120755
0.00169069715775549
0.00169079785700887
0.00169094640295953
0.00169116933830082
0.00169150624424219
0.00169202371034771
0.00169284199364483
0.00169429590459913
0.00169602851383388
0.00169790780637413
0.00169990630820394
0.00170160760171711
0.00170315138529986
0.0017046972643584
0.00170626386534423
0.00170745467767119
0.00170774222351611
0.00170802383217961
0.00170809449627995
0.00170819938648492
0.0017083550337702
0.00170858425553888
0.00170891778543591
0.00170894956681877
0.00170899659860879
0.00170906691346318
0.0017090734327212
0.00170907587744296
0.00170907960273325
0.00170908099971712
0.00170908309519291
0.00170908507425338
0.00170908716972917
0.00170908798463643
0.00170908914878964
0.00170909089501947
0.00170909357257187
0.00170909450389445
0.00170909601729363
0.00170909822918475
0.001709099044092
0.00170910032466054
0.00170910218730569
0.00170910498127341
0.00170910602901131
0.00170910765882581
0.00170910998713225
0.00170911091845483
0.00170911219902337
0.00170911417808384
0.0017091172048822
0.00170911941677332
0.00170912174507976
0.00170912255998701
0.00170912384055555
0.0017091257032007
0.00170912861358374
0.00170912966132164
0.00170913117472082
0.00170913361944258
0.00170913455076516
0.0017091358313337
0.00170913792680949
0.00170914095360786
0.00170914398040622
0.00170914619229734
0.00170914852060378
0.00170915073249489
0.00170915166381747
0.00170915294438601
0.00170915480703115
0.0017091577174142
0.0017091587651521
0.0017091603949666
0.00170916283968836
0.00170916342176497
0.00170916400384158
0.00170916493516415
0.00170916633214802
0.00170916831120849
0.00170917145442218
0.00170917448122054
0.0017091752961278
0.00170917599461973
0.00170917715877295
0.00170917890500277
0.00170918146613985
0.00170918239746243
0.00170918391086161
0.00170918612275273
0.00170918693765998
0.0017091881018132
0.00170918996445835
0.00170919275842607
0.00170919380616397
0.00170919531956315
0.00170919764786959
0.00170919846277684
0.0017091998597607
0.00170920183882117
0.00170920474920422
0.00170920765958726
0.00170921056997031
0.00170921173412353
0.00170921336393803
0.00170921580865979
0.00170921953395009
0.00170922093093395
0.00170922302640975
0.00170922616962343
0.00170923094265163
0.00170923268888146
0.00170923536643386
0.00170923792757094
0.00170924060512334
0.00170924328267574
0.00170924596022815
0.00170924852136523
0.00170925119891763
0.00170925387647003
0.00170925643760711
0.00170925911515951
0.00170926179271191
0.00170926435384899
0.0017092670314014
0.0017092697089538
0.00170927227009088
0.00170927494764328
0.00170927762519568
0.00170928018633276
0.00170928286388516
0.00170928554143757
0.00170928810257465
0.00170928880106658
0.00170928973238915
0.00170929124578834
0.00170929345767945
0.0017092942725867
0.00170929555315524
0.00170929741580039
0.00170930020976812
0.00170930300373584
0.00170930591411889
0.00170930870808661
0.00170931150205433
0.00170931429602206
0.00170931708998978
0.00170931988395751
0.00170932267792523
0.00170932547189295
