0.0
1.02394244549942e-06
8.15868679637788e-06
2.72814286290668e-05
3.43021092703566e-05
4.23085693910252e-05
5.55550395802129e-05
7.75163352955133e-05
0.000102983627584763
0.000133331370307133
0.000190000704606064
0.000223696843022481
0.000261192239122465
0.000291542790364474
0.000323006213875487
0.000355260795913637
0.000388826912967488
0.000423222605604678
0.000458030379377306
0.000513162929564714
0.000604340340942144
0.000704764621332288
0.000813091930467635
0.000841447152197361
0.000848630617838353
0.000855848949868232
0.000863100867718458
0.00087403692305088
0.000882281572557986
0.000890558992978185
0.000896786397788674
0.000903029111213982
0.000912420102395117
0.000921840837690979
0.000926561711821705
0.000930106616578996
0.000930993410293013
0.000931215123273432
0.000931436836253852
0.000931658607441932
0.000931991206016392
0.000932323862798512
0.000932656519580632
0.000933155533857644
0.000933904142584652
0.00093502743402496
0.000936151016503572
0.000937275064643472
0.000938399403821677
0.000939524150453508
0.000940649188123643
0.000942337268497795
0.000944025930948555
0.000945715175475925
0.000947405176702887
0.00094994151731953
0.000953748996835202
0.00095946661895141
0.000961612793616951
0.000964834121987224
0.000965438433922827
0.000966042804066092
0.000966647232417017
0.000967251718975604
0.000967856321949512
0.000968461041338742
0.000969368207734078
0.000970275490544736
0.000971183006186038
0.000972090696450323
0.000972998503129929
0.000973906484432518
0.00097481464035809
0.000975722912698984
0.0009766313014552
0.000977539923042059
0.00097844866104424
0.000979811884462833
0.000980834476649761
0.000981090124696493
0.000981345889158547
0.000981601537205279
0.000981857185252011
0.000982112833298743
0.000982368481345475
0.000982751953415573
0.000983327045105398
0.000984189682640135
0.000985052087344229
0.000985914492048323
0.000987207400612533
0.00098914559930563
0.000992049463093281
0.000996397691778839
0.00100290263071656
0.00101261783856899
0.00102709047496319
0.00104857177939266
0.00105655682273209
0.00106849009171128
0.00108635041397065
0.00111302558798343
0.00115245464257896
0.00120991095900536
0.00129217677749693
0.00132177770137787
0.00136512028984725
0.00142784882336855
0.00145056378096342
0.00147278676740825
0.00149452686309814
0.00152623292524368
0.00157174875494093
0.00163606612477452
0.00172283977735788
0.0017448611324653
0.00177603599149734
0.00178715377114713
0.00179124239366502
0.00179276429116726
0.00179333332926035
0.00179354660212994
0.00179386616218835
0.00179398583713919
0.00179403077345341
0.00179404765367508
0.00179407291579992
0.00179411075077951
0.00179416756145656
0.00179422437213361
0.00179428118281066
0.00179430237039924
0.00179433438461274
0.00179438223131001
0.00179445405956358
0.00179448106791824
0.00179452146403491
0.00179458200000226
0.00179460481740534
0.00179463881067932
0.0017946899170056
0.00179474102333188
0.00179479212965816
0.00179481133818626
0.00179484009277076
0.00179488316643983
0.00179494777694345
0.00179504475090653
0.00179508107248694
0.00179513555485755
0.00179515604395419
0.00179518666118383
0.00179523264523596
0.00179524987470359
0.00179527583532035
0.00179531460162252
0.00179537280928344
0.00179539457894862
0.00179542729165405
0.00179547630250454
0.00179549481254071
0.00179552240297198
0.00179556373041123
0.00179562577977777
0.0017956723459065
0.00179571891203523
0.00179578876122832
0.00179589341860265
0.0017959326505661
0.00179599155671895
0.00179605046287179
0.00179610925260931
0.00179613137152046
0.00179616443347186
0.00179621414281428
0.00179628853220493
0.00179631647188216
0.00179635838139802
0.00179642112925649
0.0017964446451515
0.00179647991899401
0.00179653288796544
0.00179661239963025
0.00179664220195264
0.0017966867890209
0.00179675384424627
0.00179677898995578
0.00179681659210473
0.00179687316995114
0.00179695792030543
0.00179698958527297
0.00179703731555492
0.00179710879456252
0.00179713557008654
0.00179717573337257
0.00179723603650928
0.00179732649121433
0.00179736036807299
0.0017974111251533
0.0017974873771891
0.00179751601535827
0.0017975588561967
0.00179762323386967
0.00179764733184129
0.00179768342059106
0.00179773767013103
0.00179781904444098
0.0017978495452553
0.00179789529647678
0.00179791240952909
0.00179793813731521
0.00179797678720206
0.00179803464561701
0.00179809250403196
0.0017981503624469
0.00179817201569676
0.00179820461198688
0.00179825339000672
0.00179827166721225
0.0017982991412282
0.0017983402358368
0.00179840205237269
0.00179842521902174
0.00179845991078764
0.0017985119484365
0.00179859006311744
0.00179861939977854
0.00179866328835487
0.00179872917942703
0.00179875385947526
0.0017987908795476
0.00179884640965611
0.00179886724799871
0.00179889856372029
0.00179894536267966
0.00179901567753404
0.00179904198739678
0.0017990815686062
0.00179914082400501
0.00179922976531088
0.00179936306085438
0.00179956294596195
0.00179960043169558
0.0017996565438807
0.00179967761505395
0.00179970928002149
0.00179975666105747
0.00179977435618639
0.00179980101529509
0.0017998410621658
0.00179990101605654
0.00179992348421365
0.00179995724465698
0.00180000776890665
0.00180008367169648
0.00180011207703501
0.0018001546850428
0.0018002187134698
0.0018002426950261
0.00180027866736054
0.00180033268406987
0.00180035282392055
0.00180038320831954
0.00180042872671038
0.00180049694608897
0.00180054816883057
0.00180056737735868
0.00180059613194317
0.00180063932202756
0.0018006555037573
0.00180067983455956
0.00180071627255529
0.00180077087134123
0.00180079136043787
0.00180082209408283
0.00180086819455028
0.00180093722883612
0.00180096318945289
0.00180100207217038
0.00180106039624661
0.00180114770773798
0.00180118053685874
0.00180122966412455
0.00180130347143859
0.00180135865230113
0.0018014416564256
0.00180147273931652
0.00180151930544525
0.00180158927105367
0.00180161546450108
0.00180165481287986
0.0018017137190327
0.00180180219467729
0.00180183537304401
0.00180188508238643
0.00180190370883793
0.00180193176493049
0.00180197367444634
0.00180203653872013
0.00180208380334079
0.00180213095154613
0.0018022017320618
0.00180230778641999
0.00180234760046005
0.00180240720510483
0.00180246692616493
0.0018025265308097
0.00180254888255149
0.00180258241016418
0.00180263281799853
0.00180270825512707
0.00180273654405028
0.00180277891922742
0.00180284259840846
0.00180286646354944
0.00180290220305324
0.0018029558705166
0.00180297601036727
0.00180300616193563
0.00180305144749582
0.00180311943404377
0.00180314481258392
0.00180318299680948
0.00180324027314782
0.00180332618765533
0.00180345494300127
0.00180350325535983
0.00180352141615003
0.00180354854092002
0.00180358928628266
0.0018036502879113
0.0018036732217297
0.00180370756424963
0.0018037591362372
0.0018038364360109
0.00180395226925611
0.00180399569217116
0.00180406088475138
0.00180408533196896
0.00180412188638002
0.00180417683441192
0.00180425925645977
0.00180438288953155
0.00180442922282964
0.00180444656871259
0.00180447264574468
0.00180451176129282
0.00180457031819969
0.00180462899152189
0.00180468754842877
0.0018047095509246
0.00180474249646068
0.00180479197297245
0.00180481048300862
0.00180483830627054
0.00180487998295575
0.00180494249798357
0.00180503621231765
0.00180517684202641
0.0018052295781672
0.00180524936877191
0.00180527905467898
0.00180532352533191
0.00180534017272294
0.00180536520201713
0.00180540268775076
0.0018054589163512
0.00180547998752445
0.00180551165249199
0.00180555914994329
0.00180557684507221
0.00180560362059623
0.00180564366746694
0.00180570362135768
0.00180576369166374
0.00180582364555448
0.00180584623012692
0.00180587987415493
0.00180593051481992
0.00180594949051738
0.00180597801227123
0.00180602073669434
0.00180608476512134
0.00180610874667764
0.00180614471901208
0.00180619873572141
0.0018062797607854
0.00180640118196607
0.00180644681677222
0.00180651503615081
0.00180654064752162
0.00180657906457782
0.00180663669016212
0.00180672307033092
0.00180675543379039
0.00180680409539491
0.00180682225618511
0.00180684961378574
0.00180689059197903
0.00180695205926895
0.00180699815973639
0.00180704414378852
0.00180711329448968
0.00180713925510645
0.00180717813782394
0.00180723634548485
0.00180732377339154
0.00180745485704392
0.00180750398430973
0.0018075224943459
0.00180755008477718
0.00180759152863175
0.0018076536944136
0.00180771586019546
0.00180777802597731
0.00180784019175917
0.0018079022411257
0.00180796440690756
0.00180802645627409
0.00180808850564063
0.00180815067142248
0.00180817395448685
0.0018082088790834
0.0018082611495629
0.00180828082375228
0.00180831027682871
0.00180835439823568
0.0018084206385538
0.00180844555143267
0.00180848280433565
0.00180853868369013
0.00180862238630652
0.0018087481148541
0.00180893647484481
0.00180895405355841
0.00180897174868733
0.00180898944381624
0.0018090158700943
0.00180905556771904
0.00180911517236382
0.00180917466059327
0.00180923426523805
0.0018092937534675
0.00180931610520929
0.00180934951640666
0.00180939980782568
0.0018094185506925
0.0018094468396157
0.00180948921479285
0.00180955266114324
0.00180960039142519
0.00180964800529182
0.0018097193678841
0.00180974614340812
0.00180978630669415
0.00180984660983086
0.00180993694812059
0.00180997082497925
0.00181002158205956
0.00181004067417234
0.00181006919592619
0.00181011203676462
0.00181012810207903
0.00181015220005065
0.00181018840521574
0.00181024265475571
0.00181032391265035
0.00181035441346467
0.00181040016468614
0.0018104687333107
0.00181049446109682
0.00181053299456835
0.0018105908529833
0.00181067758239806
0.00181080761831254
0.00181085639633238
0.00181092950515449
0.00181095686275512
0.00181099795736372
0.00181105965748429
0.00181115220766515
0.00181118689943105
0.00181123882066458
0.00181131681893021
0.00181134615559131
0.00181138992775232
0.00181145570240915
0.00181148038245738
0.00181151740252972
0.00181157293263823
0.00181159365456551
0.00181162485387176
0.00181167165283114
0.00181168923154473
0.00181171554140747
0.00181175500620157
0.00181181426160038
0.00181183649692684
0.00181186979170889
0.00181191973388195
0.00181193836033344
