0.0
0.0
0.0
0.0
0.0
0.0
1.16934497566661e-13
2.18782405386753e-11
8.72601574331e-11
2.13074377586331e-10
1.19149989874501e-09
4.3248467029855e-09
1.21204353220605e-08
6.97110351666197e-08
2.3455335451672e-07
3.28603164234664e-07
3.7264385355229e-07
4.02935569354668e-07
4.24271490828687e-07
4.51491587227792e-07
4.63567829456224e-07
4.74239158165801e-07
4.83188330235862e-07
5.02835632687493e-07
5.09441974827496e-07
5.15797694333742e-07
5.20671505910286e-07
5.25936684425687e-07
5.30552256350347e-07
5.34065179635945e-07
5.37042012638267e-07
5.39138170552178e-07
5.41814870302915e-07
5.44445356354117e-07
5.46747060070629e-07
5.4776194247097e-07
5.48791263099702e-07
5.51039534002484e-07
5.51888376776333e-07
5.51490529687726e-07
5.54611006009509e-07
5.53881079667917e-07
5.53027064142952e-07
5.55806593638408e-07
5.54700022803445e-07
5.54283758447127e-07
5.55949839053937e-07
5.5373476470777e-07
5.56005488761002e-07
5.53560823846055e-07
5.55433928184357e-07
5.53013364879007e-07
5.50243271391082e-07
5.51941582216386e-07
5.48819912182807e-07
5.50584786651598e-07
5.47291108432546e-07
5.48993682514265e-07
5.44635554433626e-07
5.46233763998316e-07
5.41708516266226e-07
5.43203384495428e-07
5.40437270046823e-07
5.39953077804967e-07
5.35305105131556e-07
5.36202833245625e-07
5.35695846792805e-07
5.32269950781483e-07
5.33526929302752e-07
5.28176087755128e-07
5.29366957380262e-07
5.22715083661751e-07
5.23843937116908e-07
5.22730715601938e-07
5.18138051575079e-07
5.19171805990482e-07
5.12579049427586e-07
5.13236784627225e-07
5.10349480009609e-07
5.06660569499218e-07
5.07582115005789e-07
4.9998408258034e-07
5.00839519190777e-07
5.01705471833702e-07
4.9398084911445e-07
4.94810990403494e-07
4.8616584535921e-07
4.86258898035885e-07
4.87055274334125e-07
4.80981327655172e-07
4.78393701541791e-07
4.79136019748694e-07
4.76499053547741e-07
4.70230787641412e-07
4.70908730676456e-07
4.71075395580556e-07
4.67773674017735e-07
4.60499194332442e-07
4.61034517229564e-07
4.61663603346096e-07
4.52525199534648e-07
4.51644240229143e-07
4.52239504511454e-07
4.4775038077205e-07
4.4181845737512e-07
4.4181848579683e-07
4.36215003674079e-07
4.27652480539109e-07
