-0.0
3.18176571100629e-16
5.89125193073414e-08
7.49942046240903e-08
5.75910235056654e-08
2.9699549486395e-08
8.48431227495894e-08
-1.95050233742222e-08
-1.62744981935248e-08
-5.07207005284727e-08
-1.59445335157216e-07
-1.94631866179407e-07
-3.48591129295528e-07
-1.78388290805742e-07
-6.32899173069745e-08
-3.73136572306976e-07
-1.54804365593009e-06
5.54970029043034e-07
1.39755502459593e-06
1.32542118080892e-06
1.11938788904808e-06
6.95061316946521e-07
2.13680323213339e-07
-1.20504773803987e-06
-3.09772804030217e-06
-2.97265796689317e-06
-1.45272133522667e-06
-1.69449413078837e-06
-1.3136668712832e-06
-1.25723090604879e-06
1.13471105578355e-06
1.4764882507734e-06
-1.2934033293277e-06
-8.18763510324061e-08
-7.51708284951746e-07
-1.99205351236742e-06
-1.79196285898797e-06
-7.18933733878657e-07
-2.13409293792211e-07
2.26355041377246e-07
4.62776370113716e-07
4.74921762361191e-07
1.15960574476048e-06
9.86237864708528e-07
2.03699892153963e-06
5.3457188187167e-07
-1.21592893265188e-06
-1.96773908101022e-06
-8.98837242857553e-07
3.86771716875955e-08
-6.62364982417785e-07
5.82696884521283e-07
-1.83665179065429e-07
8.5285137174651e-07
4.97861037729308e-07
1.73403350345325e-06
1.37937604449689e-06
1.11905501398724e-06
2.18746754399035e-06
-4.91056198370643e-07
-9.56009898800403e-07
-9.08090441953391e-07
-1.91509934666101e-06
-1.97012923308648e-07
-1.05936942418339e-06
2.83995177596807e-07
-1.12755969894351e-06
9.92640707409009e-08
4.48506398242898e-07
4.76901732326951e-07
7.80918526288588e-07
8.5861211118754e-07
1.00797024060739e-06
-7.87558747106232e-08
6.24922904535197e-08
-6.74872353556566e-08
-2.41234374698251e-07
-1.65181518241297e-07
-9.43908162298612e-07
-3.81896825274453e-08
6.24222593614832e-08
-5.80084815737791e-08
-8.69731593411416e-08
-1.42599674290977e-08
-1.53898326971103e-07
-3.39337475452339e-07
-3.74761384591693e-07
-1.30603893921943e-07
-4.46120338892797e-07
-9.23182597034611e-08
2.22726157517172e-07
-3.7642166716978e-08
-2.5205281417584e-07
3.0264345696196e-08
6.82559857523302e-08
6.90436081640655e-08
4.77716639579739e-08
2.00411705009174e-08
-1.36014932650141e-09
-6.59406396152917e-09
-5.53700374439359e-09
1.21676748676691e-08
1.15657712740358e-07
5.96228346694261e-08
-1.28616193251219e-08
-7.98636392573826e-08
-5.24589722772362e-08
-9.75082912191283e-08
