-0.0
2.92450327607944e-16
4.76355808132212e-08
2.71227690973319e-07
1.01499608717859e-07
-2.14980445889523e-07
3.69463577953866e-07
1.57479826157214e-06
3.19364335155115e-06
3.25126165989786e-06
2.91807918983977e-06
1.85114367923234e-06
3.65784217137843e-07
-1.04375430964865e-06
-1.50953928823583e-06
-1.84182499651797e-06
-2.93213815893978e-06
-3.76002935809083e-06
-4.57755959359929e-06
-4.66529309051111e-06
-5.16502768732607e-06
-4.97070868732408e-06
-4.43824683316052e-06
-3.62974606105126e-06
-3.20905746775679e-06
-2.25238181883469e-06
-1.37297683977522e-06
-1.09893153421581e-06
-5.32843841938302e-07
-3.24143911711872e-08
2.510059857741e-07
3.75704985344782e-07
3.99406417272985e-07
3.99406417272985e-07
