0
0.00120000005699694
0.00239999988116324
0.00360000017099083
0.00479999999515712
0.00599999981932342
0.00659999973140657
0.00719999964348972
0.00735000032000244
0.00750000006519258
0.00764999981038273
0.00779999955557287
0.00795000023208559
0.00809999997727573
0.0081011715810746
0.00810234411619604
0.0081032223533839
0.00810410152189434
0.00810498069040477
0.00810585892759264
0.00810673809610307
0.00810761726461351
0.00810849643312395
0.00810937467031181
0.00811025383882225
0.00811113300733268
0.00811201124452055
0.00811289041303098
0.00811376958154142
0.00811464875005186
0.00811552698723972
0.00811640615575016
0.00811728532426059
0.00811816356144846
0.00811904272995889
0.00811992189846933
0.00812080106697977
0.00812167930416763
0.00812255847267807
0.0081234376411885
0.00812431680969894
0.0081251950468868
0.00812607421539724
0.00812695338390768
0.00812783162109554
0.00812871078960598
0.00812958995811641
0.00813046912662685
0.00813134736381471
0.00813222653232515
0.00813310570083559
0.00813398393802345
0.00813486310653389
0.00813574227504432
0.00813662144355476
0.00813749968074262
0.00813837884925306
0.0081392580177635
0.00814013625495136
0.0081410154234618
0.00814189459197223
0.00814277376048267
0.00814365199767053
0.00814453116618097
0.00814541033469141
0.00814628857187927
0.00814716774038971
0.00814804690890014
0.00814892607741058
0.00814980431459844
0.00815068348310888
0.00815156265161932
0.00815244088880718
0.00815332005731762
0.00815419922582805
0.00815507839433849
0.00815595663152635
0.00815683580003679
0.00815771496854723
0.00815859413705766
0.00815947237424553
0.00816035154275596
0.0081612307112664
0.00816210894845426
0.0081629881169647
0.00816386728547514
0.00816474645398557
0.00816562469117344
0.00816650385968387
0.00816738302819431
0.00816826126538217
0.00816914043389261
0.00817001960240305
0.00817089877091348
0.00817177700810135
0.00817265617661178
0.00817353534512222
0.00817441358231008
0.00817529275082052
0.00817617191933096
0.00817683129571378
0.00817748974077404
0.00817814911715686
0.00817880849353969
0.00817946786992252
0.00818012724630535
0.0081807856913656
0.00818144506774843
0.00818210444413126
0.00818276382051408
0.00818342319689691
0.00818408164195717
0.00818474101833999
0.00818540039472282
0.00818605977110565
0.00818671914748848
0.00818737759254873
0.00818803696893156
0.00818869634531439
0.00818935572169721
0.00818985025398433
0.00819034385494888
0.008190838387236
0.00819133291952312
0.00819182745181024
0.00819232198409736
0.00819281651638448
0.00819331011734903
0.00819380464963615
0.00819429918192327
0.00819479371421039
0.00819528824649751
0.00819578277878463
0.00819627637974918
0.0081967709120363
0.00819726544432342
0.00819775997661054
0.00819825450889766
0.00819874904118478
0.00819924264214933
0.00819973717443645
0.00820023170672357
0.00820072623901069
0.00820122077129781
0.00820171530358493
0.00820220983587206
0.0082027034368366
0.00820319796912372
0.00820369250141084
0.00820418703369796
0.00820468156598509
0.00820517609827221
0.00820566969923675
0.00820616423152387
0.00820665876381099
0.00820715329609811
0.00820764782838524
0.00820814236067236
0.0082086359616369
0.00820913049392402
0.00820962502621114
0.00821011955849826
0.00821061409078539
0.00821110862307251
0.00821160315535963
0.00821209675632417
0.00821259128861129
0.00821308582089842
0.00821358035318554
0.00821407488547266
0.00821456941775978
0.00821506301872432
0.00821555755101144
0.00821605208329857
0.00821654661558569
0.00821704114787281
0.00821753568015993
0.00821802928112447
0.0082185238134116
0.00821901834569872
0.00821951287798584
0.00822000741027296
0.00822050194256008
0.0082209964748472
0.00822149007581175
0.00822198460809887
0.00822247914038599
0.00822297367267311
0.00822346820496023
0.00822396273724735
0.0082244563382119
0.00822495087049902
0.00822544540278614
0.00822593993507326
0.00822643446736038
0.0082269289996475
0.00822742260061205
0.00822791713289917
0.00822841166518629
0.00822890619747341
0.00822940072976053
0.00822989526204765
0.00823038979433477
0.00823088339529932
0.00823137792758644
0.00823211926035583
0.0082328615244478
0.00823360285721719
0.00823434418998659
0.00823508645407856
0.0082356424536556
0.00823619845323265
0.00823675445280969
0.00823731045238674
0.00823786645196378
0.0082384233828634
0.00823897938244045
0.00823953538201749
0.00824009138159454
0.00824064738117159
0.00824120431207121
0.00824176031164825
0.0082423163112253
0.00824287231080234
0.00824342831037939
0.00824398524127901
0.00824454124085605
0.0082450972404331
0.00824565324001014
0.00824620923958719
0.00824676617048681
0.00824732217006385
0.0082478781696409
0.00824843416921795
0.00824899016879499
0.00824954709969461
0.00825010309927166
0.0082506590988487
0.00825121509842575
0.00825177109800279
0.00825232802890241
0.00825288402847946
0.0082534400280565
0.00825399602763355
0.00825455202721059
0.00825510895811021
0.00825566495768726
0.00825622095726431
0.00825677695684135
0.0082573329564184
0.00825788988731802
0.00825844588689506
0.00825900188647211
0.00825955788604915
0.0082601138856262
0.00826067081652582
0.00826122681610286
0.00826178281567991
0.00826233881525695
0.008262894814834
0.00826345174573362
0.00826400774531067
0.00826456374488771
0.00826511974446476
0.0082656757440418
0.00826623267494142
0.00826678867451847
0.00826734467409551
0.00826790067367256
0.0082684566732496
0.00826901360414922
0.00826956960372627
0.00827012560330331
0.00827068160288036
0.00827123760245741
0.00827179453335703
0.00827235053293407
0.00827290653251112
0.00827346253208816
0.00827401853166521
0.00827457453124225
0.00827513146214187
0.00827568746171892
0.00827624346129596
0.00827679946087301
0.00827735546045005
0.00827791239134967
0.00827846839092672
0.00827902439050377
0.00827958039008081
0.00828013638965786
0.00828069332055748
0.0082811105530709
0.00828152685426176
0.00828194408677519
0.00828194501809776
0.00828194501809776
0.00828194501809776
0.00828194501809776
0.00828194501809776
0.00828194501809776
0.00828194501809776
0.00828194501809776
0.00828194501809776
0.00828194501809776
0.00828194501809776
0.00828194594942033
0.00828194594942033
0.00828194594942033
0.00828194594942033
0.00828194688074291
0.00828194688074291
0.00828194688074291
0.00828194781206548
0.00828194781206548
0.00828194781206548
0.00828194781206548
0.00828194874338806
0.00828194874338806
0.00828194874338806
0.00828194874338806
0.00828194967471063
0.00828194967471063
0.00828195060603321
0.00828195060603321
0.00828195060603321
0.00828195060603321
0.00828195153735578
0.00828195153735578
0.00828195153735578
0.00828195153735578
0.00828195246867836
0.00828195246867836
0.00828195246867836
0.00828195340000093
0.00828195340000093
0.00828195340000093
0.00828195433132351
0.00828195433132351
0.00828195526264608
0.00828195526264608
0.00828195526264608
0.00828195619396866
0.00828195619396866
0.00828195619396866
0.00828195712529123
0.00828195712529123
0.00828195712529123
0.0082819580566138
0.0082819580566138
0.0082819580566138
0.0082819580566138
0.00828195898793638
0.00828195898793638
0.00828195898793638
0.00828195991925895
0.00828195991925895
0.00828195991925895
0.00828196085058153
0.00828196085058153
0.00828196085058153
0.00828196085058153
0.0082819617819041
0.0082819617819041
0.00828196271322668
0.00828196271322668
0.00828196271322668
0.00828196364454925
0.00828196364454925
0.00828196364454925
0.00828196364454925
0.00828196457587183
0.00828196457587183
0.0082819655071944
0.0082819655071944
0.0082819655071944
0.0082819655071944
0.00828196643851698
0.00828196643851698
0.00828196643851698
0.00828196736983955
0.00828196736983955
0.00828196736983955
0.00828196736983955
0.00828196830116213
0.00828196830116213
0.0082819692324847
0.0082819692324847
0.0082819692324847
0.0082819692324847
0.00828197016380727
0.00828197016380727
0.00828197016380727
0.00828197016380727
0.00828197109512985
0.00828197109512985
0.00828197109512985
0.00828197202645242
0.00828197202645242
0.00828197202645242
0.00828197202645242
0.008281972957775
0.008281972957775
0.008281972957775
0.00828197388909757
0.00828197388909757
0.00828197482042015
0.00828197482042015
0.00828197482042015
0.00828197575174272
0.00828197575174272
0.00828197575174272
0.0082819766830653
0.0082819766830653
0.0082819766830653
0.0082819766830653
0.00828197761438787
0.00828197761438787
0.00828197761438787
0.00828197854571045
0.00828197854571045
0.00828197854571045
0.00828197854571045
0.00828197854571045
0.00828197947703302
0.00828197947703302
0.0082819804083556
0.0082819804083556
0.0082819804083556
0.0082819804083556
0.00828198133967817
0.00828198133967817
0.00828198133967817
0.00828198133967817
0.00828198227100074
0.00828198227100074
0.00828198227100074
0.00828198227100074
0.00828198320232332
0.00828198320232332
0.00828198320232332
0.00828198320232332
0.00828198413364589
0.00828198413364589
0.00828198413364589
0.00828198506496847
0.00828198506496847
0.00828198506496847
0.00828198506496847
0.00828198599629104
0.00828198599629104
0.00828198599629104
0.00828198599629104
0.00828198692761362
0.00828198692761362
0.00828198692761362
0.00828198785893619
0.00828198785893619
0.00828198785893619
0.00828198785893619
0.00828198785893619
0.00828198879025877
0.00828198879025877
0.00828198879025877
0.00828198879025877
0.00828198972158134
0.00828198972158134
0.00828198972158134
0.00828199065290392
0.00828199065290392
0.00828199065290392
0.00828199065290392
0.00828199158422649
0.00828199158422649
0.00828199158422649
0.00828199158422649
0.00828199251554907
0.00828199251554907
0.00828199251554907
0.00828199344687164
0.00828199344687164
0.00828199344687164
0.00828199344687164
0.00828199437819421
0.00828199437819421
0.00828199530951679
0.00828199530951679
0.00828199530951679
0.00828199624083936
0.00828199624083936
0.00828199624083936
0.00828199624083936
0.00828199624083936
0.00828199717216194
0.00828199717216194
0.00828199717216194
0.00828199810348451
0.00828199810348451
0.00828199810348451
0.00828199810348451
