-0.0
3.23728527962746e-16
9.99781377686304e-08
3.63693061444792e-07
1.50666892295703e-07
1.65750952874077e-06
2.79178038908867e-06
1.9965045794379e-06
9.76033334154636e-07
4.05305399908684e-07
-4.87116267322563e-07
-9.35331627260894e-07
-2.6712405087892e-06
7.53891072236001e-07
4.28091880166903e-06
5.8750192692969e-06
3.94533344660886e-06
-1.8444570741849e-06
-2.57326973951422e-06
-1.42050521390047e-06
2.61998138739727e-07
3.48655157722533e-06
4.00105273001827e-06
4.15388240071479e-06
4.90789534524083e-06
2.408487489447e-07
3.92150468542241e-07
-6.79599907016382e-07
1.39026269607712e-06
7.37918526283465e-07
7.91213096817955e-07
8.19502020021901e-07
7.64101059758104e-07
-4.19049683841877e-07
-1.9010894902749e-07
1.1168322089361e-07
-7.08932930137962e-08
-1.96597284229938e-07
2.73754722002195e-07
9.25504537008237e-07
8.75949353940086e-07
1.19583955893177e-06
5.83607288717758e-07
2.29145371122286e-07
2.14640408557898e-07
-1.06649792996905e-07
-1.28423408796152e-07
-1.14211246682316e-07
-6.47935110009712e-08
-4.41542908902193e-08
-2.84146040030464e-09
5.77958019221114e-08
7.67827259551268e-08
5.3419569212565e-08
3.64069023817137e-08
1.20115828394773e-09
-2.83988015326031e-08
-1.94816180965063e-08
-1.03121351457958e-07
-6.26378664492222e-08
-5.63623956395531e-08
-7.57573417331514e-08
-5.33302113581158e-08
-3.79740185962874e-08
1.54075507907692e-08
7.91210936768039e-08
5.39618838502065e-08
4.89924900648475e-08
7.14505290488887e-08
1.58634350100328e-08
-3.49491386941736e-08
-2.73540479156509e-08
-4.15978718137922e-08
7.41545136406785e-09
-3.79642415282433e-08
-6.79358720390155e-08
6.89641410644981e-09
-4.23012522787758e-08
-2.68267967840075e-08
1.47544199080585e-08
4.88836064960196e-08
3.66919721273007e-08
5.8664795687946e-08
3.79655205051677e-08
3.48565691865588e-08
3.7419169984787e-09
-1.31656747726083e-08
-1.73553473814536e-08
-6.12502049079922e-10
-2.23609788463364e-08
1.68251830245936e-08
-3.92967081097595e-09
-2.43760212015331e-09
-1.39118725428489e-08
1.35939046685962e-08
-5.62479840482411e-09
-2.87548118649283e-08
6.18715034761408e-09
3.94103949474811e-09
2.34990125136392e-08
7.85044562690018e-09
