0.0
8.29337737807273e-13
7.63540532883189e-12
7.93316367458941e-12
8.40920649086696e-12
9.79413945778607e-12
1.18995646669617e-11
1.30458430516733e-11
1.36971822772836e-11
1.40587073232945e-11
1.43691699164283e-11
1.49529139070737e-11
1.69655504922428e-11
3.36027247693771e-11
7.13229891813327e-11
1.41586201096722e-10
2.91480839464953e-10
4.23630686086085e-10
1.00271069225499e-09
1.26060173410991e-09
1.57954804791416e-09
1.91121407588923e-09
2.51637732873178e-09
3.4361329337429e-09
4.60026683413162e-09
5.78353631652817e-09
6.88685419802937e-09
8.71596750329218e-09
9.3714715987403e-09
1.02554977843283e-08
1.15322933424977e-08
1.34435262921784e-08
1.586049158675e-08
1.93093931954991e-08
2.31862369304281e-08
2.63736144034965e-08
2.90152364357255e-08
3.11264862773442e-08
3.28627365320244e-08
3.4576242313733e-08
3.71100448148809e-08
4.1811954787363e-08
4.62166056536262e-08
4.84456030847014e-08
5.00383983137453e-08
5.14258466921547e-08
5.30749950655718e-08
5.44545173397637e-08
5.53322685448165e-08
5.60098847302015e-08
5.66002569257762e-08
5.73532368264296e-08
5.84770205591667e-08
6.06716881179636e-08
1.52709489498193e-07
2.05653549301132e-07
2.1468221689247e-07
2.15828336536106e-07
2.16156010424129e-07
2.16381565110169e-07
2.16505611660978e-07
2.16683119447225e-07
2.16907579897452e-07
2.17181820971746e-07
2.17520863543541e-07
2.17995520301884e-07
2.18697309151139e-07
2.19733465200989e-07
2.21529845134683e-07
2.22222240608971e-07
2.23212055061595e-07
2.24864848519246e-07
2.28067037255641e-07
2.35820465377401e-07
2.58436330113909e-07
3.12768207777481e-07
3.82136846610592e-07
4.28732846557978e-07
4.94720552524086e-07
5.66712174077111e-07
6.07180368206173e-07
6.24119195435924e-07
6.32564194802399e-07
6.36109916740679e-07
6.38054245882813e-07
6.39012171177455e-07
6.3939364736143e-07
6.39599022633774e-07
6.39739539565198e-07
6.39915867850505e-07
6.40167968413152e-07
6.40554162600893e-07
6.41182680283237e-07
6.42238660475414e-07
6.43737848804449e-07
6.45605041427189e-07
6.48485013243771e-07
6.51339291835029e-07
6.53336428513285e-07
6.56239933505276e-07
6.60283035358589e-07
6.68153347760381e-07
6.74066370720539e-07
6.80299251598626e-07
6.87519843722839e-07
7.08709080754488e-07
7.10483902821579e-07
7.12574546923861e-07
7.14900806997321e-07
7.17348257239792e-07
7.21126525604632e-07
7.26825817309873e-07
7.35309924948524e-07
7.43597354357917e-07
7.51775189655746e-07
7.6367166457203e-07
7.80143579959258e-07
8.01399949068582e-07
8.28102372452122e-07
8.58959538163617e-07
8.95186076377286e-07
9.42854569530027e-07
1.00148622550478e-06
1.07134769677941e-06
1.15145326162747e-06
1.21163509447797e-06
1.25002895856596e-06
1.2792503412129e-06
1.29888803712674e-06
1.31694218907796e-06
1.33208959596232e-06
1.33962487325334e-06
1.3455996850098e-06
1.35144000523724e-06
1.34518404593109e-06
1.33642004129797e-06
1.32255445350893e-06
1.30942225951003e-06
1.29446755181561e-06
1.28361159568158e-06
1.27682244510652e-06
1.2759049923261e-06
1.27422185869364e-06
1.27240389247163e-06
1.26844304304541e-06
1.26388977150782e-06
1.26017130241962e-06
1.25552492136194e-06
1.24984353533364e-06
1.24638904708263e-06
1.24331722872739e-06
1.23971153698221e-06
1.23600159440684e-06
1.23151380648778e-06
1.22630592613859e-06
1.22112101053062e-06
1.21449841117283e-06
1.2051298199367e-06
1.20249023893848e-06
1.19844764867594e-06
1.19241553875327e-06
1.18342109090008e-06
1.17292233881017e-06
1.16232945401862e-06
1.15176032977615e-06
1.1410058959882e-06
1.13030864667962e-06
1.11933718471846e-06
1.10800385755283e-06
1.05837500541384e-06
1.05876370071201e-06
1.05876358702517e-06
1.05876358702517e-06
1.05876358702517e-06
1.05876358702517e-06
1.05876358702517e-06
1.05658477878023e-06
1.05511537640268e-06
1.05455990251357e-06
1.05455990251357e-06
