0.0
0.0
0.0
0.0
0.0
0.0
0.0
0.0
0.0
0.0
0.0
0.0
0.0
0.0
0.0
0.0
0.0
0.0
0.0
0.0
0.0
0.0
0.0
0.0
0.0
0.0
0.0
0.0
0.0
0.0
0.0
0.0
0.0
0.0
0.0
0.0
0.0
0.0
0.0
0.0
0.0
0.0
0.0
0.0
0.0
1.49667095123568e-12
1.58884173179219e-11
5.59802031119272e-11
1.47482068224569e-10
3.85218690279743e-10
1.01715247335932e-09
2.65590105463787e-09
6.36754560190411e-09
1.22174084182802e-08
2.06257553259093e-08
2.27900649463209e-08
2.49552485342974e-08
2.8031452714572e-08
5.1782265586553e-08
8.52965129638505e-08
1.08114456054409e-07
1.33641762545267e-07
1.63112446216473e-07
1.97084716546669e-07
2.35000769066573e-07
2.7570052907322e-07
3.08174350038826e-07
3.2817374062688e-07
3.48217554346775e-07
3.61983381935715e-07
3.72379133750655e-07
3.81711373620419e-07
3.88506805393263e-07
3.95388582319356e-07
4.01359443458205e-07
4.05969217354141e-07
4.09731342188024e-07
4.1385712279407e-07
4.17518378981185e-07
4.20091993191818e-07
4.2208179706904e-07
4.23858836029467e-07
4.25974093332115e-07
4.27834521588011e-07
4.2922923171318e-07
4.30412114837964e-07
4.31399655553832e-07
4.32202597266951e-07
4.32838135111524e-07
4.33319883086369e-07
4.33406825095517e-07
4.33357058682304e-07
4.33184766279737e-07
4.32874657008142e-07
4.32888896284567e-07
4.32704553077201e-07
4.31879556117565e-07
4.32814545092697e-07
4.32359342994459e-07
4.31385075216895e-07
4.30312923072051e-07
4.29161786996701e-07
4.28077328251675e-07
4.26613297577205e-07
4.26351249416257e-07
4.26265700070871e-07
4.24500427698149e-07
4.22645712205849e-07
4.20906076215033e-07
4.20450476212864e-07
4.19899180315042e-07
4.17702864297098e-07
4.15266868003528e-07
4.1445090914749e-07
4.13924169606616e-07
4.1134924799735e-07
4.08688748620989e-07
4.08303577614788e-07
4.07045178008048e-07
4.03905801249493e-07
4.01236178504405e-07
4.01708035724369e-07
3.98450680449969e-07
3.95087766946745e-07
3.95999450120144e-07
3.9256764239326e-07
3.89310741866211e-07
3.89920614907169e-07
3.86016608899808e-07
3.8247677025538e-07
3.82245360697198e-07
3.82536711640569e-07
3.8297127957776e-07
3.78816679358351e-07
3.75885491621375e-07
3.75378675698812e-07
3.71156204437284e-07
3.71853388969612e-07
3.67580355487007e-07
3.62837681677775e-07
3.63471770015167e-07
3.5865647873834e-07
3.59280960537944e-07
3.54415391257135e-07
3.54685454340142e-07
3.4996770637008e-07
3.45964082271166e-07
3.4544845561868e-07
3.40329847858811e-07
3.40864460213197e-07
3.33720095113677e-07
3.3423137324462e-07
3.34569335791457e-07
3.27516630704849e-07
3.27996673377129e-07
3.20728020142269e-07
3.21184074891789e-07
3.21368418099155e-07
