0.0
8.10650078619801e-07
9.74663748820603e-07
1.25602412026637e-06
1.49578340824519e-06
2.27837449529034e-06
3.59926139026356e-06
5.17616354045458e-06
7.50663139115204e-06
9.90672378975432e-06
1.35694999698899e-05
1.89249167306116e-05
2.54349361057393e-05
3.39161924785003e-05
4.44110155513044e-05
5.7292687415611e-05
7.18640512786806e-05
8.94457698450424e-05
0.000111753768578637
0.000140454241773114
0.000176896413904615
0.000223157054279
0.000230713048949838
0.000239536559092812
0.000247743795625865
0.00025547036784701
0.000258935120655224
0.000259687891229987
0.000260482745943591
0.000261311448412016
0.000262637942796573
0.000265117705566809
0.000267373747192323
0.000270048883976415
0.000272342062089592
0.000274960038950667
0.000278037681709975
0.00028227738221176
0.000283529632724822
0.000284964975435287
0.000286738359136507
0.000288876733975485
0.000291481177555397
0.000294480414595455
0.000297791470075026
0.000303457083646208
0.000313420809106901
0.000324618915328756
0.000335838209139183
0.000344900938216597
0.000355235970346257
0.00036351490416564
0.000368934590369463
0.000373834394849837
0.000378487486159429
0.000382821948733181
0.000387055304599926
0.000391616864362732
0.000392817833926529
0.000394060654798523
0.000396045797970146
0.000398245669202879
0.000400863005779684
0.000403950980398804
0.000407909916248173
0.000408998224884272
0.000410160952014849
0.000412159308325499
0.000416259077610448
0.000421176780946553
0.00042698165634647
0.00043753397767432
0.000452656036941335
0.000471259641926736
0.000493166968226433
0.000501141708809882
0.000511817226652056
0.000522685062605888
0.000533413491211832
0.000543515954632312
0.000553180696442723
0.000565692840609699
0.000579432293307036
0.000592973781749606
0.000602412677835673
0.000609422626439482
0.000614661606959999
0.000618531310465187
0.000621622777543962
0.000624309061095119
0.000626747729256749
0.000630179943982512
0.000635245756711811
0.000642708444502205
0.000653760507702827
0.000670038920361549
0.000693453592248261
0.000727680628187954
0.000777541135903448
0.000850755372084677
0.000959209224674851
0.0011234488338232
0.00136042351368815
0.00164566119201481
0.00191432668361813
0.00217109825462103
0.00240940041840076
0.00261853961274028
0.00280604744330049
0.00297123403288424
0.00311018456704915
0.00320089398883283
0.00325748044997454
0.00328279263339937
0.00327544705942273
0.00326534477062523
0.00325400591827929
0.00324323447421193
0.00323127745650709
0.00321937655098736
0.00320692942477763
0.00319468299858272
0.00318084028549492
0.00316735217347741
0.00315318978391588
0.00313986442051828
0.00312430527992547
0.00310853077098727
0.00309501052834094
0.00307767186313868
0.00306566967628896
0.00304828025400639
0.00303399423137307
0.00301808374933898
0.00300402264110744
0.00298718502745032
0.00297486083582044
0.00295616430230439
0.00294312415644526
0.00292445928789675
0.00291138817556202
0.00289297639392316
0.00288082403130829
0.00286344857886434
0.00285096489824355
0.00283266324549913
0.00281974743120372
0.00280567398294806
0.0027905588503927
0.00277697970159352
0.00276245130226016
0.00274829100817442
0.00274481414817274
0.00274481414817274
