0.0
0.00120000005699694
0.00240000011399388
0.00359999993816018
0.00480000022798777
0.00600000005215406
0.00719999987632036
0.00839999970048666
0.00870000012218952
0.00915000028908253
0.0093187503516674
0.00957187544554472
0.00995156262069941
0.0105210933834314
0.0113753909245133
0.0125753907486796
0.0137753905728459
0.0149753903970122
0.0161753911525011
0.0173753909766674
0.0185753908008337
0.019775390625
0.0209753904491663
0.0218753907829523
0.0227753911167383
0.0232253912836313
0.0236753914505243
0.0236806645989418
0.0236859377473593
0.0236912108957767
0.0236964840441942
0.0237017571926117
0.0237070303410292
0.0237123053520918
0.0237175785005093
0.0237228516489267
0.0237281247973442
0.0237333979457617
0.0237386710941792
0.0237439461052418
0.0237479005008936
0.0237518548965454
0.0237558111548424
0.0237597655504942
0.023763719946146
0.0237696524709463
0.0237785521894693
0.0237874519079924
0.0237941257655621
0.0238007996231318
0.0238074734807014
0.0238124802708626
0.0238174851983786
0.0238224901258945
0.0238274969160557
0.0238350052386522
0.0238425135612488
0.0238500218838453
0.0238612852990627
0.0238697323948145
0.0238781776279211
0.0238845143467188
0.0238908492028713
0.0238924324512482
0.0238940175622702
0.023895600810647
0.0238979756832123
0.0239003524184227
0.023902727290988
0.0239051040261984
0.0239074788987637
0.0239098556339741
0.0239122305065393
0.0239157937467098
0.0239211395382881
0.0239264853298664
0.0239318311214447
0.023939847946167
0.0239478666335344
0.0239558853209019
0.0239679124206305
0.0239859521389008
0.0240130126476288
0.024053605273366
0.024114491418004
0.0242058224976063
0.0242971535772085
0.0243884846568108
0.024479815736413
0.0246168114244938
0.0248223058879375
0.0250278003513813
0.0252332948148251
0.025438791140914
0.0256442856043577
0.0258497800678015
0.0260552745312452
0.026260768994689
0.0262631773948669
0.0262655839323997
0.0262679923325777
0.0262704007327557
0.0262728091329336
0.0262752175331116
0.0262776259332895
0.0262800343334675
0.0262824408710003
0.0262848492711782
0.0262872576713562
0.0262896660715342
0.0262920744717121
0.0262944828718901
0.026296891272068
0.0263005029410124
0.0263059213757515
0.0263140480965376
0.0263221766799688
0.0263303034007549
0.026338430121541
0.0263465587049723
0.0263546854257584
0.0263668764382601
0.0263851638883352
0.0264034513384104
0.0264217369258404
0.0264400243759155
0.0264583118259907
0.0264765974134207
0.0264948848634958
0.0265223141759634
0.0265634600073099
0.0266251787543297
0.0266868956387043
0.0267486143857241
0.0268103312700987
0.0268257614225149
0.0268373340368271
0.0268489066511393
0.0268575847148895
0.0268640946596861
0.0268706027418375
0.0268771126866341
0.0268819946795702
0.0268868766725063
0.0268917586654425
0.0268966406583786
0.0269015226513147
0.0269064046442509
0.026911286637187
0.0269161686301231
0.0269210506230593
0.0269259326159954
0.0269308146089315
0.0269381385296583
0.0269491225481033
0.0269655995070934
0.0269820764660835
0.0269985515624285
0.0270150285214186
0.0270397439599037
0.0270768161863089
0.0271324254572392
0.027215838432312
0.0273409597575665
0.0273878797888756
0.0273996088653803
0.0274113398045301
0.0274289343506098
0.0274553261697292
0.027494914829731
0.0275345034897327
0.0275740921497345
0.0276334751397371
0.0277225505560637
0.0277448184788227
0.0277670882642269
0.027789356186986
0.0278227590024471
0.0278561618179083
0.0278895646333694
0.0279229693114758
0.0279563721269369
0.0279897749423981
0.0280398782342672
0.0281150359660387
0.0282277707010508
0.028396874666214
0.0286505278199911
0.0289041828364134
0.0291578359901905
0.0295383166521788
0.0301090385764837
0.0309651214629412
0.0321651212871075
0.0333651229739189
0.0345651209354401
0.0357651226222515
0.0369651205837727
0.0381651222705841
0.0393651202321053
0.0405651219189167
0.0417651198804379
0.0429651215672493
0.0441651232540607
0.0453651212155819
0.0465651229023933
0.0477651208639145
0.0489651225507259
0.0501651205122471
0.0513651221990585
0.0525651201605797
0.0537651218473911
0.0549651198089123
0.0561651214957237
0.0573651231825352
0.0585651211440563
0.0597651228308678
0.0609651207923889
0.0621651224792004
0.0633651241660118
0.064565122127533
0.0657651200890541
0.0669651180505753
0.068165123462677
0.0693651214241982
0.0696651190519333
0.0701151192188263
0.0707901194691658
0.0718026235699654
0.0730026215314865
0.0742026194930077
0.0754026249051094
0.0766026228666306
0.0778026208281517
0.0790026187896729
0.0802026242017746
0.0814026221632957
0.0817026197910309
0.0821526199579239
0.0828276202082634
0.083840124309063
0.0850401222705841
0.0862401202321053
0.0874401181936264
0.0886401236057281
0.0898401215672493
0.0910401195287704
0.0922401249408722
0.0934401229023933
0.0946401208639145
0.0958401188254356
0.0970401242375374
0.0982401221990585
0.0994401201605797
0.100640118122101
0.101840123534203
0.103040121495724
0.104240119457245
0.105440124869347
0.106640122830868
0.107840120792389
0.10904011875391
0.110240124166012
0.111440122127533
0.112640120089054
0.113840118050575
0.115040123462677
0.116240121424198
0.117440119385719
0.118640124797821
0.119840122759342
0.119999997317791
