0
0.00120000005699694
0.00240000011399388
0.00359999993816018
0.00480000022798777
0.00600000005215406
0.00719999987632036
0.00839999970048666
0.00960000045597553
0.00989999994635582
0.0102000003680587
0.0102749997749925
0.0103500001132488
0.0104250004515052
0.010499999858439
0.0105750001966953
0.0105937495827675
0.0106124999001622
0.010631250217557
0.0106593752279878
0.0106875002384186
0.0107156252488494
0.0107437502592802
0.010771875269711
0.0107789058238268
0.0107859373092651
0.0107964845374227
0.0108123049139977
0.0108281252905726
0.0108439456671476
0.0108597660437226
0.010875585488975
0.01089140586555
0.010907226242125
0.0109230466187
0.0109467776492238
0.0109823727980256
0.01101796887815
0.0110535640269518
0.0110891601070762
0.0111247561872005
0.0111603513360023
0.0111959474161267
0.0112315425649285
0.0112671386450529
0.0112804872915149
0.0113005097955465
0.0113080181181431
0.0113192806020379
0.0113361747935414
0.0113615160807967
0.0113621102645993
0.0113627035170794
0.011363297700882
0.0113638918846846
0.0113638918846846
