-0.0
-5.62098210638446e-17
6.76007875537404e-19
2.68325024362045e-18
9.19138281250548e-20
1.13396825326884e-18
1.49887691254508e-18
-1.56955866870712e-19
7.10599100508784e-18
-5.9131915987027e-19
2.81059945521151e-19
1.76693326864416e-18
4.44880025948527e-18
-7.14487180260028e-18
3.14120989756884e-18
-6.65367706561527e-18
6.35899893547693e-18
-1.51579895992638e-18
-2.0799332425554e-19
-1.76018740395364e-18
-1.15520528831552e-18
-2.50064970980906e-20
9.98947975472114e-19
7.99678511546865e-19
-2.91204550592047e-18
3.19663699566934e-18
2.06514159884173e-18
-3.38366914961248e-18
-5.43049862405351e-18
-1.89435279058729e-18
-1.11110787627002e-18
5.71131486148668e-18
-1.122282259165e-18
1.37656915999237e-18
-1.38856493323562e-18
-3.68229375845331e-19
8.29769853306441e-18
1.58549926629163e-18
-7.42474009105147e-19
2.19515536598097e-18
-2.78168680446579e-18
-1.31703614412632e-18
-2.18312815987445e-19
-4.14371991955376e-19
-2.28825702546565e-18
-1.34251082545111e-18
1.54119878140574e-18
3.47751030856478e-18
2.08676989031815e-19
1.88270774192377e-18
-2.2837199398058e-18
-1.43721804250476e-18
1.12225744374662e-18
-8.75818832571146e-20
8.65254081787618e-19
-3.06887315979623e-19
2.42951383149072e-18
-3.64788635369355e-18
2.06401580602804e-18
3.21002325952228e-18
-3.3549072525334e-18
8.16625787936851e-20
2.3027368220884e-18
-1.58449258748615e-18
-4.22400772416939e-18
3.23314626636559e-18
-4.35836997978882e-18
2.01180228032172e-09
3.98722477257252e-09
2.39460860029794e-08
2.93957782560028e-08
7.51515472074971e-08
-2.04579919227399e-07
-1.27780367620289e-07
2.68246367340907e-07
4.7068897401914e-07
5.43670466868207e-07
6.36529875919223e-07
6.55101757729426e-07
6.58721546642482e-07
5.79588231630623e-07
5.30955730937421e-07
6.99386873748153e-07
9.58993041422218e-07
1.13662099465728e-06
1.38753966894001e-06
1.59307819558308e-06
1.6716803656891e-06
1.41943019116297e-06
1.65923847816885e-06
1.04954960988835e-06
3.99311829824001e-07
1.87309342436492e-06
1.60807394422591e-06
1.17051240522414e-06
1.02289777714759e-06
4.68229700345546e-07
-6.41084625385702e-08
-7.05440470483154e-07
-1.316744601354e-06
-1.87975820153952e-06
-2.59867374552414e-06
-3.29276372212917e-06
-1.70568819157779e-06
