0.0
0.0
8.67298183493403e-07
6.30644763077726e-06
8.21551657281816e-06
1.17109921120573e-05
2.04501993721351e-05
4.02199693780858e-05
7.54868233343586e-05
0.000119601398182567
0.000183896845555864
0.000258276704698801
0.000336667988449335
0.000435248599387705
0.000553942809347063
0.000683972029946744
0.000800628215074539
0.000940985511988401
0.001093267230317
0.00113996199797839
0.00121570739429444
0.0013345533516258
0.00151674810331315
0.00166730058845133
0.00178303522989154
0.00190111098345369
0.00201614201068878
0.00212776847183704
0.00223447498865426
0.00233434326946735
0.0024381207767874
0.00253002671524882
0.00260861008428037
0.00267486018128693
0.00273438496515155
0.00278424704447389
0.00283232121728361
0.00288002286106348
0.0029279412701726
0.00297560496255755
0.00302290846593678
0.00307002407498658
0.00311692780815065
0.00316374492831528
0.00321035855449736
0.00325684761628509
0.00330320419743657
0.00334916822612286
0.00339466356672347
0.00343983434140682
0.00348478252999485
0.00352780520915985
0.00356756709516048
0.00360671756789088
0.00364538724534214
0.00368364620953798
0.00372152333147824
0.00375893875025213
0.00379581470042467
0.00383223965764046
0.00386827252805233
0.00390398106537759
0.00393919926136732
0.00397395854815841
0.00400824053213
0.004042056389153
0.00407536793500185
0.00410821987316012
0.00414067320525646
0.00417272746562958
0.00420437613502145
0.00423569092527032
0.00426668487489223
0.0042974092066288
0.00432787789031863
0.00435806252062321
0.00438802456483245
0.00441781803965569
0.00444741919636726
0.00447692954912782
0.00450639985501766
0.00453585386276245
0.00456510810181499
0.00459372811019421
0.00460089184343815
0.00460357405245304
0.00460758665576577
0.00461357971653342
0.0046141417697072
0.00461498415097594
0.00461624702438712
0.0046181371435523
0.00462096650153399
0.00462519377470016
0.00463149836286902
0.00463777547702193
0.00463816802948713
0.00463856058195233
0.00463895266875625
0.0046395412646234
0.00464042276144028
0.00464174337685108
0.00464186724275351
0.00464199110865593
0.00464211497455835
0.00464223884046078
0.00464242417365313
0.00464270263910294
0.00464311987161636
0.0046432763338089
0.00464343279600143
0.00464358925819397
0.00464382395148277
0.00464417599141598
0.0046447035856545
0.0046449014917016
0.00464497553184628
0.00464505003765225
0.00464512407779694
0.0046452353708446
0.00464540207758546
0.00464565260335803
0.00464574620127678
0.00464576948434114
0.0046457932330668
0.00464581651613116
0.00464584026485682
0.00464587518945336
0.00464592780917883
0.00464593293145299
0.00464593293145299
