0
0.00120000028982759
0.00240000011399388
0.00359999993816018
0.00479999976232648
0.00600000051781535
0.00720000034198162
0.00840000016614792
0.00959999999031422
0.0107999998144805
0.0119999996386468
0.0131999994628131
0.0143999992869794
0.0156000009737909
0.0168000007979572
0.0168750002048909
0.0169499996118247
0.0170250008814037
0.0171000002883375
0.0171749996952712
0.0172874997369945
0.0174562497995794
0.0177093758247793
0.0180890629999339
0.0186585946939885
0.0188721674494445
0.0191925293765962
0.0196730713360011
0.0203938852064311
0.021475104149431
0.0226751039735973
0.0238751037977636
0.0250751036219299
0.0262751034460962
0.0274751032702625
0.0286751030944288
0.0298751047812402
0.0310751027427614
0.0322751044295728
0.033475102391094
0.0346751040779054
0.0358751020394265
0.037075103726238
0.0382751054130494
0.0394751033745706
0.040675105061382
0.0418751030229032
0.0430751047097146
0.0442751026712358
0.0454751043580472
0.0466751023195684
0.0478751040063798
0.049075101967901
0.0502751036547124
0.0514751053415239
0.052675103303045
0.0538751049898565
0.0550751029513776
0.0562751046381891
0.0574751025997102
0.0586751042865217
0.0598751022480428
0.061075100209564
0.0622751056216657
0.0634751035831868
0.064675101544708
0.0658751069568097
0.0670751049183309
0.068275102879852
0.0694751008413732
0.0706751062534749
0.0718751042149961
0.0730751021765172
0.0742751001380384
0.0754751055501401
0.0766751035116613
0.0778751014731824
0.0790751068852842
0.0802751048468053
0.0814751028083265
0.0826751007698476
0.0838751061819494
0.0850751041434705
0.0862751021049917
0.0874751075170934
0.0886751054786145
0.0889751031063497
0.0890876068733632
0.089129792060703
0.0891930698417127
0.0891930698417127
