0.0
6.33438901331829e-07
1.09256161522353e-05
3.62920909537934e-05
8.26352479634807e-05
0.000160492025315762
0.000264420494204387
0.000385247316444293
0.000529974815435708
0.000694973045028746
0.000879875326063484
0.0010982503881678
0.00133240479044616
0.00157682329881936
0.00177893985528499
0.00183218810707331
0.00188638723921031
0.00194133084733039
0.00194477185141295
0.00194821727927774
0.00195167155470699
0.0019525361713022
0.00195340113714337
0.00195469916798174
0.00195664609782398
0.00195956765674055
0.00196395278908312
0.00196614698506892
0.00196779263205826
0.0019694387447089
0.00197108509019017
0.00197273120284081
0.00197437684983015
0.00197602226398885
0.00197766558267176
0.0019793079700321
0.00198095059022307
0.00198259297758341
0.00198423536494374
0.00198587845079601
0.00198834482580423
0.00199204823002219
0.00199761358089745
0.00200318894349039
0.00200458359904587
0.00200597778894007
0.00200737151317298
0.00200876547023654
0.00201016152277589
0.0020115626975894
0.00201261369511485
0.00201367121189833
0.00201472849585116
0.00201579392887652
0.00201686355285347
0.00201794435270131
0.00201875600032508
0.00201955437660217
0.00202034180983901
0.00202112318947911
0.0020219013094902
0.0020226773340255
0.00202345242723823
0.00202422682195902
0.00202538841404021
0.00202655047178268
0.00202771299518645
0.0020288759842515
0.00203003967180848
0.00203178636729717
0.00203440943732858
0.00203835195861757
0.0020442777313292
0.00205320050008595
0.00206667766906321
0.00208707503043115
0.00211799307726324
0.00216488470323384
0.00223620841279626
0.00234402134083211
0.00245196255855262
0.00255884882062674
0.00271702674217522
0.0029659781139344
0.00326723046600819
0.00355888763442636
0.00384018546901643
0.00414205575361848
0.00442774500697851
0.00468364311382174
0.00492831785231829
0.00517942756414413
0.00546797551214695
0.00568569684401155
0.0058882380835712
0.00607939949259162
0.00625897012650967
0.00642442377284169
0.00658470345661044
0.00672263186424971
0.00685927039012313
0.00698192603886127
0.00709147285670042
0.00718178320676088
0.00727534713223577
0.00735372817143798
0.00740292156115174
0.00747548788785934
0.00750480452552438
0.00755320535972714
0.00756589462980628
0.00756133394315839
0.00758623797446489
0.00755579443648458
0.00756181357428432
0.00754586746916175
0.00751739321276546
0.00751733174547553
0.00751724699512124
0.0075172153301537
0.00751720368862152
0.00751719949766994
0.00751719810068607
0.00751719530671835
0.00751719530671835
0.00751719530671835
0.00751719530671835
0.00751719530671835
0.00751719530671835
0.00751719530671835
0.00751719530671835
0.00751719530671835
0.00751719530671835
0.00751719530671835
0.00751719530671835
0.00751719530671835
0.00751719530671835
0.00751719530671835
0.00751719484105706
0.00751719484105706
0.00751719484105706
0.00751719484105706
0.00751719484105706
0.00751719484105706
0.00751719484105706
0.00751719484105706
0.00751719484105706
0.00751719484105706
0.00751719484105706
0.00751719484105706
