0.0
2.44772645830315e-26
-1.03199852219404e-06
-1.78281209173292e-06
-2.37164385907818e-06
-7.18995306669967e-06
-1.38513514684746e-05
-1.91884792002384e-05
-2.40143253904535e-05
-3.23568056046497e-05
-4.12505396525376e-05
-5.03201663377695e-05
-5.97664657107089e-05
-7.28380182408728e-05
-0.000140208794618957
-0.000306372356135398
-0.000462590338429436
-0.000634058087598532
-0.000806372496299446
-0.000977434800006449
-0.00114250427577645
-0.00130260433070362
-0.00146855530329049
-0.00163343118038028
-0.00179413694422692
-0.0019506475655362
-0.00210325233638287
-0.00225831451825798
-0.00241285981610417
-0.0025641331449151
-0.00271023670211434
-0.00285361474379897
-0.00299480208195746
-0.00313349417410791
-0.00326972478069365
-0.00340301473625004
-0.00353475497104228
-0.00366601790301502
-0.00379578536376357
-0.00392298167571425
-0.00404825946316123
-0.0041716699488461
-0.00429209321737289
-0.00441072601824999
-0.00452698720619082
-0.00464095454663038
-0.00475332839414477
-0.00486366869881749
-0.0049716904759407
-0.0050777941942215
-0.00518117751926184
-0.00528288492932916
-0.00538245588541031
-0.00548008363693953
-0.00557557726278901
-0.00566949462518096
-0.00576150929555297
-0.00585221359506249
-0.00594092393293977
-0.00602802727371454
-0.00611317902803421
-0.00619623344391584
-0.00627701729536057
-0.00635520601645112
-0.0064315558411181
-0.00650537619367242
-0.00657758442685008
-0.00664802687242627
-0.00671685440465808
-0.00678378064185381
-0.00684837903827429
-0.00691148964688182
-0.00697273062542081
-0.00703273015096784
-0.00709141045808792
-0.00714825745671988
-0.00720461411401629
-0.00725901732221246
-0.0073125921189785
-0.00736495666205883
-0.00741593865677714
-0.0074655064381659
-0.00751370238140225
-0.00756066339090466
-0.00760692404583097
-0.00765131646767259
-0.00769357057288289
-0.00773378415033221
-0.00777213042601943
-0.00780948717147112
-0.00784534960985184
-0.00787964090704918
-0.00791245419532061
-0.00794365908950567
-0.00797379668802023
-0.00800246652215719
-0.00802985392510891
-0.00805604178458452
-0.00808123964816332
-0.00810515601187944
-0.00812789984047413
