0.0
1.26710020253995e-09
1.15820512291975e-06
3.60967283086211e-06
3.15697252517566e-06
3.22613823300344e-06
4.39859786638408e-06
4.71576913696481e-06
5.09772598888958e-06
5.72491353523219e-06
5.9892608987866e-06
6.41780070509412e-06
7.06329637978342e-06
7.7770819189027e-06
8.55986127135111e-06
9.72574525803793e-06
1.13073347165482e-05
1.14457916424726e-05
1.14445874714875e-05
1.13892792796833e-05
1.12967009044951e-05
1.11609160740045e-05
1.09536267700605e-05
1.08444328361657e-05
1.03163229141501e-05
9.49366858549183e-06
8.61869102664059e-06
8.0143954619416e-06
7.17859938959009e-06
6.39881682218402e-06
5.74361183680594e-06
5.11571988681681e-06
4.3888617256016e-06
3.22949586006871e-06
2.12045574699005e-06
1.21070411296387e-06
3.22425051990649e-07
2.1780907388802e-07
2.11519832760132e-07
2.03761075567854e-07
2.0138489276178e-07
1.97110082922336e-07
1.89667744621147e-07
1.8385472344562e-07
1.64036691785441e-07
1.50623037598052e-07
1.17784885844685e-07
4.89091611655113e-08
2.88874364429148e-08
2.67465463110739e-08
2.54141436784039e-08
2.41436222125913e-08
2.23230056661805e-08
1.9921110094856e-08
1.52041206291642e-08
7.3747643547506e-09
5.56857138178657e-09
5.23930232532166e-09
5.2935051897407e-09
5.32535660013878e-09
5.36553113050786e-09
5.4145719019516e-09
5.45654188499611e-09
5.46241007981507e-09
5.40854161457105e-09
5.09956699090708e-09
4.67870231446454e-09
4.28951052455773e-09
4.1246561721664e-09
4.35272706766909e-09
4.38030545168999e-09
4.60404203650455e-09
4.91262985846674e-09
5.1615955953821e-09
5.36521316263361e-09
5.36880007118157e-09
5.30142463261996e-09
5.11340525477522e-09
4.73606309725483e-09
4.30786384342241e-09
3.99328259348408e-09
3.89131127320752e-09
3.79643960712883e-09
3.84157772259641e-09
4.0900087761031e-09
4.49285852965886e-09
4.91295226723309e-09
5.19200815674026e-09
5.30437294088415e-09
5.29066346288687e-09
5.08294917267449e-09
4.8701398469575e-09
4.56835591577942e-09
4.20911039356042e-09
3.85752407794371e-09
3.54742479835579e-09
3.2715414821638e-09
3.11475689684926e-09
3.44739770063995e-09
3.53614537651481e-09
3.87574772275912e-09
4.23559098905457e-09
4.55805393428932e-09
4.77921968666806e-09
5.06235542374611e-09
5.03881514291038e-09
4.91923790590931e-09
4.68916061535651e-09
4.37993818991345e-09
4.18299039850467e-09
3.88440479781593e-09
3.40739103599219e-09
2.86318702080735e-09
3.27380700326785e-09
3.14206904938885e-09
2.8396416329457e-09
3.21937498881653e-09
3.25702953496432e-09
3.40494255013368e-09
3.6655791735285e-09
3.80339049144141e-09
4.17995149604167e-09
4.36665548164683e-09
4.52704140840865e-09
4.53821380475006e-09
4.49070114427741e-09
4.30571489573595e-09
4.22833856816851e-09
3.96640453814712e-09
3.60286112055519e-09
3.08780623292648e-09
4.26517132723347e-09
3.64472829694762e-09
3.02809421981465e-09
2.45981635060843e-09
3.41296657602186e-09
2.78375589246593e-09
2.52656828791942e-09
