0.0
1.59753923867356e-07
-8.28920917683718e-07
-1.68424014646007e-06
-1.84781197276607e-06
-3.47450009030581e-06
-4.12482040701434e-06
-5.61271144761122e-06
-6.36147751720273e-06
-6.90904016664717e-06
-8.32183650345542e-06
-1.00654242487508e-05
-1.058490761352e-05
-1.1438824913057e-05
-1.17289955596789e-05
-1.2109243471059e-05
-1.24961670735502e-05
-1.16882620204706e-05
-1.10541805042885e-05
-9.86460872809403e-06
-9.64126138569554e-06
-9.7740512501332e-06
-1.02366057035397e-05
-1.09571274151676e-05
-1.12505804281682e-05
-1.22553492474253e-05
-1.46488246173249e-05
-1.79873313754797e-05
-2.14375650102738e-05
-2.29812812904129e-05
-2.42789756157435e-05
-2.54240312642651e-05
-2.65068447333761e-05
-2.82311448245309e-05
-3.02530152112013e-05
-3.20877807098441e-05
-3.38765639753547e-05
-3.56725504389033e-05
-3.81831559934653e-05
-4.21057193307206e-05
-4.75943415949587e-05
-5.38702188350726e-05
-6.41038568574004e-05
-6.88872387399897e-05
-7.17325383448042e-05
-7.71147024352103e-05
-7.9449950135313e-05
-8.49040297907777e-05
-8.55944090289995e-05
-8.63369350554422e-05
-8.71220036060549e-05
-8.80154766491614e-05
-8.90340452315286e-05
-9.02406245586462e-05
-9.16553108254448e-05
-9.32247276068665e-05
-9.49236418819055e-05
-9.67162632150576e-05
-9.8570752015803e-05
-0.000100456527434289
-0.000103338410553988
-0.000107656444015447
-0.00011408996215323
-0.000123571473523043
-0.000137522190925665
-0.000151510830619372
-0.000158590017235838
-0.000162285068654455
-0.000166106896358542
-0.000170036291819997
-0.000173052874743007
-0.000176338464370929
-0.000178841801243834
-0.000181207331479527
-0.000183378768269904
-0.000185575321665965
-0.000187679688679054
-0.000189396887435578
-0.000191078564967029
-0.000192677878658287
-0.000194017993635498
-0.000195465647266246
-0.000196884851902723
-0.00019814059487544
-0.000199582587811165
-0.000201099857804365
-0.000202649243874475
-0.000204159834538586
-0.000205901043955237
-0.000207270437385887
-0.000207639197469689
-0.000208027166081592
-0.000208435929380357
-0.000209123361855745
-0.000209967111004516
-0.000210142359719612
-0.000210329337278381
-0.000210621918085963
-0.000211310049053282
-0.000212077866308391
-0.000212840124731883
-0.000213951061596163
-0.000215345193282701
-0.000217172273551114
-0.000219370340346359
-0.000221263311686926
-0.000223012422793545
-0.000223356706555933
-0.000223709052079357
-0.000224287708988413
-0.000224980598432012
-0.000226151838432997
-0.000227278564125299
-0.000228337783482857
-0.0002297035389347
-0.000231193131185137
-0.000232412116019987
-0.000233389291679487
-0.000234187682508491
-0.000235148836509325
-0.000235980987781659
-0.000236735984799452
-0.000237742890021764
-0.000239204528043047
-0.000241447516600601
-0.000244836846832186
-0.000249904318479821
-0.000257420935668051
-0.000268621632130817
-0.000285407266346738
-0.000310395989799872
-0.000347046909155324
-0.000400026969145983
-0.00047673808876425
-0.000588656053878367
-0.000750853796489537
-0.000911527604330331
-0.00106804689858109
-0.00122063711751252
-0.00136861263308674
-0.00151129916775972
-0.00164826808031648
-0.0017787532415241
-0.00190359959378839
-0.00202229712158442
-0.00213484861887991
-0.00224141334183514
-0.00234217941761017
-0.00243704905733466
-0.00252618454396725
-0.00260947458446026
-0.00268682418391109
-0.00275810877792537
-0.00282396818511188
-0.00288454140536487
-0.00293996767140925
-0.00299032079055905
-0.00303558725863695
-0.00307592819444835
-0.00311149330809712
-0.00314232683740556
-0.00316873658448458
-0.00319082592613995
-0.00320872920565307
-0.00322262034751475
-0.00323251658119261
-0.00323859159834683
-0.00324123376049101
-0.00324155949056149
-0.00324157299473882
-0.00324157252907753
-0.00324157206341624
-0.00324157089926302
-0.00324157089926302
-0.00324156624265015
-0.00324154924601316
-0.00324152712710202
-0.00324152247048914
-0.00324151222594082
-0.00324151432141662
-0.00324152316898108
-0.00324153085239232
-0.00324153364636004
-0.00324153364636004
