0.0
9.29423343842828e-11
4.70836480914727e-09
1.75003691538222e-07
1.28872306959238e-06
5.2856207730656e-06
1.68491478689248e-05
4.1092251194641e-05
8.24421658762731e-05
0.000131392240291461
0.000191759725566953
0.000282026245258749
0.000376874842913821
0.000399443582864478
0.000419624295318499
0.000441398791735992
0.000466052355477586
0.000501242931932211
0.000512807862833142
0.000530683144461364
0.000548864365555346
0.000567497976589948
0.000567808863706887
0.000568104849662632
0.000568395596928895
0.000568831455893815
0.000569495023228228
0.00056974304607138
0.000570118078030646
0.000570680131204426
0.000571530021261424
0.000572794990148395
0.000574758800212294
0.000577627215534449
0.000581649306695908
0.000586764595936984
0.000591436168178916
0.000593307253438979
0.000593893288169056
0.000594569311942905
0.000595615536440164
0.000596670666709542
0.000597622885834426
0.000599191465880722
0.000600790313910693
0.000602012849412858
0.00060300511540845
0.000604087894316763
0.000604464905336499
0.000605165783781558
0.000605503155384213
0.000605812412686646
0.00060590758221224
0.000605968467425555
0.000606004963628948
0.000606060202699155
0.000606096407864243
0.000606151821557432
0.000606208341196179
0.000606299261562526
0.000606407062150538
0.000606579997111112
0.000606792629696429
0.000607156660407782
0.000607599678914994
0.000608038681093603
0.000608445960097015
0.000608536414802074
0.000608544738497585
0.00060852785827592
0.000608492700848728
0.000608428148552775
0.000608064350672066
0.000607188558205962
0.000606265850365162
0.000606265792157501
0.000606265675742179
0.000606265268288553
0.000606264278758317
0.000606262648943812
0.000606260204222053
0.000606246932875365
0.000606229645200074
0.000606210029218346
0.000606205256190151
0.000606209505349398
0.000606220273766667
0.000606230576522648
0.00060623895842582
0.000606244604568928
0.000606246758252382
0.000606240180786699
0.00060623517492786
0.000606231042183936
0.000606230634730309
0.000606223708018661
0.000606219109613448
0.000606214336585253
0.000606214394792914
0.000606215500738472
0.000606220797635615
0.000606229295954108
0.000606227258685976
0.000606232788413763
0.00060624664183706
0.00060625869082287
0.000606276036705822
0.000606276094913483
0.000606276851613075
0.000606271496508271
0.000606261834036559
0.000606250716373324
0.000606236688327044
0.00060622300952673
0.000606210087426007
0.000606197747401893
0.000606208282988518
0.000606207991950214
0.000606207933742553
0.000606208341196179
0.000606208341196179
