-0.000000
0.000000
0.386239
1.825428
3.086362
3.906426
4.425818
4.835849
5.167580
5.457782
6.120824
7.000682
7.781584
8.787942
10.044047
10.311299
10.372828
10.375657
10.378802
10.382134
10.385571
10.389018
10.392419
10.395688
10.398718
10.401611
10.404441
10.407077
10.409269
10.410603
10.410870
10.410391
10.407280
10.399706
10.392032
10.383252
10.373056
10.361875
10.353851
10.349189
10.347121
10.347090
10.348555
10.350901
10.353808
10.357102
10.362325
10.370595
10.383072
10.401138
10.426490
10.461804
10.512511
10.584908
10.700330
10.834449
10.969191
11.142416
11.257648
10.940844
10.491888
10.026668
9.248724
8.451703
7.785534
7.051793
6.209448
5.404004
4.617597
3.760760
2.865298
1.937519
0.984287
0.001771
0.000166
0.000167
0.000168
0.000169
0.000169
0.000169
0.000169
0.000168
0.000171
0.000176
0.000179
0.000183
0.000187
0.000192
0.000196
0.000200
0.000202
0.000203
0.000203
0.000203
0.000203
0.000204
0.000203
0.000200
0.000198
0.000195
0.000193
0.000188
0.000183
0.000176
0.000168
0.000160
0.000150
0.000141
0.000133
0.000122
0.000112
0.000103
0.000097
0.000089
0.000084
0.000076
0.000070
0.000063
0.000056
0.000048
0.000041
0.000033
0.000025
0.000019
0.000017
0.000009
-0.000004
-0.000017
-0.000031
-0.000045
-0.000057
-0.000066
-0.000077
-0.000083
-0.000090
-0.000097
-0.000105
-0.000113
-0.000121
-0.000129
-0.000136
-0.000142
-0.000152
-0.000156
-0.000157
