0.0
7.21371407053084e-07
7.21938420156221e-07
7.2572868248244e-07
7.28547490780329e-07
7.3388952159803e-07
7.36194010642066e-07
7.37409891371499e-07
7.52262280911964e-07
8.06599757652293e-07
8.11068559869454e-07
8.13084113815421e-07
8.13323879356176e-07
8.13369808838615e-07
8.13502367691399e-07
8.13639474017691e-07
8.13679662314826e-07
8.13735596238985e-07
8.13786300568609e-07
8.13759584161744e-07
8.13515839581669e-07
8.13389306131285e-07
8.13168639979267e-07
8.13103667951509e-07
8.13035114788363e-07
8.12963946827949e-07
8.12891812529415e-07
8.1281871189276e-07
8.12746066003456e-07
8.12728160326515e-07
8.12710595710087e-07
8.12684390893992e-07
8.12674727512785e-07
8.12660687188327e-07
8.12639825653605e-07
8.12609926015284e-07
8.1258218642688e-07
8.12557516383094e-07
8.12554787898989e-07
8.12552059414884e-07
8.12548023532145e-07
8.1254228234684e-07
8.12534835858969e-07
8.12528128335543e-07
8.12528128335543e-07
