0.0
6.03614438432487e-08
1.51123771274797e-07
5.15336864737037e-07
7.99888766778167e-07
1.12789211925701e-06
1.34341360080725e-06
1.49787706504867e-06
1.722641059132e-06
1.79634685082419e-06
1.87505486337614e-06
1.95889538190386e-06
1.99145324586425e-06
2.04115985980025e-06
2.11800170291099e-06
2.19784078581142e-06
2.27974351219018e-06
2.36313326240634e-06
2.44827447204443e-06
2.53412576967094e-06
2.61914283328224e-06
2.6574166440696e-06
2.67722111857438e-06
2.69796714746917e-06
2.71917656391452e-06
2.74096555585857e-06
2.77523190561624e-06
2.82901578430028e-06
2.84204907075036e-06
2.85507940134266e-06
2.86795579995669e-06
2.88719434138329e-06
2.91610376734752e-06
2.95949462270073e-06
3.00296505884035e-06
3.04660670735757e-06
3.09021061184467e-06
3.13368013848958e-06
3.17701460517128e-06
3.22021242027404e-06
3.26323652188876e-06
3.27402449329384e-06
3.28482792610885e-06
3.29563999912352e-06
3.31186697621888e-06
3.33625325765752e-06
3.37322717314237e-06
3.4104216410924e-06
3.44759746440104e-06
3.48467483490822e-06
3.52154415850237e-06
3.55768065674056e-06
3.56647728949611e-06
3.56859413841448e-06
3.57073736267921e-06
3.57290082320105e-06
3.57612111656636e-06
3.58090937879751e-06
3.58802822120197e-06
3.5897917314287e-06
3.59154660145578e-06
3.59413866135583e-06
3.59729096999217e-06
3.59965656571148e-06
3.60003173227597e-06
3.60036324309476e-06
3.60064632332069e-06
3.60093713425158e-06
3.60103194907424e-06
3.60093190465705e-06
3.60064382221026e-06
3.60012450073555e-06
3.59991281584371e-06
3.59968453267356e-06
3.59945465788769e-06
3.59911132363777e-06
3.59859336640511e-06
3.59776527147915e-06
3.59740079147741e-06
3.59673731509247e-06
3.59569730790099e-06
3.59569730790099e-06
