0.0
4.55434339130534e-08
5.71390216919099e-07
9.0763489879464e-07
1.21619348192326e-06
1.17346905881277e-06
6.90913452672248e-07
6.96234394581552e-07
7.01554085935641e-07
7.06115145021613e-07
7.10607764631277e-07
7.15870669409924e-07
7.20266598364105e-07
7.31004377030331e-07
7.471828666894e-07
7.65297954785638e-07
7.84108806328732e-07
8.03424711648404e-07
8.23337927613466e-07
8.43881480250275e-07
8.75874718531122e-07
9.26075585994113e-07
9.78729303824366e-07
1.03354170732928e-06
1.09639256606897e-06
1.16499938940251e-06
1.23672941754194e-06
1.30929186070716e-06
1.42798603519623e-06
1.54864289925172e-06
1.67920143212541e-06
1.84283010185027e-06
2.02722776521114e-06
2.23987740355369e-06
2.58310797107697e-06
3.13978875965404e-06
3.86174906452652e-06
4.65722041553818e-06
5.538111054193e-06
7.01747194398195e-06
9.60097713686991e-06
1.39960338856326e-05
2.49893619184149e-05
5.2417042752495e-05
9.98860705294646e-05
0.000169350416399539
0.000247835705522448
0.000324620981700718
0.000399270444177091
0.000477838271763176
0.000549265707377344
0.000618605641648173
0.000685701030306518
0.000762619893066585
0.000827239418867975
0.000890588678885251
0.000948898552451283
0.00100772723089904
0.00106323906220496
0.00111576274503022
0.00116482889279723
0.00121176103129983
0.00125965801998973
0.00130389188416302
0.00134689442347735
0.00138460949528962
0.00142191676422954
0.00145807897206396
0.00149332243017852
0.00152099772822112
0.00155822420492768
0.00158197828568518
0.00160378823056817
0.00163548381533474
0.00165281724184752
0.00167637120466679
0.00169643783010542
0.00170452648308128
0.00173025799449533
0.00173485325649381
0.00175715249497443
0.00175869674421847
0.00176911102607846
0.00177598861046135
0.00178188283462077
0.00178715994115919
0.00178859673906118
0.00179236498661339
0.00178116036113352
0.00178873538970947
0.00178051565308124
0.00177951785735786
0.00177485018502921
0.00176495162304491
0.00175229040905833
0.00174501549918205
0.00173372845165431
0.00172030297107995
0.00170854234602302
0.0016938098706305
0.0016938098706305
0.0016938098706305
0.0016938098706305
0.0016938098706305
0.0016938098706305
0.0016938098706305
0.0016938098706305
0.0016938098706305
