0.0
0.0
1.08091023776069e-06
8.45391696202569e-06
2.3645148758078e-05
4.32030683441553e-05
7.88441684562713e-05
0.000120016702567227
0.000174995308043435
0.000239152359426953
0.00031281856354326
0.000386589090339839
0.000425676815211773
0.00044383603380993
0.000444100325694308
0.000444410106865689
0.000444541685283184
0.000444797158706933
0.000444984558271244
0.00044513848843053
0.000445171928731725
0.000445205660071224
0.000445232726633549
0.000445231737103313
0.00044521814561449
0.000445220968686044
0.000445223093265668
0.000445240235421807
0.000445247627794743
0.000445249577751383
0.00044524998520501
0.000445251062046736
0.000445241690613329
0.000445220328401774
0.000445200043031946
0.000445181736722589
0.000445165525889024
0.000445155921624973
0.000445161305833608
0.000445147743448615
0.000445142592070624
0.000445129844592884
0.000445115671027452
0.000445116020273417
0.000445104407845065
0.00044508941937238
0.000445081561338156
0.000445068610133603
0.000445052311988547
0.00044502632226795
0.000444999634055421
0.00044497667113319
0.000444951292593032
0.00044493586756289
0.000444913137471303
0.000444907374912873
0.00044489887659438
0.000444892124505714
0.000444876728579402
0.000444854231318459
0.000444825564045459
0.000444808276370168
0.000444796634837985
0.000444776029326022
0.000444750476162881
0.00044472495210357
0.000444690434960648
0.000444660487119108
0.000444623088696972
0.000444587785750628
0.000444548059022054
0.000444511999376118
0.00044446685933508
0.000444410863565281
0.000444360892288387
0.000444320729002357
0.000444303412223235
0.000444289267761633
0.000444293837063015
0.00044429418630898
0.000444303412223235
0.000444301782408729
0.000444301462266594
0.000444307748693973
0.000444308767328039
0.000444310455350205
0.000444311328465119
0.000444310513557866
0.000444309524027631
0.000444309349404648
0.000444308388978243
0.000444304634584114
0.00044429927947931
0.000444309727754444
0.000444308447185904
0.000444314995547757
0.000444309174781665
0.000444302393589169
0.000444305798737332
0.00044431458809413
0.000444312987383455
0.00044431202695705
0.000444306875579059
0.000444317876826972
0.000444319215603173
