0
0.00677501456812024
0.0145774502307177
0.0242390017956495
0.0398710034787655
0.054164320230484
0.0737742483615875
0.0879309475421906
0.105503715574741
0.126609936356544
0.137848168611526
0.14799889922142
0.163145035505295
0.18326972424984
0.191000789403915
0.195428043603897
0.200448021292686
0.200570955872536
0.199516803026199
0.199389711022377
0.199207171797752
0.198927357792854
0.198494419455528
0.197820767760277
0.196787118911743
0.195302367210388
0.192896008491516
0.18892277777195
0.188061609864235
0.183304265141487
0.178447246551514
0.174565374851227
0.173073619604111
0.168767392635345
0.164488598704338
0.1595468968153
0.155020371079445
0.150688141584396
0.146556437015533
0.142296493053436
0.138152837753296
0.133802220225334
0.129534468054771
0.125261187553406
0.121263556182384
0.117313742637634
0.113112881779671
0.10898943990469
0.105466336011887
0.101685792207718
0.0977367386221886
0.0939753279089928
0.0901114270091057
0.0864517390727997
0.083177238702774
0.0798266679048538
0.0762502178549767
0.0729920789599419
0.0693447664380074
0.0657857432961464
0.062268853187561
0.058714684098959
0.0555132329463959
0.0522843413054943
0.0491828247904778
0.0460732281208038
0.043140284717083
0.040081150829792
0.0372178666293621
0.0342566072940826
0.0312813110649586
0.0283882115036249
0.0253178346902132
0.0221796091645956
0.0191637799143791
0.0163559019565582
0.0133617073297501
0.0101301474496722
0.00888490304350853
0.00882240198552608
0.00870238244533539
0.00889928266406059
0.00902504380792379
0.00911389943212271
0.00927844271063805
0.00944575481116772
0.00952167715877295
0.00953446421772242
0.00945319328457117
0.00928008742630482
0.00896951463073492
0.0087433448061347
0.00872667413204908
0.00876346230506897
0.00877729058265686
0.00879946816712618
0.00884119421243668
0.00885872263461351
0.00881266873329878
0.00878484360873699
0.00867344904690981
0.00855076778680086
0.00843836273998022
0.00849201250821352
0.00862837210297585
0.00900525692850351
0.00924565549939871
0.00935106445103884
