0.0
0.0
0.0
1.2692802364711e-10
1.9545165486079e-09
3.66906083293372e-09
1.09794866531843e-08
4.91563483251412e-08
1.00509197409338e-07
2.04882582011123e-07
3.5406782217251e-07
6.41974111204036e-07
1.1847782843688e-06
2.04037814910407e-06
3.76238313037902e-06
1.39178273457219e-05
1.8503646060708e-05
2.45548581006005e-05
3.99007403757423e-05
5.35919461981393e-05
7.63631687732413e-05
0.00010879246838158
0.000120025644719135
0.000124823622172698
0.000129628722788766
0.000135171605506912
0.000136736009153537
0.000138323317514732
0.00014013159670867
0.000144078774610534
0.000145241327118129
0.00014656555140391
0.000148980267113075
0.000153189583215863
0.000160313153173774
0.00017168206977658
0.000188889767741784
0.000214419298572466
0.000252031866693869
0.000307645037537441
0.000391383160604164
0.000503780727740377
0.000680265191476792
0.000986388418823481
0.00137029041070491
0.00182009278796613
0.00194108951836824
0.00213732244446874
0.0022318665869534
0.0022717728279531
0.00233828090131283
0.00237466883845627
0.00237861811183393
0.00238649896346033
0.00238933018408716
0.00239041610620916
0.00239252345636487
0.00239841872826219
0.00240161921828985
0.00241062929853797
0.00244739325717092
0.00251338048838079
0.00251621380448341
0.00251632602885365
0.00251639215275645
0.00251647038385272
0.00251655955798924
0.0025166692212224
0.00251680542714894
0.00251696910709143
0.00251783849671483
0.00251885643228889
0.00252043595537543
0.002523043891415
0.00252658408135176
0.00253167329356074
0.00254124612547457
0.00254389573819935
0.0025401737075299
0.00253685493953526
0.00253328355029225
0.00252934009768069
0.00252496264874935
0.00252021825872362
0.00251441728323698
0.00250784726813436
0.00249972590245306
0.00249029765836895
0.0024796356447041
0.00246998085640371
0.00246021966449916
0.00244986242614686
0.00243995245546103
0.00242994050495327
0.00241868919692934
0.00240857456810772
0.00239824922755361
0.00238759187050164
0.00237786443904042
0.00236642477102578
0.00235619070008397
0.00234456127509475
0.00233305594883859
0.0023222966119647
0.00231063063256443
0.00230032065883279
0.00228866119869053
0.00227780686691403
0.00226634927093983
0.00225424091331661
0.00224360916763544
0.00223196088336408
0.00222134776413441
0.00221028830856085
0.00219916831701994
0.00218831887468696
0.0021756908390671
0.00216460996307433
0.00215389183722436
0.00214259536005557
0.00213147629983723
0.00212121545337141
0.00210964982397854
0.00209841877222061
0.00208668410778046
0.00207471800968051
0.00206469721160829
0.00205357745289803
0.00204168073832989
0.002032091608271
0.00202081399038434
0.00200908142141998
0.00199872790835798
0.00198626751080155
0.00197506579570472
0.0019662631675601
0.00195427844300866
0.00194259476847947
0.00193320284597576
0.00192253827117383
0.00191039696801454
0.00189985276665539
0.00188840681221336
0.00187736959196627
0.00186728814151138
0.00185739691369236
0.00184568425174803
0.00183569919317961
0.00183019926771522
