0.0
1.99036787051909e-10
1.97594616224706e-07
5.97506823396543e-06
2.29683100769762e-05
4.26536898885388e-05
6.77979915053584e-05
7.64200885896571e-05
9.05540437088348e-05
9.41798571147956e-05
9.7815616754815e-05
0.000101503952464554
0.000102434678410646
0.000103367063275073
0.000104300772363786
0.000105703998997342
0.00010783426114358
0.000108371234091464
0.000108910200651735
0.000109451160824392
0.000110268287244253
0.00011150365753565
0.000112749701656867
0.000114006375952158
0.000115272814582568
0.000116548093501478
0.000117833886179142
0.000119130352686625
0.000120430333481636
0.000121734876302071
0.000123046920634806
0.00012502541358117
0.000128014711663127
0.000128764135297388
0.000129514664877206
0.000130640197312459
0.000132336324895732
0.000134892281494103
0.000137461116537452
0.000138104645884596
0.000138748902827501
0.000138990508276038
0.00013923246297054
0.000139474723255262
0.000139717216370627
0.000140081101562828
0.00014062732225284
0.000141448093927465
0.00014268267841544
0.000144542325870134
0.000146477657835931
0.000148431121488102
0.000150393898366019
0.000150886437040754
0.00015138098387979
0.000152124819578603
0.000153253320604563
0.000154952896991745
0.00015664981037844
0.000158369439304806
0.000160108305863105
0.000161863747052848
0.000163632648764178
0.000165419492986985
0.000165419492986985
