0.0
1.8426391079629e-07
3.66819847386068e-07
5.57115413357678e-07
5.57115413357678e-07
6.66818721128948e-07
6.68468828735058e-07
6.8410076892178e-07
6.85531972521858e-07
6.87186741288315e-07
6.90064439368143e-07
7.04424849118368e-07
7.05458546690352e-07
7.06398566308053e-07
7.07315678027953e-07
7.08681795913435e-07
7.10691665517516e-07
7.13565896148793e-07
7.17760599400208e-07
7.21855485608103e-07
7.25644213162013e-07
7.31388070107641e-07
7.40386155939632e-07
7.53788128804445e-07
7.72467330989457e-07
8.01087139734591e-07
8.29019029424671e-07
8.53953906698734e-07
8.90592673385981e-07
9.34352158310503e-07
9.59007252276933e-07
9.76761498350243e-07
1.00593433671747e-06
1.01755165360373e-06
1.01755165360373e-06
1.01755165360373e-06
1.01755165360373e-06
1.01755165360373e-06
1.01755165360373e-06
1.01755165360373e-06
1.01755165360373e-06
1.01755165360373e-06
1.01755165360373e-06
1.01755165360373e-06
1.01755165360373e-06
1.01755165360373e-06
1.01755165360373e-06
1.01755165360373e-06
1.01765181170776e-06
1.01765181170776e-06
1.01765181170776e-06
1.01765181170776e-06
1.01765181170776e-06
1.01765181170776e-06
1.01765340332349e-06
1.01765738236281e-06
1.017657950797e-06
1.017657950797e-06
1.017657950797e-06
1.017657950797e-06
1.017657950797e-06
1.017657950797e-06
1.017657950797e-06
1.017657950797e-06
1.017657950797e-06
1.017657950797e-06
1.01765851923119e-06
1.01765874660487e-06
1.01765874660487e-06
1.01765874660487e-06
1.01765874660487e-06
1.01765874660487e-06
1.01765874660487e-06
1.01765874660487e-06
1.01765874660487e-06
1.01765874660487e-06
1.01765874660487e-06
1.01765874660487e-06
1.01765874660487e-06
1.01765874660487e-06
