0.0
7.28667251938769e-35
4.66828339540371e-07
3.3740690241757e-07
3.29017211697646e-07
5.79054585614358e-07
1.14671240680764e-06
1.20280469673162e-06
2.37669519265182e-06
4.1860012061079e-06
7.33662409402314e-06
9.7147531050723e-06
1.05790686575347e-05
1.14760350697907e-05
1.26214463307406e-05
1.32629811560037e-05
1.2833116670663e-05
1.2717357094516e-05
1.30726830320782e-05
1.37103297674912e-05
1.37197621370433e-05
1.37022398121189e-05
1.36456364998594e-05
1.35161317302845e-05
1.334203989245e-05
1.31690039779642e-05
1.30510697999853e-05
1.29579029817251e-05
1.27966359286802e-05
1.26614795590285e-05
1.25996830320219e-05
1.25864517031005e-05
1.25037595353206e-05
1.24203170344117e-05
1.22141236715834e-05
1.20852873806143e-05
1.19560945677222e-05
1.179812807095e-05
1.16290775622474e-05
1.15012589958496e-05
1.1379746865714e-05
1.1285316759313e-05
1.11821027530823e-05
1.10956170829013e-05
1.10076880446286e-05
1.0903586371569e-05
1.07840050986852e-05
1.06950637928094e-05
1.05497711047065e-05
1.04509263110231e-05
1.03477141237818e-05
1.02068261185195e-05
1.01229416031856e-05
1.00473580459948e-05
9.95002756098984e-06
9.8584896477405e-06
9.78155276243342e-06
9.71374356595334e-06
9.61920704867225e-06
9.51669426285662e-06
9.4090592028806e-06
9.26265875023091e-06
9.19875310501084e-06
9.09777008928359e-06
9.08051970327506e-06
9.01182193047134e-06
8.98741291166516e-06
8.93154538061935e-06
8.90938645170536e-06
8.80017068993766e-06
8.72304917720612e-06
8.59610645420616e-06
8.52318407851271e-06
8.40166467241943e-06
8.32000569062075e-06
8.20330205897335e-06
8.1257658166578e-06
8.0318350228481e-06
7.94801962911151e-06
7.93131766840816e-06
7.86626787885325e-06
7.89614296081709e-06
7.89781461207895e-06
7.88098350312794e-06
7.88362558523659e-06
7.82553433964495e-06
7.81498511059908e-06
7.74513500800822e-06
7.69366579334019e-06
7.62107356422348e-06
7.48555385143845e-06
7.39010602046619e-06
7.25173549653846e-06
7.11723396307207e-06
7.03711020832998e-06
6.93640549798147e-06
6.9095399339858e-06
6.88627369527239e-06
6.8339272729645e-06
6.80691891830065e-06
6.77185926178936e-06
6.69894598104293e-06
6.6458396759117e-06
6.63008040646673e-06
6.61157582726446e-06
6.66739288135432e-06
6.67014182909043e-06
