0.0
-4.21289204013641e-33
-1.23846484711976e-06
-1.53486769249866e-06
-2.90177331407904e-06
-4.2291439967812e-06
-6.65788638798404e-06
-8.03757484391099e-06
-8.75486239237944e-06
-9.09121808945201e-06
-9.42536735237809e-06
-9.42664610192878e-06
-9.42729275266174e-06
-9.4279384939e-06
-9.4279403128894e-06
-9.42794213187881e-06
-9.42794304137351e-06
-9.42794576985762e-06
-9.42794849834172e-06
-9.42794940783642e-06
-9.42795213632053e-06
-9.42795395530993e-06
-9.42795577429933e-06
-9.42795668379404e-06
-9.42795941227814e-06
-9.42796123126755e-06
-9.42796305025695e-06
-9.42796395975165e-06
-9.42796577874105e-06
-9.42796759773046e-06
-9.42797123570926e-06
-9.42797123570926e-06
-9.42797396419337e-06
-9.42797578318277e-06
-9.42797760217218e-06
-9.42797851166688e-06
-9.42798033065628e-06
-9.42798305914039e-06
-9.42798487812979e-06
-9.42798578762449e-06
-9.4279885161086e-06
-9.4279912445927e-06
-9.42799306358211e-06
-9.42799488257151e-06
-9.42799579206621e-06
-9.42799852055032e-06
-9.42800033953972e-06
-9.42800215852913e-06
-9.42800488701323e-06
-9.42800761549734e-06
-9.42800943448674e-06
-9.42801216297084e-06
-9.42801307246555e-06
-9.42801489145495e-06
-9.42801671044435e-06
-9.42801761993906e-06
-9.42801943892846e-06
-9.42802034842316e-06
-9.42802398640197e-06
-9.42802489589667e-06
-9.42802671488607e-06
-9.42802853387548e-06
-9.42803035286488e-06
-9.42803126235958e-06
-9.42803399084369e-06
-9.42803671932779e-06
-9.42803762882249e-06
-9.4280385383172e-06
-9.4280394478119e-06
-9.4280412668013e-06
-9.42804399528541e-06
-9.42804490478011e-06
-9.42804581427481e-06
-9.42804945225362e-06
-9.42804945225362e-06
-9.42805127124302e-06
-9.42805309023242e-06
-9.42805581871653e-06
-9.42805672821123e-06
-9.42805854720064e-06
-9.42806036619004e-06
-9.42806127568474e-06
-9.42806309467414e-06
-9.42806400416885e-06
-9.42806855164235e-06
-9.42806946113706e-06
-9.42807037063176e-06
-9.42807309911586e-06
-9.42807400861057e-06
-9.42807582759997e-06
-9.42807855608407e-06
-9.42808037507348e-06
-9.42808219406288e-06
-9.42808401305228e-06
-9.42808765103109e-06
-9.42808765103109e-06
-9.4280903795152e-06
-9.4280912890099e-06
-9.4280931079993e-06
-9.428094017494e-06
-9.42809674597811e-06
-9.42809856496751e-06
-9.42810038395692e-06
-9.42810038395692e-06
-9.42810402193572e-06
-9.42810493143043e-06
-9.42810584092513e-06
-9.42810675041983e-06
-9.42810856940923e-06
-9.42810947890393e-06
-9.42811038839864e-06
-9.42811220738804e-06
-9.42811220738804e-06
-9.42811311688274e-06
-9.42811584536685e-06
-9.42811766435625e-06
-9.42811948334565e-06
-9.42812130233506e-06
-9.42812221182976e-06
-9.42812221182976e-06
-9.42812403081916e-06
-9.42812494031386e-06
-9.42812675930327e-06
-9.42812857829267e-06
-9.42813130677678e-06
-9.42813312576618e-06
-9.42813403526088e-06
-9.42813585425029e-06
-9.42813676374499e-06
-9.42814040172379e-06
-9.4281431302079e-06
-9.4281449491973e-06
-9.42814585869201e-06
-9.42814767768141e-06
-9.42814949667081e-06
-9.42815131566022e-06
-9.42815222515492e-06
-9.42815313464962e-06
-9.42815495363902e-06
-9.42815586313372e-06
-9.42815768212313e-06
-9.42815950111253e-06
-9.42816132010194e-06
-9.42816222959664e-06
-9.42816404858604e-06
-9.42816586757544e-06
-9.42816859605955e-06
-9.42817041504895e-06
-9.42817223403836e-06
-9.42817314353306e-06
-9.42817405302776e-06
-9.42817587201716e-06
-9.42817678151187e-06
-9.42817860050127e-06
-9.42818132898537e-06
-9.42818223848008e-06
-9.42818314797478e-06
-9.42818405746948e-06
-9.42818587645888e-06
-9.42818769544829e-06
-9.42819133342709e-06
-9.4281922429218e-06
-9.4281949714059e-06
-9.4281967903953e-06
-9.42819860938471e-06
-9.42820315685822e-06
-9.42820315685822e-06
-9.42820406635292e-06
-9.42820679483702e-06
-9.42820770433173e-06
-9.42820861382643e-06
-9.42821134231053e-06
-9.42821407079464e-06
-9.42821679927874e-06
-9.42821861826815e-06
-9.42822225624695e-06
-9.42822316574166e-06
-9.42822407523636e-06
-9.42822771321516e-06
-9.42822862270987e-06
-9.42823044169927e-06
-9.42823226068867e-06
-9.42823407967808e-06
-9.42823498917278e-06
-9.42823771765688e-06
-9.42823771765688e-06
-9.42823862715159e-06
-9.42824044614099e-06
-9.42824135563569e-06
-9.42824317462509e-06
-9.4282468126039e-06
-9.4282468126039e-06
-9.42824954108801e-06
-9.42825045058271e-06
-9.42825136007741e-06
-9.42825226957211e-06
-9.42825499805622e-06
-9.42825681704562e-06
-9.42825772654032e-06
-9.42825954552973e-06
-9.42826227401383e-06
-9.42826318350853e-06
-9.42826409300324e-06
-9.42826591199264e-06
-9.42826864047674e-06
-9.42827045946615e-06
-9.42827136896085e-06
-9.42827409744496e-06
-9.42827500693966e-06
-9.42827591643436e-06
-9.42827864491846e-06
-9.42828137340257e-06
-9.42828228289727e-06
-9.42828410188667e-06
-9.42828501138138e-06
-9.42828592087608e-06
-9.42828683037078e-06
-9.42829046834959e-06
-9.42829046834959e-06
-9.42829137784429e-06
-9.42829319683369e-06
-9.4282950158231e-06
-9.4282968348125e-06
-9.4282986538019e-06
-9.42830047279131e-06
-9.42830229178071e-06
-9.42830320127541e-06
-9.42830502026482e-06
-9.42830774874892e-06
-9.42830865824362e-06
-9.42831047723303e-06
-9.42831229622243e-06
-9.42831593420124e-06
-9.42831775319064e-06
-9.42831957218004e-06
-9.42832048167475e-06
-9.42832321015885e-06
-9.42832593864296e-06
-9.42832684813766e-06
-9.42832866712706e-06
-9.42833048611647e-06
-9.42833230510587e-06
-9.42833412409527e-06
-9.42833503358997e-06
-9.42833685257938e-06
-9.42833594308468e-06
-9.42833776207408e-06
-9.42833776207408e-06
-9.42833867156878e-06
-9.42834049055818e-06
-9.42834230954759e-06
-9.42834412853699e-06
-9.42834503803169e-06
-9.4283468570211e-06
-9.4283468570211e-06
-9.4283486760105e-06
-9.4283495855052e-06
-9.42835322348401e-06
-9.42835413297871e-06
-9.42835504247341e-06
-9.42835777095752e-06
-9.42836140893633e-06
-9.42836231843103e-06
-9.42836413742043e-06
-9.42836504691513e-06
-9.42836504691513e-06
-9.42836686590454e-06
-9.42836959438864e-06
-9.42837050388334e-06
-9.42837141337804e-06
-9.42837414186215e-06
-9.42837687034626e-06
-9.42837777984096e-06
-9.42837868933566e-06
-9.42838050832506e-06
-9.42838232731447e-06
-9.42838414630387e-06
-9.42838596529327e-06
-9.42838869377738e-06
-9.42839233175619e-06
-9.42839506024029e-06
-9.42839687922969e-06
-9.4283977887244e-06
-9.4283986982191e-06
-9.4283996077138e-06
-9.4284014267032e-06
-9.42840233619791e-06
-9.42840415518731e-06
-9.42840506468201e-06
-9.42840779316612e-06
-9.42840961215552e-06
-9.42841143114492e-06
-9.42841325013433e-06
-9.42841506912373e-06
-9.42841597861843e-06
-9.42841779760784e-06
-9.42841961659724e-06
-9.42842052609194e-06
-9.42842143558664e-06
-9.42842234508134e-06
-9.42842507356545e-06
-9.42842780204955e-06
-9.42843053053366e-06
-9.42843144002836e-06
-9.42843234952306e-06
-9.42843507800717e-06
-9.42843507800717e-06
-9.42843689699657e-06
-9.42843871598598e-06
-9.42844235396478e-06
-9.42844235396478e-06
-9.42844417295419e-06
-9.42844599194359e-06
-9.42844690143829e-06
-9.42844781093299e-06
-9.4284496299224e-06
-9.4284523584065e-06
-9.42845417739591e-06
-9.42845690588001e-06
-9.42845781537471e-06
-9.42845963436412e-06
-9.42846145335352e-06
-9.42846327234292e-06
-9.42846418183763e-06
-9.42846600082703e-06
-9.42846781981643e-06
-9.42846872931113e-06
-9.42846963880584e-06
-9.42847236728994e-06
-9.42847327678464e-06
-9.42847509577405e-06
-9.42847691476345e-06
-9.42847782425815e-06
-9.42847964324756e-06
-9.42848055274226e-06
-9.42848328122636e-06
-9.42848510021577e-06
-9.42848691920517e-06
-9.42848873819457e-06
-9.42848964768928e-06
-9.42849055718398e-06
-9.42849328566808e-06
-9.42849601415219e-06
-9.42849692364689e-06
-9.42849783314159e-06
-9.4285005616257e-06
-9.4285023806151e-06
-9.4285032901098e-06
-9.42850510909921e-06
-9.42850692808861e-06
-9.42850874707801e-06
-9.42850965657271e-06
-9.42850965657271e-06
-9.42851147556212e-06
-9.42851238505682e-06
-9.42851329455152e-06
-9.42851511354093e-06
-9.42851693253033e-06
-9.42851875151973e-06
-9.42852057050914e-06
-9.42852148000384e-06
-9.42852420848794e-06
-9.42852602747735e-06
-9.42852784646675e-06
-9.42852966545615e-06
-9.42853057495086e-06
-9.42853148444556e-06
-9.42853512242436e-06
-9.42853603191907e-06
-9.42853694141377e-06
-9.42853966989787e-06
-9.42854057939257e-06
-9.42854148888728e-06
-9.42854239838198e-06
-9.42854330787668e-06
-9.42854421737138e-06
-9.42854603636079e-06
-9.42854785535019e-06
-9.42854876484489e-06
-9.42855058383429e-06
-9.4285524028237e-06
-9.4285551313078e-06
-9.4285560408025e-06
-9.42855876928661e-06
-9.42856058827601e-06
-9.42856149777072e-06
-9.42856331676012e-06
-9.42856513574952e-06
-9.42856695473893e-06
-9.42856695473893e-06
-9.42856877372833e-06
-9.42857241170714e-06
-9.42857332120184e-06
-9.42857423069654e-06
-9.42857786867535e-06
-9.42857786867535e-06
-9.42857968766475e-06
-9.42858150665415e-06
-9.42858423513826e-06
-9.42858514463296e-06
-9.42858696362237e-06
-9.42858969210647e-06
-9.42859060160117e-06
-9.42859151109587e-06
-9.42859423957998e-06
-9.42859696806408e-06
-9.42859787755879e-06
-9.42859969654819e-06
-9.42860151553759e-06
-9.4286024250323e-06
-9.428603334527e-06
-9.4286042440217e-06
-9.4286042440217e-06
-9.4286060630111e-06
-9.4286069725058e-06
-9.42860788200051e-06
-9.42860970098991e-06
-9.42861061048461e-06
-9.42861333896872e-06
-9.42861515795812e-06
-9.42861606745282e-06
-9.42861788644223e-06
-9.42861879593693e-06
-9.42862061492633e-06
-9.42862152442103e-06
-9.42862243391573e-06
-9.42862425290514e-06
-9.42862698138924e-06
-9.42862789088394e-06
-9.42862970987335e-06
-9.42863152886275e-06
-9.42863516684156e-06
-9.42863607633626e-06
-9.42863789532566e-06
-9.42864062380977e-06
-9.42864244279917e-06
-9.42864335229388e-06
-9.42864335229388e-06
-9.42864426178858e-06
-9.42864608077798e-06
-9.42864789976738e-06
-9.42865062825149e-06
-9.42865244724089e-06
-9.42865335673559e-06
-9.4286542662303e-06
-9.428655175725e-06
-9.4286560852197e-06
-9.42865881370381e-06
-9.42865972319851e-06
-9.42866154218791e-06
-9.42866336117731e-06
-9.42866427067202e-06
-9.42866518016672e-06
-9.42866608966142e-06
-9.42866790865082e-06
-9.42866972764023e-06
-9.42867063713493e-06
-9.42867245612433e-06
-9.42867245612433e-06
-9.42867336561903e-06
-9.42867427511374e-06
-9.42867700359784e-06
-9.42867882258724e-06
-9.42868064157665e-06
-9.42868155107135e-06
-9.42868518905016e-06
-9.42868609854486e-06
-9.42868700803956e-06
-9.42868882702896e-06
-9.42869155551307e-06
-9.42869246500777e-06
-9.42869519349188e-06
-9.42869701248128e-06
-9.42869792197598e-06
-9.42869883147068e-06
-9.42870155995479e-06
-9.42870428843889e-06
-9.4287051979336e-06
-9.428707016923e-06
-9.4287097454071e-06
-9.42871156439651e-06
-9.42871338338591e-06
-9.42871520237532e-06
-9.42871611187002e-06
-9.42871702136472e-06
-9.42871884035412e-06
-9.42871974984882e-06
-9.42872065934353e-06
-9.42872247833293e-06
-9.42872520681703e-06
-9.42872611631174e-06
-9.42872702580644e-06
-9.42872884479584e-06
-9.42873248277465e-06
-9.42873339226935e-06
-9.42873612075346e-06
-9.42873793974286e-06
-9.42873975873226e-06
-9.42873975873226e-06
-9.42874248721637e-06
-9.42874521570047e-06
