-0.0
2.92450327607944e-16
-9.38080120249651e-08
2.20979700316093e-07
2.51147866947576e-08
8.8786782725947e-07
2.65729249804281e-06
2.75235288427211e-06
1.88427657121792e-06
9.13536496227607e-07
-5.85114321438596e-07
-1.52808206621557e-06
-1.80855931830592e-06
-2.37680796999484e-06
-2.2836793505121e-06
-3.8331127143465e-06
-1.93229789147153e-06
-4.45950718130916e-07
-2.3511893232353e-07
1.3454700820148e-07
2.17016349779442e-07
-1.31291017169133e-07
-1.09812390292063e-07
8.44454916659743e-07
-5.53496647626162e-07
3.35112417815253e-07
-5.44860085938126e-08
-1.26661325339228e-06
-1.85244607564528e-06
-1.29488034872338e-06
-1.76166940946132e-06
-1.00940451375209e-06
-1.4954694051994e-06
-2.39137352764374e-06
-2.36086179938866e-06
-2.26882480092172e-06
-1.47886930790264e-06
-1.58803720751166e-06
-1.88890385288687e-06
-1.40339636800491e-06
-1.73815760717844e-06
-1.3406211110123e-06
-1.70374812569207e-06
-9.76821411313722e-07
-1.14225349534536e-06
-1.04934917999344e-06
-1.24904659060121e-06
-1.18789444059075e-06
-1.32612785819219e-06
-1.6015574146877e-06
-8.29710756988788e-07
-7.64748904202861e-07
-9.72594307313557e-07
-7.76865022089623e-07
-1.03214392765949e-06
-7.66549135278183e-07
-1.21676725939324e-06
-8.63241496062983e-07
-1.28002443489095e-06
-1.05908156911028e-06
-1.01398927654373e-06
-1.02912963484414e-06
-6.93579636390496e-07
-9.81927769316826e-07
-6.47770150408178e-07
-1.20330150821246e-06
-8.59245346873649e-07
-5.49035291896871e-07
-8.20799300527142e-07
-6.16438001088682e-07
-9.81574203251512e-07
-8.4781515852228e-07
-6.81539290781075e-07
-8.28196448310337e-07
-7.1191146844285e-07
-9.65064373303903e-07
-7.75331443492178e-07
-6.89050750679598e-07
-9.9360568128759e-07
-7.19145759831008e-07
-4.68135112896562e-07
-5.53919790036161e-07
-6.55563781037927e-07
-4.33639911534556e-07
-1.81364157469943e-07
-4.71113764888287e-07
-2.1322870225049e-07
-1.15743512196786e-06
-5.2673391337521e-07
-3.66370954907325e-07
-5.84407018777711e-07
-5.79700326852617e-07
-4.52976962606044e-07
-2.03310435153981e-07
-6.42118777705036e-07
-5.44008685210429e-07
-2.31665410410642e-07
-6.68883956222999e-07
-5.81216227146797e-07
-3.40257201969507e-07
-1.91742287825036e-07
-5.90505919717543e-07
-4.68258804176003e-07
-4.44441241143068e-07
2.02554701900226e-08
-5.18205467869848e-07
-3.5269266618343e-07
-1.99447981685807e-07
-5.49865376342495e-07
-5.75190313156781e-07
