0.0
0.0
0.0
0.0
0.0
0.0
0.0
0.0
0.0
0.0
4.42319168488317e-13
3.11218520572532e-12
1.25873911988039e-11
1.77353600555596e-11
2.42835994368473e-11
2.43475725691944e-11
2.43513473274781e-11
2.4354211355937e-11
2.43570667107784e-11
2.43599203308964e-11
2.4360633302245e-11
2.43613445388702e-11
2.43620557754953e-11
2.43623211881872e-11
2.43627201745866e-11
2.4362871095529e-11
2.4363089670687e-11
2.43631764068608e-11
2.43632943680572e-11
2.4363486922363e-11
2.436377488646e-11
2.43638911129329e-11
2.43640333602579e-11
2.43642727520976e-11
2.43643716313358e-11
2.43644913272556e-11
2.43646873510084e-11
2.43648348025038e-11
2.43649024567194e-11
2.43649649067645e-11
2.43650013359575e-11
2.43650672554496e-11
2.4365108888813e-11
2.43652494014146e-11
2.43653985876335e-11
2.43654263432092e-11
2.4365542569682e-11
2.43655529780229e-11
2.43656050197272e-11
2.43657073684123e-11
2.43657836962452e-11
2.43658270643321e-11
2.43658895143772e-11
2.43659727811041e-11
2.43661549270691e-11
2.43663283994167e-11
2.43664290133783e-11
2.4366522688446e-11
2.43665695259798e-11
2.43666406496423e-11
2.43667273858161e-11
2.43669182053985e-11
2.43669390220802e-11
2.43670448402122e-11
2.43671801486434e-11
2.43671992306016e-11
2.43672738237111e-11
2.43673831112901e-11
2.43675305627855e-11
2.43675895433837e-11
2.43676797490044e-11
2.43678133227121e-11
2.43678653644164e-11
2.43679538353136e-11
2.43680509798283e-11
2.43681706757481e-11
2.43682799633271e-11
2.43684707829095e-11
2.43685124162729e-11
2.43686321121928e-11
2.43687483386656e-11
2.43689807916114e-11
2.43690675277852e-11
2.43690727319557e-11
2.4369121304213e-11
2.43692253876215e-11
2.43692947765606e-11
2.43694370238856e-11
2.43695064128246e-11
2.43695792712106e-11
2.43697059060244e-11
2.43698550922433e-11
2.43700094826327e-11
2.43700875451891e-11
2.43702228536202e-11
2.43702696911541e-11
2.43703425495401e-11
2.43704431635017e-11
2.43706669428301e-11
2.4370994805567e-11
2.43709965402905e-11
2.43711613390207e-11
2.43713972614135e-11
2.43714805281403e-11
2.43716956338513e-11
2.43717684922373e-11
2.43718309422825e-11
2.43720287007587e-11
2.43723374815374e-11
2.43726185067406e-11
2.43726185067406e-11
2.43727191207022e-11
2.43727607540656e-11
2.43729411653071e-11
2.43730712695678e-11
2.43734962768194e-11
2.43734980115429e-11
2.43736107685688e-11
2.43736870964018e-11
2.43739074062832e-11
2.43741537370168e-11
2.43744954775416e-11
2.43745058858824e-11
2.43745058858824e-11
2.43745787442684e-11
2.43746117040144e-11
2.43746290512492e-11
2.43746915012943e-11
2.43748042583203e-11
2.43750280376487e-11
2.4375145998845e-11
2.43753264100866e-11
2.43755692713732e-11
2.4375838153512e-11
2.43762596913166e-11
2.43762596913166e-11
2.43763707136191e-11
2.43764366331112e-11
2.43766812291213e-11
2.43769761321122e-11
2.43769778668357e-11
2.43770646030095e-11
2.43771530739068e-11
2.43772658309327e-11
2.43773126684665e-11
2.43773924657464e-11
2.43775173658367e-11
2.43776613478852e-11
2.437800308841e-11
2.43780048231335e-11
2.4378108906542e-11
2.43781644176932e-11
2.43783482983817e-11
2.43786067721796e-11
2.4378830551508e-11
2.4378834020955e-11
2.4378939839087e-11
2.43790682086242e-11
2.43794012755316e-11
2.43794394394481e-11
2.43795001547698e-11
2.43797655674616e-11
2.43798089355485e-11
2.43798644466997e-11
2.43801073079863e-11
2.43802530247583e-11
2.43803657817843e-11
2.43805392541319e-11
2.43805496624727e-11
2.43806416028169e-11
2.43807092570325e-11
2.43810076294704e-11
2.43813459005482e-11
2.4381363247783e-11
2.4381363247783e-11
2.43814031464229e-11
2.43815523326418e-11
2.43816130479635e-11
2.43819218287422e-11
2.43823242845886e-11
2.43823468359938e-11
2.43823468359938e-11
2.43823468359938e-11
2.43823468359938e-11
2.43823763262929e-11
2.43823763262929e-11
2.43823919388042e-11
2.4382409286039e-11
2.43824162249329e-11
2.43824561235728e-11
2.43824908180423e-11
2.43825654111518e-11
2.43826504126021e-11
2.43828741919305e-11
2.43829834795095e-11
2.43831552171336e-11
2.43833703228447e-11
2.43835125701697e-11
2.43835993063435e-11
2.43839445163152e-11
2.4384355645779e-11
2.43843764624607e-11
2.43843764624607e-11
2.43844475861232e-11
2.43845360570205e-11
2.43847077946446e-11
2.43849818809538e-11
2.43849818809538e-11
2.43851709658127e-11
2.43854311743341e-11
2.43854554604628e-11
2.43857555676241e-11
2.43861198595541e-11
2.43861198595541e-11
2.43863956805868e-11
2.43863974153102e-11
2.43865448668057e-11
2.4386629868256e-11
2.4386957730993e-11
2.43873775340742e-11
2.43873775340742e-11
2.43874052896498e-11
2.43874226368845e-11
2.43874330452254e-11
2.43874660049714e-11
2.4387537128634e-11
2.43876151911904e-11
2.43877661121328e-11
2.43879222372456e-11
2.43883108153042e-11
2.43883108153042e-11
2.4388397551478e-11
2.43884443890119e-11
2.43886733725107e-11
2.43887895989836e-11
2.43889474588199e-11
2.43890376644407e-11
2.43893533841133e-11
2.43897176760433e-11
2.4389738492725e-11
2.4389738492725e-11
2.43898651275387e-11
2.43898894136674e-11
2.43900750290793e-11
2.43901773777644e-11
2.43906474878264e-11
2.43906492225499e-11
2.43907793268106e-11
2.43908782060487e-11
2.4391108924271e-11
2.43911332103997e-11
2.43911939257213e-11
2.43913691327924e-11
2.43913951536445e-11
2.4391469746754e-11
2.43916276065903e-11
2.43917854664266e-11
2.43920213888194e-11
2.43920716958002e-11
2.43924845599874e-11
2.43924949683283e-11
2.43925955822899e-11
2.43927031351454e-11
2.43928609949817e-11
2.43930726312458e-11
2.43930899784806e-11
2.43934681481983e-11
2.43934698829218e-11
2.43936502941633e-11
2.43939139721316e-11
2.43939486666012e-11
2.4394035402775e-11
2.43940700972445e-11
2.43942383654216e-11
2.43944899003257e-11
2.43945037781135e-11
2.43946009226281e-11
2.43947761296992e-11
2.43947778644227e-11
2.43948767436608e-11
2.43949010297895e-11
2.43949218464712e-11
2.43950189909858e-11
2.43951317480118e-11
2.43952358314203e-11
2.43954943052183e-11
2.43959036999586e-11
2.43959054346821e-11
2.43959991097498e-11
2.439612400984e-11
2.43962176849077e-11
2.4396451872577e-11
2.43965386087508e-11
2.43967242241627e-11
2.4396921982639e-11
2.43973643371254e-11
2.43973660718488e-11
2.43974597469165e-11
2.43975412789199e-11
2.43977026082032e-11
2.43979558778307e-11
2.43981224112844e-11
2.43983236392076e-11
2.43986011949637e-11
2.43986029296872e-11
2.43986827269671e-11
2.43987087478192e-11
2.43989238535303e-11
2.43991719189873e-11
2.43991736537108e-11
2.43992864107367e-11
2.43994772303191e-11
2.43994893733834e-11
2.43995917220685e-11
2.43997339693935e-11
2.43998675431012e-11
2.44002960197998e-11
2.44002960197998e-11
2.44003914295909e-11
2.44004920435525e-11
2.44007418437331e-11
2.44007643951383e-11
2.44009083771868e-11
2.44010592981292e-11
2.44010592981292e-11
2.44011633815377e-11
2.44012952205219e-11
2.44015276734677e-11
2.44018780876099e-11
2.44018798223333e-11
2.44019578848897e-11
2.44020845197035e-11
2.44022545226041e-11
2.44024730977621e-11
2.44025771811707e-11
2.44026101409167e-11
2.44027992257756e-11
2.44031340274065e-11
2.44035781166163e-11
2.44035781166163e-11
2.44037047514301e-11
2.44037585278578e-11
2.44039441432697e-11
2.44041800656625e-11
2.44041939434503e-11
2.44041939434503e-11
2.44042685365597e-11
2.44042945574119e-11
2.44044142533317e-11
2.44045651742741e-11
2.44045807867854e-11
2.4404721299387e-11
2.44048756897763e-11
2.44051688580438e-11
2.44055626402728e-11
2.44055626402728e-11
2.44056719278518e-11
2.44057846848778e-11
2.44059390752671e-11
2.44060448933991e-11
2.44063918380943e-11
2.44063953075413e-11
2.44064629617569e-11
2.4406521942355e-11
2.44067058230435e-11
2.44067942939408e-11
2.44069001120728e-11
2.44070857274847e-11
2.44073025679192e-11
2.44074083860513e-11
2.44074396110738e-11
2.440771716683e-11
2.44077622696404e-11
2.44078177807916e-11
2.44080814587599e-11
2.44080831934834e-11
2.44081855421685e-11
2.44083572797926e-11
2.44085012618411e-11
2.44089626982857e-11
2.44089887191379e-11
2.44089887191379e-11
2.44091170886751e-11
2.44091882123376e-11
2.44094310736243e-11
2.4409736384956e-11
2.4409736384956e-11
2.44098317947472e-11
2.44099011836862e-11
2.44100347573939e-11
2.44102862922979e-11
2.44103053742561e-11
2.44103869062595e-11
2.44106176244818e-11
2.44106176244818e-11
2.44107737495947e-11
2.44109246705371e-11
2.4410931609431e-11
2.44109940594761e-11
2.4411146715142e-11
2.44112993708079e-11
2.44115214154128e-11
2.44115699876701e-11
2.44119325448766e-11
2.44119672393461e-11
2.44121632630989e-11
2.44121632630989e-11
2.44123193882118e-11
2.44124043896621e-11
2.44127305176756e-11
2.44130844012647e-11
2.44131052179464e-11
2.44131052179464e-11
2.44131052179464e-11
2.44131052179464e-11
2.44131225651811e-11
2.44131589943741e-11
2.44131624638211e-11
2.44132145055254e-11
2.44132197096958e-11
2.44133237931043e-11
2.44134330806833e-11
2.44135059390693e-11
2.44138285976359e-11
2.44142588090579e-11
2.44142588090579e-11
2.44144010563829e-11
2.44144739147689e-11
2.44146942246504e-11
2.4414758409419e-11
2.44147861649946e-11
2.44150047401526e-11
2.44151365791367e-11
2.44154904627258e-11
2.4415768018482e-11
2.4415768018482e-11
2.44159276130418e-11
2.44160490436851e-11
2.44163335383352e-11
2.44164376217437e-11
2.44165139495767e-11
2.44168053831206e-11
2.44168053831206e-11
2.44169892638091e-11
2.44171488583689e-11
2.44172199820314e-11
2.44172546765009e-11
2.44174905988936e-11
2.44176068253665e-11
2.44178670338879e-11
2.4418042240959e-11
2.44182018355188e-11
2.44182885716926e-11
2.44186285774939e-11
2.44189946041473e-11
2.44189946041473e-11
2.44190900139385e-11
2.44192183834757e-11
2.44193051196495e-11
2.44195826754057e-11
2.44198983950783e-11
2.44199140075896e-11
2.44199140075896e-11
2.44200146215512e-11
2.44200475812972e-11
2.44201690119406e-11
2.44202505439439e-11
2.44204934052306e-11
2.4420571467787e-11
2.44208611666075e-11
2.44210918848298e-11
2.44211040278941e-11
2.44211040278941e-11
2.44211994376853e-11
2.44212133154731e-11
2.44212670919008e-11
2.44214422989719e-11
2.44215550559979e-11
2.44217337325159e-11
2.44219002659696e-11
2.44223131301569e-11
2.44223686413081e-11
2.44225750734017e-11
2.44228959972448e-11
2.44228959972448e-11
2.4423064265422e-11
2.44231752877244e-11
2.44235586616126e-11
2.44235603963361e-11
2.44237303992367e-11
2.44240461189094e-11
2.4424073874485e-11
2.44243462260707e-11
2.44244607178201e-11
2.44244607178201e-11
2.44245474539939e-11
2.44245925568043e-11
2.4424828479197e-11
2.44248475611553e-11
2.44250730752071e-11
2.4425192771127e-11
