-0.0
-5.91874198061293e-17
2.687556843739e-10
-2.26918928092346e-10
-2.12457962334156e-09
-3.61978891305625e-10
-2.36468622460961e-11
1.52795109897852e-10
6.54836185276508e-10
3.74711817130446e-10
9.82254277914762e-11
-7.38509697839618e-10
-4.05270839110017e-09
-1.58979673869908e-09
9.27684595808387e-10
-1.8444552551955e-09
-2.24463292397559e-09
-2.61934474110603e-09
-2.83762346953154e-09
-3.16867954097688e-09
-3.19050741381943e-09
-3.25962901115417e-09
-3.36876837536693e-09
-3.36876837536693e-09
-3.39059624820948e-09
-3.38695826940238e-09
-3.40151018463075e-09
-3.39423422701657e-09
-3.41970007866621e-09
-3.43788997270167e-09
-3.40878614224494e-09
-3.45244188793004e-09
-3.42697603628039e-09
-3.35785443894565e-09
-3.43788997270167e-09
-3.46335582435131e-09
-3.39787220582366e-09
-3.35057848133147e-09
-3.35785443894565e-09
-3.36513039655983e-09
-3.38332029059529e-09
-3.30692273564637e-09
-3.38332029059529e-09
-3.34694050252438e-09
-3.33966454491019e-09
-3.39059624820948e-09
-3.34330252371728e-09
-3.32147465087473e-09
-3.25962901115417e-09
-3.31419869326055e-09
-3.34330252371728e-09
-3.33238858729601e-09
-3.39059624820948e-09
-3.33966454491019e-09
-3.21961124427617e-09
-3.17959347739816e-09
-3.18686943501234e-09
-3.22324922308326e-09
-3.23052518069744e-09
-3.24507709592581e-09
-3.28509486280382e-09
-3.13593773171306e-09
-3.17231751978397e-09
-3.19050741381943e-09
-3.21597326546907e-09
-3.10319592244923e-09
-3.11410985887051e-09
-3.17595549859107e-09
-3.18686943501234e-09
-3.08864400722086e-09
-3.09955794364214e-09
-3.07773007079959e-09
-3.12866177409887e-09
-3.15776560455561e-09
-3.06681613437831e-09
-3.11410985887051e-09
-3.05226421914995e-09
-3.04135028272867e-09
-3.0740920919925e-09
-2.9831426218152e-09
-3.00497049465775e-09
-2.99041857942939e-09
-2.99041857942939e-09
-2.9867806006223e-09
-2.93584889732301e-09
-2.90310708805919e-09
-2.92493496090174e-09
-2.94676283374429e-09
-3.00133251585066e-09
-2.8994691092521e-09
-2.88127921521664e-09
-2.95767677016556e-09
-2.88127921521664e-09
-2.9431248549372e-09
-2.89219315163791e-09
-2.93221091851592e-09
-2.86672729998827e-09
-2.97950464300811e-09
-2.84126144833863e-09
-2.92493496090174e-09
-2.90674506686628e-09
-2.8994691092521e-09
-2.95767677016556e-09
-2.91402102448046e-09
-2.92857293970883e-09
-2.91765900328755e-09
-2.84126144833863e-09
-2.86308932118118e-09
-2.95767677016556e-09
-2.77213985100389e-09
-2.85581336356699e-09
-2.82307155430317e-09
-2.84853740595281e-09
-2.91038304567337e-09
-2.87400325760245e-09
-2.91402102448046e-09
-2.90310708805919e-09
-2.96495272777975e-09
-2.85945134237409e-09
-2.91402102448046e-09
-2.89219315163791e-09
-2.75394995696843e-09
-2.88127921521664e-09
-2.87036527879536e-09
-2.92857293970883e-09
-2.95767677016556e-09
-2.90674506686628e-09
-2.95403879135847e-09
-2.91038304567337e-09
-2.93584889732301e-09
-2.8521753847599e-09
-2.91402102448046e-09
-2.87400325760245e-09
-2.93584889732301e-09
-2.75394995696843e-09
-2.83398549072444e-09
-2.86672729998827e-09
-2.91038304567337e-09
-2.82307155430317e-09
-2.78305378742516e-09
-2.86672729998827e-09
-2.91402102448046e-09
-2.8521753847599e-09
-2.96859070658684e-09
-2.91765900328755e-09
-2.9394868761301e-09
-2.80488166026771e-09
-2.87400325760245e-09
-2.95040081255138e-09
-2.89219315163791e-09
-2.91402102448046e-09
-2.88855517283082e-09
-2.91402102448046e-09
-2.82670953311026e-09
-2.96495272777975e-09
-2.91038304567337e-09
-2.84126144833863e-09
-2.88127921521664e-09
-2.93584889732301e-09
-2.80124368146062e-09
-2.87036527879536e-09
-2.84489942714572e-09
-2.89219315163791e-09
-2.91402102448046e-09
-2.76122591458261e-09
-2.86308932118118e-09
-2.89219315163791e-09
-2.77213985100389e-09
-2.87400325760245e-09
-2.90310708805919e-09
-2.84126144833863e-09
-2.95403879135847e-09
-2.95767677016556e-09
-2.90674506686628e-09
-2.87764123640954e-09
-2.87764123640954e-09
-2.79396772384644e-09
-2.895831130445e-09
-2.72848410531878e-09
-2.73576006293297e-09
-2.84853740595281e-09
-2.89219315163791e-09
-2.81579559668899e-09
-2.83762346953154e-09
-2.8521753847599e-09
-2.81943357549608e-09
-2.83398549072444e-09
-2.81215761788189e-09
-2.81215761788189e-09
-2.77941580861807e-09
-2.84853740595281e-09
-2.85581336356699e-09
-2.78305378742516e-09
-2.84853740595281e-09
-2.86308932118118e-09
-2.84126144833863e-09
-2.83034751191735e-09
-2.84853740595281e-09
-2.80124368146062e-09
-2.90674506686628e-09
-3.01224645227194e-09
-2.83762346953154e-09
-2.78669176623225e-09
-2.80124368146062e-09
-2.88855517283082e-09
-2.88491719402373e-09
-2.75758793577552e-09
-2.77941580861807e-09
-2.83398549072444e-09
-2.75031197816133e-09
-2.77213985100389e-09
-2.8994691092521e-09
-2.97586666420102e-09
-2.84853740595281e-09
-2.78305378742516e-09
-2.87764123640954e-09
-2.82670953311026e-09
-2.88491719402373e-09
-2.69574229605496e-09
-2.64117261394858e-09
-2.85945134237409e-09
-2.74303602054715e-09
-2.83034751191735e-09
-2.8085196390748e-09
-2.89219315163791e-09
-2.83762346953154e-09
-2.82307155430317e-09
-2.75394995696843e-09
-2.83034751191735e-09
-2.88127921521664e-09
-2.86672729998827e-09
-2.85581336356699e-09
-2.79760570265353e-09
-2.77941580861807e-09
-2.74303602054715e-09
-2.8521753847599e-09
-2.81215761788189e-09
-2.88491719402373e-09
-2.9867806006223e-09
-2.75758793577552e-09
-2.71029421128333e-09
-2.81579559668899e-09
-2.8521753847599e-09
-2.77577782981098e-09
-2.82670953311026e-09
-2.71029421128333e-09
-2.81579559668899e-09
-2.85945134237409e-09
-2.83398549072444e-09
-2.87764123640954e-09
-2.76850187219679e-09
-2.79032974503934e-09
-2.74667399935424e-09
-2.85581336356699e-09
-2.73212208412588e-09
-2.87036527879536e-09
-2.9394868761301e-09
-2.76850187219679e-09
-2.76850187219679e-09
-2.87764123640954e-09
-2.84853740595281e-09
-2.80488166026771e-09
-2.87764123640954e-09
-2.82670953311026e-09
-2.78305378742516e-09
-2.90674506686628e-09
-2.80488166026771e-09
-2.80124368146062e-09
-2.92857293970883e-09
-2.7648638933897e-09
-2.71757016889751e-09
-2.75031197816133e-09
-2.83762346953154e-09
-2.84489942714572e-09
-2.83034751191735e-09
-2.73212208412588e-09
-2.91038304567337e-09
-2.71029421128333e-09
-2.77941580861807e-09
-2.81579559668899e-09
-2.79760570265353e-09
-2.80124368146062e-09
-2.77213985100389e-09
-2.77941580861807e-09
-2.8521753847599e-09
-2.77577782981098e-09
-2.96495272777975e-09
-2.74303602054715e-09
-2.73212208412588e-09
-2.87036527879536e-09
-2.79396772384644e-09
-2.75758793577552e-09
-2.83034751191735e-09
-2.86672729998827e-09
-2.89219315163791e-09
-2.71393219009042e-09
-2.87400325760245e-09
-2.82307155430317e-09
-2.79396772384644e-09
-2.895831130445e-09
-2.80124368146062e-09
-2.81579559668899e-09
-2.84489942714572e-09
-2.87036527879536e-09
-2.83398549072444e-09
-2.87036527879536e-09
-2.84853740595281e-09
-2.93221091851592e-09
-2.89219315163791e-09
-2.86308932118118e-09
-2.81579559668899e-09
-2.76122591458261e-09
-2.78305378742516e-09
-2.82307155430317e-09
-2.84489942714572e-09
-2.83762346953154e-09
-2.89219315163791e-09
-2.80124368146062e-09
-2.87764123640954e-09
-2.84126144833863e-09
-2.70665623247623e-09
-2.72484612651169e-09
-2.83762346953154e-09
-2.83034751191735e-09
-2.82307155430317e-09
-2.79396772384644e-09
-2.77577782981098e-09
-2.82670953311026e-09
-2.93221091851592e-09
-2.78669176623225e-09
-2.79032974503934e-09
-2.80488166026771e-09
-2.88127921521664e-09
-2.86308932118118e-09
-2.86308932118118e-09
-2.87036527879536e-09
-2.78669176623225e-09
-2.92857293970883e-09
-2.65208655036986e-09
-2.80488166026771e-09
-2.75758793577552e-09
-2.83398549072444e-09
-2.81943357549608e-09
-2.78669176623225e-09
-2.8521753847599e-09
-2.90310708805919e-09
-2.89219315163791e-09
-2.79760570265353e-09
-2.84126144833863e-09
-2.8994691092521e-09
-2.83762346953154e-09
-2.90674506686628e-09
-2.77213985100389e-09
-2.83398549072444e-09
-2.68119038082659e-09
-2.93584889732301e-09
-2.86308932118118e-09
-2.8521753847599e-09
-2.93221091851592e-09
-2.86308932118118e-09
-2.77941580861807e-09
-2.77941580861807e-09
-2.92493496090174e-09
-2.89219315163791e-09
-2.84853740595281e-09
-2.88855517283082e-09
-2.79396772384644e-09
-2.89219315163791e-09
-2.87036527879536e-09
-2.78669176623225e-09
-2.84489942714572e-09
-2.895831130445e-09
-2.79760570265353e-09
-2.78305378742516e-09
-2.9431248549372e-09
-2.84489942714572e-09
-2.86308932118118e-09
-2.83762346953154e-09
-2.88855517283082e-09
-2.96859070658684e-09
-2.87400325760245e-09
-2.88491719402373e-09
-2.81215761788189e-09
-2.7212081477046e-09
-2.87764123640954e-09
-2.90674506686628e-09
-2.84853740595281e-09
-2.73212208412588e-09
-2.75758793577552e-09
-2.82307155430317e-09
-2.84853740595281e-09
-2.81215761788189e-09
-2.84853740595281e-09
-2.93221091851592e-09
-2.86672729998827e-09
-2.78305378742516e-09
-2.7648638933897e-09
-2.8085196390748e-09
-2.87400325760245e-09
-2.88855517283082e-09
-2.92129698209465e-09
-2.73576006293297e-09
-2.80124368146062e-09
-2.90310708805919e-09
-2.91765900328755e-09
-2.74667399935424e-09
-2.79760570265353e-09
-2.84489942714572e-09
-2.94676283374429e-09
-2.73576006293297e-09
-2.71757016889751e-09
-2.85581336356699e-09
-2.8085196390748e-09
-2.77941580861807e-09
-2.80124368146062e-09
-2.88127921521664e-09
-2.88127921521664e-09
-2.82307155430317e-09
-2.84489942714572e-09
-2.83034751191735e-09
-2.83034751191735e-09
-2.8994691092521e-09
-2.91038304567337e-09
-2.74667399935424e-09
-2.68482835963368e-09
-2.87400325760245e-09
-2.7648638933897e-09
-2.84853740595281e-09
-2.77577782981098e-09
-2.81943357549608e-09
-2.83034751191735e-09
-2.90310708805919e-09
-2.82670953311026e-09
-2.91038304567337e-09
-2.93584889732301e-09
-2.88855517283082e-09
-2.87764123640954e-09
-2.83398549072444e-09
-2.76122591458261e-09
-2.76122591458261e-09
-2.80124368146062e-09
-2.77577782981098e-09
-2.82670953311026e-09
-2.79396772384644e-09
-2.83034751191735e-09
-2.75031197816133e-09
-2.83762346953154e-09
-2.80124368146062e-09
-2.84489942714572e-09
-2.81215761788189e-09
-2.80488166026771e-09
-2.71393219009042e-09
-2.7648638933897e-09
-2.70301825366914e-09
-2.67391442321241e-09
-2.84489942714572e-09
-2.8085196390748e-09
-2.77941580861807e-09
-2.84489942714572e-09
-2.74303602054715e-09
-2.76850187219679e-09
-2.83398549072444e-09
-2.8085196390748e-09
-2.895831130445e-09
-2.8085196390748e-09
-2.88491719402373e-09
-2.83034751191735e-09
-2.88127921521664e-09
-2.81215761788189e-09
-2.92493496090174e-09
-2.85581336356699e-09
-2.79760570265353e-09
-2.74303602054715e-09
-2.78669176623225e-09
-2.86308932118118e-09
-2.88855517283082e-09
-2.88491719402373e-09
-2.85581336356699e-09
-2.88491719402373e-09
-2.87764123640954e-09
-2.76122591458261e-09
-2.81215761788189e-09
-2.8521753847599e-09
-2.76850187219679e-09
-2.84489942714572e-09
-2.85945134237409e-09
-2.84126144833863e-09
-2.7212081477046e-09
-2.75758793577552e-09
-2.91402102448046e-09
-2.79396772384644e-09
-2.88855517283082e-09
-2.85945134237409e-09
-2.91765900328755e-09
-2.83762346953154e-09
-2.84853740595281e-09
-2.87400325760245e-09
-2.78305378742516e-09
-2.89219315163791e-09
-2.75394995696843e-09
-2.9394868761301e-09
