0.0
5.99018733282719e-07
2.23003235078068e-06
2.41788711718982e-06
2.57371652878646e-06
2.78225843430846e-06
3.03213869301544e-06
3.07434379465121e-06
2.90256366497488e-06
3.03302749671275e-06
3.87173668059404e-06
5.1391352826613e-06
6.22626566837425e-06
7.47956801205873e-06
8.24003564048326e-06
8.39938638819149e-06
8.60783711686963e-06
8.87492660694988e-06
8.93385185918305e-06
8.89384136826266e-06
8.83659686223837e-06
8.76589820109075e-06
8.72692635311978e-06
8.49136085889768e-06
8.29908458399586e-06
8.18245734990342e-06
8.07563628768548e-06
7.84689927968429e-06
7.63264415581943e-06
7.45809393265517e-06
7.27554834156763e-06
7.06599303157418e-06
6.85508666720125e-06
6.6408351813152e-06
6.42527311356389e-06
6.22024936092203e-06
6.02515410719207e-06
5.84088638788671e-06
5.58713509235531e-06
5.32876538272831e-06
5.06024798596627e-06
4.79882510262541e-06
4.54596829513321e-06
4.26996302849147e-06
4.01372426495072e-06
3.76407365365594e-06
3.51165840584144e-06
3.26667100125633e-06
2.89523063656816e-06
2.32856427828665e-06
1.83163263045572e-06
1.38431425966701e-06
9.30736234749929e-07
5.83278222165973e-07
3.44555189712992e-07
1.75969873339454e-07
1.39613675287364e-07
9.0851635548006e-08
7.60546257083661e-08
8.67103224777566e-08
9.49053031717995e-08
9.57669712420284e-08
9.60874402267109e-08
9.61139221544727e-08
9.59478541062708e-08
9.56670049845343e-08
9.45506286598174e-08
9.25673475649091e-08
8.76809522765143e-08
7.898157150521e-08
6.77566802664842e-08
5.67488918079562e-08
4.75180463865854e-08
4.12864160637127e-08
3.745663335053e-08
3.50990134734275e-08
3.36751462270968e-08
3.26524229876668e-08
3.1600862371306e-08
3.02157943110615e-08
2.84714580800483e-08
2.63257806665251e-08
2.51324046018908e-08
2.4560295130982e-08
2.46449260998816e-08
2.48008245051778e-08
2.50840823667886e-08
2.55446472863241e-08
2.62324242328305e-08
2.62145825047355e-08
2.5110015400287e-08
2.32455548143662e-08
1.94245650675384e-08
1.88998843242416e-08
1.837556595774e-08
1.9577075960342e-08
1.97233234189298e-08
1.82662258652044e-08
1.82424688688343e-08
2.03184722380456e-08
2.1788842730075e-08
2.44025084583654e-08
2.60722181621986e-08
2.67076067927974e-08
2.68699249517113e-08
2.56825281041984e-08
2.46375684298528e-08
2.60170036625595e-08
2.62108930115801e-08
2.51784832983049e-08
2.74645728381984e-08
2.20294573693991e-08
1.83303949796709e-08
1.56363366698997e-08
1.32357227400348e-08
1.32250885798157e-08
1.32100845817718e-08
1.3190503800331e-08
1.3190503800331e-08
