0.0
0.00120000005699694
0.00240000011399388
0.00359999993816018
0.00480000022798777
0.00600000005215406
0.00719999987632036
0.00839999970048666
0.00960000045597553
0.0108000002801418
0.0120000001043081
0.0122999995946884
0.0127499997615814
0.0129187498241663
0.0131718749180436
0.0135515620931983
0.0141210937872529
0.0149753903970122
0.0152753908187151
0.0157253909856081
0.0164003912359476
0.0165691412985325
0.0167378913611174
0.0169066414237022
0.0170753914862871
0.017244141548872
0.0174128897488117
0.0175816398113966
0.0177503898739815
0.0179191399365664
0.0180878899991512
0.0182566400617361
0.018425390124321
0.0185941401869059
0.0187628902494907
0.0189316403120756
0.0191003903746605
0.0192691404372454
0.0193007811903954
0.0193047355860472
0.0193086918443441
0.0193146243691444
0.0193235222250223
0.0193368718028069
0.0193502195179462
0.0193635672330856
0.0193769168108702
0.0193835906684399
0.0193902645260096
0.0193969383835793
0.0194036141037941
0.0194136239588261
0.0194236356765032
0.0194336473941803
0.0194486640393734
0.0194599274545908
0.019471189007163
0.0194824524223804
0.0194937139749527
0.0195106081664562
0.0195275023579597
0.0195443965494633
0.0195612907409668
0.0195781849324703
0.0196035262197256
0.0196288675069809
0.0196542087942362
0.0196795500814915
0.0197048913687468
0.0197302307933569
0.0197682436555624
0.0198252610862255
0.0199107863008976
0.0200390759855509
0.0202315095812082
0.0205201599746943
0.0209531374275684
0.0213861130177975
0.0218190886080265
0.0224685538560152
0.0234427489340305
0.0246427487581968
0.0258427504450083
0.0270427502691746
0.0282427500933409
0.0294427499175072
0.0306427497416735
