0.0
3.16303101044468e-07
7.08159973328293e-07
9.84891585176229e-07
9.84891585176229e-07
1.03979959931166e-06
1.6271973208859e-06
2.73617320090125e-06
6.58355975247105e-06
1.29799382193596e-05
1.79606358869933e-05
2.65448816207936e-05
3.6459448892856e-05
4.43121352873277e-05
5.47452982573304e-05
5.74290061194915e-05
6.03509361098986e-05
6.03926237090491e-05
6.04234373895451e-05
6.04548658884596e-05
6.05023960815743e-05
6.057428981876e-05
6.06844478170387e-05
6.0795784520451e-05
6.09081798756961e-05
6.10776478424668e-05
6.1334838392213e-05
6.14290111116134e-05
6.157009920571e-05
6.16218967479654e-05
6.16738470853306e-05
6.17253535892814e-05
6.17763653281145e-05
6.18267658865079e-05
6.18766498519108e-05
6.19263300905004e-05
6.19763595750555e-05
6.20280188741162e-05
6.20825667283498e-05
6.21385988779366e-05
6.21967046754435e-05
6.22553561697714e-05
6.23178566456772e-05
6.2382772739511e-05
6.24521926511079e-05
6.25465909251943e-05
6.2635459471494e-05
6.27200570306741e-05
6.28049165243283e-05
6.29138157819398e-05
6.30254799034446e-05
6.3115126977209e-05
6.3191844674293e-05
6.32652954664081e-05
6.33397939964198e-05
6.33585586911067e-05
6.3377658079844e-05
6.33971430943348e-05
6.34264288237318e-05
6.34570387774147e-05
6.34875977993943e-05
6.35174874332733e-05
6.35468531982042e-05
6.35760952718556e-05
6.36051845503971e-05
6.36496260995045e-05
6.36944023426622e-05
6.37407065369189e-05
6.38130368315615e-05
6.39216959825717e-05
6.40885045868345e-05
6.43326347926632e-05
6.46876796963625e-05
6.4708998252172e-05
6.47294073132798e-05
6.47497799945995e-05
6.47704800940119e-05
6.4787374867592e-05
6.48037748760544e-05
6.4820735133253e-05
6.48372151772492e-05
6.48527857265435e-05
6.48801869829185e-05
6.49075009278022e-05
6.49301437078975e-05
6.49602225166745e-05
6.49983994662762e-05
6.5046340750996e-05
6.50950314593501e-05
6.51468144496903e-05
6.520000169985e-05
6.5282489231322e-05
6.54199611744843e-05
6.56544289086014e-05
6.60501391394064e-05
6.66698688291945e-05
6.76224080962129e-05
6.91130553605035e-05
7.14360503479838e-05
7.48403035686351e-05
7.60116381570697e-05
7.66318262321874e-05
7.66418452258222e-05
7.664871372981e-05
7.66554003348574e-05
7.66619923524559e-05
7.66705634305254e-05
7.6680640631821e-05
7.66871889936738e-05
7.6691823778674e-05
7.6696822361555e-05
7.67023884691298e-05
7.67122619436122e-05
7.67286037444137e-05
7.67484089010395e-05
7.67801248002797e-05
7.68102036090568e-05
7.68116660765372e-05
7.68116660765372e-05
7.68116660765372e-05
7.68116660765372e-05
7.68116660765372e-05
7.68116660765372e-05
7.68116660765372e-05
7.68116660765372e-05
7.68116660765372e-05
7.68116660765372e-05
7.68116660765372e-05
7.68116660765372e-05
7.68116660765372e-05
7.68116660765372e-05
7.68116660765372e-05
7.68150857766159e-05
7.6825192081742e-05
7.68290483392775e-05
7.68290483392775e-05
7.68290483392775e-05
7.68290483392775e-05
7.68327299738303e-05
7.68327299738303e-05
7.68327299738303e-05
7.68327299738303e-05
7.68327299738303e-05
7.68327299738303e-05
7.68520767451264e-05
7.6866737799719e-05
7.70233600633219e-05
7.8246790508274e-05
7.90965495980345e-05
7.91714046499692e-05
7.9245277447626e-05
7.95014420873486e-05
7.95014420873486e-05
7.95014420873486e-05
7.95014420873486e-05
7.95014420873486e-05
7.95014420873486e-05
7.95014420873486e-05
7.95014420873486e-05
7.95014420873486e-05
7.95014420873486e-05
7.95014420873486e-05
7.95014420873486e-05
7.95014420873486e-05
7.95014420873486e-05
7.95014420873486e-05
7.95014420873486e-05
7.95014420873486e-05
7.95014420873486e-05
7.95014420873486e-05
7.95014420873486e-05
7.95014420873486e-05
7.95014420873486e-05
7.95014493633062e-05
7.95014493633062e-05
7.95014566392638e-05
7.95014566392638e-05
7.95014566392638e-05
7.95014566392638e-05
7.95014566392638e-05
7.95014566392638e-05
7.95014566392638e-05
7.95014566392638e-05
7.95014566392638e-05
7.95014566392638e-05
7.95014566392638e-05
