0.0
0.0
0.0
0.0
0.0
1.70550622236032e-11
6.19568701898388e-11
1.86129209267527e-10
6.48114339973915e-10
1.24041721338841e-09
2.4381516805505e-09
4.44864767246145e-09
7.12944059344522e-09
9.94100268769671e-09
1.04723261173945e-08
1.05164916774925e-08
1.05542001804793e-08
1.05872821620778e-08
1.06352660012021e-08
1.07085345035784e-08
1.08209841087614e-08
1.10099698247268e-08
1.12787272854575e-08
1.17885399220086e-08
1.23524008799336e-08
1.28359198825478e-08
1.30156481148447e-08
1.31036870243406e-08
1.31639241729431e-08
1.32067743408015e-08
1.32609487835111e-08
1.33346489405994e-08
1.34353319580782e-08
1.35707916015804e-08
1.37317561765826e-08
1.41882985360553e-08
1.5349760573713e-08
1.62391646796323e-08
1.70622076467453e-08
1.79909669384415e-08
1.97974792115474e-08
2.34157635503607e-08
2.92620327968507e-08
3.70050869946681e-08
5.01085111181965e-08
1.04394437983046e-07
1.57265333200485e-07
2.33442506214487e-07
3.04886043522856e-07
3.86525925932801e-07
4.61183532252107e-07
5.13874567786843e-07
5.59864247406949e-07
5.9077655123474e-07
6.18117553585762e-07
6.51192181067017e-07
6.71126883844408e-07
6.89310297730117e-07
7.05470654338569e-07
7.19756258149573e-07
7.32659145796788e-07
7.44214105452556e-07
7.54920165491058e-07
7.64574338063539e-07
7.73435431256075e-07
7.81557446316583e-07
7.89043554050295e-07
7.95963558175572e-07
8.02133627075818e-07
8.07840990546538e-07
8.13115548226051e-07
8.17915861262009e-07
8.22732772576273e-07
8.28911083772255e-07
8.32893988444994e-07
8.36088588584971e-07
8.39011931930145e-07
8.42184419980185e-07
8.45273007143987e-07
8.49599416596902e-07
8.51449954097916e-07
8.53083520269138e-07
8.54484824230894e-07
8.58292196426191e-07
8.5994986420701e-07
8.60727027429675e-07
8.58452608554217e-07
8.56792667036643e-07
8.5406787775355e-07
8.49832929361583e-07
8.49681725867413e-07
8.49681725867413e-07
8.49681725867413e-07
