0
0.00120000005699694
0.00239999988116324
0.00360000017099083
0.00479999999515712
0.0050999999511987
0.00539999990724027
0.00569999986328185
0.00599999981932342
0.006299999775365
0.00659999973140657
0.00690000015310943
0.00719999964348972
0.00727499998174608
0.00727968732826412
0.00728320307098329
0.00728671881370247
0.00729199196211994
0.00729990261606872
0.00731176766566932
0.00732956524007023
0.00734736281447113
0.0073651613201946
0.00737850903533399
0.00739185768179596
0.00740520632825792
0.00741855497471988
0.00743190268985927
0.00744525133632124
0.00746527384035289
0.00749530806206167
0.00754035892896354
0.00760793476365507
0.00770929898135364
0.00786134577356279
0.00797538063488901
0.00808941549621523
0.00820345035754144
0.00831748521886766
0.00848853751085699
0.00874511594884098
0.00912998407147826
0.00970728485845026
0.010573236970231
0.0117732377257199
0.0120732372161001
0.0125232373829931
0.0131982376333327
0.0142107370775193
0.0154107378330082
0.0166107376571745
0.0178107374813408
0.0190107373055071
0.0202107371296734
0.0214107369538397
0.022610736778006
0.0238107366021723
0.0250107382889837
0.02621073811315
0.0274107379373163
0.0286107377614826
0.0298107375856489
0.0310107374098152
0.0322107390966267
0.0334107370581478
0.0346107387449593
0.0358107367064804
0.0370107383932919
0.038210736354813
0.0394107380416245
0.0406107360031456
0.0418107376899571
0.0430107356514782
0.0442107373382897
0.0454107390251011
0.0466107369866223
0.0478107386734337
0.0490107366349549
0.0502107383217663
0.0514107362832874
0.0526107379700989
0.05381073593162
0.0550107376184315
0.0562107355799526
0.0574107372667641
0.0586107389535755
0.0598107369150967
0.0610107386019081
0.0622107365634293
0.0625107341911644
0.0629607343580574
0.0629607343580574
