-0.0
2.14995452552103e-08
4.14341684518149e-07
1.22544997793739e-06
1.7534512153361e-06
2.04170873985277e-06
2.13294651985052e-06
2.62948196905199e-06
1.54012650455115e-06
-8.73213139129803e-07
-6.42382565274602e-06
-1.50950772876968e-05
-2.0072049665032e-05
-2.7035075618187e-05
-3.64698244084138e-05
-4.47573183919303e-05
-4.88615478388965e-05
-5.14287166879512e-05
-5.36484221811406e-05
-5.56804043299053e-05
-5.8512971008895e-05
-5.90171657677274e-05
-5.95908059040084e-05
-6.28202760708518e-05
-6.37418561382219e-05
-6.51139125693589e-05
-6.72891037538648e-05
-7.05993079463951e-05
-7.56010122131556e-05
-8.35378014016896e-05
-0.000106052182673011
-0.000135035093990155
-0.000139692361699417
-0.000144968522363342
-0.000151462052599527
-0.000158116105012596
-0.000165887831826694
-0.000173729902599007
-0.000181414463440888
-0.000192762570804916
-0.000217283071833663
-0.000227451339014806
-0.000236397041589953
-0.000244776310864836
-0.000255367776844651
-0.000281520711723715
-0.000295074394671246
-0.000302883476251736
-0.000307488167891279
-0.000309076480334625
-0.00030956111731939
-0.000309669267153367
-0.000309846276650205
-0.000310269912006333
-0.00031115795718506
-0.00031230942113325
-0.000313061522319913
-0.000315220415359363
-0.000323605723679066
-0.000330303912051022
-0.00033693909063004
-0.000346610613632947
-0.000362554652383551
-0.000388181390007958
-0.000391286564990878
-0.000393629481550306
-0.000396026007365435
-0.000399760232539847
-0.000406821287469938
-0.000413293397286907
-0.00041919932118617
-0.000424578815000132
-0.00043203987297602
-0.000440957228420302
-0.000452603650046512
-0.000466454832348973
-0.000484372780192643
-0.000500498397741467
-0.000513962178956717
-0.00052937213331461
-0.000540716107934713
-0.000549052725546062
-0.000555348640773445
-0.00056013697758317
-0.00056639953982085
-0.000573896686546504
-0.000579017156269401
-0.000584030232857913
-0.000589448900427669
-0.000597923703026026
-0.000610569084528834
-0.000628782203420997
-0.000654618605040014
-0.000692436180543154
-0.000729545718058944
-0.000742556003388017
-0.000763622054364532
-0.000793123326729983
-0.000816091778688133
-0.000827505602501333
-0.00080372067168355
-0.000744148623198271
-0.000677493866533041
-0.000590391631703824
-0.000452196516562253
-0.000331231334712356
-0.000230338147957809
-0.000131624576169997
-5.56692029931583e-05
3.98415068048052e-06
4.86827921122313e-05
7.61672490625642e-05
8.50495271151885e-05
8.93175238161348e-05
7.61218689149246e-05
-4.64694949187106e-12
1.08801856413265e-14
5.99520433297585e-15
-1.86517468137026e-14
-6.88338275267597e-15
1.99840144432528e-15
4.44089209850063e-15
1.99840144432528e-15
1.99840144432528e-15
1.99840144432528e-15
1.99840144432528e-15
1.99840144432528e-15
1.99840144432528e-15
1.99840144432528e-15
1.99840144432528e-15
1.99840144432528e-15
1.99840144432528e-15
1.99840144432528e-15
1.99840144432528e-15
1.99840144432528e-15
1.99840144432528e-15
1.99840144432528e-15
1.99840144432528e-15
1.99840144432528e-15
1.99840144432528e-15
1.99840144432528e-15
1.99840144432528e-15
1.99840144432528e-15
1.99840144432528e-15
1.99840144432528e-15
