-0.0
-6.56836992904268e-17
-2.22826201934367e-10
1.76055436895695e-08
-4.60590854345355e-09
-1.49134393723216e-08
1.28672127175378e-07
-4.4567059376277e-07
-9.33839146455284e-07
1.05884919321397e-06
1.72291947819758e-07
1.65150595421437e-07
2.05261130759027e-07
2.60639353655279e-07
2.77414073934779e-07
4.01549186790362e-07
5.43939677299932e-07
5.67870301892981e-07
6.33230229141191e-07
5.75819285586476e-07
6.0663660406135e-07
5.25087671121582e-07
5.22020854987204e-07
4.53534084954299e-07
4.05058017349802e-07
3.69936969946139e-07
3.25791916111484e-07
2.93919583782554e-07
2.74190824711695e-07
2.67720679403283e-07
2.50443918048404e-07
2.50332959694788e-07
2.36876076087356e-07
2.24797986447811e-07
1.92763764061965e-07
2.84051566268317e-07
3.93793015973642e-07
4.33135937782936e-07
3.07139998767525e-07
4.06071194447577e-07
3.8906728150323e-07
3.81842255592346e-07
2.12507075048052e-07
3.78617187379859e-07
1.49819243233651e-07
-6.92070898367092e-07
3.21904735756107e-07
2.87625880446285e-07
2.60270098806359e-07
3.57136741513386e-07
4.29476131103002e-07
4.84598785988055e-07
5.31726982444525e-07
4.30394720751792e-07
3.24089342029765e-07
2.35442712437361e-07
1.5734440239612e-07
8.03538569016382e-09
4.65597622678615e-08
2.92857293970883e-08
2.97677615890279e-08
4.27853592555039e-08
4.70181475975551e-08
4.6024979383219e-08
7.21138349035755e-08
6.35791366221383e-08
-2.17878550756723e-08
1.0305484465789e-08
7.10861058905721e-09
-4.29645297117531e-09
-2.50383891398087e-09
9.00799932423979e-08
1.90138962352648e-07
2.16843545786105e-07
3.41370650858153e-07
2.14487954508513e-07
2.92434378934558e-07
3.0962564778747e-07
-5.73505076317815e-07
-2.17605702346191e-08
9.16788849281147e-08
1.58130660565803e-07
-9.42046881391434e-07
2.31519152293913e-07
2.65362814388936e-07
2.41942871070933e-07
-5.06795913679525e-07
5.3688017942477e-07
2.59051375905983e-07
-1.81054156200844e-06
4.35228002970689e-07
2.67323002844932e-07
6.91466084390413e-08
1.68688984558685e-07
1.35934442369035e-07
4.89512785861734e-08
5.96528934693197e-07
2.01767193175328e-07
-8.72995542522403e-08
3.60974468094355e-07
1.32820332510164e-08
-8.69371774570027e-09
2.72288325220416e-08
1.10988764845388e-08
-9.59232693276135e-14
1.88293824976427e-13
1.45661260830821e-13
-6.03961325396085e-14
6.75015598972095e-14
6.3948846218409e-14
5.32907051820075e-14
1.06417807899106e-08
7.06103122638524e-08
1.82796497938398e-08
2.46175702045548e-09
1.63498352634406e-08
2.20101448178411e-08
-4.9737991503207e-14
-1.06978248481937e-09
-3.48017792362043e-09
-4.57766446970709e-09
-1.69605556266106e-08
-5.69335156797024e-09
1.06439301816863e-10
3.19811732651942e-10
1.13224629672004e-09
3.93014687460891e-09
6.74775790798776e-09
1.1657199650017e-08
-3.75397490870455e-09
5.30244292917814e-09
-5.23782617278812e-09
4.9737991503207e-14
3.16238413233805e-09
-2.30488126362616e-08
7.42759098670831e-09
7.42759098670831e-09
