0.0
1.66705771409426e-09
7.04974695509009e-07
2.71191288447881e-06
3.81261361326324e-06
5.10047493662569e-06
6.78574497214868e-06
8.25229835754726e-06
1.18347015813924e-05
9.75805687630782e-06
9.53777544054901e-06
1.21519424283179e-05
1.28618676171754e-05
1.5506684576394e-05
1.99244714167435e-05
2.52276404353324e-05
2.97141596092843e-05
3.01907984976424e-05
2.89170875475975e-05
2.82237870123936e-05
2.91002561425557e-05
2.95650988846319e-05
3.04117602354381e-05
3.11192125082016e-05
3.16225014103111e-05
3.21430816256907e-05
3.27813395415433e-05
3.29667163896374e-05
3.31376941176131e-05
3.31836963596288e-05
3.32275667460635e-05
3.32715389959048e-05
3.3338390494464e-05
3.34388096234761e-05
3.35985023411922e-05
3.3829637686722e-05
3.3852644264698e-05
3.38746358465869e-05
3.38965764967725e-05
3.39291436830536e-05
3.39620564773213e-05
3.39691359840799e-05
3.39802900271025e-05
3.39946782332845e-05
3.40056321874727e-05
3.40174301527441e-05
3.40343030984513e-05
3.40413644153159e-05
3.40517690347042e-05
3.40667684213258e-05
3.4072723792633e-05
3.40817132382654e-05
3.40951592079364e-05
3.41159429808613e-05
3.41234845109284e-05
3.41347331413999e-05
3.41444683726877e-05
3.41544728144072e-05
3.41646118613426e-05
3.41748636856209e-05
3.41788436344359e-05
3.41845807270147e-05
3.41934864991345e-05
3.42064049618784e-05
3.42114071827382e-05
3.42189596267417e-05
3.42301900673192e-05
3.42473431373946e-05
3.42724779329728e-05
3.43107421940658e-05
3.43506580975372e-05
3.43892861565109e-05
3.44284126185812e-05
3.44387080986053e-05
3.44486688845791e-05
3.44584186677821e-05
3.44729924108833e-05
3.44862164638471e-05
3.44979052897543e-05
3.45023836416658e-05
3.45086482411716e-05
3.45183325407561e-05
3.45321095664985e-05
3.45376683981158e-05
3.45456137438305e-05
3.45570115314331e-05
3.45614025718533e-05
3.45680855389219e-05
3.45779117196798e-05
3.45816733897664e-05
3.45871776517015e-05
3.45956577803008e-05
3.46078850270715e-05
3.46125998476055e-05
3.46197011822369e-05
3.46301749232225e-05
3.4646232961677e-05
3.46698107023258e-05
3.47039094776846e-05
3.47571367456112e-05
3.48364519595634e-05
3.49582878698129e-05
3.51248963852413e-05
3.51354392478243e-05
3.51401249645278e-05
3.51473900082055e-05
3.51546696037985e-05
3.5161883715773e-05
3.51725539076142e-05
3.51877170032822e-05
3.51934613718186e-05
3.52017159457318e-05
3.52145907527301e-05
3.52240640495438e-05
3.52324786945246e-05
3.52411479980219e-05
3.52500828739721e-05
3.52586394001264e-05
3.52670431311708e-05
3.52758215740323e-05
3.52884235326201e-05
3.52987117366865e-05
3.53087780240458e-05
3.53175528289285e-05
3.53352843376342e-05
3.53468094544951e-05
3.53567593265325e-05
3.53675131918862e-05
3.53774994437117e-05
3.53880132024642e-05
3.53978321072645e-05
3.54075200448278e-05
3.5417342587607e-05
3.54240764863789e-05
3.5435314202914e-05
3.54448529833462e-05
3.54520088876598e-05
3.55076663254295e-05
3.55709562427364e-05
3.56836899300106e-05
3.58708239218686e-05
3.60843077942263e-05
3.62950049748179e-05
3.66267449862789e-05
3.71353926311713e-05
3.78287768398877e-05
3.84845880034845e-05
3.92039510188624e-05
3.98394440708216e-05
4.04474485549144e-05
4.09612148359884e-05
4.14251953770872e-05
4.20220458181575e-05
4.22063312726095e-05
4.22215380240232e-05
4.22367520513944e-05
4.22533084929455e-05
4.22549128415994e-05
4.22572884417605e-05
4.22586490458343e-05
4.2257994209649e-05
4.22555094701238e-05
4.22529192292131e-05
4.22484445152804e-05
4.22412740590516e-05
4.22299090132583e-05
4.22101584263146e-05
4.21783952333499e-05
4.2134131945204e-05
4.20570358983241e-05
4.19380230596289e-05
4.17620030930266e-05
4.14799578720704e-05
4.11331493523903e-05
4.07215084123891e-05
4.06826729886234e-05
3.97687254007906e-05
3.87320142181125e-05
3.84865052183159e-05
3.83982842322439e-05
3.83024162147194e-05
3.81362442567479e-05
3.79546618205495e-05
3.79694793082308e-05
3.79469565814361e-05
3.79632838303223e-05
3.79730045096949e-05
3.79921220883261e-05
3.79551311198156e-05
3.79671691916883e-05
3.79723387595732e-05
3.79795819753781e-05
3.7990823329892e-05
3.78869444830343e-05
3.78479344362859e-05
3.78309850930236e-05
3.78055592591409e-05
3.77689939341508e-05
3.77565011149272e-05
3.77384567400441e-05
3.76834686903749e-05
3.76496791432146e-05
3.76306561520323e-05
3.76036769011989e-05
3.75451272702776e-05
3.75338349840604e-05
3.75194940716028e-05
3.75004747183993e-05
3.74446135538165e-05
3.74353185179643e-05
3.74077390006278e-05
3.73695474991109e-05
3.73564253095537e-05
3.73377552023157e-05
3.73122966266237e-05
3.73036818928085e-05
3.72914655599743e-05
3.727470539161e-05
3.72501235688105e-05
3.72327631339431e-05
3.72067806893028e-05
3.71680835087318e-05
3.71538808394689e-05
3.71326314052567e-05
3.7101282941876e-05
3.70556699635927e-05
3.69838489859831e-05
3.68781766155735e-05
3.67203283531126e-05
3.64685438398737e-05
3.60706726496574e-05
3.54440162482206e-05
3.52182069036644e-05
3.48935027432162e-05
3.47671884810552e-05
3.47223140124697e-05
3.46570450346917e-05
3.46303640981205e-05
3.45353910233825e-05
3.45218395523261e-05
3.45025619026273e-05
3.44752370438073e-05
3.44428844982758e-05
3.44299805874471e-05
3.44123836839572e-05
3.43806277669501e-05
3.43724968843162e-05
3.43608517141547e-05
3.43307583534624e-05
3.42882995028049e-05
3.42686289513949e-05
3.42393177561462e-05
3.41951817972586e-05
3.41787927027326e-05
3.41564082191326e-05
3.40547303494532e-05
3.39948019245639e-05
3.39814723702148e-05
3.39422913384624e-05
3.39205435011536e-05
3.39023135893513e-05
3.3884931326611e-05
3.38772333634552e-05
3.38743484462611e-05
3.38550999003928e-05
3.38298887072597e-05
3.37910751113668e-05
3.37780256813858e-05
3.37556884915102e-05
3.37170604325365e-05
3.37019591825083e-05
3.36797966156155e-05
3.36463417625055e-05
3.35959339281544e-05
3.35769218509085e-05
3.35482691298239e-05
3.3505421015434e-05
3.34892829414457e-05
3.34651449520607e-05
3.34291216859128e-05
3.34157375618815e-05
3.33956340909936e-05
3.33654461428523e-05
3.33201896864921e-05
3.33032985508908e-05
3.32778072333895e-05
3.32388408423867e-05
3.32246927428059e-05
3.32029412675183e-05
3.31701994582545e-05
3.31204319081735e-05
3.31022092723288e-05
3.30741713696625e-05
3.3031541534001e-05
3.29680333379656e-05
3.28723144775722e-05
3.27298621414229e-05
3.2515363272978e-05
3.21960178553127e-05
3.17275735142175e-05
3.11216426780447e-05
3.02525986626279e-05
2.94354213110637e-05
2.84764355455991e-05
2.78069328487618e-05
2.71272656391375e-05
2.62294706772082e-05
2.55543509410927e-05
2.47479656536598e-05
2.38648572121747e-05
2.31181293202098e-05
2.23108963837149e-05
2.16553944483167e-05
2.10108919418417e-05
2.02942501346115e-05
1.97554854821647e-05
1.92904371942859e-05
1.88386620720848e-05
1.85018325282726e-05
1.82388375833398e-05
1.81101386260707e-05
1.80298829945968e-05
1.79129674506839e-05
1.77954625542043e-05
1.77630518010119e-05
1.77187630470144e-05
1.75609329744475e-05
1.74261476786342e-05
1.74483266164316e-05
1.73479984368896e-05
1.72879317688057e-05
1.72128420672379e-05
1.70706407516263e-05
1.69868944794871e-05
1.68776969076134e-05
1.65828059834894e-05
1.62710020958912e-05
1.60898853209801e-05
1.58974289661273e-05
1.56854184751865e-05
1.57228550961008e-05
1.56847981997998e-05
1.58529510372318e-05
1.61673178808996e-05
1.63763052114518e-05
1.64886987477075e-05
1.66079080372583e-05
1.66923546203179e-05
1.66546633408871e-05
1.69421127793612e-05
1.70953317137901e-05
1.71717947523575e-05
1.72266300069168e-05
1.7278940504184e-05
1.72802283486817e-05
