0.0
2.19685574620598e-07
1.20371282719134e-06
1.13579096705507e-06
2.48102833211306e-06
3.77160563402867e-06
5.24103370480589e-06
5.48905654795817e-06
6.28464158580755e-06
7.62381205277052e-06
9.71939607552486e-06
1.35340360429836e-05
1.71289957506815e-05
1.88820176845184e-05
1.90433493116871e-05
1.92473435163265e-05
1.94916774489684e-05
1.95645752683049e-05
1.96405162569135e-05
1.96552737179445e-05
1.966629679373e-05
1.96772598428652e-05
1.9688068277901e-05
1.96988530660747e-05
1.97100980585674e-05
1.97213194041979e-05
1.97325443878071e-05
1.9741617506952e-05
1.97484241653001e-05
1.975937266252e-05
1.97774606931489e-05
1.97876051970525e-05
1.97875069716247e-05
1.98258931050077e-05
1.99655714823166e-05
2.01627262867987e-05
2.0368355762912e-05
2.06551576411584e-05
2.10173711820971e-05
2.11197584576439e-05
2.11460210266523e-05
2.1172627384658e-05
2.11999358725734e-05
2.12275936064543e-05
2.12553168239538e-05
2.12830127566122e-05
2.13037328649079e-05
2.13190578506328e-05
2.13336788874585e-05
2.1346550056478e-05
2.13550192711409e-05
2.13645907933824e-05
2.13749353861203e-05
2.13862058444647e-05
2.13979856198421e-05
2.14102510653902e-05
2.14226165553555e-05
2.14351839531446e-05
2.14542342291679e-05
2.14832325582393e-05
2.15278232644778e-05
2.15961335925385e-05
2.16218904824927e-05
2.16476637433516e-05
2.16732150875032e-05
2.16978751268471e-05
2.17212054849369e-05
2.17415781662567e-05
2.17510078073246e-05
2.17495071410667e-05
2.17395554500399e-05
2.17143951886101e-05
2.16545013245195e-05
2.15823783946689e-05
2.14670471905265e-05
2.13382809306495e-05
2.12441282201326e-05
2.11818896787008e-05
2.11318765650503e-05
2.10941270779585e-05
2.10701145988423e-05
2.10672224056907e-05
2.10794587474084e-05
2.11010974453529e-05
2.1128413209226e-05
2.11512142413994e-05
2.11866608879063e-05
2.12416998692788e-05
2.13251987588592e-05
2.14477222471032e-05
2.16245807678206e-05
2.18063814827474e-05
2.19968751480337e-05
2.22574781219009e-05
2.26043575821677e-05
2.30081113841152e-05
2.36173364100978e-05
2.47234747803304e-05
2.57914780377178e-05
2.70793570962269e-05
2.81906759482808e-05
2.9126049412298e-05
2.99447729048552e-05
2.99699822789989e-05
2.99830389849376e-05
2.99564453598578e-05
2.99348303087754e-05
2.99089388136053e-05
2.98768045468023e-05
2.98413579002954e-05
2.98040667985333e-05
2.97687529382529e-05
2.97326296276879e-05
2.96975813398603e-05
2.96613907266874e-05
2.96079961117357e-05
2.95262725558132e-05
2.95007630484179e-05
2.94697965728119e-05
2.94631627184572e-05
2.945589585579e-05
2.94474248221377e-05
2.94370056508342e-05
2.9423572414089e-05
2.9404402084765e-05
2.93989305646392e-05
2.93927714665188e-05
2.93814537144499e-05
2.93666271318216e-05
2.93472385237692e-05
2.93251760012936e-05
2.92874447040958e-05
2.92348959192168e-05
2.91721898975084e-05
2.9123597414582e-05
2.90847892756574e-05
2.90541647700593e-05
2.90201896859799e-05
2.89941435767105e-05
2.89738309220411e-05
2.89512536255643e-05
2.89332056127023e-05
2.89182389678899e-05
2.88992378045805e-05
2.88741066469811e-05
2.88391147478251e-05
2.87881939584622e-05
2.87155071418965e-05
2.86163904092973e-05
2.84702909993939e-05
2.82679757219739e-05
2.79735832009465e-05
2.75625661743106e-05
2.72446941380622e-05
2.66179013124201e-05
2.52084064413793e-05
2.37585500144633e-05
2.20248803088907e-05
2.01147668121848e-05
1.76221437868662e-05
1.48807239384041e-05
1.24737071018899e-05
9.34110994421644e-06
6.48516561341239e-06
3.90682498618844e-06
3.19929745273839e-06
2.07609400604269e-06
1.60447916641715e-06
9.31970760120748e-07
9.14707243282464e-07
8.86106818143162e-07
8.72639986937429e-07
8.49070261210727e-07
8.26992788915959e-07
8.14780037217133e-07
7.8783875778754e-07
7.1795511757955e-07
6.87010526689846e-07
5.9634413673848e-07
2.73836917585868e-07
1.08187975911278e-07
1.02522122347182e-07
1.02617079278389e-07
1.25038596365812e-07
1.55883441266269e-07
1.83266223530154e-07
2.03762368755633e-07
2.03046354840808e-07
2.03035071422164e-07
2.03034019818915e-07
2.03033636125838e-07
2.03033053480794e-07
2.03032826107119e-07
2.03032755052845e-07
2.03032683998572e-07
2.03032683998572e-07
