0.0
0.00999999977648258
0.0199999995529652
0.0299999993294477
0.0399999991059303
0.0500000007450581
0.0599999986588955
0.0700000002980232
0.0724999979138374
0.0750000029802322
0.0756250023841858
0.0762500017881393
0.0771875008940697
0.0774218738079071
0.0776562467217445
0.0778906270861626
0.078125
0.0783593729138374
0.0785937532782555
0.0786523446440697
0.0787109360098839
0.0787695348262787
0.0788281261920929
0.0788867175579071
0.078974612057209
0.079106442630291
0.0792382806539536
0.0793701186776161
0.0794030725955963
0.0794113129377365
0.0794195532798767
0.0794195532798767
