0.0
0.0
0.0
1.69762941482077e-08
5.42183258289697e-08
7.8742537823473e-08
1.36452982246738e-07
2.67130616293798e-07
4.83583846744295e-07
8.13037331681699e-07
1.41879206694284e-06
1.62935634762107e-06
1.8256787370774e-06
1.99641817744123e-06
2.19670664591831e-06
2.46922149926831e-06
3.08795324599487e-06
3.41100258083316e-06
3.75434251509432e-06
4.07787092626677e-06
4.50141214969335e-06
5.1164079195587e-06
5.88900093134725e-06
7.01972294336883e-06
7.96022959548282e-06
9.50463527260581e-06
1.23874942801194e-05
1.53277105710004e-05
1.89151851373026e-05
2.15422423934797e-05
2.6107316443813e-05
4.04506499762647e-05
4.70567429147195e-05
4.89962803840172e-05
5.09784185851458e-05
5.30834913661238e-05
5.52723322471138e-05
5.7540470152162e-05
5.98508704570122e-05
6.33096424280666e-05
6.50664514978416e-05
6.68264474370517e-05
6.85989143676125e-05
7.13006083969958e-05
7.40319810574874e-05
7.60887123760767e-05
7.81465932959691e-05
8.02429130999371e-05
8.34550592117012e-05
8.82943786564283e-05
9.31893227971159e-05
9.8166121460963e-05
0.000105602463008836
0.000113133239210583
0.000113133239210583
