0.0
1.14752509716709e-07
3.99710734200198e-06
6.75539877192932e-06
1.00265824585222e-05
1.43349889185629e-05
1.97690424101893e-05
2.91962496703491e-05
4.05452301492915e-05
5.16969594173133e-05
6.34406387689523e-05
7.25067584426142e-05
8.65503316163085e-05
9.33354531298392e-05
0.000105078957858495
0.000126308194012381
0.000132052504341118
0.000137979965074919
0.000146036472870037
0.000156486814375967
0.000170008934219368
0.000189447921002284
0.000227480064495467
0.000270095013547689
0.000311859010253102
0.000347238965332508
0.000374164606910199
0.000406519568059593
0.000472298735985532
0.000526137300767004
0.000580246036406606
0.000633064890280366
0.000697059324011207
0.000755307381041348
0.000831591547466815
0.000900012033525854
0.00096198107348755
0.00103754620067775
0.00110615522135049
0.00117754458915442
0.00125765579286963
0.00127284112386405
0.00128854159265757
0.0013030341360718
0.00130962487310171
0.00131227041129023
0.00131393282208592
0.00131453631911427
0.00131469534244388
0.00131485320162028
0.00131500908173621
0.00131517776753753
0.00131536519620568
0.00131553993560374
0.00131570617668331
0.00131592166144401
0.00131627556402236
0.00131661456543952
0.0013166933786124
0.00131677254103124
0.00131685414817184
0.00131694052834064
0.0013170363381505
0.00131712772417814
0.00131721794605255
0.00131730502471328
0.00131744402460754
0.00131757964845747
0.00131767790298909
0.00131777115166187
0.00131790246814489
0.00131809373851866
0.00131832796614617
0.00131854333449155
0.00131874543149024
0.00131904461886734
0.00131948897615075
0.00132011109963059
0.00132088537793607
0.0013217480154708
0.00132181774824858
0.00132188503630459
0.00132195034530014
0.00132204627152532
0.00132218783255666
0.00132236443459988
0.00132242357358336
0.00132246571592987
0.00132250867318362
0.00132257374934852
0.00132267060689628
0.0013228120515123
0.0013229523319751
0.00132308714091778
0.00132321601267904
0.00132340041454881
0.00132365513127297
0.00132400135044008
0.00132449087686837
0.00132481975015253
0.00132524478249252
0.00132571440190077
0.0013262884458527
0.00132649810984731
0.00132656819187105
0.00132669392041862
0.00132669415324926
0.00132669508457184
0.00132669589947909
0.00132669706363231
0.00132669834420085
0.00132669974118471
0.00132670032326132
0.00132670113816857
0.00132670253515244
0.00132670311722904
0.00132670381572098
0.00132670509628952
0.00132670695893466
0.00132670998573303
0.00132671114988625
0.00132671277970076
0.00132671336177737
0.00132671440951526
0.0013267156900838
0.00132671627216041
0.00132671697065234
0.00132671801839024
0.00132671848405153
0.00132671906612813
0.00132671988103539
0.00132672104518861
0.00132672232575715
0.00132672337349504
0.00132672511972487
0.00132672570180148
0.00132672651670873
0.00132672768086195
0.00132672814652324
0.00132672884501517
0.00132672965992242
0.00132673047482967
0.00132673140615225
0.00132673257030547
0.00132673303596675
0.00132673361804336
0.00132673466578126
0.00132673501502723
0.00132673559710383
0.00132673629559577
0.00132673711050302
0.00132673792541027
0.00132673874031752
0.00132673955522478
0.00132674037013203
0.00132674106862396
0.0013267413014546
0.00132674176711589
0.0013267423491925
0.00132674258202314
0.00132674293126911
0.0013267433969304
0.00132674409542233
0.00132674432825297
0.00132674467749894
0.00132674514316022
0.00132674560882151
0.0013267460744828
0.00132674688939005
0.00132674758788198
0.00132674828637391
0.00132674840278924
0.00132674782071263
0.00132674595806748
0.00132674374617636
0.00132673885673285
0.00132673303596675
0.00132672779727727
0.00132671464234591
0.0013266681926325
0.00132659077644348
0.00132651790045202
0.00132643117103726
0.00132633349858224
0.00132625713013113
0.00132608623243868
0.00132571370340884
0.00132521009072661
0.00132518040481955
0.00132516236044466
0.00132515258155763
0.00132515432778746
0.00132515782024711
0.00132515735458583
0.00132516107987612
0.00132516270969063
0.00132516236044466
0.00132515910081565
0.00132515479344875
0.00132515409495682
0.00132515246514231
0.00132515758741647
0.00132516119629145
0.0013251630589366
0.00132516294252127
0.00132516131270677
0.00132515793666244
0.00132515328004956
0.00132514862343669
0.00132515025325119
0.00132515607401729
0.00132516259327531
0.00132516550365835
0.00132516550365835
0.00132516375742853
0.00132515956647694
0.00132515106815845
0.00132514559663832
0.00132514419965446
0.00132514780852944
0.00132515421137214
0.00132516142912209
0.00132516562007368
0.00132516748271883
0.00132516631856561
0.0013251593336463
0.00132515351288021
0.00132514687720686
0.00132514361757785
0.00132514222059399
0.00132514711003751
0.00132515141740441
0.0013251582859084
0.00132516282610595
0.00132516527082771
0.0013251609634608
0.00132515875156969
0.00132515374571085
0.00132515013683587
0.00132514582946897
0.00132514582946897
