0.0
7.77366835791327e-07
9.07118010218255e-06
1.14469221443869e-05
1.42475046231993e-05
1.70777839230141e-05
1.97886256501079e-05
2.38496650126763e-05
2.68206877080956e-05
3.01047530228971e-05
3.65258711099159e-05
4.93646075483412e-05
6.19458442088217e-05
6.59269644529559e-05
7.08138322806917e-05
7.52865307731554e-05
7.61354967835359e-05
7.68589961808175e-05
7.88777542766184e-05
8.38274281704798e-05
9.48212327784859e-05
0.000116254843305796
0.000147756494698115
0.000185010852874257
0.000207755700103007
0.000222633185330778
0.000248143216595054
0.000271998782409355
0.000296053331112489
0.000333725067321211
0.000376909913029522
0.000427456427132711
0.000472067651571706
0.000525819254107773
0.000568873365409672
0.000621926155872643
0.000684854865539819
0.000736585236154497
0.000798080640379339
0.000859985186252743
0.000914143864065409
0.000931182526983321
0.000947995169553906
0.000967671803664416
0.000978596159256995
0.000982481404207647
0.000982855097390711
0.000982762780040503
0.000982630881480873
0.000982438679784536
0.000982159515842795
0.000981753692030907
0.000981206423602998
0.000980714452452958
0.000980300945229828
0.00097995949909091
0.000979306758381426
0.000978792668320239
0.000978700118139386
0.000978623400442302
0.000978544587269425
0.000978445634245872
0.000978299765847623
0.000978152151219547
0.000977989286184311
0.000977828865870833
0.000977529562078416
0.00097724748775363
0.000977055286057293
0.000976892537437379
0.000976700917817652
0.000976464711129665
0.000976441602688283
0.000976597657427192
0.000976908602751791
0.000977470888756216
0.000978374388068914
0.000980527140200138
0.000986231840215623
0.000995982438325882
0.000996924238279462
0.000997866853140295
0.000998800969682634
0.00100019620731473
0.00100228365045041
0.00100541824940592
0.00100656133145094
0.00100743561051786
0.00100832513999194
0.00100966426543891
0.00101166986860335
0.00101463473401964
0.0010174869094044
0.00102008401881903
0.00102237670216709
0.00102466379757971
0.00102777185384184
0.00103227817453444
0.00103898392990232
0.0010438091121614
0.00105073361191899
0.00106033170595765
0.00107255775947124
0.00107636593747884
0.00107764697168022
0.00107959925662726
0.0010796207934618
0.00107966829091311
0.00107970996759832
0.00107978051528335
0.00107985490467399
0.00107993127312511
0.0010799600277096
0.00108000345062464
0.00108006875962019
0.00108009320683777
0.00108012987766415
0.00108018494211137
0.0010802672477439
0.00108038994949311
0.00108043558429927
0.0010805040365085
0.0010805296478793
0.00108056794852018
0.00108062545768917
0.00108064687810838
0.00108067900873721
0.00108072720468044
0.00108074513264
0.00108077214099467
0.00108081265352666
0.00108087353873998
0.00108093430753797
0.00108099519275129
0.0010810864623636
0.00108112045563757
0.00108117144554853
0.00108124781399965
0.0010812763357535
0.00108131906017661
0.00108138332143426
0.00108144758269191
0.00108151184394956
0.00108160811942071
0.00108164409175515
0.00108169810846448
0.00108177913352847
0.00108180940151215
0.00108185491990298
0.00108192313928157
0.00108199112582952
0.00108205911237746
0.00108212698251009
0.00108219473622739
0.00108226225711405
0.00108232977800071
0.00108235504012555
0.00108239287510514
0.00108244968578219
0.00108247098978609
0.00108250277116895
0.00108255061786622
0.00108262232970446
0.00108264910522848
0.00108268926851451
0.00108274980448186
0.00108284060843289
0.00108297704719007
0.00108318065758795
0.00108348368667066
0.00108392920810729
0.00108458427712321
0.0010855378350243
0.00108686764724553
0.00108872319106013
0.00109102623537183
0.00109370646532625
0.00110926025081426
0.00112162018194795
0.00111116410698742
0.00107483367901295
0.00103609275538474
0.000943371327593923
0.000821030524093658
0.000670193636324257
0.000487449171487242
0.000260849628830329
5.52401324966922e-05
4.65363591501955e-05
4.14984097005799e-05
3.92739893868566e-05
3.91260618926026e-05
3.91413268516771e-05
3.91349349229131e-05
3.9150814700406e-05
3.91612556995824e-05
3.91638604924083e-05
3.91516950912774e-05
3.9134880353231e-05
3.91203611798119e-05
3.9102273149183e-05
3.9118247514125e-05
3.91340472560842e-05
3.91447938454803e-05
3.91493340430316e-05
3.91474859497976e-05
3.91392022720538e-05
3.91195171687286e-05
3.9090467907954e-05
3.90892782888841e-05
3.91059802495874e-05
3.91296962334309e-05
3.91455141652841e-05
3.91484427382238e-05
3.91479479731061e-05
3.91365501855034e-05
3.90983004763257e-05
3.90769346267916e-05
3.90683817386162e-05
3.90707937185653e-05
3.90840541513171e-05
3.91082758142147e-05
3.91304020013195e-05
3.91467656299938e-05
3.91542380384635e-05
3.9122453017626e-05
3.91102366847917e-05
3.90940658689942e-05
3.90773820981849e-05
3.90689201594796e-05
3.90732348023448e-05
3.90725108445622e-05
3.90840468753595e-05
3.90963396057487e-05
3.91070898331236e-05
3.90923014492728e-05
3.90981876989827e-05
3.90998393413611e-05
3.90949862776324e-05
3.90890963899437e-05
3.90890963899437e-05
