0.0
0.0
0.0
0.0
0.0
0.0
0.0
0.0
0.0
0.0
0.0
6.31695596439025e-13
2.11305972719344e-11
1.64607869002076e-10
7.14232228915535e-10
1.7562240550717e-09
3.34179528493905e-09
5.91233773050703e-09
9.72336611226865e-09
1.09807336556855e-08
1.40552351979295e-08
1.85631403581965e-08
2.02302068430527e-08
2.41445672344298e-08
3.28460920684392e-08
3.69437458402899e-08
5.09713409257984e-08
8.85766553437861e-08
1.84827825933098e-07
3.32779592326915e-07
3.71429138112944e-07
3.84066282776985e-07
3.96049614437288e-07
4.07808897762152e-07
4.19187443867486e-07
4.30194290856889e-07
4.4666407461591e-07
4.71151196279607e-07
5.06375329223374e-07
5.56409929686197e-07
5.7427473620919e-07
5.95450558193988e-07
6.27416568477202e-07
6.72149610636552e-07
7.3682303991518e-07
7.99390704742109e-07
8.48798492825154e-07
8.91566173777392e-07
9.28741371808428e-07
9.61555542744463e-07
9.90855255622591e-07
1.01740397440153e-06
1.04171385828522e-06
1.06398874777369e-06
1.08457379610627e-06
1.10371172468149e-06
1.12154134512821e-06
1.13829207748495e-06
1.15407806333678e-06
1.16904391234129e-06
1.18319667308242e-06
1.19660353448126e-06
1.20938966574613e-06
1.22165079119441e-06
1.22491098863975e-06
1.22561380067054e-06
1.22713481687242e-06
1.2275271501494e-06
1.22237941013736e-06
1.21060634228343e-06
1.20122251701105e-06
1.19784067464934e-06
1.19784147045721e-06
1.19784272101242e-06
1.19784454000182e-06
1.19784726848593e-06
1.19785147489893e-06
1.197857727675e-06
1.19786704999569e-06
1.19788103347673e-06
1.19790183816804e-06
1.19793219255371e-06
1.19793503472465e-06
1.19793935482448e-06
1.19794583497423e-06
1.19795572572912e-06
1.19797005027067e-06
1.19799028652778e-06
1.19802029985294e-06
1.1980674798906e-06
1.19808544241096e-06
1.19811170407047e-06
1.1981142051809e-06
1.19811500098876e-06
1.19811636523082e-06
1.1981184115939e-06
1.19812148113851e-06
1.19812602861202e-06
1.19813284982229e-06
1.19814308163768e-06
1.19815808830026e-06
1.19817946142575e-06
1.19818707844388e-06
1.1981979923803e-06
1.19821402222442e-06
1.19823698696564e-06
1.19823903332872e-06
1.19823994282342e-06
1.1982410796918e-06
1.1982428986812e-06
1.19824369448907e-06
1.1982447176706e-06
1.19824619559949e-06
1.19824858302309e-06
1.19825210731506e-06
1.19825756428327e-06
1.19826574973558e-06
1.19827836897457e-06
1.19829792311066e-06
1.19832827749633e-06
1.19833975986694e-06
1.19835704026627e-06
1.19838261980476e-06
1.19841615742189e-06
1.19842752610566e-06
1.19844560231286e-06
1.19845287827047e-06
1.19846401958057e-06
1.19848152735358e-06
1.198488234877e-06
1.19849858037924e-06
1.19850244573172e-06
1.19850847113412e-06
1.19851756608114e-06
1.19852109037311e-06
1.19852643365448e-06
1.19853450541996e-06
1.19853530122782e-06
1.1985364380962e-06
1.1985382570856e-06
1.19854087188287e-06
1.19854485092219e-06
1.19855099001143e-06
1.19856008495844e-06
1.19856088076631e-06
1.19856213132152e-06
1.19856406399776e-06
1.19856679248187e-06
1.19857099889487e-06
1.19857702429726e-06
1.19858589187061e-06
1.19858896141523e-06
1.1985900982836e-06
1.19859168989933e-06
1.19859407732292e-06
1.19859748792805e-06
1.19859862479643e-06
1.19860044378584e-06
1.19860317226994e-06
1.19860703762242e-06
1.19861260827747e-06
1.19862068004295e-06
1.19862136216398e-06
1.19862249903235e-06
1.19862420433492e-06
1.19862670544535e-06
1.19863045711099e-06
1.19863602776604e-06
1.1986443269052e-06
1.19864739644981e-06
1.19865194392332e-06
1.19865376291273e-06
1.19865444503375e-06
1.19865535452846e-06
1.19865694614418e-06
1.19689582334104e-06
1.19689934763301e-06
1.19514061225345e-06
1.19514925245312e-06
1.19516312224732e-06
1.19518540486752e-06
1.18787670544407e-06
1.18792877401575e-06
1.18794423542568e-06
1.18796242531971e-06
1.18073285193532e-06
1.18074433430593e-06
1.18076104627107e-06
1.18076729904715e-06
1.180776507681e-06
1.18077991828613e-06
1.18078492050699e-06
1.18079242383828e-06
1.17478600714094e-06
1.1747900998671e-06
1.17278977995738e-06
1.17279864753073e-06
1.17279955702543e-06
1.17280069389381e-06
1.17280126232799e-06
1.17280194444902e-06
1.17280296763056e-06
1.17280455924629e-06
1.17280683298304e-06
1.17281047096185e-06
1.17281570055638e-06
1.17282365863502e-06
1.17283525469247e-06
1.17283968847914e-06
1.17120271170279e-06
1.17121305720502e-06
1.16794092264172e-06
1.16794910809404e-06
1.16632065783051e-06
1.16632600111188e-06
1.16633407287736e-06
1.16633714242198e-06
1.16634168989549e-06
1.16634862479259e-06
1.16635123958986e-06
1.1663549912555e-06
1.16636056191055e-06
1.16636874736287e-06
1.16638057079399e-06
1.16231683477963e-06
1.16233400149213e-06
1.16235776204121e-06
1.1623661748672e-06
1.16237868041935e-06
1.16237993097457e-06
1.16238186365081e-06
1.16238459213491e-06
1.16238891223475e-06
1.16239596081869e-06
1.16240846637083e-06
1.16241369596537e-06
1.1624222224782e-06
1.1624360922724e-06
1.16244132186694e-06
1.16244939363241e-06
1.16246121706354e-06
1.16247645109979e-06
1.16249475468067e-06
1.16250146220409e-06
1.16251158033265e-06
1.16252658699523e-06
1.1612866046562e-06
1.16003559469391e-06
1.16004844130657e-06
1.15773423203791e-06
1.1554084267118e-06
1.15542388812173e-06
1.15544708023663e-06
1.1554542425074e-06
1.15135719624959e-06
1.14726356059691e-06
1.14726879019145e-06
1.14727640720957e-06
1.14727924938052e-06
1.14728356948035e-06
1.14728993594326e-06
1.14729948563763e-06
1.14593137823249e-06
1.14593672151386e-06
1.14594433853199e-06
1.14322119770804e-06
1.14186411792616e-06
1.14186559585505e-06
1.14186627797608e-06
1.14186707378394e-06
1.14186843802599e-06
1.14186900646018e-06
1.14186968858121e-06
1.14187082544959e-06
1.14187128019694e-06
1.14187184863113e-06
1.14187275812583e-06
1.14187309918634e-06
1.14187366762053e-06
1.14187446342839e-06
1.14187560029677e-06
1.14187730559934e-06
1.1418799203966e-06
1.14188389943592e-06
1.13955377400998e-06
1.13489011255297e-06
1.13256919576088e-06
1.13256942313456e-06
1.13256953682139e-06
1.13256976419507e-06
1.13256999156874e-06
1.13257044631609e-06
1.13257101475028e-06
1.13257181055815e-06
1.1325731748002e-06
1.13257522116328e-06
1.13257601697114e-06
1.13257715383952e-06
1.13257885914209e-06
1.13258158762619e-06
1.13258261080773e-06
1.13258420242346e-06
1.13258658984705e-06
1.13259011413902e-06
1.13259147838107e-06
1.13259204681526e-06
1.13259272893629e-06
1.13259386580467e-06
1.13259557110723e-06
1.13259625322826e-06
1.13259716272296e-06
1.13259864065185e-06
1.13259920908604e-06
1.1326000048939e-06
1.13260125544912e-06
1.13260318812536e-06
1.13260591660946e-06
1.13260705347784e-06
1.13260864509357e-06
1.13261091883032e-06
1.13261432943546e-06
1.13261933165631e-06
1.13262626655342e-06
1.13262888135068e-06
1.13263263301633e-06
1.13263831735821e-06
1.13264673018421e-06
1.13264991341566e-06
1.13265468826285e-06
1.1326551430102e-06
1.13265582513122e-06
1.13265684831276e-06
1.13265832624165e-06
1.13266059997841e-06
1.1326638968967e-06
1.13266526113875e-06
1.13266571588611e-06
1.13266639800713e-06
1.13266753487551e-06
1.13266912649124e-06
1.13267151391483e-06
1.13267492451996e-06
1.1304083500363e-06
1.13040880478366e-06
1.13040948690468e-06
1.13041062377306e-06
1.12814382191573e-06
1.128146436713e-06
1.12815018837864e-06
1.12815587272053e-06
1.12816428554652e-06
1.12120210360445e-06
1.11888209630706e-06
1.11888255105441e-06
1.1188831194886e-06
1.11888414267014e-06
1.11888448373065e-06
1.11888505216484e-06
1.11888596165954e-06
1.11888709852792e-06
1.11888903120416e-06
1.11889175968827e-06
1.11889596610126e-06
1.11890221887734e-06
1.11890460630093e-06
1.1189081305929e-06
1.11891336018743e-06
1.11891381493479e-06
1.11891461074265e-06
1.11891574761103e-06
1.11891608867154e-06
1.11891677079257e-06
1.11891768028727e-06
1.11891904452932e-06
1.11892120457924e-06
1.11892438781069e-06
1.11892552467907e-06
1.11892734366847e-06
1.11892791210266e-06
1.11892825316318e-06
1.11892859422369e-06
1.11892916265788e-06
1.11892995846574e-06
1.11893120902096e-06
1.1189331416972e-06
1.1189358701813e-06
1.11893996290746e-06
1.11894155452319e-06
1.11894212295738e-06
1.11894291876524e-06
1.11894428300729e-06
1.11894621568354e-06
1.11894917154132e-06
1.11895349164115e-06
1.11896008547774e-06
1.11896258658817e-06
1.11896622456698e-06
1.11897179522202e-06
1.11897224996937e-06
1.11897304577724e-06
1.11897338683775e-06
1.1189738415851e-06
1.11897441001929e-06
1.11897543320083e-06
1.11897691112972e-06
1.11897736587707e-06
1.11428994387097e-06
1.11194731289288e-06
1.11194776764023e-06
1.11194844976126e-06
1.1119494729428e-06
1.11195095087169e-06
1.11195322460844e-06
1.10961514110386e-06
1.10962025701156e-06
1.10962787402968e-06
1.10963912902662e-06
1.10965538624441e-06
1.10966141164681e-06
1.10967027922015e-06
1.10968335320649e-06
1.10968835542735e-06
1.1096957450718e-06
1.10969847355591e-06
1.10970256628207e-06
1.1097087053713e-06
1.10971791400516e-06
1.10973167011252e-06
1.10973678602022e-06
1.10974451672519e-06
1.10974735889613e-06
1.11111307887768e-06
1.10545875031676e-06
1.10078406123648e-06
1.09981169771345e-06
1.09651432467217e-06
1.09651637103525e-06
1.09651944057987e-06
1.09652398805338e-06
1.09652569335594e-06
1.09652819446637e-06
1.09653205981886e-06
1.09653353774775e-06
1.09653569779766e-06
1.09653899471596e-06
1.09654388324998e-06
1.09655127289443e-06
1.0965538876917e-06
1.09655491087324e-06
1.09655638880213e-06
1.09655854885204e-06
1.09656195945718e-06
1.09656696167804e-06
1.09656889435428e-06
1.09657173652522e-06
1.09657594293822e-06
1.09657753455394e-06
1.09657810298813e-06
1.09657901248283e-06
1.09657935354335e-06
1.09657946723019e-06
1.09657969460386e-06
1.09657992197754e-06
1.09658037672489e-06
1.09658049041172e-06
1.0965807177854e-06
1.09658083147224e-06
1.09658083147224e-06
1.09658083147224e-06
1.09658094515908e-06
1.09658105884591e-06
1.09658117253275e-06
1.09658151359326e-06
1.09658185465378e-06
1.09658242308797e-06
1.09658321889583e-06
1.09658446945105e-06
1.09658640212729e-06
1.09658935798507e-06
1.09659038116661e-06
1.0965918590955e-06
1.09659424651909e-06
1.0965978844979e-06
1.09660334146611e-06
1.09660527414235e-06
1.09660606995021e-06
1.09660629732389e-06
1.09660675207124e-06
1.09660686575808e-06
1.09660709313175e-06
1.09660720681859e-06
1.09660732050543e-06
1.09660732050543e-06
1.09660732050543e-06
1.09660732050543e-06
1.09660732050543e-06
1.09660743419226e-06
1.0966075478791e-06
1.09660766156594e-06
1.09660788893962e-06
1.09660823000013e-06
