0.0
0.0
0.0
0.0
5.56211325886125e-08
2.50165442139405e-07
7.46612272450875e-07
2.27061968871567e-06
4.73074805995566e-06
5.23768221682985e-06
6.12985604675487e-06
7.84159419708885e-06
1.01217101473594e-05
1.09786124085076e-05
1.22496603580657e-05
1.26441191241611e-05
1.30524485939532e-05
1.4090145668888e-05
1.60402996698394e-05
1.85535809578141e-05
2.18292898352956e-05
2.26936463150196e-05
2.36657069763169e-05
2.61783243331593e-05
2.70709751930553e-05
2.73561472567962e-05
2.76229457085719e-05
2.78533261734992e-05
2.80961576208938e-05
2.83480258076452e-05
2.87248203676427e-05
2.94179772026837e-05
3.07371592498384e-05
3.2701253076084e-05
3.29655449604616e-05
3.32518648065161e-05
3.35424156219233e-05
3.40647929988336e-05
3.46856068063062e-05
3.53538925992325e-05
3.60462363460101e-05
3.71349415217992e-05
3.82717880711425e-05
3.94523194700014e-05
4.0648603317095e-05
4.25274993176572e-05
4.5493903598981e-05
4.78459332953207e-05
5.0279271817999e-05
5.28064374520909e-05
5.53982936253306e-05
5.80529922444839e-05
6.14769523963332e-05
6.45088657620363e-05
6.76248091622256e-05
7.24028068361804e-05
8.14566010376438e-05
9.78581520030275e-05
0.000121871293231379
0.000155193512910046
0.000165994119015522
0.00018008537881542
0.0001811425172491
0.000182731993845664
0.000183023526915349
0.000183471696800552
0.000183513839147054
0.000183577139978297
0.000183583091711625
0.000183591997483745
0.000183605297934264
0.000183605297934264
