0.0
0.0
8.38429059513146e-07
6.24902804702288e-06
8.36584604257951e-06
1.06734014480026e-05
1.32531549752457e-05
1.68144233612111e-05
2.12909326364752e-05
2.67135510512162e-05
3.33378884533886e-05
3.82959115086123e-05
4.50303450634237e-05
5.32702288182918e-05
6.26779801677912e-05
7.85892916610464e-05
9.13491021492518e-05
0.000108054468000773
0.000125375954667106
0.00014487819862552
0.000167083795531653
0.000188755235285498
0.000208327997825108
0.000235333049204201
0.000265941838733852
0.000294736644718796
0.000340626953402534
0.000404834660002962
0.000497239467222244
0.000591719755902886
0.000616215576883405
0.000653342460282147
0.000685464940033853
0.000692657369654626
0.000699997355695814
0.000711481843609363
0.000726765661966056
0.000742436968721449
0.00075791624840349
0.000778929621446878
0.000800205336418003
0.000823017384391278
0.000829293741844594
0.000831035955343395
0.000832510704640299
0.000833574042189866
0.000833713565953076
0.000834080681670457
0.000834259204566479
0.000834276259411126
0.000834258564282209
0.000834211416076869
0.000834122416563332
0.000834041391499341
0.000833936268463731
0.000833713158499449
0.000833312224131078
0.000833261234220117
0.000833245867397636
0.00083322380669415
0.00083319959230721
0.000833165424410254
0.000833138939924538
0.000833135738503188
0.000833131256513298
0.000833159137982875
0.000833177880849689
0.00083318748511374
0.000833186437375844
0.00083320593694225
0.000833179452456534
0.000833155529107898
0.000833127764053643
0.000833103607874364
0.000833097728900611
0.0008330995333381
0.000833102560136467
0.000833131198305637
0.000833159021567553
0.000833197787869722
0.00083319831173867
0.000833200057968497
0.000833190279081464
0.000833175145089626
0.000833145924843848
0.000833122292533517
0.00083309825276956
0.000833084399346262
0.000833085621707141
0.000833079218864441
0.000833088764920831
0.000833124155178666
0.000833139580208808
0.000833128346130252
0.000833129335660487
0.000833136960864067
0.000833148194942623
0.000833163096103817
0.000833184167277068
0.000833205529488623
0.000833221536595374
0.000833226717077196
0.000833216763567179
0.000833199534099549
0.000833167694509029
0.000833140278700739
0.000833120138850063
0.000833107391372323
0.000833103258628398
0.000833092432003468
0.000833088823128492
0.000833081139717251
0.000833079451695085
0.000833086553029716
0.000833107915241271
0.000833143945783377
0.000833173398859799
0.000833198195323348
0.000833216996397823
0.000833223108202219
0.000833218335174024
0.000833207159303129
0.000833189929835498
0.000833163969218731
0.000833151338156313
0.000833149591926485
0.000833132537081838
0.000833115598652512
0.000833111698739231
0.000833112397231162
0.000833112979307771
0.000833125843200833
0.000833113503176719
0.000833109836094081
0.000833107798825949
0.000833113619592041
0.000833101803436875
0.000833106343634427
