0.0
6.21798392330675e-07
6.20857917965623e-07
6.20836658526969e-07
6.20835180598078e-07
6.20834555320471e-07
6.20834782694146e-07
6.20834782694146e-07
6.20834782694146e-07
2.36633809436171e-06
1.30150028780918e-05
3.30825569108129e-05
5.86581300012767e-05
8.7589658505749e-05
0.000119906762847677
0.00015587784582749
0.000195807355339639
0.000244556984398514
0.000303441047435626
0.000377714924979955
0.000461885501863435
0.000547527451999485
0.000629424932412803
0.000711578410118818
0.000790252932347357
0.000878495571669191
0.000967862317338586
0.00106780882924795
0.00117509195115417
0.0012837661197409
0.00139091222081333
0.00149789871647954
0.00160392373800278
0.0017077901866287
0.00181037897709757
0.00191194657236338
0.00196283683180809
0.00197564461268485
0.00198839977383614
0.00198862655088305
0.00198884005658329
0.00198905286379158
0.00198926543816924
0.00198958325199783
0.00199005869217217
0.00199077907018363
0.00199150457046926
0.00199224334210157
0.00199281144887209
0.00199338025413454
0.00199395418167114
0.00199454068206251
0.0019949865527451
0.00199525593779981
0.00199526199139655
0.00199528643861413
0.00199531391263008
0.00199546245858073
0.00199581170454621
0.00199610204435885
0.00199594348669052
0.00199542241171002
0.00199411017820239
0.0019928845576942
0.00199057487770915
0.00198660744354129
0.00198388239368796
0.00198242487385869
0.00198177644051611
0.00198192941024899
0.00198377831839025
0.00198578671552241
0.0019877627491951
0.00198969757184386
0.00199161190539598
0.00199350924231112
0.00199630297720432
0.00200041336938739
0.00200635241344571
0.00201204675249755
0.0020175906829536
0.00202292040921748
0.00202811625786126
0.0020331172272563
0.00204038922674954
0.00204730359837413
0.00205397862009704
0.0020602538716048
0.00206936523318291
0.00208148802630603
0.00209285086020827
0.00210393546149135
0.00211485358886421
0.00213096360675991
0.0021547363139689
0.00219002063386142
0.00224258657544851
0.00232093501836061
0.00242231576703489
0.00252395449206233
0.00262580416165292
0.00272881961427629
0.00283381366170943
0.00294509530067444
0.00297434558160603
0.00300508947111666
0.00301763508468866
0.00303042773157358
0.00303891603834927
0.00305772596038878
0.00307236355729401
0.0030814683996141
0.00309476791881025
0.0031209453009069
0.00316684623248875
0.00324059347622097
0.00335881020873785
0.00357093359343708
0.0037879275623709
0.00394047936424613
0.00407268246635795
0.00419685197994113
0.00430860556662083
0.00440691458061337
0.00449233315885067
0.00453291228041053
0.00454154703766108
0.00452777370810509
0.00449363561347127
0.00443766638636589
0.0043641272932291
0.00425682822242379
0.00410690158605576
0.00393225904554129
0.00373388198204339
0.00351242837496102
0.00326758832670748
0.00299845798872411
0.00270587950944901
0.00238943519070745
0.00204806006513536
0.00168224680237472
0.00129100040066987
0.000866250309627503
0.00074517127359286
0.000548376876395196
0.000172074083820917
0.000172061860212125
0.000172061860212125
0.000172061860212125
0.000172061860212125
0.000172061860212125
0.000172061860212125
0.000172061860212125
0.000172061860212125
0.000172061860212125
0.000172061860212125
0.000172061860212125
0.000172061860212125
0.000172061860212125
