-0.0
-2.98317460135778e-16
3.05744447359757e-06
1.06584320747061e-05
1.57283066073433e-05
-1.87936584552517e-05
-4.91101400257321e-06
2.05830601771595e-05
3.72717695427127e-05
4.75888082291931e-05
5.00576716149226e-05
4.68189900857396e-05
0.000139508832944557
0.000103157763078343
7.69480320741422e-05
-2.54936167038977e-05
-0.000119993266707752
-0.000168999715242535
-0.000190903927432373
-0.000208052661037073
-0.000205642601940781
-0.000202483992325142
-0.000199094036361203
-0.000195000437088311
-0.000190096820006147
-0.000188679186976515
-0.000191416009329259
-0.000193190848222002
-0.000194359497982077
-0.000194229214685038
-0.000193819665582851
-0.000193177722394466
-0.000192641542525962
-0.00019236039952375
-0.000192015635548159
-0.000191715007531457
-0.000190949969692156
-0.000189484708243981
-0.000188728197827004
-0.000190683203982189
-0.000188770398381166
-0.000178679838427342
-0.000175047665834427
-0.00016728910850361
-0.000149086321471259
-0.000138321178383194
-0.000163797565619461
-0.000161662872415036
-0.000168905549799092
-0.000167952079209499
-0.000153142580529675
-0.000139642317662947
-0.000127876119222492
-0.000115553557407111
-0.000100585428299382
-7.19511808711104e-05
-8.02049107733183e-05
-9.0698515123222e-05
-8.32187506603077e-05
-7.86614546086639e-05
-7.19118106644601e-05
-6.48652639938518e-05
-5.9208701713942e-05
-5.40555411134847e-05
-4.57269634352997e-05
-3.60807061952073e-05
-3.2964460842777e-05
-1.12840534711722e-05
2.90579009742942e-06
6.20845185039798e-06
-2.35148218052927e-06
-2.61155173575389e-06
1.87759496839135e-06
3.46172919307719e-06
1.99650912691141e-06
-2.35869247262599e-05
-2.17125143535668e-05
-9.51949277805397e-06
1.55647938981929e-09
-1.08880477966977e-08
5.2703704511714e-08
5.2703704511714e-08
