0.0
7.25408411960417e-35
1.061622015186e-06
2.01951206690865e-06
3.40290671374532e-06
2.76461969406228e-06
3.19018522532133e-06
5.57999283046229e-06
1.07235746327206e-05
1.44795958476607e-05
1.60481868078932e-05
1.71489846252371e-05
1.84044747584267e-05
1.84461950993864e-05
1.81568811967736e-05
1.80712395376759e-05
1.77752608578885e-05
1.74730685102986e-05
1.71454994415399e-05
1.70762650668621e-05
1.67660055012675e-05
1.6466596207465e-05
1.61736534209922e-05
1.60707131726667e-05
1.58039856614778e-05
1.55381458171178e-05
1.52414249896538e-05
1.49732977661188e-05
1.46906795635005e-05
1.4405320143851e-05
1.41097516461741e-05
1.3812079487252e-05
1.35781183416839e-05
1.32754848891636e-05
1.29023301269626e-05
1.25112719615572e-05
1.21429638966219e-05
1.18037924039527e-05
1.14710546768038e-05
1.10992032205104e-05
1.08344829641283e-05
1.04990758700296e-05
1.01602026916225e-05
9.88592546491418e-06
9.59755288931774e-06
9.28741519601317e-06
9.02572901395615e-06
8.74994202604285e-06
8.46668899612268e-06
8.05089348432375e-06
7.46168825571658e-06
6.97824543749448e-06
6.42072291157092e-06
5.96068093727808e-06
5.480606432684e-06
5.03513501826092e-06
4.52530139227747e-06
3.82851476388169e-06
3.28929445458925e-06
2.74965418611828e-06
2.32141519518336e-06
1.93263554137957e-06
1.59682770117797e-06
1.31612966924877e-06
1.07328833109932e-06
7.38084793283633e-07
4.73962217029111e-07
2.42494138547045e-07
1.10521497731497e-07
1.03306682319726e-07
1.02131380685933e-07
1.04545982537729e-07
1.0598301258824e-07
1.043083273089e-07
1.0469798894519e-07
1.04601241446289e-07
1.03632359582662e-07
1.04366719710924e-07
1.04094496578e-07
1.00823037030295e-07
1.00807184821861e-07
9.89354589364666e-08
9.77085505837749e-08
9.67715578781281e-08
9.52963787881345e-08
9.53990806351612e-08
9.70937819033679e-08
9.90654456245466e-08
1.00014240445034e-07
1.0171222442068e-07
1.01730385893006e-07
1.00300617589255e-07
9.84186740993209e-08
9.67640900739752e-08
9.87778321359656e-08
1.0261239680176e-07
1.03076402524493e-07
1.03343118951216e-07
1.0791904259122e-07
1.05709048625613e-07
1.01137963781639e-07
