0.0
4.06498912752795e-07
-1.28646206576377e-06
-2.51059555012034e-06
-3.22664845953113e-06
-6.488169219665e-06
-7.13105828253902e-06
-7.93072922533611e-06
-8.8152219177573e-06
-9.791904631129e-06
-1.0939270396193e-05
-1.26447284856113e-05
-1.5768517187098e-05
-1.89807688002475e-05
-1.88717458513565e-05
-1.82939129445003e-05
-1.94892800209345e-05
-2.11196165764704e-05
-2.51038873102516e-05
-3.20405888487585e-05
-4.23732999479398e-05
-5.39486391062383e-05
-5.68690629734192e-05
-6.11429204582237e-05
-6.50694855721667e-05
-6.89160951878875e-05
-7.29033417883329e-05
-7.76986780692823e-05
-7.90342892287299e-05
-8.06250463938341e-05
-8.27773546916433e-05
-8.5907566244714e-05
-9.03205000213347e-05
-9.7484968136996e-05
-0.000104896251286846
-0.000112255038402509
-0.000119691096188035
-0.000128699743072502
-0.000138655988848768
-0.000148354200064205
-0.000158480150275864
-0.000169135542819276
-0.000179784678039141
-0.000190215898328461
-0.000200395836145617
-0.000210878191865049
-0.000222842179937288
-0.000235509302001446
-0.000248526106588542
-0.000261383829638362
-0.00027683429652825
-0.000304849003441632
-0.000331582588842139
-0.000365112646250054
-0.00040296241058968
-0.000444657140178606
-0.000498111417982727
-0.000559999549295753
-0.000579460873268545
-0.000626687018666416
-0.000643415201921016
-0.000661705213133246
-0.000680768105667084
-0.000700373027939349
-0.000731018197257072
-0.000780883710831404
-0.000801042595412582
-0.000821475638076663
-0.000826754723675549
-0.000832111632917076
-0.000837550091091543
-0.00084588082972914
-0.000854275713209063
-0.000862804823555052
-0.000875647761859
-0.000894941564183682
-0.000924362626392394
-0.000968555104918778
-0.00103592034429312
-0.00113623635843396
-0.00128596019931138
-0.00151322071906179
-0.00184207584243268
-0.0023244502954185
-0.00297827133908868
-0.00360877905040979
-0.00420217402279377
-0.00476814992725849
-0.00531466351822019
-0.00583610264584422
-0.00634875241667032
-0.00684229889884591
-0.00731160771101713
-0.00775761809200048
-0.00818297732621431
-0.00858539156615734
-0.00896946433931589
-0.00933239050209522
-0.00967113859951496
-0.00998632796108723
-0.0102773671969771
-0.0105473194271326
-0.0108005264773965
-0.0110290609300137
-0.0112319840118289
-0.0114094112068415
-0.011562516912818
-0.0116918375715613
-0.0117972465232015
-0.011878558434546
-0.0119355283677578
-0.0119684329256415
-0.0119842244312167
-0.01198435947299
-0.0119844963774085
-0.0119846537709236
-0.0119849294424057
-0.0119850868359208
-0.0119849536567926
-0.0119848595932126
-0.0119847469031811
-0.0119845783337951
-0.0119845038279891
-0.0119846304878592
-0.0119846565648913
-0.0119845187291503
-0.0119844023138285
-0.0119842793792486
-0.0119841592386365
-0.0119840390980244
-0.0119839077815413
-0.0119837857782841
-0.0119836172088981
-0.0119835222139955
-0.0119835156947374
-0.0119835045188665
-0.011983485892415
-0.0119834579527378
-0.0119834579527378
