0.0
7.25408411960417e-35
7.08112509073544e-07
1.17153399514791e-06
2.45137675847218e-06
2.40581834987097e-06
3.6114738577453e-06
5.65475875191623e-06
1.0019782166637e-05
1.37752249429468e-05
1.6946840332821e-05
1.48891631397419e-05
1.27207504192484e-05
1.38818786581396e-05
1.46255606523482e-05
1.49081442941679e-05
1.51215899677482e-05
1.51058256960823e-05
1.50478635987383e-05
1.49495544974343e-05
1.47424525493989e-05
1.43971801662701e-05
1.41900882226764e-05
1.37740707941703e-05
1.34302017613663e-05
1.30921425807173e-05
1.28706542454893e-05
1.25589995150222e-05
1.22516312330845e-05
1.16446999527398e-05
1.12364932647324e-05
1.08801805254188e-05
1.05455264929333e-05
1.01754249044461e-05
9.82931032922352e-06
9.50767753238324e-06
9.17671059141867e-06
8.89914463186869e-06
8.58248495205771e-06
8.25410370453028e-06
7.83266932558035e-06
7.40257246434339e-06
7.0445321398438e-06
6.74765669828048e-06
6.42565737507539e-06
6.11995255894726e-06
5.82578695684788e-06
5.55056067241821e-06
5.31910291101667e-06
5.09876872456516e-06
4.82603263662895e-06
4.57701389677823e-06
4.24961899625487e-06
3.86769579563406e-06
3.54742405761499e-06
3.26848316944961e-06
3.00061719826772e-06
2.71157546194445e-06
2.58217937698646e-06
2.62339449363935e-06
2.67970176537347e-06
2.71662088380253e-06
2.78235597761523e-06
2.82975361187709e-06
2.85640703623358e-06
2.83466715700342e-06
2.72938586931559e-06
2.659611936906e-06
2.58296745414555e-06
2.55796726378321e-06
2.55771624324552e-06
2.5289252789662e-06
2.50645484811685e-06
2.51198457590363e-06
2.4776891223155e-06
2.48564151661412e-06
2.48228911914339e-06
2.47768525696301e-06
2.54683641287556e-06
2.63183028437197e-06
2.70112786893151e-06
2.76781338470755e-06
2.86191379927914e-06
2.76811920230102e-06
2.67065456682758e-06
2.62540538642497e-06
2.55906729762501e-06
2.48919218392984e-06
2.43033787228342e-06
2.38149232245632e-06
2.36785126617178e-06
2.37274048231484e-06
2.35487459576689e-06
2.34768617701775e-06
2.3272452835954e-06
2.30310911319975e-06
2.30240652854263e-06
2.30589671446069e-06
2.33540345107031e-06
2.40456074607209e-06
2.42455348598014e-06
2.44084458245197e-06
2.45278192778642e-06
2.44727038989367e-06
2.44816533268022e-06
2.45208434535016e-06
2.48546507464198e-06
2.55448844654893e-06
2.63495007857273e-06
2.66227198153501e-06
2.70670170721132e-06
2.72118427346868e-06
2.7457049327495e-06
2.76387572739623e-06
