0.0
0.0
1.77462435857478e-08
2.1246273718134e-07
2.62345423607258e-07
2.91947827690819e-07
3.11912202732856e-07
2.66631502654491e-07
2.19029175241303e-07
1.95674900282938e-07
1.94358236171865e-07
2.00697385821513e-07
1.95277493730828e-07
2.0400855760272e-07
2.22532321458857e-07
2.4585648361608e-07
2.65009646227554e-07
2.81369381127661e-07
2.97601303600459e-07
3.01903128274716e-07
3.02899763937603e-07
3.04501241998878e-07
3.05100058994867e-07
3.06001282979196e-07
3.06083848045091e-07
3.06117271975381e-07
3.06125286897441e-07
3.06125741644792e-07
3.06125883753339e-07
3.06126025861886e-07
3.06126253235561e-07
3.0612631007898e-07
3.06126480609237e-07
3.06126594296074e-07
3.06126651139493e-07
3.0612679324804e-07
3.06126878513169e-07
3.06127077465135e-07
3.0612730483881e-07
3.0612733326052e-07
3.06127390103939e-07
3.06127446947357e-07
3.06127503790776e-07
3.06127702742742e-07
3.06127759586161e-07
3.0612781642958e-07
3.06127958538127e-07
3.06128185911803e-07
3.06128384863769e-07
3.06128612237444e-07
3.06128669080863e-07
3.06128754345991e-07
3.06128981719667e-07
3.06129038563085e-07
3.06129123828214e-07
3.06129237515051e-07
3.0612932278018e-07
3.06129379623599e-07
3.06129493310436e-07
3.06129692262402e-07
3.06129862792659e-07
3.06130061744625e-07
3.06130118588044e-07
3.06130203853172e-07
3.06130374383429e-07
3.06130431226848e-07
3.06130516491976e-07
3.06130630178814e-07
3.06130857552489e-07
3.06131056504455e-07
3.06131255456421e-07
3.06131340721549e-07
3.06131425986678e-07
3.06131596516934e-07
3.06131681782063e-07
3.06131738625481e-07
3.06131880734029e-07
3.06132136529413e-07
3.06132164951123e-07
3.06132221794542e-07
3.06132250216251e-07
3.06132363903089e-07
3.06132562855055e-07
3.06132733385311e-07
3.06132932337277e-07
3.06132989180696e-07
3.06133046024115e-07
3.06133216554372e-07
3.06133244976081e-07
3.06133330241209e-07
3.06133500771466e-07
3.06133557614885e-07
3.06133557614885e-07
3.06133671301723e-07
3.06133898675398e-07
3.06133927097108e-07
3.06133983940526e-07
3.06134182892492e-07
3.06134211314202e-07
3.0613429657933e-07
3.06134353422749e-07
3.06134467109587e-07
3.06134580796424e-07
3.061348081701e-07
3.06134865013519e-07
3.06134921856938e-07
3.06135092387194e-07
3.06135206074032e-07
3.06135376604288e-07
3.06135405025998e-07
3.06135490291126e-07
3.06135603977964e-07
3.0613580292993e-07
3.06135859773349e-07
3.06135945038477e-07
3.06136115568734e-07
3.06136172412153e-07
3.0613628609899e-07
3.0613628609899e-07
3.06136342942409e-07
3.06136399785828e-07
3.06136456629247e-07
3.06136684002922e-07
3.06136712424632e-07
3.06136882954888e-07
3.06136939798307e-07
3.06137025063435e-07
3.06137081906854e-07
3.06137252437111e-07
3.06137422967367e-07
3.06137479810786e-07
3.06137565075915e-07
3.06137707184462e-07
3.06137735606171e-07
3.06137877714718e-07
3.06137991401556e-07
3.06138019823265e-07
3.06138076666684e-07
3.06138161931813e-07
3.06138360883779e-07
3.06138446148907e-07
3.06138502992326e-07
3.06138559835745e-07
3.06138645100873e-07
3.06138730366001e-07
3.06139014583096e-07
3.06139071426514e-07
3.06139156691643e-07
3.06139355643609e-07
3.06139412487028e-07
3.06139469330446e-07
3.06139639860703e-07
3.06139668282412e-07
3.0613978196925e-07
3.06139895656088e-07
3.06140094608054e-07
3.06140123029763e-07
3.06140208294892e-07
3.06140378825148e-07
3.06140407246858e-07
3.06140549355405e-07
3.06140663042243e-07
3.06140719885661e-07
3.0614080515079e-07
3.06140833572499e-07
3.06141032524465e-07
3.06141089367884e-07
3.06141174633012e-07
3.06141373584978e-07
3.06141515693525e-07
3.06141600958654e-07
3.06141657802073e-07
3.06141714645491e-07
3.06141828332329e-07
3.06142027284295e-07
3.06142112549423e-07
3.06142169392842e-07
3.06142311501389e-07
3.06142368344808e-07
3.06142453609937e-07
3.06142624140193e-07
3.06142652561903e-07
3.06142652561903e-07
3.0614276624874e-07
3.06142993622416e-07
3.06143022044125e-07
3.06143078887544e-07
3.06143249417801e-07
3.06143448369767e-07
3.06143419948057e-07
3.06143476791476e-07
3.06143476791476e-07
3.06143448369767e-07
3.06143476791476e-07
3.06143448369767e-07
3.06143476791476e-07
3.06143533634895e-07
3.06143618900023e-07
3.06143704165152e-07
3.0614378943028e-07
3.06144016803955e-07
3.06144187334212e-07
3.06144357864468e-07
3.06144443129597e-07
3.06144528394725e-07
3.06144670503272e-07
3.06144727346691e-07
3.0614478419011e-07
3.06144926298657e-07
3.06145125250623e-07
3.0614529578088e-07
3.06145523154555e-07
3.06145608419683e-07
3.06145665263102e-07
3.06145864215068e-07
3.06145892636778e-07
3.06145977901906e-07
3.06146091588744e-07
3.06146347384129e-07
3.06146404227547e-07
3.06146489492676e-07
3.06146688444642e-07
3.06146716866351e-07
3.06146802131479e-07
3.06147001083446e-07
3.06147228457121e-07
3.0614725687883e-07
3.0614728530054e-07
3.06147313722249e-07
3.06147427409087e-07
3.06147654782762e-07
3.06147740047891e-07
3.0614779689131e-07
3.06147995843276e-07
3.06148052686694e-07
3.06148109530113e-07
3.0614825163866e-07
3.06148479012336e-07
3.06148706386011e-07
3.06148734807721e-07
3.0614879165114e-07
3.06148848494558e-07
3.06149047446524e-07
3.06149132711653e-07
3.06149189555072e-07
3.06149331663619e-07
3.06149587459004e-07
3.0614978641097e-07
3.06149814832679e-07
3.06149900097807e-07
3.06149985362936e-07
3.06150184314902e-07
3.06150354845158e-07
3.06150553797124e-07
3.06150610640543e-07
3.06150695905671e-07
3.06150838014219e-07
3.06150894857637e-07
3.06150980122766e-07
3.06151093809603e-07
3.06151321183279e-07
3.06151378026698e-07
3.06151434870117e-07
3.06151633822083e-07
3.06151690665502e-07
3.0615174750892e-07
3.06151889617468e-07
3.06152116991143e-07
3.06152315943109e-07
3.06152543316784e-07
3.06152600160203e-07
3.06152600160203e-07
3.06152600160203e-07
3.06152600160203e-07
3.06152600160203e-07
3.06152685425332e-07
3.06152799112169e-07
3.06152884377298e-07
3.06152998064135e-07
3.06153083329264e-07
3.06153083329264e-07
3.06153140172682e-07
3.06153225437811e-07
3.06153339124648e-07
3.06153452811486e-07
3.06153538076614e-07
3.06153594920033e-07
3.06153623341743e-07
3.06153737028581e-07
3.06153879137128e-07
3.06154078089094e-07
3.0615427704106e-07
3.06154305462769e-07
3.06154390727897e-07
3.06154447571316e-07
3.06154646523282e-07
3.06154674944992e-07
3.06154817053539e-07
3.06154902318667e-07
3.06154959162086e-07
3.06155016005505e-07
3.06155129692343e-07
3.06155357066018e-07
3.06155413909437e-07
3.06155527596275e-07
3.06155556017984e-07
3.06155556017984e-07
3.06155584439693e-07
3.06155584439693e-07
3.06155669704822e-07
3.06155811813369e-07
3.06156039187044e-07
3.06156124452173e-07
3.0615623813901e-07
3.06156323404139e-07
3.06156351825848e-07
3.06156437090976e-07
3.06156607621233e-07
3.0615677815149e-07
3.06156721308071e-07
3.0615677815149e-07
3.0615677815149e-07
3.0615674972978e-07
3.0615677815149e-07
3.0615674972978e-07
3.0615677815149e-07
3.06156834994908e-07
3.06156863416618e-07
3.06156948681746e-07
3.06157090790293e-07
3.0615723289884e-07
3.06157318163969e-07
3.06157403429097e-07
3.06157517115935e-07
3.06157659224482e-07
3.06157801333029e-07
3.06158000284995e-07
3.06158113971833e-07
3.06158170815252e-07
3.06158369767218e-07
3.06158426610637e-07
3.06158511875765e-07
3.06158653984312e-07
3.06158710827731e-07
3.06158796092859e-07
3.06158881357987e-07
3.06159108731663e-07
3.06159165575082e-07
3.0615925084021e-07
3.06159392948757e-07
3.06159449792176e-07
3.06159535057304e-07
3.06159677165851e-07
3.06159876117817e-07
3.06159904539527e-07
3.06160075069783e-07
3.06160188756621e-07
3.0616027402175e-07
3.06160330865168e-07
3.06160472973716e-07
3.06160615082263e-07
3.06160785612519e-07
3.06160984564485e-07
3.06161069829614e-07
3.06161155094742e-07
3.06161354046708e-07
3.06161382468417e-07
3.06161467733546e-07
3.06161666685512e-07
3.0616172352893e-07
3.0616172352893e-07
3.06161894059187e-07
3.06162093011153e-07
3.06162149854572e-07
3.061622351197e-07
3.06162405649957e-07
3.06162462493376e-07
3.06162576180213e-07
3.06162718288761e-07
3.06162860397308e-07
3.06162974084145e-07
3.06163173036111e-07
3.0616322987953e-07
3.06163315144659e-07
3.06163514096625e-07
3.06163570940043e-07
3.06163627783462e-07
3.06163798313719e-07
3.06164025687394e-07
3.06164082530813e-07
3.06164110952523e-07
3.0616422463936e-07
3.06164309904489e-07
3.06164508856455e-07
3.06164707808421e-07
3.06164878338677e-07
3.06164935182096e-07
3.06165048868934e-07
3.06165162555772e-07
3.0616521939919e-07
3.06165304664319e-07
3.06165418351156e-07
3.06165588881413e-07
3.06165702568251e-07
3.0616575941167e-07
3.06165816255088e-07
3.06165901520217e-07
3.06166072050473e-07
3.06166157315602e-07
3.0616624258073e-07
3.06166356267568e-07
3.06166498376115e-07
3.06166612062952e-07
3.06166668906371e-07
3.0616672574979e-07
3.06166839436628e-07
3.06167066810303e-07
3.06167123653722e-07
3.06167180497141e-07
3.06167407870817e-07
3.06167407870817e-07
3.06167407870817e-07
3.06167436292526e-07
3.06167549979364e-07
3.06167692087911e-07
3.06167862618167e-07
3.06168061570133e-07
3.06168260522099e-07
3.06168317365518e-07
3.06168402630647e-07
3.06168544739194e-07
3.06168601582613e-07
3.06168658426031e-07
3.06168800534579e-07
3.06169027908254e-07
3.0616922686022e-07
3.06169425812186e-07
3.06169511077314e-07
3.06169567920733e-07
3.06169766872699e-07
3.06169795294409e-07
3.06169880559537e-07
3.06170022668084e-07
3.0617025004176e-07
3.06170477415435e-07
3.06170534258854e-07
3.06170619523982e-07
3.0617070478911e-07
3.06170875319367e-07
3.06171074271333e-07
3.0617124480159e-07
3.06171301645008e-07
3.06171415331846e-07
3.06171529018684e-07
3.06171614283812e-07
3.06171699548941e-07
3.06171784814069e-07
3.06172012187744e-07
3.0617221113971e-07
3.06172410091676e-07
3.06172466935095e-07
3.06172523778514e-07
3.06172523778514e-07
3.06172523778514e-07
3.06172552200223e-07
3.06172552200223e-07
3.06172665887061e-07
3.06172864839027e-07
3.06172893260737e-07
3.06172978525865e-07
3.06173092212703e-07
3.0617320589954e-07
3.06173291164669e-07
3.06173490116635e-07
3.06173518538344e-07
3.06173660646891e-07
3.06173774333729e-07
3.06173859598857e-07
3.06173888020567e-07
3.06174001707404e-07
3.0617422908108e-07
3.06174314346208e-07
3.06174371189627e-07
3.06174541719884e-07
3.06174570141593e-07
3.06174655406721e-07
3.06174769093559e-07
3.06174996467234e-07
3.061751954192e-07
3.06175394371166e-07
3.06175479636295e-07
3.06175564901423e-07
3.0617570700997e-07
3.06175792275099e-07
3.06175877540227e-07
3.06176019648774e-07
3.06176048070483e-07
3.06176104913902e-07
3.0617621860074e-07
3.06176417552706e-07
3.06176502817834e-07
