0.0
0.00120000005699694
0.00240000011399388
0.00359999993816018
0.00382500002160668
0.00405000010505319
0.00427500018849969
0.0044999998062849
0.00472499988973141
0.00494999997317791
0.00517500005662441
0.00540000014007092
0.00545625016093254
0.00551250018179417
0.00556875020265579
0.00565312476828694
0.00573749979957938
0.00582187483087182
0.00590624986216426
0.00592734385281801
0.00593261700123549
0.00594052718952298
0.00594349345192313
0.00594794331118464
0.00594836007803679
0.00594851654022932
0.00594855565577745
0.00594855844974518
0.00594855891540647
0.00594855938106775
0.00594856031239033
0.00594856077805161
0.0059485612437129
0.00594856217503548
0.00594856217503548
0.00594856264069676
0.00594856357201934
0.00594856450334191
0.00594856543466449
0.00594856543466449
0.00594856590032578
0.00594856636598706
0.00594856683164835
0.00594856776297092
0.00594856776297092
0.00594856822863221
0.00594856915995479
0.00594857009127736
0.00594857102259994
0.00594857195392251
0.0059485724195838
0.00594857335090637
0.00594857381656766
0.00594857428222895
0.00594857474789023
0.00594857567921281
0.00594857567921281
0.0059485761448741
0.00594857707619667
0.00594857800751925
0.00594857893884182
0.00594857987016439
0.00594858033582568
0.00594858080148697
0.00594858126714826
0.00594858173280954
0.00594858219847083
0.00594858266413212
0.00594858406111598
0.00594858499243855
0.00594858592376113
0.00594858638942242
0.0059485868550837
0.00594858778640628
0.00594858778640628
0.00594858825206757
0.00594858918339014
0.00594859011471272
0.005948590580374
0.005948590580374
0.00594859104603529
0.00594859197735786
0.00594859290868044
0.00594859337434173
0.0059485943056643
0.00594859477132559
0.00594859523698688
0.00594859616830945
0.00594859663397074
0.00594859663397074
0.00594859756529331
0.00594859756529331
0.0059485980309546
0.00594859849661589
0.00594859942793846
0.00594859989359975
0.00594860035926104
0.00594860082492232
0.00594860129058361
0.0059486017562449
0.00594860222190619
0.00594860268756747
0.00594860315322876
0.00594860408455133
0.00594860455021262
0.00594860501587391
0.00594860594719648
0.00594860641285777
0.00594860734418035
0.00594860734418035
0.00594860780984163
0.00594860827550292
0.00594860920682549
0.00594860967248678
0.00594861013814807
0.00594861106947064
0.00594861153513193
0.00594861200079322
0.00594861200079322
0.00594861246645451
0.00594861246645451
0.00594861339777708
0.00594861386343837
0.00594861432909966
0.00594861479476094
0.00594861572608352
0.00594861572608352
0.0059486161917448
0.00594861665740609
0.00594861758872867
0.00594861805438995
0.00594861852005124
0.00594861945137382
0.00594861945137382
0.0059486199170351
0.00594862038269639
0.00594862084835768
0.00594862131401896
0.00594862177968025
0.00594862271100283
0.00594862271100283
0.00594862317666411
0.0059486236423254
0.00594862410798669
0.00594862503930926
0.00594862597063184
0.00594862643629313
0.00594862690195441
0.00594862783327699
0.00594862783327699
0.00594862876459956
0.00594862923026085
0.00594862969592214
0.00594863016158342
0.00594863062724471
0.00594863155856729
0.00594863202422857
0.00594863248988986
0.00594863295555115
0.00594863342121243
0.00594863388687372
0.00594863435253501
0.0059486348181963
0.00594863528385758
0.00594863574951887
0.00594863668084145
0.00594863668084145
0.00594863714650273
0.00594863807782531
0.0059486385434866
0.00594863947480917
0.00594863947480917
0.00594863994047046
0.00594864040613174
0.00594864133745432
0.00594864180311561
0.00594864226877689
0.00594864320009947
0.00594864320009947
0.00594864366576076
0.00594864459708333
0.00594864459708333
0.00594864506274462
0.0059486455284059
0.00594864645972848
0.00594864645972848
0.00594864692538977
0.00594864785671234
0.00594864878803492
0.00594864878803492
0.00594864878803492
0.0059486492536962
0.0059486492536962
0.0059486492536962
0.0059486492536962
0.0059486492536962
0.00594864971935749
0.00594864971935749
0.00594865018501878
0.00594865065068007
0.00594865158200264
0.00594865251332521
0.00594865344464779
0.00594865391030908
0.00594865437597036
0.00594865530729294
0.00594865530729294
0.00594865577295423
0.0059486567042768
0.00594865763559937
0.00594865856692195
0.00594865949824452
0.00594865996390581
0.0059486604295671
0.00594866136088967
0.00594866136088967
0.00594866182655096
0.00594866275787354
0.00594866368919611
0.0059486641548574
0.00594866462051868
0.00594866555184126
0.00594866601750255
0.00594866648316383
0.00594866694882512
0.00594866834580898
0.00594866834580898
0.00594866881147027
0.00594866927713156
0.00594866974279284
0.00594867067411542
0.00594867113977671
0.00594867160543799
0.00594867253676057
0.00594867253676057
0.00594867300242186
0.00594867393374443
0.00594867486506701
0.00594867579638958
0.00594867579638958
0.00594867626205087
0.00594867719337344
0.00594867765903473
0.00594867812469602
0.0059486785903573
0.00594867952167988
0.00594868045300245
0.00594868138432503
0.00594868184998631
0.0059486823156476
0.00594868278130889
0.00594868371263146
0.00594868464395404
0.00594868557527661
0.00594868557527661
0.0059486860409379
0.00594868697226048
0.00594868743792176
0.00594868790358305
0.00594868836924434
0.00594868930056691
0.0059486897662282
0.00594869023188949
0.00594869116321206
0.00594869116321206
0.00594869162887335
0.00594869256019592
0.0059486934915185
0.00594869442284107
0.00594869535416365
0.00594869581982493
0.00594869581982493
0.00594869581982493
0.00594869628548622
0.00594869628548622
0.00594869675114751
0.0059486972168088
0.00594869768247008
0.00594869814813137
0.00594869861379266
0.00594869861379266
0.00594869907945395
0.00594869907945395
0.00594870001077652
0.00594870047643781
0.00594870094209909
0.00594870094209909
0.00594870140776038
0.00594870187342167
0.00594870233908296
0.00594870373606682
0.00594870466738939
0.00594870466738939
0.00594870513305068
0.00594870559871197
0.00594870653003454
0.00594870699569583
0.00594870746135712
0.0059487079270184
0.00594870839267969
0.00594870885834098
0.00594870932400227
0.00594871025532484
0.00594871072098613
0.00594871118664742
0.00594871118664742
0.00594871118664742
0.0059487116523087
0.0059487116523087
0.00594871211796999
0.00594871304929256
0.00594871398061514
0.00594871398061514
0.00594871491193771
0.00594871491193771
0.005948715377599
0.00594871584326029
0.00594871630892158
0.00594871724024415
0.00594871770590544
0.00594871770590544
0.00594871770590544
0.00594871770590544
0.00594871770590544
0.00594871770590544
0.00594871817156672
0.00594871817156672
0.00594871817156672
0.00594871863722801
0.0059487191028893
0.00594872003421187
0.00594872049987316
0.00594872096553445
0.00594872143119574
0.00594872236251831
0.0059487228281796
0.00594872375950217
0.00594872422516346
0.00594872469082475
0.00594872562214732
0.00594872608780861
0.0059487265534699
0.00594872748479247
0.00594872748479247
0.00594872795045376
0.00594872841611505
0.00594872934743762
0.00594872981309891
0.00594873027876019
0.00594873121008277
0.00594873167574406
0.00594873167574406
0.00594873260706663
0.00594873353838921
0.00594873400405049
0.00594873446971178
0.00594873540103436
0.00594873540103436
0.00594873586669564
0.00594873679801822
0.00594873772934079
0.00594873819500208
0.00594873912632465
0.00594873959198594
0.00594874005764723
0.0059487409889698
0.00594874145463109
0.00594874192029238
0.00594874285161495
0.00594874285161495
0.00594874331727624
0.00594874424859881
0.00594874517992139
0.00594874517992139
0.00594874611124396
0.00594874657690525
0.00594874704256654
0.00594874750822783
0.00594874797388911
0.00594874890521169
0.00594874937087297
0.00594875030219555
0.00594875076785684
0.00594875169917941
0.0059487521648407
0.00594875263050199
0.00594875309616327
0.00594875402748585
0.00594875495880842
0.00594875542446971
0.00594875542446971
0.005948755890131
0.00594875635579228
0.00594875728711486
0.00594875821843743
0.00594875914976001
0.0059487596154213
0.00594876008108258
0.00594876101240516
0.00594876101240516
0.00594876147806644
0.00594876240938902
0.00594876287505031
0.00594876334071159
0.00594876380637288
0.00594876427203417
0.00594876473769546
0.00594876566901803
0.00594876566901803
0.00594876613467932
0.00594876706600189
0.00594876753166318
0.00594876846298575
0.00594876846298575
0.00594876892864704
0.00594876985996962
0.0059487703256309
0.00594877079129219
0.00594877125695348
0.00594877218827605
0.00594877218827605
0.00594877265393734
0.00594877265393734
0.00594877311959863
0.00594877358525991
0.00594877451658249
0.00594877544790506
0.00594877637922764
0.00594877684488893
0.00594877731055021
0.00594877824187279
0.00594877870753407
0.00594877917319536
0.00594877963885665
0.00594878057017922
0.0059487815015018
0.00594878289848566
0.00594878289848566
0.00594878382980824
0.00594878429546952
0.00594878476113081
0.0059487852267921
0.00594878615811467
0.00594878708943725
0.00594878802075982
0.00594878848642111
0.0059487889520824
0.00594878941774368
0.00594879034906626
0.00594879128038883
0.00594879221171141
0.00594879267737269
0.00594879314303398
0.00594879360869527
0.00594879407435656
0.00594879454001784
0.00594879500567913
0.00594879593700171
0.00594879686832428
0.00594879779964685
0.00594879826530814
0.00594879873096943
0.00594879873096943
0.00594879873096943
0.00594879873096943
0.00594879919663072
0.005948799662292
0.00594880059361458
0.00594880059361458
0.00594880105927587
0.00594880152493715
0.00594880199059844
0.00594880292192101
0.00594880385324359
0.00594880385324359
0.00594880431890488
0.00594880525022745
0.00594880525022745
0.00594880571588874
0.00594880664721131
0.00594880757853389
0.00594880757853389
0.00594880850985646
0.00594880897551775
0.00594880944117904
0.00594880990684032
0.00594881037250161
0.00594881130382419
0.00594881270080805
0.00594881363213062
0.00594881363213062
0.0059488145634532
0.00594881502911448
0.00594881549477577
0.00594881596043706
0.00594881689175963
0.00594881689175963
0.00594881735742092
0.00594881782308221
0.00594881875440478
0.00594881922006607
