0.0
-4.29574847831065e-19
4.71243902211427e-06
2.98407503578346e-05
8.24021408334374e-05
0.000154127817950211
0.000240146357100457
0.000342274113791063
0.000466168305138126
0.000615120050497353
0.000786375312600285
0.000832162098959088
0.000879501749295741
0.000928867317270488
0.00097993016242981
0.00101921439636499
0.00104926456697285
0.0010797685245052
0.00110294914338738
0.00112645293120295
0.00115032528992742
0.00117455888539553
0.00119914009701461
0.00123662722762674
0.00129414279945195
0.00138298026286066
0.00152085581794381
0.00173544907011092
0.00180405401624739
0.0019082073122263
0.00194764835759997
0.00196249247528613
0.00198480905964971
0.00201834295876324
0.00206863880157471
0.00214381981641054
0.00225574523210526
0.00242177420295775
0.00266942381858826
0.00294096837751567
0.00320490961894393
0.0034606943372637
0.00370872439816594
0.00395037140697241
0.00418595690280199
0.00441369088366628
0.00463241897523403
0.00484280334785581
0.00504551455378532
0.0052407463081181
0.00542788719758391
0.00560600683093071
0.00577495945617557
0.00593479443341494
0.00608548568561673
0.00622706161811948
0.00635948125272989
0.00648271758109331
0.00659679668024182
0.00670169200748205
0.00679745059460402
0.0068841390311718
0.00696180341765285
0.00703052338212729
0.00709037017077208
0.00714140199124813
0.00718367984518409
0.00721720838919282
0.00724196340888739
0.0072579407133162
0.00726515147835016
0.00726559478789568
0.00726572889834642
0.00726573308929801
0.00726573960855603
0.00726574752479792
0.0072657554410398
0.0072657628916204
0.00726577080786228
0.00726577779278159
0.0072657847777009
0.00726579176262021
0.00726579874753952
0.00726580526679754
0.00726581225171685
0.00726581923663616
0.00726582575589418
0.00726583274081349
0.0072658397257328
0.00726584671065211
0.00726585416123271
0.00726586207747459
0.00726586999371648
0.00726587837561965
0.00726588629186153
0.00726589374244213
0.00726590119302273
0.00726590910926461
0.00726591655984521
0.00726592447608709
0.00726593192666769
0.00726593937724829
0.0072659463621676
0.00726595334708691
0.00726595940068364
0.00726596545428038
0.00726597057655454
0.00726597476750612
0.00726597895845771
0.00726598221808672
0.00726598547771573
0.00726598920300603
0.00726599246263504
0.00726599525660276
0.00726599805057049
0.0072660013101995
0.00726600410416722
0.00726600689813495
0.00726601015776396
0.00726601341739297
0.00726601667702198
0.00726601993665099
0.00726602319628
0.00726602459326386
