-0.0
2.8421709430404e-14
-3.70619090972468e-09
4.70161921839463e-07
1.36849612317747e-05
2.23535444092704e-05
2.49284712481312e-05
2.43406248046085e-05
2.96552298095776e-05
3.57697608706076e-05
3.10072900902014e-05
2.30546938837506e-05
1.695904211374e-05
5.13613376824651e-05
0.000168299826327711
0.000157147762365639
0.000138089439133182
8.97691716090776e-05
-4.41254087490961e-07
-1.89744532690383e-05
-3.79664234060328e-05
-5.46825613128021e-05
-7.10977765265852e-05
-9.56082658376545e-05
-0.000119809672469273
-0.000154067063704133
-0.000211986247450113
-0.000231939629884437
-0.000235000043176115
-0.000253744976362213
-0.00025928855757229
-0.000259462598478422
-0.000257974170381203
-0.000254169688560069
-0.000245385977905244
-0.000230717880185694
-0.000211834616493434
-0.000181101451744325
-0.000131108216010034
-9.45493520703167e-05
-6.07335714448709e-05
-5.5685803090455e-05
-3.68486798834056e-05
-2.51763194683008e-05
-7.43123673601076e-05
-6.55369003652595e-05
-6.03381449764129e-05
-5.01144604641013e-05
-4.11593027820345e-05
-2.98938466585241e-05
-2.25664043682627e-05
-4.85466807731427e-06
1.12082561827265e-05
2.40132631006418e-05
5.1951028581243e-06
-1.05581184470793e-05
-2.03933159355074e-05
-2.31544672715245e-05
-1.73111475305632e-05
-1.50270952872233e-05
-1.02100802905625e-05
-3.26506415149197e-06
1.51677159010433e-06
6.99367956258357e-06
1.44551695484552e-05
2.00721096916823e-05
2.74951471510576e-05
4.1806557419477e-05
3.38328791258391e-05
9.7481952252565e-06
-4.89771191496402e-05
-9.86121012829244e-05
-1.72924155776855e-05
-1.7225702322321e-05
-1.72384206962306e-05
-1.78416976268636e-05
-1.76621178979985e-05
-1.73889748111833e-05
-1.60947183758253e-05
-1.49491452248185e-05
-1.45563481055433e-05
-1.44314726640005e-05
-1.38283121486893e-05
-1.37936094688484e-05
-1.36042908707168e-05
-1.29601103253663e-05
-1.2008049452561e-05
-1.13774121928145e-05
-1.1199877008039e-05
-1.08232343336567e-05
-1.09962484202697e-05
-1.2016884284094e-05
-1.28903693621396e-05
-1.36330781970173e-05
-1.36017824843293e-05
-1.32414843392326e-05
-1.29682357510319e-05
-1.25663982544211e-05
-1.20901058835443e-05
-1.16335477287066e-05
-1.13448668344063e-05
-1.1104712029919e-05
-1.06626184788183e-05
-1.05516191979405e-05
-1.07087698779651e-05
-9.56298026721925e-06
-8.09920038591372e-06
-6.39949712422094e-06
-5.5189520935528e-06
-4.42876489614719e-06
-4.1742014218471e-06
-4.59798593510641e-06
-4.5107476580597e-06
-4.81682263853145e-06
-5.08218909089919e-06
-5.52062465430936e-06
-5.80674804950831e-06
-6.16449688095599e-06
-6.84241649651085e-06
-6.42171971776406e-06
-7.26873986423016e-06
-7.1116069193522e-06
-6.27502095085219e-06
-6.42819077256718e-06
