0.0
6.81107714777209e-35
2.96121727139109e-09
1.48190338222776e-07
2.73633474989765e-07
5.89963008224004e-07
7.38648452625057e-07
1.44327270845679e-06
2.86391014014953e-06
3.41335976372648e-06
3.90466402677703e-06
4.28968905907823e-06
4.58985641671461e-06
4.78720494356821e-06
4.29888905273401e-06
4.27573240813217e-06
4.19756725023035e-06
4.1099719965132e-06
4.05012906412594e-06
4.02770865548518e-06
4.06377557737869e-06
3.97319035982946e-06
4.36573100159876e-06
4.91919627165771e-06
5.06870946992422e-06
5.22949630976655e-06
5.54990720047499e-06
5.68077166462899e-06
5.76212823943933e-06
5.86547821512795e-06
5.87102249482996e-06
5.88039574722643e-06
5.81924723519478e-06
5.64326865060139e-06
5.57736984774237e-06
5.46974979442894e-06
5.4097872634884e-06
5.16985483045573e-06
5.07682261741138e-06
4.94236428494332e-06
4.48366063210415e-06
4.21482809542795e-06
3.56241594090534e-06
3.24356096825795e-06
3.10809468828666e-06
2.84576276499138e-06
2.46673243964324e-06
1.68208123341174e-06
1.32776585815009e-06
1.22040978567384e-06
1.18858190489846e-06
1.17998297355371e-06
1.17563467938453e-06
1.171000803879e-06
1.16491128210328e-06
1.15602256300917e-06
1.14379906790418e-06
1.12624559278629e-06
1.09836389583506e-06
1.05248841464345e-06
9.96353719528997e-07
9.43470467973384e-07
9.04132889445464e-07
9.61419800660224e-07
1.09126733605081e-06
1.11919371192926e-06
1.02038563909446e-06
8.65786830672732e-07
7.31713043933269e-07
7.02602278579434e-07
7.8067091635603e-07
9.14779377580999e-07
1.04898697372846e-06
1.02418971437146e-06
8.86059979166021e-07
7.37221284907719e-07
6.20337175405439e-07
5.99883094309916e-07
6.6960592448595e-07
7.45335341889586e-07
8.47313231133739e-07
9.24229084375838e-07
9.43011684739758e-07
8.44045757730782e-07
7.42274835374701e-07
6.38530650576286e-07
6.06205560416129e-07
6.19329227902199e-07
6.69949315579288e-07
7.26998052869021e-07
8.10726703548426e-07
8.98973723906238e-07
8.76426440754585e-07
8.01084638624161e-07
6.5150391037605e-07
5.7278430176666e-07
5.2966794328313e-07
5.29568239926448e-07
5.50143965938332e-07
6.0649290389847e-07
6.51471452783881e-07
7.12163341631822e-07
7.73276497056941e-07
8.59230908645259e-07
8.14155384887272e-07
7.71480245020939e-07
6.58789190310927e-07
5.54129883312271e-07
4.92156630116369e-07
4.62562354641705e-07
4.60624164588808e-07
4.73011624535502e-07
5.19494335549098e-07
5.94106154494511e-07
6.58301075873169e-07
7.12065400421125e-07
7.87033854976471e-07
8.43717771203956e-07
8.35161131362838e-07
7.50222341139306e-07
6.46208320631558e-07
4.8708596978031e-07
3.96174044681175e-07
3.78379866106116e-07
3.60911201369163e-07
3.66812372476488e-07
3.80610828187855e-07
4.1676020146042e-07
4.709968663974e-07
5.28567284163728e-07
5.84458177854685e-07
6.59800377889042e-07
7.29590340142749e-07
8.0769615351528e-07
9.02933777524595e-07
9.34709305511205e-07
7.84626990935067e-07
6.34804166566028e-07
5.01896579407912e-07
3.35390637928867e-07
2.81493726106419e-07
2.64067921307287e-07
2.55258413517367e-07
2.67976417944737e-07
2.91285800813057e-07
3.22941986041769e-07
3.43395043955752e-07
3.76522081069197e-07
4.1832848296508e-07
4.71581785177477e-07
5.14860005296214e-07
