0.0
8.72382983629905e-08
6.7912672818693e-08
6.59886083553829e-08
6.57980763207888e-08
6.57779679613668e-08
6.57754810617917e-08
6.57752963206804e-08
6.57756302757662e-08
6.57754455346549e-08
6.57756586974756e-08
6.57754455346549e-08
1.00845809924976e-07
3.05350596363496e-07
7.15624310032581e-07
7.44326086987712e-07
1.25959593333391e-06
3.32777426592656e-06
5.74693376620417e-06
7.90413378126686e-06
9.82444908004254e-06
1.18995303637348e-05
1.3915472663939e-05
1.57757804117864e-05
1.8178739992436e-05
2.32393758778926e-05
2.84974157693796e-05
3.397862019483e-05
3.86715837521479e-05
4.22528173658065e-05
4.51173218607437e-05
4.78770234622061e-05
5.08820448885672e-05
5.09860401507467e-05
5.25090435985476e-05
5.33528545929585e-05
5.55285769223701e-05
5.54667822143529e-05
5.77511855226476e-05
6.18330959696323e-05
6.73374597681686e-05
7.04096164554358e-05
7.4110874265898e-05
7.75252119638026e-05
7.77195455157198e-05
7.78482790337875e-05
7.78544199420139e-05
7.78556932345964e-05
7.78565954533406e-05
7.78574831201695e-05
7.78587636887096e-05
7.78599496698007e-05
7.78609537519515e-05
7.78616449679248e-05
7.78617977630347e-05
7.7861208410468e-05
7.78598041506484e-05
7.78571120463312e-05
7.78546236688271e-05
7.78523026383482e-05
7.78520770836622e-05
7.78530156821944e-05
7.78544053900987e-05
7.78556641307659e-05
7.78571120463312e-05
7.78585454099812e-05
7.78599860495888e-05
7.78619869379327e-05
7.7865035564173e-05
7.78694593464024e-05
7.7875709393993e-05
7.78842440922745e-05
7.78950998210348e-05
7.79081383370794e-05
7.79210968175903e-05
7.79297261033207e-05
7.7930286352057e-05
7.7931115811225e-05
7.79312540544197e-05
7.79312031227164e-05
7.79311449150555e-05
7.79310721554793e-05
7.79309411882423e-05
7.79307083575986e-05
7.79303736635484e-05
7.79298643465154e-05
7.79289111960679e-05
7.79276670073159e-05
7.79260153649375e-05
7.79234323999844e-05
7.79209003667347e-05
7.79181864345446e-05
7.79185866122134e-05
7.79192996560596e-05
7.7919932664372e-05
7.79205220169388e-05
7.79210677137598e-05
7.79215333750471e-05
7.79220790718682e-05
7.79228648752905e-05
7.79240799602121e-05
7.79258771217428e-05
7.79285546741448e-05
7.79335168772377e-05
7.79436159064062e-05
7.79649999458343e-05
7.80131158535369e-05
7.81223861849867e-05
7.83856739872135e-05
7.9031648056116e-05
7.99357876530848e-05
8.09935590950772e-05
8.15876119304448e-05
8.15645689726807e-05
8.15404346212745e-05
8.15191815490834e-05
8.14956874819472e-05
8.14024824649096e-05
8.13715523690917e-05
8.13374354038388e-05
8.12985526863486e-05
8.12345970189199e-05
8.11452337075025e-05
8.10388592071831e-05
8.0829908256419e-05
8.06609095889144e-05
8.04861338110641e-05
8.02142603788525e-05
7.97740067355335e-05
7.92789069237188e-05
7.87951503298245e-05
7.8366203524638e-05
7.78171597630717e-05
7.69987309467979e-05
7.56023291614838e-05
7.51952029531822e-05
7.47909798519686e-05
7.4386662163306e-05
7.36381989554502e-05
7.3428665928077e-05
7.3209208494518e-05
7.28205995983444e-05
7.22764816600829e-05
7.16268914402463e-05
7.08256047801115e-05
6.94945847499184e-05
6.72040914651006e-05
6.4913387177512e-05
6.31716393399984e-05
6.17220284766518e-05
6.06487010372803e-05
6.00330313318409e-05
5.96498030063231e-05
5.94791308685672e-05
5.94006742176134e-05
5.93672593822703e-05
5.9348159993533e-05
5.93349686823785e-05
5.93237309658434e-05
5.93103795836214e-05
5.92907599639148e-05
5.92608630540781e-05
5.92165670241229e-05
5.91502939641941e-05
5.90652780374512e-05
5.89673545619007e-05
5.88000511925202e-05
5.85317211516667e-05
5.8113055274589e-05
5.74194818909746e-05
5.62738277949393e-05
5.48328498553019e-05
5.36953884875402e-05
5.24742135894485e-05
5.10445861436892e-05
4.93752595502883e-05
4.75820197607391e-05
4.58771974081174e-05
4.40357798652258e-05
4.21544136770535e-05
4.03717458539177e-05
3.84794984711334e-05
3.6496865504887e-05
3.45236621797085e-05
3.26210320054088e-05
3.077326255152e-05
2.90373518510023e-05
2.73671666946029e-05
2.568436684669e-05
2.38967331824824e-05
2.21061400225153e-05
2.03655345103471e-05
1.85109875019407e-05
1.61014067998622e-05
1.33453977468889e-05
1.03933416539803e-05
7.64907144912286e-06
5.32880449100048e-06
2.64757363765966e-06
1.73100136180437e-06
8.41930557271553e-07
6.44326462406752e-07
7.21285061899835e-07
8.48017293719749e-07
8.69715961471229e-07
8.71731003826426e-07
8.74779289006256e-07
8.76582646469615e-07
8.77347929417738e-07
8.78971434303821e-07
8.81580035638763e-07
8.81621247117437e-07
8.81205039604538e-07
8.80733296071412e-07
8.80494553712197e-07
8.80394338764745e-07
8.80232391864411e-07
8.80168443018192e-07
8.80144057191501e-07
8.80134848557645e-07
8.80117966062244e-07
8.80101310940518e-07
8.80095058164443e-07
8.80092670740851e-07
8.80091818089568e-07
8.80091477029055e-07
8.80090965438285e-07
8.80090283317259e-07
8.80090283317259e-07
