0.0
6.81492124954275e-08
9.55737505137222e-07
2.71540125140746e-06
6.58488443150418e-06
1.07841497083427e-05
1.30485259433044e-05
1.20160248116008e-05
1.15971233753953e-05
1.19609612738714e-05
1.21572320495034e-05
1.24090092867846e-05
1.28884421428666e-05
1.36014750751201e-05
1.45996227729484e-05
1.53859873535112e-05
1.53707896970445e-05
1.53471828525653e-05
1.53053242684109e-05
1.52481206896482e-05
1.51571293827146e-05
1.50110554386629e-05
1.47982782436884e-05
1.44946088767028e-05
1.43149791256292e-05
1.3798191503156e-05
1.28262972793891e-05
1.19022615763242e-05
1.12169609565171e-05
1.04388018371537e-05
9.66466996032977e-06
9.01268322195392e-06
8.223897566495e-06
6.87376041241805e-06
5.62987361263367e-06
4.28003977503977e-06
2.97768247037311e-06
1.48580477343785e-06
1.09374843759724e-06
3.8239844002419e-07
2.86511124159006e-07
1.3049954361577e-07
3.86999188251025e-09
3.86999188251025e-09
