0.0
0.0
1.02961882930686e-06
7.99534245743416e-06
2.16951575566782e-05
4.08504965889733e-05
7.62429772294126e-05
0.000116175920993555
0.000169753184309229
0.000232319172937423
0.00030742643866688
0.000395289011066779
0.000516034022439271
0.000637683959212154
0.000707169820088893
0.000762781652156264
0.000804450886789709
0.000810714729595929
0.000812318117823452
0.000812721438705921
0.000812801241409034
0.000812839658465236
0.000812835583928972
0.000812793034128845
0.000812773418147117
0.000812804326415062
0.000812832731753588
0.000812848447822034
0.000812827085610479
0.0008128029294312
0.000812790764030069
0.000812714803032577
0.000812606071121991
0.0008124970481731
0.000812314276117831
0.000812162761576474
0.000811875856015831
0.000811526086181402
0.00081151386257261
0.000811500533018261
0.000811480509582907
0.000811462465208024
0.000811447273008525
0.000811444595456123
0.000811464444268495
0.000811490055639297
0.000811515550594777
0.000811531266663224
0.000811532547231764
0.000811521720606834
0.000811508449260145
0.000811489997431636
0.000811469682957977
0.000811437610536814
0.000811406702268869
0.000811385689303279
0.000811375968623906
0.000811408972367644
0.000811437959782779
0.000811464502476156
0.000811501347925514
0.000811528821941465
0.000811543839517981
0.000811542151495814
0.000811541569419205
0.000811536563560367
0.000811515550594777
0.000811496865935624
0.000811450940091163
0.000811419042292982
0.000811389705631882
0.000811357807833701
0.000811372185125947
0.000811374746263027
0.000811363745015115
0.000811374688055366
0.000811388599686325
0.000811413628980517
0.000811472535133362
0.000811491801869124
0.000811509962659329
0.000811533303931355
0.000811548437923193
0.000811539823189378
0.000811530044302344
0.000811504665762186
0.00081148388562724
0.000811460544355214
0.000811433070339262
0.000811410194728523
0.000811410951428115
0.000811390462331474
0.000811372126918286
0.000811382604297251
0.000811355945188552
0.00081141636474058
0.000811417878139764
0.000811406935099512
0.000811472069472075
0.000811488018371165
0.000811490463092923
