0.0
3.31815476783959e-06
2.02482842723839e-05
5.56914201297332e-05
6.68628126732074e-05
7.83910509198904e-05
8.98933649295941e-05
9.41181497182697e-05
0.000100222488981672
0.00010773374378914
0.000117309740744531
0.000134420391987078
0.000158720838953741
0.000192222054465674
0.00025637136423029
0.000334756070515141
0.00042389435111545
0.00052095961291343
0.000556840968783945
0.000593618548009545
0.000631336821243167
0.000670447130687535
0.000711138127371669
0.000713727727998048
0.000716321577783674
0.000718919152859598
0.000721519405487925
0.000724118552170694
0.000724767567589879
0.000725415826309472
0.000726385856978595
0.00072783074574545
0.000729256251361221
0.000730650906916708
0.000731993117369711
0.000732958258595318
0.000733896333258599
0.00073527020867914
0.000735776440706104
0.000736526621039957
0.000737627735361457
0.000739188224542886
0.000739736016839743
0.000739934446755797
0.000740217103157192
0.000740315881557763
0.000740443414542824
0.000740527000743896
0.000740527000743896
0.000740527058951557
0.000740527058951557
0.000740527058951557
0.000740527058951557
0.000740527058951557
