0.0
4.79747441772815e-08
1.06947773019783e-05
4.04017555410974e-05
9.54537972575054e-05
0.000175942594069056
0.000278166204225272
0.000398749660234898
0.000539069529622793
0.000701161625329405
0.000883709348272532
0.00108748325146735
0.00131358089856803
0.00155577657278627
0.00181466690264642
0.00208728108555079
0.0021574916318059
0.00218397821299732
0.0021938793361187
0.00219449936412275
0.0021951193921268
0.00219604908488691
0.00219744350761175
0.00219953549094498
0.00220031966455281
0.00220149639062583
0.00220326147973537
0.00220591016113758
0.00220988341607153
0.00221584411337972
0.00222181854769588
0.00222778297029436
0.00223226333037019
0.00223394716158509
0.00223562843166292
0.00223731063306332
0.00223899190314114
0.00224067433737218
0.00224235584028065
0.00224403874017298
0.00224572117440403
0.00224824459291995
0.00225203018635511
0.00225770217366517
0.00225912313908339
0.00226054154336452
0.00226195948198438
0.00226337718777359
0.00226550339721143
0.00226630037650466
0.00226749572902918
0.00226928875781596
0.00227197795175016
0.00227601127699018
0.00227752327919006
0.00227979104965925
0.00228064111433923
0.00228191632777452
0.0022838287986815
0.0022866977378726
0.00228777341544628
0.00228938646614552
0.00229180650785565
0.00229271361604333
0.00229407427832484
0.0022961157374084
0.00229917676188052
0.00230376981198788
0.00230549019761384
0.00230721151456237
0.00230893353000283
0.00231065414845943
0.00231237523257732
0.00231409701518714
0.00231474218890071
0.00231571006588638
0.00231716223061085
0.00231933780014515
0.00232015503570437
0.00232137972488999
0.00232321606017649
0.00232390430755913
0.00232493714429438
0.00232648593373597
0.00232880865223706
0.00233229040168226
0.00233359728008509
0.00233408669009805
0.00233482150360942
0.00233592325821519
0.00233757589012384
0.00233819521963596
0.00233912491239607
0.00234051886945963
0.00234260759316385
0.00234574405476451
0.00234691775403917
0.0023486795835197
0.00235132244415581
0.00235231290571392
0.00235379883088171
0.00235602795146406
0.00235937093384564
0.00236437981948256
0.0023719051387161
0.00238314154557884
0.00238596205599606
0.00238877208903432
0.00239158072508872
0.00239439168944955
0.00239544408395886
0.00239702337421477
0.00239939335733652
0.00240028090775013
0.00240161269903183
0.00240360549651086
0.00240435427986085
0.00240547675639391
0.00240715849213302
0.00240884069353342
0.00241051940247416
0.00241304165683687
0.00241398508660495
0.00241540209390223
0.00241752644069493
0.00241965265013278
0.00242177746258676
0.00242390343919396
0.0024260301142931
0.00242815795354545
0.00243134936317801
0.00243614101782441
0.00243734079413116
0.00243853940628469
0.00244033941999078
0.00244101393036544
0.00244202674366534
0.00244354573078454
0.00244582584127784
0.00244753714650869
0.00244925008155406
0.00245182006619871
0.00245568132959306
0.00245664780959487
0.00245761452242732
0.00245906575582922
0.00246124458499253
3.40282346638529e+38
0.00246943300589919
0.00247682514600456
0.00247867149300873
0.00248005799949169
0.00248144543729722
0.00248352740891278
0.00248430855572224
0.0024854801595211
0.00248723826371133
0.00248789717443287
0.00248888647183776
0.00249036960303783
0.00249259592965245
0.00249426509253681
0.00249593518674374
0.00249656126834452
0.00249750073999166
0.00249890959821641
0.00250102416612208
0.00250313803553581
0.00250525260344148
0.00250736763700843
0.00250948336906731
0.0025102763902396
0.00251146662048995
0.00251325126737356
0.00251503637991846
0.00251682242378592
0.00251749181188643
0.00251849624328315
0.00252000265754759
0.00252226344309747
0.00252565206028521
0.00252904533408582
0.00253243395127356
0.00253582489676774
0.00253667193464935
0.00253751990385354
0.00253879092633724
0.00254069804213941
0.00254260562360287
0.00254451297223568
0.00254641962237656
0.00254832673817873
0.00255023455247283
0.00255214143544436
0.00255404855124652
0.00255595636554062
0.00255786324851215
0.00255977036431432
0.00256167817860842
0.00256358529441059
0.00256549241021276
0.0025674004573375
0.00256930780597031
0.00257121538743377
0.00257312227040529
0.00257383775897324
0.00257491017691791
0.00257651996798813
0.00257812952622771
0.00257973908446729
0.00258215260691941
0.00258577568456531
0.00258939363993704
0.00259301532059908
0.00259663653559983
0.00260025635361671
0.002605683170259
0.00261380639858544
0.00262594129890203
0.00264405598863959
0.00267109926789999
0.00271145137958229
0.00277209305204451
0.00287107541225851
0.00301704648882151
0.00321554951369762
0.00347111118026078
0.00370289478451014
0.00394651899114251
0.00413195230066776
0.00427898252382874
0.00439583696424961
0.00454469164833426
0.00459878286346793
0.00460416125133634
0.00461604353040457
0.00461800629273057
0.00461655762046576
0.00461219623684883
0.00461008539423347
0.00460938271135092
0.00460866326466203
0.00460840947926044
0.00460723228752613
0.00460652727633715
0.00460639828816056
0.00460637221112847
0.00460635684430599
0.00460635218769312
0.00460634659975767
0.00460634240880609
0.00460633914917707
0.00460633682087064
0.00460633542388678
0.00460633402690291
0.00460633402690291
0.00460633402690291
0.00460633356124163
0.00460633356124163
0.00460633262991905
0.00460633169859648
0.00460633262991905
0.00460633635520935
0.00460612261667848
0.00460230279713869
0.00459335139021277
0.00458895741030574
0.00458880374208093
0.00457192584872246
0.00457127066329122
0.00457126786932349
0.00456510065123439
0.00455374922603369
0.00455374922603369
