0.0
2.09428336006567e-07
4.37716579426706e-07
1.28881106320478e-06
2.14115607377607e-06
2.81794518741663e-06
3.70708858099533e-06
5.17015996592818e-06
8.093084943539e-06
1.28860574477585e-05
1.93587493413361e-05
2.76100618066266e-05
3.73715738533065e-05
4.3079777242383e-05
4.96822103741579e-05
4.98526787851006e-05
5.00072310387623e-05
5.01493523188401e-05
5.02896182297263e-05
5.04478775837924e-05
5.06304641021416e-05
5.07871372974478e-05
5.09733399667311e-05
5.11389043822419e-05
5.13065606355667e-05
5.14769744768273e-05
5.16634572704788e-05
5.18869783263654e-05
5.22543959959876e-05
5.25617215316743e-05
5.28548516740557e-05
5.3265190217644e-05
5.36881088919472e-05
5.38060994585976e-05
5.39336651854683e-05
5.40869878022932e-05
5.4260395700112e-05
5.44852118764538e-05
5.48174321011174e-05
5.5075634008972e-05
5.53787322132848e-05
5.56935956410598e-05
5.59961445105728e-05
5.62757522857282e-05
5.65064146940131e-05
5.6697001127759e-05
5.6864446378313e-05
5.70212323509622e-05
5.72455719520804e-05
5.7567420299165e-05
5.80385967623442e-05
5.87488757446408e-05
5.97736725467257e-05
6.13386728218757e-05
6.38418568996713e-05
6.75974079058506e-05
7.31515683582984e-05
7.88367979112081e-05
8.46281545818783e-05
8.47476840135641e-05
8.48384370328858e-05
8.49283533170819e-05
8.50173601065762e-05
8.51496079121716e-05
8.53462261147797e-05
8.5642677731812e-05
8.57532213558443e-05
8.59191204654053e-05
8.60903382999822e-05
8.6224390543066e-05
8.63730019773357e-05
8.64940666360781e-05
8.66187547217123e-05
8.67508788360283e-05
8.68905262905173e-05
8.70469229994342e-05
8.72540404088795e-05
8.74575198395178e-05
8.77064521773718e-05
8.79642029758543e-05
8.83425818756223e-05
8.88879221747629e-05
8.95030971150845e-05
9.0279005235061e-05
9.05063934624195e-05
9.07802823348902e-05
9.11301831365563e-05
9.15533892111853e-05
9.2134483566042e-05
9.25840795389377e-05
9.29717716644518e-05
9.3479233328253e-05
9.41692633205093e-05
9.47752196225338e-05
9.53068374656141e-05
9.57634547376074e-05
9.61447804002091e-05
9.65851941145957e-05
9.69385146163404e-05
9.72450652625412e-05
9.76512092165649e-05
9.82094061328098e-05
9.90331682260148e-05
0.000100284545624163
0.000102168181911111
0.000105027073004749
0.00010776991257444
0.000110462991870008
0.00011473512131488
0.000117502044304274
0.000119892691145651
0.000122214551083744
0.000124489146401174
0.000127974839415401
0.000133360998006538
0.000141469514346682
0.000154674096847884
0.000179969865712337
0.000219658846617676
0.000224179064389318
0.000224520554183982
0.000224859686568379
0.000225383206270635
0.000226215182919987
0.000227552285650745
0.000228966528084129
0.000230452715186402
0.000232069651247002
0.000234651422942989
0.00023915981000755
0.000244007242145017
0.000249059696216136
0.000254159327596426
0.000259305379586294
0.000266948918579146
0.000278260908089578
0.000289511284790933
0.000298018450848758
0.000306170026306063
0.000314276985591277
0.000322512205457315
0.000334413576638326
0.000343347870511934
0.000352145580109209
0.000365101674105972
0.000384100625524297
0.000411881454056129
0.000452360254712403
0.000510709243826568
0.000595618330407888
0.00072031281888485
0.000914383330382407
0.00120369391515851
0.00150698563084006
0.00179437838960439
0.00206974591128528
0.00231586815789342
0.00253505329601467
0.00273028039373457
0.00290673994459212
0.00304399407468736
0.00314159481786191
0.00320565630681813
0.00323403743095696
0.00323498179204762
0.00320348795503378
0.00320355058647692
0.0032035238109529
0.00320352520793676
0.00320352474227548
0.00320352474227548
0.00320352474227548
0.00320352474227548
0.00319920596666634
0.00319920596666634
