0.0
7.72606938426179e-07
5.75801732338732e-06
1.33426792672253e-05
3.06264992104843e-05
5.15539504704066e-05
5.76767015445512e-05
6.33066665614024e-05
6.86334315105341e-05
7.21722099115141e-05
7.59910471970215e-05
8.28531701699831e-05
8.29612326924689e-05
8.30435019452125e-05
8.31245633889921e-05
8.32458899822086e-05
8.34269958431832e-05
8.36971448734403e-05
8.40976208564825e-05
8.46906477818266e-05
8.49146454129368e-05
8.5075844253879e-05
8.52231532917358e-05
8.53417368489318e-05
8.53690289659426e-05
8.51077493280172e-05
8.49841380841099e-05
8.49568314151838e-05
8.50000651553273e-05
8.50835931487381e-05
8.51986551424488e-05
8.54159006848931e-05
8.57698469189927e-05
8.63070599734783e-05
8.7093903857749e-05
8.82387394085526e-05
8.98962753126398e-05
9.21039390959777e-05
9.53350245254114e-05
9.89451800705865e-05
0.000103109072369989
0.000109150329080876
0.000114862719783559
0.000120320051792078
0.000128955522086471
0.000136435599415563
0.000136917326017283
0.000137418115627952
0.00013786944327876
0.000138253293698654
0.000138593575684354
0.000139032272272743
0.000139382085762918
0.000139558309456334
0.000139584444696084
0.000139591938932426
0.00013969128485769
0.000139846335514449
0.000140031595947221
0.000140231481054798
0.000140547825139947
0.000141034863190725
0.000141770389745943
0.000142868782859296
0.000144494595588185
0.000146954713272862
0.000150669948197901
0.000157027068780735
0.00016826308274176
0.000181541458005086
0.000196687062270939
0.000213189137866721
0.000227254990022629
0.00022500786872115
0.00021578480664175
0.000192847073776647
0.000155482848640531
0.000103251011751126
3.75579220417421e-05
8.3377817645669e-06
8.33886588225141e-06
8.34182264952688e-06
8.34469301480567e-06
8.34818001749227e-06
8.34669299365487e-06
8.34423735796008e-06
8.34455840958981e-06
8.34831462270813e-06
8.3578388512251e-06
8.36528579384321e-06
8.3753357102978e-06
8.37863171909703e-06
8.37719653645763e-06
8.36957860883558e-06
8.36701201478718e-06
8.3657932918868e-06
8.36970593809383e-06
8.37864172353875e-06
8.38719370221952e-06
8.39526364870835e-06
8.40415759739699e-06
8.40067059471039e-06
8.39604672364658e-06
8.3906743384432e-06
8.38807500258554e-06
8.38933010527398e-06
8.38542109704576e-06
8.39147924125427e-06
8.39385575091001e-06
8.40858501760522e-06
8.41568635223666e-06
8.42529516376089e-06
8.4231951404945e-06
8.41913879412459e-06
8.41728979139589e-06
8.4166294982424e-06
8.41572182253003e-06
8.41572182253003e-06
