0.0
1.61788224579945e-31
3.23815424962959e-06
1.48620592881343e-05
3.26513472828083e-05
6.89021544530988e-05
0.000124562997370958
0.000200272115762345
0.000297601305646822
0.000416939175920561
0.000559277948923409
0.000724961049854755
0.00090800115140155
0.00110867118928581
0.00134117831476033
0.00160183815751225
0.00188433576840907
0.00218906882219017
0.00226823170669377
0.00238818349316716
0.00257019535638392
0.00284591387026012
0.00292820204049349
0.00305133895017207
0.00309774279594421
0.00310203968547285
0.00310365692712367
0.00310609466396272
0.0031085351947695
0.00311097456142306
0.00311463559046388
0.00312011758796871
0.00312834535725415
0.00313142011873424
0.00313449837267399
0.00313757150433958
0.00314218294806778
0.00314908614382148
0.00315425242297351
0.0031594205647707
0.00316458428278565
0.00316974264569581
0.0031774714589119
0.00318903615698218
0.00320633547380567
0.0032128153834492
0.00322250905446708
0.00323703582398593
0.00324247381649911
0.00324790878221393
0.00325333280488849
0.0032614644151181
0.00327362329699099
0.00329181924462318
0.00331901176832616
0.00335945305414498
0.00341858970932662
0.00351009843870997
0.00364844151772559
0.00384634081274271
0.00413767620921135
0.00442412635311484
0.00469882925972342
0.00495842564851046
0.00521437544375658
0.00545262359082699
0.00568909058347344
0.00591004965826869
0.00591643806546926
0.00592616107314825
0.00594038004055619
0.00596089148893952
0.00598989799618721
0.00604911101981997
0.00612662080675364
0.00619507860392332
0.00621284125372767
0.00623955065384507
0.00630884990096092
0.00631641503423452
0.00632764725014567
0.0063444972038269
0.00637028552591801
0.00640907231718302
0.00646471558138728
0.00653809728100896
0.00660607265308499
0.00666525680571795
0.00671446556225419
0.00675980746746063
0.00680304272100329
0.00684465141966939
0.00688123609870672
0.00691568572074175
0.00692416913807392
0.00693659763783216
0.00694120349362493
0.0069429543800652
0.00694311689585447
0.0069431783631444
0.00694327056407928
0.00694340886548162
0.00694361608475447
0.00694392621517181
0.00694439141079783
0.00694456649944186
0.00694482820108533
0.00694521935656667
0.00694580702111125
0.00694668106734753
0.00694800168275833
0.00694998167455196
0.00695072254166007
0.00695183407515287
0.00695349602028728
0.0069559677504003
0.00695963809266686
0.00696104066446424
0.00696157198399305
0.00696234405040741
0.00696349749341607
0.00696522183716297
0.00696782721206546
0.00697168847545981
0.00697726383805275
0.00697917398065329
0.00697987526655197
0.00698088947683573
0.00698237959295511
0.00698291650041938
0.00698374910280108
0.00698499660938978
0.00698693562299013
0.00698098307475448
0.00698496121913195
0.00698653003200889
0.00698878150433302
0.0069896369241178
0.00699088955298066
0.0069840531796217
0.00698678614571691
0.00699078803882003
0.00697371177375317
0.006976000033319
0.00697920378297567
0.00697432179003954
0.00697613134980202
0.00696922885254025
0.0069729327224195
0.00697826175019145
0.00697855651378632
0.00697874883189797
0.00697903009131551
0.0069791367277503
0.00697929644957185
0.00697953486815095
0.00697989203035831
0.00698042614385486
0.00698062730953097
0.00698092672973871
0.00698103941977024
0.00698120798915625
0.00698146177455783
0.00698185153305531
0.00698244012892246
0.00698263803496957
0.00698296166956425
0.00698308134451509
0.00698326341807842
0.00698353536427021
0.00698393955826759
0.00698455050587654
0.00698546320199966
0.00698554934933782
0.0069856746122241
0.0069858618080616
0.00698613468557596
0.00698625575751066
0.00698640756309032
0.00698663247749209
0.0069869589060545
0.00698741944506764
0.00698821945115924
0.0069882869720459
0.00698838103562593
0.00698851747438312
0.00698871538043022
0.00698899198323488
0.00698939943686128
0.00699008349329233
0.00699009886011481
0.00699012074619532
0.00699015380814672
0.00699020177125931
0.00699027301743627
0.00699038011953235
0.00699053984135389
0.00699078151956201
0.00699087092652917
0.00699090491980314
0.00699095614254475
0.00699103251099586
0.00699114752933383
0.006991321220994
0.00699158990755677
0.00699199875816703
0.00699256686493754
0.00699342554435134
0.00699469400569797
0.00697356555610895
0.006953205447644
0.00695431977510452
0.00695579033344984
0.00695784203708172
0.00695815961807966
0.00695844739675522
0.00695885298773646
0.00695946393534541
0.00696067605167627
0.00695302058011293
0.00695370929315686
0.00694498373195529
0.00694537116214633
0.00694593973457813
0.00692723970860243
0.00692738452926278
0.0069273984991014
0.00692723039537668
0.00692724576219916
0.00692752236500382
0.00691847363486886
0.00690961675718427
0.00690983887761831
0.00691011501476169
0.00691058114171028
0.00691078510135412
0.00691086472943425
0.00691100489348173
0.00691122468560934
0.0069112740457058
0.00691130571067333
0.00691135181114078
0.00691142305731773
0.0069115343503654
0.00691170711070299
0.00691198464483023
0.00691205263137817
0.00691209174692631
0.00691214809194207
0.00691217044368386
0.00691220303997397
0.00691221468150616
0.00691223330795765
0.00691226124763489
0.00691230315715075
0.00691236695274711
0.00691246474161744
0.00691249733790755
0.00691255088895559
0.00691263424232602
0.00691266218200326
0.0069127082824707
0.00691272551193833
0.00691273203119636
0.00691274181008339
0.0069127562455833
0.0069127781316638
0.00691281072795391
0.00691286055371165
0.0069129359908402
0.00691304774954915
0.00691321725025773
0.00691347988322377
0.00691389478743076
0.00691456068307161
0.00691559538245201
0.00691733229905367
0.00691737327724695
0.00691743614152074
0.0069175292737782
0.00691766850650311
0.00691787386313081
0.00690664304420352
0.00690674874931574
0.00689741503447294
0.00689742900431156
0.00689745089039207
0.00689748348668218
0.00689753191545606
0.00689755054190755
0.0068975780159235
0.00689761899411678
0.00688613951206207
0.00688623171299696
0.00688637048006058
0.00688657816499472
0.00687535014003515
0.00686390651389956
0.00686402292922139
0.00685347756370902
0.00685365265235305
0.0068536689504981
0.00685369363054633
0.00685373088344932
0.00685374485328794
0.00685376534238458
0.00685379654169083
0.00685384357348084
0.00685391388833523
0.00685401959344745
0.00685405917465687
0.00685411831364036
0.00684353662654757
0.00683411117643118
0.00683431141078472
0.00682394346222281
0.00682405522093177
0.00681349728256464
0.00681360950693488
0.00681377807632089
0.00681403186172247
0.00681412639096379
0.00681426841765642
0.00681448169052601
0.00681479973718524
0.00681528495624661
0.00681540509685874
0.00681552803143859
0.00680617103353143
0.00680635822936893
0.0068064252845943
0.00680652959272265
0.00680668745189905
0.00680692447349429
0.00680701108649373
0.0068071442656219
0.00680734310299158
0.00680741807445884
0.00680753029882908
0.00679821334779263
0.00679846620187163
0.00679856026545167
0.00679870136082172
0.0067989113740623
0.00679922476410866
0.00679969973862171
0.00680039450526237
0.00680045364424586
0.0068005477078259
0.00680068973451853
0.00680082943290472
0.00680096121504903
0.0068011712282896
0.00680146971717477
0.00680189905688167
0.00680205132812262
0.00680216448381543
0.0068022757768631
0.00680238474160433
0.00680254492908716
0.00680277682840824
0.00680310651659966
0.00680356519296765
0.00680373329669237
0.00680396845564246
0.00680431304499507
0.00680487556383014
0.00680569978430867
0.00680601457133889
0.006806128192693
0.00680624600499868
0.00680636521428823
0.00680654123425484
0.00680671446025372
0.00680689280852675
0.00680706650018692
0.00680724205449224
0.00680742086842656
0.00680768303573132
0.00680794846266508
0.00680821016430855
0.00680846441537142
0.00680872844532132
0.00680898921564221
0.00680924579501152
0.00680963508784771
0.0068100243806839
0.00681041460484266
0.00681044766679406
0.00681046163663268
0.00681048212572932
0.00681051285937428
0.00681055942550302
0.00681062834337354
0.00681073311716318
0.00681089051067829
0.00681112240999937
0.00681147584691644
0.00681201368570328
0.00681278435513377
0.00681389681994915
0.00681434199213982
0.00681499810889363
0.00681524118408561
0.00681559834629297
0.00681563746184111
0.006815689150244
0.0068157659843564
0.00681588193401694
0.00681605469435453
0.0068163201212883
0.00681641511619091
0.00681644026190042
0.00681646494194865
0.00681650172919035
0.00681655760854483
0.00681663816794753
0.00681676156818867
0.00681694177910686
0.00681718019768596
0.00681753363460302
0.00681766169145703
0.00681785866618156
0.00681814970448613
0.00681845098733902
0.00681874807924032
0.00681905541568995
0.00681935669854283
0.00681981211528182
0.00682051898911595
0.00682078348472714
0.00682119512930512
0.00682182190939784
0.00682204775512218
0.00682240864261985
0.00682294927537441
0.00682300142943859
0.00682301865890622
0.00682304240763187
0.00682305078953505
0.00682305404916406
0.00682305824011564
0.00682306475937366
0.00682307360693812
0.00682308617979288
0.00682310201227665
0.00682311877608299
0.00682312715798616
0.00682307593524456
0.00682277232408524
0.00682258745655417
0.00682223169133067
0.00682207336649299
0.0068220105022192
0.00682191364467144
0.00682176137343049
0.00682151783257723
0.00682112434878945
0.0068204952403903
0.00682024424895644
0.00681989314034581
0.00681937905028462
0.00681921048089862
0.00681895250454545
0.00681860186159611
0.00681815110146999
0.00681762536987662
0.00681712338700891
0.00681709125638008
0.00681704748421907
0.00681699067354202
0.00681697158142924
0.00681694643571973
0.00681693805381656
0.0068169254809618
0.00681690778583288
0.00681688729673624
0.00681686913594604
0.00681686121970415
0.00681689428165555
0.00681700464338064
0.00681724725291133
0.00681764911860228
0.00681832665577531
0.0068194861523807
0.00681994389742613
0.00682012224569917
0.00682039372622967
0.00682080816477537
0.00682084681466222
0.00682086125016212
0.00682088360190392
0.00682091666385531
0.00682096695527434
0.0068210419267416
0.0068211555480957
0.00682132737711072
0.00682158675044775
0.00682197324931622
0.00682211248204112
0.00682232202962041
