0.0
4.51026694291146e-13
8.30406761149344e-13
9.27100193490182e-13
1.08240738420917e-12
1.11371404720034e-12
1.15052422883927e-12
1.21665210458394e-12
1.31311053610389e-12
1.41389211536641e-12
1.45924852062995e-12
1.49308180836388e-12
1.89462443130062e-12
5.09989663347032e-12
1.63499040695125e-11
3.09523795483102e-11
5.29614442579263e-11
7.14274264734804e-11
9.04045657779129e-11
1.13665743484148e-10
1.50486720307264e-10
1.9789873906273e-10
2.40616054858478e-10
2.50810566759796e-10
2.68956884541538e-10
3.06947106620825e-10
3.74501901712065e-10
4.62565902248357e-10
4.87304641083597e-10
5.16481912793409e-10
5.64658542145935e-10
6.45923980968632e-10
7.5941747335051e-10
8.92839746580165e-10
1.05162867303221e-09
1.26224397600794e-09
1.65092595150185e-09
2.25274932041941e-09
2.42371833714117e-09
2.70471778307524e-09
3.18801451903994e-09
3.37644090464551e-09
3.66804608908922e-09
4.14957002092819e-09
4.98774888058051e-09
6.16861717261941e-09
7.7574631163202e-09
9.53984713447653e-09
1.23173959920564e-08
1.53449768447445e-08
1.86155766357388e-08
2.19996731942729e-08
2.5529937275337e-08
2.8975875920878e-08
3.21582867002235e-08
3.50420918948657e-08
3.76111266575663e-08
3.99333330847185e-08
4.20174472992585e-08
4.39050573675104e-08
4.43343388667472e-08
4.448838453186e-08
4.49785773071198e-08
4.51837429693569e-08
4.54193553878213e-08
4.57329747405311e-08
4.62374885046302e-08
4.62697045122695e-08
4.63010643159123e-08
4.63322074040207e-08
4.63793305982563e-08
4.63913423232043e-08
4.64031053581948e-08
4.641488260404e-08
4.64178668835302e-08
4.64208120831699e-08
4.64237466246686e-08
4.64244891418275e-08
4.6425224553559e-08
4.64259564125769e-08
4.64267309041588e-08
4.64273135492022e-08
4.64279068523865e-08
4.64285072609982e-08
4.64291147750373e-08
4.64300313751664e-08
4.64314346970696e-08
4.64328415716864e-08
4.64342804207263e-08
4.64357228224799e-08
4.64371687769471e-08
4.64386396004102e-08
4.64401068711595e-08
4.64415741419089e-08
4.64430485180856e-08
4.64445299996896e-08
4.64460221394347e-08
4.64482567963387e-08
4.6450487900529e-08
4.64527118992919e-08
4.64560798718594e-08
4.64585738768619e-08
4.64604710259664e-08
4.64618814532969e-08
4.64629330565458e-08
4.64639988706494e-08
4.64650504738984e-08
4.6466105629861e-08
4.64671714439646e-08
4.64682194944999e-08
4.64692817558898e-08
4.64703404645661e-08
4.64713885151014e-08
4.64724507764913e-08
4.64735023797402e-08
4.64745504302755e-08
4.64756091389518e-08
4.64766642949144e-08
4.64777087927359e-08
4.64787603959849e-08
4.64798119992338e-08
4.64808671551964e-08
4.64824339019287e-08
4.64840042013748e-08
4.64855887116755e-08
4.64871483529805e-08
4.64883349593492e-08
4.64892089269142e-08
4.64898768370858e-08
4.64903706642872e-08
4.64907401465098e-08
4.64911131814461e-08
4.64914862163823e-08
4.64918592513186e-08
4.64924134746525e-08
4.64929712507001e-08
4.6493525474034e-08
4.64940868027952e-08
4.64949216905097e-08
4.64957565782242e-08
4.6496577255084e-08
4.64978029413032e-08
4.64987159887187e-08
4.64994016624587e-08
4.6500083783485e-08
4.65011176231656e-08
4.65021443574187e-08
4.65031710916719e-08
4.65041942732114e-08
4.65057397036617e-08
4.65072709232572e-08
4.65084220024892e-08
4.65092924173405e-08
4.65101557267644e-08
4.6510802320654e-08
4.65114453618298e-08
4.65124152526641e-08
4.65133815907848e-08
4.65143550343328e-08
4.65153213724534e-08
4.65160461260439e-08
4.65167673269207e-08
4.65178580100201e-08
4.65186715814525e-08
4.65192790954916e-08
4.65198901622443e-08
4.65203484623089e-08
4.65208067623735e-08
4.65211478228866e-08
4.65214888833998e-08
4.65220040268832e-08
4.6522515617653e-08
4.65230307611364e-08
4.65235459046198e-08
4.65239295976971e-08
4.65243132907744e-08
4.65246046132961e-08
4.65248177761168e-08
4.65250344916512e-08
4.65251979164805e-08
4.65253222614592e-08
4.65254110793012e-08
4.65254821335748e-08
4.65255496351347e-08
4.65256526638314e-08
4.65258054305195e-08
4.65260399096223e-08
4.65263880755629e-08
4.65269103244736e-08
4.65274325733844e-08
4.65278233718891e-08
4.65282177231074e-08
4.65288039208644e-08
4.65293901186214e-08
4.65298306551176e-08
4.65302747443275e-08
4.65309391017854e-08
4.6531596353816e-08
4.65322571585602e-08
4.65327545384753e-08
4.65332519183903e-08
4.65339944355492e-08
4.65345522115967e-08
4.65345557643104e-08
4.65345557643104e-08
4.65345593170241e-08
4.65345593170241e-08
4.65345628697378e-08
4.65345664224515e-08
4.65345699751651e-08
4.65345735278788e-08
4.65345770805925e-08
4.65345806333062e-08
4.65345806333062e-08
4.65345841860199e-08
4.65345841860199e-08
4.65345877387335e-08
4.65345877387335e-08
4.65345948441609e-08
4.65345948441609e-08
4.65345983968746e-08
4.65346019495883e-08
4.65346019495883e-08
4.65346019495883e-08
4.65346055023019e-08
4.65346090550156e-08
4.65346090550156e-08
4.65346126077293e-08
4.6534616160443e-08
4.65346197131566e-08
4.65346197131566e-08
4.65346232658703e-08
4.6534626818584e-08
4.65346303712977e-08
4.65346303712977e-08
4.6534637476725e-08
4.65346410294387e-08
4.65346410294387e-08
4.65346445821524e-08
4.65346445821524e-08
4.65346481348661e-08
4.65346516875798e-08
4.65346516875798e-08
4.65346552402934e-08
4.65346587930071e-08
4.65346658984345e-08
4.65346694511481e-08
4.65346730038618e-08
4.65346765565755e-08
4.65346801092892e-08
4.65346801092892e-08
4.65346836620029e-08
4.65346872147165e-08
4.65346872147165e-08
4.65346872147165e-08
4.65346907674302e-08
4.65346978728576e-08
4.65346978728576e-08
4.65347014255713e-08
4.65347014255713e-08
4.65347049782849e-08
4.65347085309986e-08
4.65347120837123e-08
4.65347120837123e-08
4.65347120837123e-08
4.6534715636426e-08
4.65347191891397e-08
4.65347191891397e-08
4.65347227418533e-08
4.6534726294567e-08
4.6534726294567e-08
4.6534726294567e-08
4.65347298472807e-08
4.65347333999944e-08
4.65347333999944e-08
4.6534736952708e-08
4.65347405054217e-08
4.65347440581354e-08
4.65347476108491e-08
4.65347476108491e-08
4.65347511635628e-08
4.65347511635628e-08
4.65347547162764e-08
4.65347547162764e-08
4.65347582689901e-08
4.65347618217038e-08
4.65347618217038e-08
4.65347653744175e-08
4.65347689271312e-08
4.65347724798448e-08
4.65347760325585e-08
4.65347795852722e-08
4.65347831379859e-08
4.65347831379859e-08
4.65347866906995e-08
4.65347902434132e-08
4.65347902434132e-08
4.65347902434132e-08
4.65347937961269e-08
4.65347973488406e-08
4.65348009015543e-08
4.65348009015543e-08
4.65348044542679e-08
4.65348080069816e-08
4.65348115596953e-08
4.6534815112409e-08
4.6534815112409e-08
4.65348186651227e-08
4.65348186651227e-08
4.65348222178363e-08
4.653482577055e-08
4.653482577055e-08
4.653482577055e-08
4.65348293232637e-08
4.65348328759774e-08
4.65348328759774e-08
4.65348364286911e-08
4.65348364286911e-08
4.65348399814047e-08
4.65348435341184e-08
4.65348470868321e-08
4.65348506395458e-08
4.65348541922594e-08
4.65348541922594e-08
4.65348577449731e-08
4.65348612976868e-08
4.65348612976868e-08
4.65348648504005e-08
4.65348684031142e-08
4.65348684031142e-08
4.65348719558278e-08
4.65348719558278e-08
4.65348755085415e-08
4.65348755085415e-08
4.65348826139689e-08
4.65348826139689e-08
4.65348861666826e-08
4.65348897193962e-08
4.65348932721099e-08
4.65348932721099e-08
4.65348968248236e-08
4.65349003775373e-08
4.65349039302509e-08
4.65349074829646e-08
4.65349074829646e-08
4.65349110356783e-08
4.6534914588392e-08
4.6534914588392e-08
4.65349181411057e-08
4.65349181411057e-08
4.65349216938193e-08
4.6534925246533e-08
4.65349287992467e-08
4.65349287992467e-08
4.65349323519604e-08
4.65349394573877e-08
4.65349394573877e-08
4.65349394573877e-08
4.65349430101014e-08
4.65349465628151e-08
4.65349501155288e-08
4.65349536682425e-08
4.65349536682425e-08
4.65349572209561e-08
4.65349607736698e-08
4.65349643263835e-08
4.65349643263835e-08
4.65349678790972e-08
4.65349678790972e-08
4.65349714318108e-08
4.65349714318108e-08
4.65349785372382e-08
4.65349785372382e-08
4.65349820899519e-08
4.65349891953792e-08
4.65349891953792e-08
4.65349891953792e-08
4.65349927480929e-08
4.65349927480929e-08
4.65349963008066e-08
4.65349998535203e-08
4.6535003406234e-08
4.6535003406234e-08
4.65350069589476e-08
4.65350069589476e-08
4.6535014064375e-08
4.6535014064375e-08
4.65350176170887e-08
4.65350211698023e-08
4.65350211698023e-08
4.65350211698023e-08
4.6535024722516e-08
4.65350282752297e-08
4.65350318279434e-08
4.65350318279434e-08
4.65350353806571e-08
4.65350389333707e-08
4.65350424860844e-08
4.65350460387981e-08
4.65350495915118e-08
4.65350531442255e-08
4.65350531442255e-08
4.65350566969391e-08
4.65350602496528e-08
4.65350638023665e-08
4.65350638023665e-08
4.65350673550802e-08
4.65350709077939e-08
4.65350709077939e-08
4.65350744605075e-08
4.65350780132212e-08
4.65350780132212e-08
4.65350851186486e-08
4.65350886713622e-08
4.65350886713622e-08
4.65350922240759e-08
4.65350922240759e-08
4.65350957767896e-08
4.65350957767896e-08
4.65350993295033e-08
4.6535102882217e-08
4.65351064349306e-08
4.65351064349306e-08
4.6535113540358e-08
4.6535113540358e-08
4.6535113540358e-08
4.65351170930717e-08
4.65351206457854e-08
4.6535124198499e-08
4.65351277512127e-08
4.65351313039264e-08
4.65351313039264e-08
4.65351384093537e-08
4.65351384093537e-08
4.65351419620674e-08
4.65351455147811e-08
4.65351455147811e-08
4.65351490674948e-08
4.65351490674948e-08
4.65351561729221e-08
4.65351561729221e-08
4.65351597256358e-08
4.65351597256358e-08
4.65351632783495e-08
4.65351668310632e-08
4.65351703837769e-08
4.65351703837769e-08
4.65351739364905e-08
4.65351739364905e-08
4.65351810419179e-08
4.65351845946316e-08
4.65351881473453e-08
4.65351881473453e-08
4.65351881473453e-08
4.65351917000589e-08
4.65351952527726e-08
4.65351988054863e-08
4.65351988054863e-08
4.65352023582e-08
4.65352059109136e-08
4.65352094636273e-08
4.6535213016341e-08
4.6535213016341e-08
4.65352201217684e-08
4.65352201217684e-08
4.6535223674482e-08
4.65352272271957e-08
4.65352272271957e-08
4.65352307799094e-08
4.65352307799094e-08
4.65352343326231e-08
4.65352378853368e-08
4.65352378853368e-08
4.65352414380504e-08
4.65352414380504e-08
4.65352449907641e-08
4.65352449907641e-08
4.65352485434778e-08
4.65352520961915e-08
4.65352556489051e-08
4.65352592016188e-08
4.65352592016188e-08
4.65352627543325e-08
4.65352663070462e-08
4.65352698597599e-08
4.65352734124735e-08
4.65352734124735e-08
4.65352769651872e-08
4.65352805179009e-08
4.65352805179009e-08
4.65352840706146e-08
4.65352840706146e-08
4.65352876233283e-08
4.65352911760419e-08
4.65352947287556e-08
4.65352947287556e-08
4.65352982814693e-08
4.65352982814693e-08
4.6535301834183e-08
4.6535301834183e-08
4.65353053868967e-08
