0.0
1.48008439282421e-07
8.80855623108801e-07
1.66112727129075e-06
4.08342293667374e-06
4.55220788353472e-06
5.15212514073937e-06
5.49551759831957e-06
5.3596418183588e-06
7.30290321371285e-06
1.04753153209458e-05
1.33498606373905e-05
1.74920951394597e-05
1.59341798280366e-05
1.50159348777379e-05
1.63244931172812e-05
1.72001637110952e-05
1.87173845915822e-05
2.12423037737608e-05
2.46140534727601e-05
2.79106407106156e-05
3.10749273921829e-05
3.40947990480345e-05
3.4924905776279e-05
3.6157089198241e-05
3.77690048480872e-05
4.10045031458139e-05
4.51873311249074e-05
4.62086027255282e-05
4.72816500405315e-05
4.87529614474624e-05
5.04723939229734e-05
5.23738926858641e-05
5.47877352801152e-05
5.5614480515942e-05
5.72855460632127e-05
5.96573081566021e-05
6.21157960267738e-05
6.28204579697922e-05
6.38983838143758e-05
6.55683688819408e-05
6.62258098600432e-05
6.72085079713725e-05
6.86554340063594e-05
7.07227009115741e-05
7.21030446584336e-05
7.31643594917841e-05
7.48091042623855e-05
7.75013177189976e-05
8.01950300228782e-05
8.28205811558291e-05
8.48415875225328e-05
8.50245996844023e-05
8.47753035486676e-05
8.43596935737878e-05
8.41603032313287e-05
8.45009562908672e-05
8.54094105307013e-05
8.61943917698227e-05
8.68475544848479e-05
8.71530937729403e-05
8.728673128644e-05
8.7513166363351e-05
8.7593994976487e-05
8.77194397617131e-05
8.7954402260948e-05
8.81598898558877e-05
8.81690866663121e-05
8.81785163073801e-05
8.81878804648295e-05
8.82002350408584e-05
8.8203298219014e-05
8.82063613971695e-05
8.82094245753251e-05
8.82101885508746e-05
8.82109525264241e-05
8.82117237779312e-05
8.82119129528292e-05
8.82121021277271e-05
8.82122913026251e-05
8.82124004419893e-05
8.82124877534807e-05
8.82125677890144e-05
8.82126551005058e-05
8.82127351360396e-05
8.8212858827319e-05
8.8213048002217e-05
8.82132371771149e-05
8.82134190760553e-05
8.82136155269109e-05
8.82138047018088e-05
8.82139938767068e-05
8.82141830516048e-05
8.82143795024604e-05
8.82145759533159e-05
8.82147724041715e-05
8.82149615790695e-05
8.82152526173741e-05
8.82155509316362e-05
8.82158492458984e-05
8.82163003552705e-05
8.82166423252784e-05
8.82168969837949e-05
8.82170934346505e-05
8.82172389538027e-05
8.8217384472955e-05
8.82175372680649e-05
8.82176827872172e-05
8.82178283063695e-05
8.82179811014794e-05
8.82181266206317e-05
8.82182721397839e-05
8.82184249348938e-05
8.82185777300037e-05
8.8218723249156e-05
8.82188760442659e-05
8.82190288393758e-05
8.82191816344857e-05
8.82193344295956e-05
8.82194872247055e-05
8.8219647295773e-05
8.82197928149253e-05
8.82200329215266e-05
8.82202657521702e-05
8.82204985828139e-05
8.82207386894152e-05
8.82209133123979e-05
8.8221044279635e-05
8.82211461430416e-05
8.82212189026177e-05
8.82212771102786e-05
8.82213353179395e-05
8.82213935256004e-05
8.82214517332613e-05
8.82215317687951e-05
8.82216190802865e-05
8.82217063917778e-05
8.82217937032692e-05
8.82219173945487e-05
8.82220483617857e-05
8.82222011568956e-05
8.82224849192426e-05
8.82226959220134e-05
8.82228559930809e-05
8.82230160641484e-05
8.82232488947921e-05
8.82234890013933e-05
8.82237291079946e-05
8.82239692145959e-05
8.82243184605613e-05
8.8224682258442e-05
8.82249514688738e-05
8.82251479197294e-05
8.82253516465425e-05
8.82255044416524e-05
8.82256572367623e-05
8.82258827914484e-05
8.82261083461344e-05
8.82263339008205e-05
8.82265667314641e-05
8.82267340784892e-05
8.8226908701472e-05
8.82271633599885e-05
8.82273598108441e-05
8.82275053299963e-05
8.82276508491486e-05
8.82277599885128e-05
8.82278691278771e-05
8.82279491634108e-05
8.82280291989446e-05
8.8228152890224e-05
8.82282765815035e-05
8.82284002727829e-05
8.82285239640623e-05
8.82286185515113e-05
8.82287058630027e-05
8.82287786225788e-05
8.82288295542821e-05
8.82288804859854e-05
8.8228887761943e-05
8.8228887761943e-05
8.82288804859854e-05
8.82288804859854e-05
8.82288804859854e-05
8.82288732100278e-05
8.82288732100278e-05
8.82288659340702e-05
8.8228851382155e-05
8.82288368302397e-05
8.82288222783245e-05
8.82288077264093e-05
8.82287931744941e-05
8.82287786225788e-05
8.8228756794706e-05
8.82287422427908e-05
8.82287276908755e-05
8.82287058630027e-05
8.82286913110875e-05
8.82286694832146e-05
8.82286549312994e-05
8.82286403793842e-05
8.82286185515113e-05
8.82285967236385e-05
8.82285967236385e-05
8.82285967236385e-05
8.82285967236385e-05
8.82285967236385e-05
8.82286039995961e-05
8.82285967236385e-05
8.82285967236385e-05
8.82285967236385e-05
8.82285967236385e-05
8.82285967236385e-05
8.82285967236385e-05
8.82285967236385e-05
8.82285967236385e-05
8.82285967236385e-05
8.82285967236385e-05
8.82285967236385e-05
8.82285967236385e-05
8.82285967236385e-05
8.82285967236385e-05
8.82285967236385e-05
8.82285967236385e-05
8.82285967236385e-05
8.82285967236385e-05
8.82285967236385e-05
8.82285967236385e-05
8.82285967236385e-05
8.82285967236385e-05
8.82285967236385e-05
8.82285967236385e-05
8.82285967236385e-05
8.82285967236385e-05
8.82285967236385e-05
8.82285967236385e-05
8.82285967236385e-05
8.82285967236385e-05
8.82285967236385e-05
8.82285967236385e-05
8.82285967236385e-05
8.82285967236385e-05
8.82285967236385e-05
8.82285967236385e-05
8.82285967236385e-05
8.82285967236385e-05
8.82285967236385e-05
8.82285967236385e-05
8.82285967236385e-05
8.82285967236385e-05
8.82285967236385e-05
8.82285967236385e-05
8.82285967236385e-05
8.82285967236385e-05
8.82285967236385e-05
8.82285967236385e-05
8.82285967236385e-05
8.82285967236385e-05
8.82285894476809e-05
8.82285967236385e-05
8.82285967236385e-05
8.82285894476809e-05
8.82285967236385e-05
8.82285967236385e-05
8.82285967236385e-05
8.82285894476809e-05
8.82285894476809e-05
8.82285967236385e-05
8.82285967236385e-05
8.82285894476809e-05
8.82285967236385e-05
8.82285967236385e-05
8.82285967236385e-05
8.82285967236385e-05
8.82285967236385e-05
8.82285967236385e-05
8.82285894476809e-05
8.82285894476809e-05
8.82285894476809e-05
8.82285894476809e-05
8.82285967236385e-05
8.82285894476809e-05
8.82285894476809e-05
8.82285967236385e-05
8.82285967236385e-05
8.82285967236385e-05
8.82285967236385e-05
8.82285894476809e-05
8.82285894476809e-05
8.82285894476809e-05
8.82285894476809e-05
8.82285894476809e-05
8.82285894476809e-05
8.82285967236385e-05
8.82285894476809e-05
8.82285894476809e-05
8.82285894476809e-05
8.82285894476809e-05
8.82285894476809e-05
8.82285894476809e-05
8.82285894476809e-05
8.82285894476809e-05
8.82285894476809e-05
8.82285894476809e-05
8.82285894476809e-05
8.82285894476809e-05
8.82285894476809e-05
8.82285894476809e-05
8.82285894476809e-05
8.82285894476809e-05
8.82285894476809e-05
8.82285894476809e-05
8.82285894476809e-05
8.82285894476809e-05
8.82285894476809e-05
8.82285894476809e-05
8.82285894476809e-05
8.82285894476809e-05
8.82285894476809e-05
8.82285894476809e-05
8.82285894476809e-05
8.82285894476809e-05
8.82285894476809e-05
8.82285894476809e-05
8.82285894476809e-05
8.82285894476809e-05
8.82285894476809e-05
8.82285894476809e-05
8.82285894476809e-05
8.82285894476809e-05
8.82285894476809e-05
8.82285894476809e-05
8.82285894476809e-05
8.82285894476809e-05
8.82285894476809e-05
8.82285894476809e-05
8.82285894476809e-05
8.82285894476809e-05
8.82285894476809e-05
8.82285894476809e-05
8.82285894476809e-05
8.82285894476809e-05
8.82285894476809e-05
8.82285894476809e-05
8.82285894476809e-05
8.82285894476809e-05
8.82285894476809e-05
8.82285894476809e-05
8.82285894476809e-05
8.82285894476809e-05
8.82285894476809e-05
8.82285894476809e-05
8.82285894476809e-05
8.82285894476809e-05
8.82285894476809e-05
8.82285894476809e-05
8.82285894476809e-05
8.82285894476809e-05
8.82285894476809e-05
8.82285894476809e-05
8.82285894476809e-05
8.82285894476809e-05
8.82285894476809e-05
8.82285894476809e-05
8.82285894476809e-05
8.82285894476809e-05
8.82285894476809e-05
8.82285894476809e-05
8.82285894476809e-05
8.82285894476809e-05
8.82285894476809e-05
8.82285894476809e-05
8.82285821717232e-05
8.82285894476809e-05
8.82285894476809e-05
8.82285894476809e-05
8.82285821717232e-05
8.82285894476809e-05
8.82285821717232e-05
8.82285821717232e-05
8.82285894476809e-05
8.82285894476809e-05
8.82285894476809e-05
8.82285821717232e-05
8.82285821717232e-05
8.82285821717232e-05
8.82285821717232e-05
8.82285821717232e-05
8.82285821717232e-05
8.82285821717232e-05
8.82285821717232e-05
8.82285894476809e-05
8.82285894476809e-05
8.82285894476809e-05
8.82285894476809e-05
8.82285821717232e-05
8.82285821717232e-05
8.82285821717232e-05
8.82285821717232e-05
8.82285821717232e-05
8.82285821717232e-05
8.82285894476809e-05
8.82285821717232e-05
8.82285821717232e-05
8.82285821717232e-05
8.82285821717232e-05
8.82285821717232e-05
8.82285821717232e-05
8.82285821717232e-05
8.82285821717232e-05
8.82285821717232e-05
8.82285821717232e-05
8.82285821717232e-05
8.82285821717232e-05
8.82285821717232e-05
8.82285821717232e-05
8.82285821717232e-05
8.82285821717232e-05
8.82285821717232e-05
8.82285821717232e-05
8.82285821717232e-05
8.82285821717232e-05
8.82285821717232e-05
8.82285821717232e-05
8.82285821717232e-05
8.82285821717232e-05
8.82285821717232e-05
8.82285821717232e-05
8.82285821717232e-05
8.82285821717232e-05
8.82285821717232e-05
8.82285821717232e-05
8.82285821717232e-05
8.82285821717232e-05
8.82285821717232e-05
8.82285821717232e-05
8.82285821717232e-05
8.82285821717232e-05
8.82285821717232e-05
8.82285821717232e-05
8.82285821717232e-05
8.82285821717232e-05
8.82285821717232e-05
8.82285821717232e-05
8.82285821717232e-05
8.82285821717232e-05
8.82285821717232e-05
8.82285821717232e-05
8.82285821717232e-05
8.82285821717232e-05
8.82285821717232e-05
8.82285821717232e-05
8.82285821717232e-05
8.82285821717232e-05
8.82285821717232e-05
8.82285821717232e-05
8.82285821717232e-05
8.82285821717232e-05
8.82285821717232e-05
8.82285821717232e-05
8.82285821717232e-05
8.82285821717232e-05
8.82285821717232e-05
8.82285821717232e-05
8.82285821717232e-05
8.82285821717232e-05
8.82285821717232e-05
8.82285821717232e-05
8.82285748957656e-05
8.82285821717232e-05
8.82285748957656e-05
8.82285821717232e-05
8.82285821717232e-05
8.82285748957656e-05
8.82285821717232e-05
8.82285821717232e-05
8.82285821717232e-05
8.82285821717232e-05
8.82285821717232e-05
8.82285821717232e-05
8.82285748957656e-05
8.82285748957656e-05
8.82285748957656e-05
8.82285748957656e-05
8.82285748957656e-05
8.82285821717232e-05
8.82285748957656e-05
8.82285748957656e-05
8.82285748957656e-05
8.82285748957656e-05
8.82285748957656e-05
8.82285748957656e-05
8.82285748957656e-05
8.82285748957656e-05
8.82285748957656e-05
8.82285748957656e-05
8.82285748957656e-05
8.82285748957656e-05
8.82285748957656e-05
8.82285748957656e-05
8.82285748957656e-05
