-0.000000
0.193250
0.761633
1.277333
1.820181
2.057307
2.456360
2.833127
3.461178
4.272029
4.939657
5.552546
6.349987
6.780825
7.589364
8.216001
8.691604
9.151230
9.843126
10.397782
11.037273
11.770501
12.371085
12.510491
12.716208
13.066817
13.539126
13.990440
14.102126
14.211445
14.373631
14.619379
14.894646
15.138657
15.509551
15.835246
16.195098
16.510476
16.579238
16.671665
16.789977
16.830388
16.885660
16.957761
17.046523
17.156024
17.244536
17.312882
17.380433
17.432934
17.470981
17.490095
17.499189
17.495106
17.483762
17.462640
17.439818
17.412732
17.383757
17.355351
17.348456
17.345675
17.340738
17.338962
17.335906
17.329377
17.316871
17.315359
17.313909
17.312417
17.309999
17.309332
17.308693
17.308040
17.307863
17.307694
17.307530
17.307486
17.307445
17.307402
17.307357
17.307322
17.307288
17.307253
17.307220
17.307167
17.307086
17.307006
17.306928
17.306851
17.306771
17.306690
17.306610
17.306527
17.306447
17.306365
17.306286
17.306163
17.306041
17.305919
17.305733
17.305598
17.305496
17.305417
17.305359
17.305294
17.305241
17.305182
17.305123
17.305066
17.305006
17.304945
17.304886
17.304827
17.304770
17.304711
17.304651
17.304592
17.304533
17.304476
17.304417
17.304354
17.304268
17.304178
17.304090
17.303999
17.303933
17.303882
17.303845
17.303819
17.303799
17.303776
17.303754
17.303731
17.303699
17.303670
17.303637
17.303605
17.303558
17.303505
17.303472
17.303429
17.303399
17.303380
17.303358
17.303321
17.303290
17.303252
17.303223
17.303170
17.303127
17.303086
17.303060
17.303037
17.303011
17.302989
17.302962
17.302931
17.302895
17.302864
17.302842
17.302821
17.302784
17.302756
17.302736
17.302723
17.302701
17.302689
17.302676
17.302666
17.302652
17.302633
17.302617
17.302601
17.302587
17.302574
17.302566
17.302562
17.302552
17.302544
17.302540
17.302536
17.302534
17.302534
17.302529
17.302525
17.302517
17.302507
17.302489
17.302476
17.302460
17.302446
17.302427
17.302409
17.302393
17.302380
17.302356
17.302336
17.302311
17.302299
17.302281
17.302256
17.302236
17.302238
17.302238
17.302238
17.302238
17.302238
17.302238
17.302238
17.302236
17.302236
17.302236
17.302236
17.302236
17.302236
17.302236
17.302236
17.302236
17.302236
17.302234
17.302234
17.302234
17.302236
17.302236
17.302236
17.302236
17.302236
17.302234
17.302232
17.302234
17.302236
17.302236
17.302236
17.302234
17.302232
17.302232
17.302232
17.302234
17.302234
17.302234
17.302234
17.302232
17.302232
17.302232
17.302232
17.302232
17.302232
17.302232
17.302232
17.302232
17.302232
17.302232
17.302232
17.302232
17.302232
17.302232
17.302232
17.302232
17.302232
17.302232
17.302230
17.302232
17.302232
17.302230
17.302230
17.302230
17.302230
17.302230
17.302230
17.302230
17.302232
17.302232
17.302232
17.302232
17.302230
17.302229
17.302229
17.302229
17.302229
17.302229
17.302229
17.302229
17.302227
17.302227
17.302227
17.302227
17.302227
17.302227
17.302227
17.302227
17.302227
17.302227
17.302227
17.302225
17.302225
17.302225
17.302225
17.302225
17.302225
17.302225
17.302225
17.302225
17.302225
17.302225
17.302225
17.302225
17.302225
17.302225
17.302225
17.302225
17.302225
17.302225
17.302225
17.302225
17.302225
17.302225
17.302225
17.302225
17.302225
17.302225
17.302225
17.302225
17.302225
17.302225
17.302225
17.302225
17.302225
17.302225
17.302225
17.302225
17.302225
17.302225
17.302225
17.302225
17.302225
17.302225
17.302225
17.302225
17.302225
17.302225
17.302225
17.302225
17.302225
17.302225
17.302225
17.302225
17.302225
17.302225
17.302225
17.302225
17.302225
17.302225
17.302225
17.302223
17.302223
17.302225
17.302223
17.302223
17.302225
17.302225
17.302223
17.302223
17.302223
17.302223
17.302223
17.302223
17.302223
17.302223
17.302223
17.302223
17.302223
17.302223
17.302223
17.302223
17.302223
17.302223
17.302223
17.302223
17.302223
17.302223
17.302223
17.302223
17.302223
17.302223
17.302223
17.302223
17.302223
17.302223
17.302223
17.302223
17.302223
17.302223
17.302223
17.302223
17.302223
17.302223
17.302223
17.302223
17.302223
17.302223
17.302223
17.302223
17.302223
17.302223
17.302223
17.302223
17.302223
17.302223
17.302223
17.302223
17.302223
17.302223
17.302223
17.302223
17.302223
17.302223
17.302223
17.302223
17.302223
17.302223
17.302223
17.302223
17.302223
17.302223
17.302223
17.302223
17.302223
17.302223
17.302223
17.302223
17.302221
17.302221
17.302221
17.302221
17.302221
17.302221
17.302221
17.302221
17.302221
17.302221
17.302221
17.302221
17.302221
17.302221
17.302221
17.302221
17.302221
17.302221
17.302219
17.302219
17.302219
17.302219
17.302219
17.302219
17.302219
17.302219
17.302219
17.302221
17.302221
17.302219
17.302219
17.302219
17.302219
17.302217
17.302219
17.302217
17.302219
17.302217
17.302217
17.302217
17.302217
17.302217
17.302217
17.302217
17.302217
17.302217
17.302217
17.302217
17.302217
17.302217
17.302217
17.302217
17.302217
17.302217
17.302217
17.302217
17.302217
17.302217
17.302217
17.302217
17.302217
17.302217
17.302217
17.302217
17.302217
17.302217
17.302217
17.302217
17.302217
17.302217
