0.0
1.61788224579945e-31
2.23900497076102e-06
7.33666320229531e-06
1.26319810078712e-05
2.83639965346083e-05
4.78092151752207e-05
8.01241694716737e-05
0.000115823255327996
0.000163235526997596
0.000221027090447024
0.000272317469352856
0.000315144134219736
0.000389609806006774
0.000494181935209781
0.000570761738345027
0.00067243876401335
0.000770995218772441
0.000861065636854619
0.000954380258917809
0.000976997194811702
0.0010119469370693
0.0010625347495079
0.00113121734466404
0.00121271086391062
0.00124433974269778
0.00127741065807641
0.00128635764122009
0.00129952316638082
0.00130073970649391
0.00130119221284986
0.00130187347531319
0.00130193727090955
0.00130196264944971
0.00130196311511099
0.00130196311511099
