-0.0
4.2632564145606e-13
1.70530256582424e-13
0.0
3.41060513164848e-13
5.6843418860808e-14
5.6843418860808e-14
5.6843418860808e-14
5.6843418860808e-14
5.6843418860808e-14
5.6843418860808e-14
5.6843418860808e-14
5.6843418860808e-14
5.6843418860808e-14
5.6843418860808e-14
5.6843418860808e-14
5.6843418860808e-14
5.6843418860808e-14
5.6843418860808e-14
5.6843418860808e-14
5.6843418860808e-14
5.6843418860808e-14
5.6843418860808e-14
5.6843418860808e-14
5.6843418860808e-14
5.6843418860808e-14
5.6843418860808e-14
5.6843418860808e-14
5.6843418860808e-14
-1.70530256582424e-13
5.6843418860808e-14
5.6843418860808e-14
-1.70530256582424e-13
-1.70530256582424e-13
-1.70530256582424e-13
-1.70530256582424e-13
-1.70530256582424e-13
-1.70530256582424e-13
-1.70530256582424e-13
-1.70530256582424e-13
-1.70530256582424e-13
-1.70530256582424e-13
-1.70530256582424e-13
-1.70530256582424e-13
-1.70530256582424e-13
-1.70530256582424e-13
-1.70530256582424e-13
-1.70530256582424e-13
-1.70530256582424e-13
-1.70530256582424e-13
-1.70530256582424e-13
-1.70530256582424e-13
-1.70530256582424e-13
-1.70530256582424e-13
-1.70530256582424e-13
-1.70530256582424e-13
-1.70530256582424e-13
-1.70530256582424e-13
-1.70530256582424e-13
-1.70530256582424e-13
-1.70530256582424e-13
-1.70530256582424e-13
-1.70530256582424e-13
-1.70530256582424e-13
-1.70530256582424e-13
-1.70530256582424e-13
-1.70530256582424e-13
-1.70530256582424e-13
-1.70530256582424e-13
-1.70530256582424e-13
-1.70530256582424e-13
-1.70530256582424e-13
-1.70530256582424e-13
-1.70530256582424e-13
-1.70530256582424e-13
-1.70530256582424e-13
-1.70530256582424e-13
-1.70530256582424e-13
-1.70530256582424e-13
-1.70530256582424e-13
-1.70530256582424e-13
-1.70530256582424e-13
-1.70530256582424e-13
1.06491529550112e-06
1.01106138572504e-06
1.01598539004044e-06
1.03670890894136e-06
1.12304201138613e-06
1.26983968584682e-06
1.35297000269929e-06
1.41254099617072e-06
1.38142650030204e-06
1.33600906337961e-06
9.88928150036372e-07
5.45262082596309e-07
4.54908331448678e-07
2.06103322852869e-07
5.81585481995717e-08
-5.70312295167241e-08
-1.42776116263121e-07
-2.41859197558369e-07
