0.0
1.28079269412495e-09
1.28079269412495e-09
1.28079269412495e-09
1.28079269412495e-09
1.28079269412495e-09
1.28079269412495e-09
1.28079269412495e-09
1.28079269412495e-09
1.28079269412495e-09
1.28079269412495e-09
1.28079269412495e-09
1.28079269412495e-09
1.28079269412495e-09
1.28079269412495e-09
1.28079269412495e-09
1.28079269412495e-09
1.28079269412495e-09
1.28079269412495e-09
1.28079269412495e-09
1.28079269412495e-09
1.28079269412495e-09
1.28079269412495e-09
1.28079269412495e-09
1.28079269412495e-09
1.28079269412495e-09
1.28079269412495e-09
1.28079269412495e-09
1.28079269412495e-09
1.28079269412495e-09
1.28079269412495e-09
1.28079269412495e-09
1.28079269412495e-09
1.28079269412495e-09
1.28079269412495e-09
1.28079269412495e-09
1.28079269412495e-09
1.28079269412495e-09
1.28079269412495e-09
1.28079269412495e-09
1.28079269412495e-09
1.28079269412495e-09
1.28079269412495e-09
1.28079269412495e-09
1.28079269412495e-09
1.28079269412495e-09
1.28079269412495e-09
1.28079269412495e-09
1.28079269412495e-09
1.28079269412495e-09
1.28079269412495e-09
1.28079269412495e-09
1.28079269412495e-09
1.28079269412495e-09
1.28079269412495e-09
1.28079269412495e-09
1.28079269412495e-09
1.28079269412495e-09
1.28079269412495e-09
1.28079269412495e-09
1.28079269412495e-09
1.28079269412495e-09
1.28079269412495e-09
1.28079269412495e-09
1.28079269412495e-09
1.28079269412495e-09
1.28079269412495e-09
1.28079269412495e-09
1.28079269412495e-09
1.28079269412495e-09
1.28079269412495e-09
1.28079269412495e-09
1.28079269412495e-09
1.28079269412495e-09
1.28079269412495e-09
1.28079269412495e-09
1.28079269412495e-09
1.28079269412495e-09
1.28079269412495e-09
1.28079269412495e-09
1.28079269412495e-09
1.28079269412495e-09
1.28079269412495e-09
1.28079269412495e-09
1.28079269412495e-09
1.28079269412495e-09
1.28079269412495e-09
1.28079269412495e-09
1.28079269412495e-09
1.28079269412495e-09
1.28079269412495e-09
1.28079269412495e-09
1.28079269412495e-09
1.28079269412495e-09
1.28079269412495e-09
1.28079269412495e-09
1.28079269412495e-09
1.28079269412495e-09
1.28079269412495e-09
1.28079269412495e-09
1.28079269412495e-09
