-0.0
-2.06057393370429e-13
-2.8421709430404e-14
1.98951966012828e-13
-3.5527136788005e-14
3.19744231092045e-13
2.34479102800833e-13
2.91322521661641e-13
2.91322521661641e-13
2.91322521661641e-13
2.91322521661641e-13
2.91322521661641e-13
2.91322521661641e-13
2.91322521661641e-13
2.91322521661641e-13
2.91322521661641e-13
2.91322521661641e-13
2.91322521661641e-13
2.91322521661641e-13
2.91322521661641e-13
2.91322521661641e-13
2.91322521661641e-13
2.91322521661641e-13
2.91322521661641e-13
2.91322521661641e-13
2.91322521661641e-13
2.91322521661641e-13
2.91322521661641e-13
2.91322521661641e-13
2.91322521661641e-13
2.91322521661641e-13
2.91322521661641e-13
2.91322521661641e-13
2.91322521661641e-13
2.91322521661641e-13
2.91322521661641e-13
2.91322521661641e-13
2.91322521661641e-13
2.91322521661641e-13
2.91322521661641e-13
2.91322521661641e-13
2.91322521661641e-13
2.91322521661641e-13
2.91322521661641e-13
2.91322521661641e-13
2.91322521661641e-13
2.91322521661641e-13
2.91322521661641e-13
2.91322521661641e-13
2.91322521661641e-13
2.91322521661641e-13
2.91322521661641e-13
2.91322521661641e-13
2.91322521661641e-13
2.91322521661641e-13
2.91322521661641e-13
2.91322521661641e-13
2.91322521661641e-13
2.91322521661641e-13
2.91322521661641e-13
2.91322521661641e-13
2.91322521661641e-13
2.91322521661641e-13
2.91322521661641e-13
2.91322521661641e-13
2.91322521661641e-13
2.91322521661641e-13
2.91322521661641e-13
2.91322521661641e-13
2.91322521661641e-13
2.91322521661641e-13
2.91322521661641e-13
2.91322521661641e-13
2.91322521661641e-13
2.91322521661641e-13
2.91322521661641e-13
2.91322521661641e-13
2.91322521661641e-13
2.91322521661641e-13
2.91322521661641e-13
2.91322521661641e-13
2.91322521661641e-13
2.91322521661641e-13
2.91322521661641e-13
2.91322521661641e-13
-1.44331352203153e-07
-7.97435859567486e-08
5.47333911526948e-08
1.34430592879653e-07
1.7323145584669e-07
1.50410414789803e-07
8.91868694452569e-08
-5.05497155245394e-08
-2.26271367864683e-07
-3.10539689962752e-07
-3.14335920847952e-07
-3.3035030355677e-07
-1.88814738066867e-07
4.61041054222733e-07
1.04743958218023e-06
1.14674730866682e-06
