0.0
0.0
0.0
0.0
0.0
0.0
0.0
0.0
4.86205294691899e-07
1.90298987945425e-06
3.02315629596706e-06
3.52539018422249e-06
3.84226495953044e-06
3.91197636417928e-06
3.95962160837371e-06
3.98330985262874e-06
4.0121458368958e-06
4.04306047130376e-06
4.0939944483398e-06
4.19053867517505e-06
4.20059313910315e-06
4.20913102061604e-06
4.21667118644109e-06
4.2227802623529e-06
4.22685388912214e-06
4.22771245212061e-06
4.226245891914e-06
4.22554558099364e-06
4.22255379817216e-06
4.21220829593949e-06
4.19867410528241e-06
4.19778871219023e-06
4.20146079704864e-06
4.20553260482848e-06
4.21043978349189e-06
4.21673303208081e-06
4.22312223236077e-06
4.22713264924823e-06
4.22874609284918e-06
4.22707171310321e-06
4.22402263211552e-06
4.22190032622893e-06
4.22462198912399e-06
4.24561949330382e-06
4.28636667493265e-06
4.33116156273172e-06
4.39011319031124e-06
4.50883317171247e-06
4.55906410934404e-06
4.56219277111813e-06
4.56531643067137e-06
4.5682559175475e-06
4.57100486528361e-06
4.57355326943798e-06
4.57590340374736e-06
4.57803253084421e-06
4.57987607660471e-06
4.58135355074774e-06
4.58109479950508e-06
4.58024760519038e-06
4.5781316657667e-06
4.57649275631411e-06
4.57251599073061e-06
4.56989300801069e-06
4.56911175206187e-06
4.57080659543863e-06
4.57320038549369e-06
4.57600890513277e-06
4.57901114714332e-06
4.5837232391932e-06
4.59083412351902e-06
4.6014192776056e-06
4.61677564089769e-06
4.63170727016404e-06
4.64640197606059e-06
4.6598988774349e-06
4.66198616777547e-06
4.66391065856442e-06
4.6655422920594e-06
4.6667505557707e-06
4.66721894554212e-06
4.66623032480129e-06
4.66059782411321e-06
4.64764389107586e-06
4.64334152638912e-06
4.64046888737357e-06
4.63852120446973e-06
4.63867218059022e-06
4.64290769741638e-06
4.64801769339829e-06
4.6539730647055e-06
4.66299889012589e-06
4.67190102426684e-06
4.67828158434713e-06
4.68274174636463e-06
4.68581492896192e-06
4.6884965740901e-06
4.69064434582833e-06
4.69110818812624e-06
4.69156793769798e-06
4.69218184662168e-06
4.69245969725307e-06
4.69207861897303e-06
4.69129781777156e-06
4.69050883111777e-06
4.68536518383189e-06
4.68517464469187e-06
4.68591633762117e-06
4.68725829705363e-06
4.69004498881986e-06
4.69325141239096e-06
4.69665519631235e-06
4.70199711344321e-06
4.71004796054331e-06
4.72207921120571e-06
4.7401827032445e-06
4.7665785132267e-06
4.79180425827508e-06
4.81656252304674e-06
4.82233053844539e-06
4.82811356050661e-06
4.83356552649639e-06
4.83843450638233e-06
4.84141082779388e-06
4.84308566228719e-06
4.8425522436446e-06
4.83550866192672e-06
4.82420273328898e-06
4.8195406634477e-06
4.81603092339355e-06
4.8150268412428e-06
4.81950837638578e-06
4.82512177768513e-06
4.83187341160374e-06
4.83900475956034e-06
4.84626571051194e-06
4.85357759316685e-06
4.86486987938406e-06
4.88201658299658e-06
4.9078798838309e-06
4.94669438921846e-06
5.00620308230282e-06
5.09664505443652e-06
5.23806966157281e-06
5.44575095773325e-06
5.71147347727674e-06
6.02566251473036e-06
6.31207831247593e-06
6.58456747260061e-06
6.87176316205296e-06
7.17591547072516e-06
7.49320179238566e-06
7.82540064392379e-06
8.17015461507253e-06
8.34838374430547e-06
8.36213075672276e-06
8.3761024143314e-06
8.39032600197243e-06
8.40479788166704e-06
8.4184748629923e-06
8.43119050841779e-06
8.44340411276789e-06
8.45519298309227e-06
8.46652437758166e-06
8.47747924126452e-06
8.48833497002488e-06
8.49905336508527e-06
8.51505410537357e-06
8.53114670462674e-06
8.54473910294473e-06
8.56505357660353e-06
8.60031286720186e-06
8.63573859533062e-06
8.64566300151637e-06
8.64813227963168e-06
8.65048696141457e-06
8.6540430856985e-06
8.65797665028367e-06
8.66124537424184e-06
8.66391474119155e-06
8.66683694766834e-06
8.67011203808943e-06
8.67367361934157e-06
8.67745893629035e-06
8.68144434207352e-06
8.68544157128781e-06
8.69127961777849e-06
8.69921768753557e-06
8.70568328537047e-06
8.71097927301889e-06
8.71547854330856e-06
8.71964857651619e-06
8.72369764692849e-06
8.72772852744674e-06
8.73172120918753e-06
8.7377629824914e-06
8.74735906108981e-06
8.7624866864644e-06
8.78539412951795e-06
8.80864718055818e-06
8.83200391399441e-06
8.86745146999601e-06
8.92375192051986e-06
9.01060502656037e-06
9.16150747798383e-06
9.32803595787846e-06
9.51090987655334e-06
9.70290511759231e-06
9.90263288258575e-06
1.00904589999118e-05
1.02430867627845e-05
1.04273658507736e-05
1.05903927760664e-05
1.07713149191113e-05
1.08236308733467e-05
1.08811573227285e-05
1.09405500552384e-05
1.09531429188792e-05
1.09218453872018e-05
1.08579015432042e-05
1.0776616363728e-05
1.06922107079299e-05
1.06208199213143e-05
1.05602039184305e-05
1.05111794255208e-05
1.04798336906242e-05
1.04453820313211e-05
1.0399042366771e-05
1.03305610537063e-05
1.0246138117509e-05
1.0122656931344e-05
9.9190247055958e-06
9.3190801635501e-06
8.08847380540101e-06
6.91566219757078e-06
5.65683421882568e-06
3.54802295987611e-06
1.06247387066105e-06
7.94226366451767e-07
5.27810072981083e-07
3.62233890882635e-07
1.67787661098373e-07
5.69638736180877e-09
2.9440153093141e-10
9.69512387039018e-11
1.68229430494611e-13
2.3143539493696e-13
5.27246594907854e-13
3.58099921243804e-12
1.20250406854261e-11
2.26679005427277e-11
3.92359200684922e-11
6.3654194762397e-12
5.40405394044985e-12
1.46540175827159e-11
2.85941669647682e-11
4.30608951274003e-11
4.52694444430524e-11
7.43087882892901e-12
2.35929140807167e-11
3.22904723792927e-11
6.3136697259214e-11
9.81726991367005e-11
5.74669999087174e-11
2.00505913955373e-11
1.07147164404853e-11
2.20811025714029e-11
4.41610081836075e-11
5.55184127837283e-11
4.37706780542779e-11
1.2062196727558e-11
1.05837881861359e-11
3.6771391487278e-11
8.57210066818048e-11
1.36584119014849e-10
1.67897196146072e-10
1.79615003426115e-10
1.1407867706037e-10
4.7819217335876e-11
1.55141299112982e-11
1.90313025755229e-11
3.87237256149753e-11
7.36705002557514e-11
4.00835128977484e-11
1.23721163522439e-11
2.53438832420461e-11
4.2174822662e-11
6.15746828525054e-11
7.63358751210141e-11
8.32578311849019e-11
8.05156288863351e-11
6.60424284704142e-11
8.72903554993698e-11
5.85107101658267e-11
3.40436429047131e-11
1.33398188328915e-11
1.51218566748351e-12
4.38842885641666e-12
3.49458344206521e-11
6.91309422901076e-13
2.3990117618139e-12
3.03415929533979e-12
1.92197538266548e-12
0.0
0.0
