0.0
1.56661808525804e-10
1.5668551178738e-10
1.56701623899025e-10
1.5670532926837e-10
1.56705634579701e-10
1.56705648457489e-10
1.56705648457489e-10
1.56705648457489e-10
1.56705648457489e-10
1.56705648457489e-10
1.56705648457489e-10
1.56705648457489e-10
1.56705648457489e-10
1.56705648457489e-10
1.56705648457489e-10
1.56705648457489e-10
1.56705648457489e-10
1.56705648457489e-10
1.56705648457489e-10
1.56705648457489e-10
1.56705648457489e-10
1.56705648457489e-10
1.56705648457489e-10
1.56705648457489e-10
1.56705648457489e-10
1.56705648457489e-10
1.56705648457489e-10
1.56705648457489e-10
1.56705648457489e-10
1.56705648457489e-10
1.56705648457489e-10
1.56705648457489e-10
1.56705648457489e-10
1.56705648457489e-10
1.56705648457489e-10
1.56705648457489e-10
1.56705648457489e-10
1.56705648457489e-10
1.56705648457489e-10
1.56705648457489e-10
1.56705648457489e-10
1.56705648457489e-10
1.56705648457489e-10
1.56705648457489e-10
1.56705648457489e-10
1.56705648457489e-10
1.56705648457489e-10
1.56705648457489e-10
1.56705648457489e-10
1.56705648457489e-10
1.56705648457489e-10
1.56705648457489e-10
1.56705648457489e-10
1.56705648457489e-10
1.56705648457489e-10
1.56705648457489e-10
1.56705648457489e-10
1.56705648457489e-10
1.56705648457489e-10
1.56705648457489e-10
1.56705648457489e-10
1.56705648457489e-10
1.56705648457489e-10
1.56705648457489e-10
1.56705648457489e-10
1.56705648457489e-10
1.56705648457489e-10
1.56705648457489e-10
1.56705648457489e-10
1.56705648457489e-10
1.56705648457489e-10
1.56705648457489e-10
1.56705648457489e-10
1.56705648457489e-10
1.56705648457489e-10
1.56705648457489e-10
1.56705648457489e-10
1.56705648457489e-10
1.56705648457489e-10
1.56705648457489e-10
1.56705648457489e-10
1.56705648457489e-10
1.56705648457489e-10
1.56705648457489e-10
1.56705648457489e-10
1.56705648457489e-10
1.56705648457489e-10
1.56705648457489e-10
1.56705648457489e-10
1.56705648457489e-10
1.56705648457489e-10
1.56705648457489e-10
1.56705648457489e-10
1.56705648457489e-10
1.56705648457489e-10
1.56705648457489e-10
1.56705648457489e-10
1.56705648457489e-10
1.56705648457489e-10
1.56705648457489e-10
1.56705648457489e-10
1.56705648457489e-10
1.56705648457489e-10
1.56705648457489e-10
1.56705648457489e-10
1.56705648457489e-10
1.56705648457489e-10
1.56705648457489e-10
1.56705648457489e-10
1.56705648457489e-10
1.56705648457489e-10
1.56705648457489e-10
1.56705648457489e-10
1.56705648457489e-10
1.56705648457489e-10
1.56705648457489e-10
1.56705648457489e-10
1.56705648457489e-10
1.56705648457489e-10
1.56705648457489e-10
1.56705648457489e-10
1.56705648457489e-10
1.56705648457489e-10
1.56705648457489e-10
1.56705648457489e-10
1.56705648457489e-10
1.56705648457489e-10
1.56705648457489e-10
1.56705648457489e-10
1.56705648457489e-10
1.56705648457489e-10
1.56705648457489e-10
1.56705648457489e-10
1.56705648457489e-10
1.56705648457489e-10
1.56705648457489e-10
1.56705648457489e-10
1.56705648457489e-10
1.56705648457489e-10
1.56705648457489e-10
1.56705648457489e-10
1.56705648457489e-10
1.56705648457489e-10
1.56705648457489e-10
1.56705648457489e-10
1.56705648457489e-10
1.56705648457489e-10
1.56705648457489e-10
1.56705648457489e-10
1.56705648457489e-10
1.56705648457489e-10
1.56705648457489e-10
1.56705648457489e-10
1.56705648457489e-10
1.56705648457489e-10
1.56705648457489e-10
1.56705648457489e-10
1.56705648457489e-10
1.56705648457489e-10
