0
0.00120000005699694
0.00239999988116324
0.00269999983720482
0.00315000000409782
0.00382499978877604
0.0048375001642853
0.0060374999884516
0.00723750027827919
0.00843750010244548
0.00963749992661176
0.0108374997507781
0.0120374995749444
0.0132375003304333
0.0144375001545996
0.0156374999787659
0.0168374998029322
0.0180374996270985
0.0192374994512648
0.0204374992754311
0.0207375006284565
0.0211875007953495
0.0218624991830439
0.0228749995585531
0.0240749993827194
0.0252749992068857
0.026474999031052
0.0276750007178635
0.0288750005420298
0.0300750003661961
0.0312749983277172
0.0324750000145287
0.0336750017013401
0.0348749996628613
0.0360750013496727
0.0372749993111939
0.0384750009980053
0.0396749989595265
0.0408750006463379
0.0420749986078591
0.0432750002946705
0.0444749982561917
0.0456749999430031
0.0468750016298145
0.0480749995913357
0.0492750012781471
0.0504749992396683
0.0516750009264797
0.0528749988880009
0.0540750005748123
0.0552749985363335
0.0564750002231449
0.0576749981846661
0.0588749998714775
0.060075001558289
0.0612749995198101
0.0624750012066216
0.0636749991681427
0.0648749971296639
0.0660750025417656
0.0672750005032868
0.0684749984648079
0.0696749964263291
0.0708750018384308
0.072074999799952
0.0732749977614731
0.0744750031735748
0.075675001135096
0.0768749990966171
0.0780749970581383
0.07927500247024
0.0804750004317612
0.0816749983932823
0.0828749963548035
0.0840750017669052
0.0852749997284264
0.0864749976899475
0.0876750031020493
0.0888750010635704
0.0900749990250916
0.0912749969866127
0.0924750023987145
0.0936750003602356
0.0948749983217568
0.0960749962832779
0.0972750016953797
0.0984749996569008
0.0996749976184221
0.100875003030524
0.101175000658259
0.101625000825152
0.102300001075491
0.10331249772571
0.104512503137812
0.105712501099333
0.106912499060854
0.108112497022375
0.109312502434477
0.110512500395998
0.111712498357519
0.112912496319041
0.114112501731142
0.115312499692663
0.115612497320399
0.115725001087412
0.115893749287352
0.116146875312552
0.116241795709357
0.116384176304564
0.116437574615702
0.116457594325766
0.116487627616152
0.116498892894015
0.116499950876459
0.116500345757231
0.116500383010134
0.116500435164198
0.116500442614779
0.116500442614779
0.116500442614779
0.116500442614779
0.116500450065359
0.116500450065359
0.116500450065359
0.116500450065359
0.116500450065359
0.116500450065359
0.116500450065359
