0
0.096251
0.159847
0.210254
0.243206
0.341179
0.445769
0.537657
0.875004
0.981123
1.108007
1.362918
1.486469
1.615976
1.753878
1.796606
1.852161
1.920305
2.119508
2.285041
2.322917
2.358741
2.409078
2.478411
2.567955
2.638692
2.706021
2.795281
2.822201
2.857421
2.902863
2.926233
2.978842
3.081501
3.160082
3.308571
3.39081
3.507035
3.652947
3.707325
3.784537
3.895792
3.937398
3.998348
4.087613
4.121271
4.171397
4.245955
4.355837
4.397075
4.457285
4.543563
4.663169
4.773868
4.874038
5.008556
5.05793
5.130027
5.234423
5.402443
5.480569
5.5094
5.520142
5.535989
5.559279
5.593402
5.643425
5.717557
5.827642
6.067395
6.155524
6.273901
6.429451
6.485941
6.565922
6.595695
6.639155
6.702011
6.791145
6.813566
6.835685
6.868102
6.880222
6.898168
6.90489
6.914904
6.929756
6.951697
6.983783
7.030533
7.048014
7.073714
7.111182
7.125247
7.130532
7.13844
7.141405
7.145838
7.147501
7.150013
7.15377
7.159378
7.167736
7.180146
7.19849
7.225367
7.264454
7.320487
7.325926
7.333851
7.345576
7.362937
7.369434
7.379142
7.393506
7.414541
7.445224
7.4891
7.505654
7.529911
7.539051
7.552577
7.572364
7.601191
7.612117
7.62822
7.651726
7.660585
7.673705
7.6929
7.720862
7.731313
7.746848
7.769408
7.77785
7.790379
7.79507
7.802067
7.812409
7.827611
7.849817
7.881589
7.88473
7.885852
7.88759
7.890189
7.894048
7.899768
7.908221
7.920643
7.938716
7.964736
8.001581
8.028645
8.038834
8.053611
8.059124
8.067333
8.070357
8.074885
8.081651
8.091371
8.111756
8.119415
8.122214
8.123273
8.125057
8.127692
8.131566
8.137294
8.145631
8.157525
8.160963
8.167352
8.176585
8.189303
8.20637
8.227762
8.257556
8.265087
8.281728
8.284569
8.29248
8.302706
8.314066
8.316484
8.321936
8.323074
8.325854
8.32935
8.329708
8.330821
8.330712
8.331083
8.331474
8.331392
8.331078
8.328934
8.322021
8.319088
8.317892
8.31592
8.312295
8.305973
8.294817
8.274632
8.234063
8.221519
8.200619
8.191848
8.188372
8.18706
8.185082
8.182097
8.180976
8.17929
8.176743
8.172888
8.167016
8.158016
8.143953
8.103674
8.078154
8.028978
8.023404
8.015007
8.011837
7.912044
7.949014
7.960472
7.961044
7.958424
7.957115
7.955009
7.951581
7.947023
7.956553
7.967475
7.968733
7.966033
7.964634
7.961722
7.956058
7.946663
7.931324
7.906697
7.86759
7.85169
7.844812
7.842463
7.839085
7.834237
7.824679
7.813567
7.798744
7.774813
7.765199
7.750902
7.74581
7.738689
7.729057
7.725857
7.724648
7.723143
7.722298
7.722093
7.722001
7.721969
7.72192
7.721848
7.721741
7.721577
7.721333
7.720975
7.720429
7.719634
7.71846
7.716743
7.714292
7.710794
7.705751
7.698297
7.695518
7.691034
7.6833
7.669516
7.644265
7.642585
7.640886
7.640248
7.639281
7.638916
7.638781
7.638573
7.638268
7.637805
7.637112
7.636064
7.634487
7.632099
7.631198
7.629842
7.62933
7.629141
7.628851
7.628419
7.627767
7.626735
7.626318
7.625676
7.624628
7.6227
7.6217
7.618406
7.617957
7.617374
7.617228
7.617102
7.617076
7.617056
7.617037
7.617006
7.616961
7.616961
7.616962
7.616963
7.616965
7.616965
7.616964
7.616964
