0.0
2.68461075838599e-34
7.52150910443561e-08
2.65979707592123e-07
9.24457424389402e-07
1.35112725274666e-06
1.41106625051179e-06
1.76285914221808e-06
2.26120687329967e-06
1.93269943338237e-06
2.21403024625033e-06
3.05063190353394e-06
3.65011419489747e-06
4.03133572035586e-06
4.82419636682607e-06
5.78818526264513e-06
6.51598702461342e-06
6.78164724376984e-06
7.04757485436858e-06
7.16922841093037e-06
7.34453578843386e-06
7.74564341554651e-06
8.80463358043926e-06
9.20712955121417e-06
9.91691285889829e-06
1.12175412141369e-05
1.17986974146334e-05
1.26627146528335e-05
1.36701737574185e-05
1.47106220538262e-05
1.50886780829751e-05
1.55898433149559e-05
1.56997230078559e-05
1.57349204528145e-05
1.57823651534272e-05
1.57862832566025e-05
1.57921258505667e-05
1.5797815649421e-05
1.58035145432223e-05
1.58118346007541e-05
1.58198236022145e-05
1.58275979629252e-05
1.58388083946193e-05
1.58544626174262e-05
1.58761304192012e-05
1.59018636622932e-05
1.59259707288584e-05
1.59406899911119e-05
1.59241753863171e-05
1.58579914568691e-05
1.57053000293672e-05
1.56558635353576e-05
1.56209280248731e-05
1.5451034414582e-05
1.51624572026776e-05
1.47587397805182e-05
1.43742672662484e-05
1.39683452289319e-05
1.36053113237722e-05
1.32569557536044e-05
1.28872989080264e-05
1.25541755551239e-05
1.22233968795626e-05
1.19080386866699e-05
1.1537536920514e-05
1.11772060336079e-05
1.07954847408109e-05
1.03896618384169e-05
9.96838389255572e-06
9.61530531640165e-06
9.22920298762619e-06
8.81148571352242e-06
8.38474079500884e-06
8.02341855887789e-06
7.67027722758939e-06
7.33400293029263e-06
6.99393649483682e-06
6.61757485431735e-06
6.2606331994175e-06
5.8957207329513e-06
5.78144363316824e-06
5.73821807847708e-06
5.72236831430928e-06
5.69867597732809e-06
5.6545868574176e-06
5.63690537092043e-06
5.61041269975249e-06
5.57066096007475e-06
5.51114953850629e-06
5.4224583436735e-06
5.4137640290719e-06
5.40040855412371e-06
5.3954236136633e-06
5.38792346560513e-06
5.38511312697665e-06
5.38089170731837e-06
5.37455571247847e-06
5.36504558112938e-06
5.36148672836134e-06
5.35613799002022e-06
5.34810851604561e-06
5.33624506715569e-06
5.31871455677901e-06
5.29162025486585e-06
5.25174755239277e-06
5.19150398758939e-06
5.16922955284826e-06
5.13559052706114e-06
5.12296855958994e-06
5.11761754751205e-06
5.10937979925075e-06
5.10628842675942e-06
5.10165227751713e-06
5.09469509779592e-06
5.08426091982983e-06
5.06860715177027e-06
5.04510080645559e-06
5.00988107887679e-06
4.95712220072164e-06
4.9375821618014e-06
4.90060938318493e-06
4.88601926917909e-06
4.86438057123451e-06
4.83204439660767e-06
4.78357151223463e-06
4.71148541691946e-06
4.60356113762828e-06
4.56477800980792e-06
4.50568995802314e-06
4.41778138338123e-06
4.28686325903982e-06
4.23791789216921e-06
4.2330689211667e-06
4.22578705183696e-06
4.21482491219649e-06
4.21014965468203e-06
4.20354126617895e-06
4.19361731474055e-06
4.17874707636656e-06
4.15643353335327e-06
4.12303234043065e-06
4.0733484638622e-06
3.99966756958747e-06
3.89225806429749e-06
3.73596344616089e-06
3.6808596632909e-06
3.5978202959086e-06
3.47866375705053e-06
3.43988676831941e-06
3.40574138135707e-06
3.38719019055134e-06
3.37725214194506e-06
3.37367760039342e-06
3.36835682901437e-06
3.36033667736046e-06
3.34693322656676e-06
3.34211131303164e-06
3.33273305841431e-06
3.31678347720299e-06
3.31347087012546e-06
3.30499483425228e-06
3.29101271745458e-06
3.28634769175551e-06
3.27849625136878e-06
3.26577537634876e-06
3.26101690006908e-06
3.25968017023115e-06
3.25678388435335e-06
3.25200244333246e-06
3.24556776831741e-06
3.24278403240896e-06
3.2389282296208e-06
3.23317817674251e-06
3.22466075886041e-06
3.22093296745152e-06
3.21589277518797e-06
3.21540460390679e-06
3.21482502840809e-06
3.213639729438e-06
3.21213065035408e-06
3.20982485391141e-06
3.20896788252867e-06
3.20804429065902e-06
3.20611547977023e-06
3.20344429383113e-06
3.19959713124263e-06
3.19391028824612e-06
3.19171522278339e-06
3.18863931170199e-06
3.18757224704314e-06
3.18596653414716e-06
3.18519414577167e-06
3.1842819225858e-06
3.18295587931061e-06
3.18083107231359e-06
3.17607214128657e-06
3.16805653710617e-06
3.17168587571359e-06
3.178104179824e-06
3.18065281135205e-06
3.18175079883076e-06
3.18327920467709e-06
3.18570073432056e-06
3.18638626595202e-06
3.18689785672177e-06
3.1875160857453e-06
3.18771117235883e-06
3.18679781230458e-06
3.18561455969757e-06
3.18459342452115e-06
3.18453999170742e-06
3.18411980515521e-06
3.18336446980538e-06
3.18215074912587e-06
3.18038996738323e-06
3.17984699904628e-06
3.17929811899376e-06
3.17907051794464e-06
3.17877288580348e-06
3.17830836138455e-06
3.17766307489364e-06
3.17690592055442e-06
3.17659282700333e-06
3.17603871735628e-06
3.17507760883018e-06
3.17328363053093e-06
3.17259218718391e-06
3.17173203256971e-06
3.17011495098996e-06
3.16695786750643e-06
3.16619730256207e-06
3.16587329507456e-06
3.1651359222451e-06
3.16391242449754e-06
3.16196860694617e-06
3.16130422106653e-06
3.16012642542773e-06
3.15822603624838e-06
3.15509669235325e-06
3.15010788654035e-06
3.14387398248073e-06
3.14436147164088e-06
3.15119996230351e-06
3.15978377329884e-06
3.1734866752231e-06
3.18055344905588e-06
3.18873571814038e-06
3.19775358548213e-06
3.20362573802413e-06
3.20977073897666e-06
3.21934953717573e-06
3.23315271089086e-06
3.23921926792536e-06
3.24590405398339e-06
3.25754740515549e-06
3.2651184938004e-06
3.26869030686794e-06
3.27468001160014e-06
3.27535644828458e-06
3.27631528307393e-06
3.27781117448467e-06
3.28018404616159e-06
3.28389387505013e-06
3.28830651596945e-06
3.29533236254065e-06
3.30536681758531e-06
3.3058104236261e-06
3.30613374899258e-06
3.30662919623137e-06
3.3073890790547e-06
3.30850411955907e-06
3.31016462951084e-06
3.31079422721814e-06
3.31171872858249e-06
3.31308297063515e-06
3.31510068463103e-06
3.31804835695948e-06
3.32230433741643e-06
3.32847253048385e-06
3.33748289449431e-06
3.3408236959076e-06
3.34532751367078e-06
3.34587321049185e-06
3.34647984345793e-06
3.34738206220209e-06
3.34872197527147e-06
3.35067488776986e-06
3.35334902956674e-06
3.35731851919263e-06
3.36285461344232e-06
3.37129654326418e-06
3.37482106260723e-06
3.37985625264992e-06
3.38698009727523e-06
3.39667440130142e-06
3.40103315465967e-06
3.40606743520766e-06
3.4124122976209e-06
3.41546342497168e-06
3.41914505952445e-06
3.42411681231169e-06
3.42625185112411e-06
3.42899556926568e-06
3.43443093697715e-06
3.4425895591994e-06
3.45357216247066e-06
3.45730131812161e-06
3.46218826052791e-06
3.46433057529794e-06
3.46513229487755e-06
3.46610249835066e-06
3.46624051417166e-06
3.46626416103391e-06
3.46630486092181e-06
3.46637557413487e-06
3.46648835147789e-06
3.4665308703552e-06
3.46659430761065e-06
3.46668934980698e-06
3.46683145835414e-06
3.467043825367e-06
3.46735987477587e-06
3.46782962878933e-06
3.46800925399293e-06
3.46827209796174e-06
3.46866181644145e-06
3.46924139194016e-06
3.46946580975782e-06
3.46954948327038e-06
3.46967203768145e-06
3.46971796716389e-06
3.46978686138755e-06
3.46989054378355e-06
3.47004493050918e-06
3.47027571478975e-06
3.47061723005027e-06
3.47112131748872e-06
3.47186824001255e-06
3.47216337104328e-06
3.47258014699037e-06
3.4727390811895e-06
3.47297100233845e-06
3.47331251759897e-06
3.47381865140051e-06
3.47457216776093e-06
3.47564400726696e-06
3.4773020161083e-06
3.47946183865133e-06
3.48029061569832e-06
3.48119328918983e-06
3.48168578057084e-06
3.48244316228374e-06
3.48111939274531e-06
3.47782156495668e-06
3.47590230376227e-06
3.47263335243042e-06
3.47143441103981e-06
3.46934871231497e-06
3.46858541888651e-06
3.46829506270296e-06
3.4678364499996e-06
3.46766546499566e-06
3.46760066349816e-06
3.46750334756507e-06
3.46746674040332e-06
3.46741194334754e-06
3.46732963407703e-06
3.46720617017127e-06
3.4670206332521e-06
3.46674073625763e-06
3.46631827596866e-06
3.46567821907229e-06
3.46544265994453e-06
3.46508022630587e-06
3.46494516634266e-06
3.46489446201304e-06
3.46481760971074e-06
3.46470187650993e-06
3.4645281630219e-06
3.46426600117411e-06
3.46386900673679e-06
3.46326442013378e-06
3.4630429581739e-06
3.46295996678236e-06
3.46283127328206e-06
3.46278307006287e-06
3.4627105378604e-06
3.46260117112251e-06
3.46243655258149e-06
3.46218917002261e-06
3.4618133213371e-06
3.46124306815909e-06
3.46036472365086e-06
3.45899388776161e-06
3.45692592418345e-06
3.45386206390685e-06
3.44934983331768e-06
3.44759951076412e-06
3.44750583280984e-06
3.44723707712546e-06
3.44685372510867e-06
3.44628142556758e-06
3.4454080832802e-06
3.44409431818349e-06
3.44205022884125e-06
3.44132286045351e-06
3.43962051374547e-06
3.43934675584023e-06
3.43887450071634e-06
3.43814167536038e-06
3.43709666594805e-06
3.43567921845533e-06
3.43390570378688e-06
3.43163151228509e-06
3.43073224939872e-06
3.43699753102555e-06
3.44470504387573e-06
3.44539171237557e-06
3.44577051691886e-06
3.44564477927634e-06
3.44541990671132e-06
3.4452543786756e-06
3.44442173627613e-06
3.44424188369885e-06
3.44514478456404e-06
3.44567979482235e-06
3.4467561818019e-06
3.44876207236666e-06
3.4515367133281e-06
3.45555577041523e-06
3.46108868143347e-06
3.46338310919236e-06
3.46601314049622e-06
3.46878937307338e-06
3.46985189025872e-06
3.46991396327212e-06
3.46985507349018e-06
3.46978617926652e-06
3.46976003129384e-06
3.46987599186832e-06
3.4704789868556e-06
3.47258242072712e-06
3.47736113326391e-06
3.485178694973e-06
3.49180709235952e-06
3.49373931385344e-06
3.49665992871451e-06
3.49822880707507e-06
3.49848392033891e-06
3.49916194863908e-06
3.49867582372099e-06
3.49897231899376e-06
3.49872880178737e-06
3.49867832483142e-06
3.49846141034504e-06
3.49801439369912e-06
3.49788911080395e-06
3.49784181707946e-06
3.4977322229679e-06
3.49754918715917e-06
3.49724382431305e-06
3.49672222910158e-06
3.49579113390064e-06
3.49550896316941e-06
3.49491915585531e-06
3.49384390574414e-06
3.49192032444989e-06
3.48844559994177e-06
3.48274602401943e-06
3.47999525729392e-06
3.4749696169456e-06
3.4674567359616e-06
3.45448052030406e-06
3.43340843755868e-06
3.43134774993814e-06
3.42824023391586e-06
3.42345765602659e-06
3.42172120326723e-06
3.41903387379716e-06
3.41499662681599e-06
3.4134882298531e-06
3.41120971825148e-06
3.40776728080527e-06
3.40269866683229e-06
3.40079327543208e-06
3.39795110448904e-06
3.39367716151173e-06
3.38732547788823e-06
3.37795063387603e-06
3.36405128109618e-06
3.34325682160852e-06
3.33406524077873e-06
3.33073739966494e-06
3.32610807163292e-06
3.31947785525699e-06
3.31023693433963e-06
3.30110128743399e-06
3.29919544128643e-06
3.29859926750942e-06
3.29680256072606e-06
3.29435829371505e-06
