0.0
0.0
0.0
5.06384101317536e-10
2.04836680950393e-09
8.36725533304161e-09
2.501714924108e-08
5.28360715179588e-08
8.68515286356342e-08
1.87149126418262e-07
4.78863967146026e-07
8.61198429902288e-07
1.61733237291628e-06
1.99455780602875e-06
2.54299084190279e-06
2.58478985415422e-06
2.62236267190019e-06
2.65461335402506e-06
2.68457324636984e-06
2.72666602540994e-06
2.79267987934873e-06
2.91089804704825e-06
2.94866231342894e-06
2.97929432235833e-06
3.01540831060265e-06
3.058059974137e-06
3.10977839035331e-06
3.17139006256184e-06
3.24571578858013e-06
3.33918069372885e-06
3.47231275554805e-06
3.61341062671272e-06
3.80641358788125e-06
4.06818026021938e-06
4.47110551249352e-06
5.01078011438949e-06
5.92430478718597e-06
6.63977880321909e-06
7.40427958589862e-06
8.17560430732556e-06
8.76350532053038e-06
9.12807718123076e-06
9.35962452786043e-06
9.53897233557655e-06
9.69196116784588e-06
9.81626180873718e-06
9.98424184217583e-06
1.02099711511983e-05
1.05180943137384e-05
1.09074981082813e-05
1.14516442408785e-05
1.22110823213006e-05
1.31563629111042e-05
1.44538580570952e-05
1.66411427926505e-05
1.95276606973493e-05
2.24007653741864e-05
2.52519366767956e-05
3.0457551474683e-05
3.45072767231613e-05
3.93312657251954e-05
4.42657765233889e-05
5.03473056596704e-05
5.8957957662642e-05
6.19201819063164e-05
6.2841885664966e-05
6.46392581984401e-05
6.66321648168378e-05
6.87381398165599e-05
7.08845691406168e-05
7.41324693080969e-05
7.9003642895259e-05
8.64307949086651e-05
8.84476394276135e-05
9.00142258615233e-05
9.12792893359438e-05
9.15249765967019e-05
9.17762736207806e-05
9.20347374631092e-05
9.24442574614659e-05
9.28904846659862e-05
9.34032359509729e-05
9.3997448857408e-05
9.46384679991752e-05
9.53276685322635e-05
9.63048296398483e-05
9.71891349763609e-05
9.79632968665101e-05
9.86533777904697e-05
9.92768618743867e-05
9.98477844404988e-05
0.000100623285106849
0.000101680932857562
0.000103156962723006
0.000105292281659786
0.000108408486994449
0.000113028960186057
0.000119782343972474
0.000129634892800823
0.000144336649100296
0.00016572410822846
0.000196888533537276
0.000240587469306774
0.00030495339888148
0.000408854190027341
0.000551072007510811
0.000694392248988152
0.000841234694235027
0.000991539680399001
0.00113950227387249
0.00129053951241076
0.00144483742769808
0.00160310626961291
0.00176115054637194
0.00191071548033506
0.00205934140831232
0.00220635207369924
0.00235218415036798
0.00249703973531723
0.00264051393605769
0.00278456299565732
0.00292774196714163
0.00306912115775049
0.00320860138162971
0.00334659498184919
0.00348234269768
0.0036150689702481
0.00374731211923063
0.00387854059226811
0.00400860933586955
0.00413710717111826
0.00426359754055738
0.00439011259004474
0.00451400363817811
0.00463478919118643
0.00475301360711455
0.00480441795662045
0.00479873269796371
0.00478924298658967
0.00477382633835077
0.00475311698392034
0.00472819339483976
0.00470332195982337
0.00467606028541923
0.00465121725574136
0.00462483707815409
0.0045989565551281
0.00457375915721059
0.00454685557633638
0.00451850658282638
0.00448772544041276
0.00445941276848316
0.00442715222015977
0.00439647771418095
0.00436851615086198
0.00433543138206005
0.00430597783997655
0.0042713126167655
0.00424152426421642
0.00423438986763358
0.00422273343428969
0.00421808939427137
0.00421120738610625
0.00421120738610625
