-0.000000
-0.000000
0.000000
0.000000
0.000000
0.000000
0.000000
0.147065
0.513138
0.903472
1.253985
1.633927
1.704169
2.422110
2.766015
2.982708
3.152329
3.921130
4.413086
4.906251
5.021542
5.135327
5.383495
5.778069
6.135972
6.402916
6.638526
7.067360
7.378954
7.681435
7.755937
7.762380
7.773905
7.781759
7.790582
7.808929
7.840771
7.889539
7.962011
8.065701
8.211398
8.417990
8.648988
8.872361
9.087006
9.261892
9.399937
9.431940
9.462696
9.464442
9.465664
9.466852
9.467985
9.468707
9.469014
9.468802
9.467296
9.465041
9.463165
9.462898
9.463226
9.463909
9.464640
9.465727
9.467098
9.468966
9.471701
9.475629
9.476948
9.477882
9.478740
9.479342
9.479871
9.480212
9.480217
9.480118
9.479889
9.479416
9.478573
9.477637
9.476009
9.474823
9.474548
9.474944
9.475605
9.476292
9.477010
9.477977
9.479313
9.481185
9.483965
9.487959
9.493451
9.501154
9.512166
9.528223
9.551360
9.572891
9.593375
9.611897
9.629664
9.646544
9.652273
9.654160
9.656037
9.656421
9.656750
9.657003
9.657171
9.657251
9.657227
9.656998
9.656540
9.655785
9.654788
9.652750
9.652248
9.651710
9.650767
9.648973
9.646047
9.640624
9.638875
9.636870
9.633025
9.622556
9.610746
9.592243
9.572582
9.548867
9.519835
9.484991
9.450669
9.396485
9.336151
9.281523
9.241293
9.195251
9.158176
9.139261
9.128251
9.121709
9.118294
9.116277
9.114906
9.113809
9.112766
9.111570
9.110008
9.107962
9.103639
9.089461
9.055237
9.012442
8.959663
8.905920
8.847758
8.773949
8.717784
8.681169
8.646285
8.621598
8.608388
8.602617
8.601212
8.601600
8.602371
8.603301
8.604497
8.605576
8.606939
8.605053
8.600917
8.594327
8.585060
8.565431
8.533176
8.488797
8.425257
8.335539
8.225994
8.112162
7.963975
7.771561
7.576459
7.372568
7.160654
6.944921
6.722538
6.497428
6.268525
6.036657
5.802426
5.565335
5.328265
5.088838
4.847857
4.605532
4.361976
4.117611
3.872198
3.625983
3.378180
3.129238
2.879515
2.628396
2.375769
2.122163
1.867840
1.611935
1.348351
1.077403
0.804498
0.530008
0.253824
-0.000001
-0.000026
