0.0
1.00888019005652e-06
1.71157591921656e-06
1.69849536177935e-05
5.7300363550894e-05
0.000125683698570356
0.000223440962145105
0.000347263092407957
0.000493468716740608
0.000664671126287431
0.000860410567838699
0.00107966060750186
0.00132559647317976
0.00159577699378133
0.00188913370948285
0.00220652366988361
0.0025450405664742
0.0029027599375695
0.00299512920901179
0.0029958481900394
0.00299656856805086
0.00299728941172361
0.00299801072105765
0.00299909338355064
0.00300071947276592
0.0030023455619812
0.00300396862439811
0.00300558679737151
0.00300720753148198
0.00300843385048211
0.00300936587154865
0.00301031838171184
0.00301125994883478
0.00301218614913523
0.00301355635747313
0.00301491911523044
0.00301627698354423
0.00301830936223269
0.00302135664969683
0.00302250008098781
0.00302421767264605
0.00302486354485154
0.00302583398297429
0.00302681210450828
0.00302754854783416
0.00302829686552286
0.00302904821000993
0.00302982237190008
0.00303064426407218
0.00303143821656704
0.00303223798982799
0.00303303101100028
0.00303382473066449
0.00303499819710851
0.0030367171857506
0.00303920940496027
0.00304164993576705
0.00304403714835644
0.00304639968089759
0.00304874964058399
0.00305109354667366
0.0030534325633198
0.00305577041581273
0.00305810896679759
0.00306045054458082
0.00306398561224341
0.00306932954117656
0.00307737686671317
0.00308954226784408
0.00310795614495873
0.00313597987405956
0.00317855714820325
0.0032433143351227
0.00334166851826012
0.00349161773920059
0.00354841304942966
0.00363413663581014
0.00364219979383051
0.00364825245924294
0.00365431373938918
0.0036634171847254
0.00367707014083862
0.00368220126256347
0.00368732726201415
0.00369245931506157
0.00369759229943156
0.00370529131032526
0.00371684040874243
0.00373415276408195
0.00376016600057483
0.00379924173466861
0.0038010620046407
0.00380288739688694
0.00380471581593156
0.00380654563196003
0.00380929326638579
0.00381341320462525
0.00381958531215787
0.00382189569063485
0.00382420234382153
0.00382650969550014
0.00382881704717875
0.00383227854035795
0.00383746973238885
0.00384524674154818
0.00384814664721489
0.00385031499899924
0.00385247776284814
0.0038546344731003
0.00385678769089282
0.00385893788188696
0.00386109156534076
0.00386272137984633
0.0038639223203063
0.00386511627584696
0.00386630767025054
0.00386749906465411
0.00386869115754962
0.00386913865804672
0.00386981060728431
0.00387048395350575
0.00387115986086428
0.00387167185544968
0.00387219781987369
0.00387260993011296
0.00387301412411034
0.00387341878376901
0.00387402437627316
0.0038749142549932
0.00387578597292304
0.00387664558365941
0.00387749564833939
0.00387875712476671
0.00388063257560134
0.0038834314327687
0.00388762261718512
0.00389392883516848
0.00389630766585469
0.00389989442192018
0.00390124181285501
0.00390326278284192
0.00390628632158041
0.00390929589048028
0.00391231570392847
0.00391534017398953
0.00391838001087308
0.00392297562211752
0.00392760196700692
0.00393224693834782
0.00393689936026931
0.00394155317917466
0.00394620187580585
0.00395084312185645
0.00395778194069862
0.0039681363850832
0.00398362055420876
0.00399907678365707
0.00401444593444467
0.00402592727914453
0.00403730804100633
0.00404863711446524
0.00405992288142443
0.00407671695575118
0.00410168431699276
0.00412641698494554
0.00415089959278703
0.00417518522590399
0.00421138852834702
0.00426597008481622
0.00434904312714934
0.00447285128757358
0.00463529583066702
0.00484540499746799
0.00507559254765511
0.00526110408827662
0.00528381112962961
0.00531033938750625
0.00531921582296491
0.00532213505357504
0.00532596511766315
0.00532626640051603
0.00532668083906174
0.00532682007178664
0.00532690761610866
0.005324921105057
0.00532656814903021
0.00532676931470633
0.00532697420567274
0.00532724848017097
0.00532739888876677
0.00532780308276415
0.00532863941043615
0.00532914837822318
0.00532935606315732
0.00532941799610853
0.00532946130260825
0.00532951485365629
0.00532959494739771
0.00532971462234855
0.00532989297062159
0.00533016305416822
0.00533057050779462
0.00533118890598416
0.00533215794712305
0.00533358519896865
0.00533578731119633
0.00533910840749741
0.00534462742507458
0.00535313226282597
0.00535627268254757
0.00535110710188746
0.00534491986036301
0.00533908186480403
0.00533297285437584
0.00532658537849784
0.00532015133649111
0.00531393429264426
0.00530628720298409
0.00529861263930798
0.00529017299413681
0.00528036104515195
0.00527037354186177
0.00526075763627887
0.00525051029399037
0.00524050183594227
0.00523030757904053
0.00522004580125213
0.00520926853641868
0.0051995893009007
0.00518787745386362
0.0051772496663034
0.00516500184312463
0.00515348417684436
0.00514141237363219
0.00512933684512973
0.00511896749958396
0.00510621536523104
0.00509523926302791
0.00508324149996042
0.00507134478539228
0.00505979685112834
0.00504777859896421
0.00503735849633813
0.00502485083416104
0.00501396041363478
0.00500181363895535
0.00498929433524609
0.00497818365693092
0.00496570859104395
0.00495460256934166
0.0049432828091085
0.00493136467412114
0.00491991639137268
0.00490764621645212
0.00489598838612437
0.00488407351076603
0.00487300427630544
0.00486165890470147
0.00484997034072876
0.00483903661370277
0.00482752081006765
0.00481557054445148
0.00480379024520516
0.0047916192561388
0.00478117074817419
0.00476968102157116
0.0047573815099895
0.00474706664681435
0.00473598623648286
0.00472338823601604
0.00471247406676412
0.00469990773126483
0.00468575628474355
0.00467510940507054
0.00467246165499091
0.00466845463961363
0.00466682715341449
0.00466682715341449
