0.0
7.72511512536767e-08
1.08920003185631e-05
4.22242846980225e-05
8.95944249350578e-05
0.000149756975588389
0.000224058065214194
0.000314804550725967
0.000427108752774075
0.000553305551875383
0.000680385914165527
0.000805187621153891
0.000926106818951666
0.00104442797601223
0.00115995481610298
0.00127121957484633
0.00137933623045683
0.00148434739094228
0.00158510101027787
0.0016814861446619
0.00177354377228767
0.00186130858492106
0.00194482097867876
0.00202409899793565
0.00209919200278819
0.00217012572102249
0.0022369388025254
0.002299714833498
0.00235850992612541
0.00241335621103644
0.00246428442187607
0.00251136068254709
0.00255464832298458
0.00259419158101082
0.00263004493899643
0.00266228406690061
0.00269097159616649
0.00271613895893097
0.00273783295415342
0.00275611667893827
0.00277103949338198
0.00278263306245208
0.00279094977304339
0.00279602687805891
0.00279679009690881
0.00279755261726677
0.0027977202553302
0.00279776682145894
0.00279781990684569
0.00279782083816826
0.00279782246798277
0.00279782293364406
0.0027978231664747
0.00279782339930534
0.00279782386496663
0.00279782456345856
0.00279782526195049
0.00279782619327307
0.00279782712459564
0.00279782805591822
0.00279782945290208
0.00279783084988594
0.0027978322468698
0.00279783317819238
0.00279783341102302
0.00279783341102302
0.00279783364385366
0.00279783364385366
0.00279783387668431
0.00279783410951495
0.00279783457517624
0.00279783527366817
0.0027978359721601
0.00279783667065203
0.00279783736914396
0.00279783806763589
0.00279783853329718
0.00279783923178911
0.00279783993028104
0.00279784039594233
0.00279784086160362
0.00279784156009555
0.00279784202575684
0.00279784249141812
0.00279784295707941
0.0027978434227407
0.00279784388840199
0.00279784412123263
0.00279784435406327
0.00279784458689392
0.00279784481972456
0.0027978450525552
0.0027978450525552
0.00279784528538585
0.00279784528538585
0.00279784528538585
0.00279784528538585
0.00279784528538585
0.00279784528538585
