-0.0
7.49765760588161e-09
7.61443061492173e-07
1.01072146208026e-06
1.03230888726102e-06
1.21618904813658e-06
-4.99300881529052e-07
-1.0949986972264e-05
-1.1517088751134e-05
9.56697385845473e-06
5.17617809236981e-06
5.90244781051297e-07
-3.20745493809227e-06
-4.84112388221547e-06
-1.35455411509611e-06
-4.39413997810334e-06
-2.38903703575488e-06
-4.48150785814505e-06
-2.71173303190153e-06
-6.0332258726703e-06
-5.67779716220684e-06
-5.78833714826033e-06
-3.17946796712931e-06
-3.26649569615256e-06
-3.61041384167038e-06
-3.97861367673613e-06
-4.40060102846473e-06
-2.53711732511874e-06
-2.81809298030566e-06
-3.49187575920951e-06
-4.56804082205053e-06
-5.05108073411975e-06
-4.82551877212245e-06
-2.65884045802522e-06
-3.08206472254824e-06
-3.78999175154604e-06
-3.14805220114067e-06
-2.64653317572083e-06
-2.90252137347125e-06
-1.2644159141928e-06
-1.49603874888271e-06
-1.94503445527516e-06
-1.94887070392724e-06
-1.9419776435825e-06
-1.8067021301249e-06
-1.45588637678884e-06
-1.21062566904584e-06
-1.07226424006512e-06
-7.70999577071052e-07
-7.49471837480087e-07
-7.3061619332293e-07
-7.14929228706751e-07
-7.10472704668064e-07
-7.07302206137683e-07
-6.95777089276817e-07
-6.4547475631116e-07
-5.27378688275348e-07
-3.49457877746318e-07
-1.50243067764677e-07
1.96678229258396e-08
2.51114215643611e-07
5.58698502572952e-07
7.96223048382672e-07
9.60842271524598e-07
5.93088088862714e-07
5.91643868119718e-07
5.88314492233621e-07
5.84920314850024e-07
5.81797564791486e-07
5.78780259274936e-07
5.76137381358421e-07
5.57851137727994e-07
5.26346980223025e-07
4.97357518725039e-07
4.65223251921998e-07
4.37352809967706e-07
4.09108309895601e-07
3.95738027236803e-07
3.8675204905303e-07
3.80023550405895e-07
3.76637672161451e-07
3.77603299739349e-07
3.92137337712484e-07
3.61074626198388e-07
3.3048652881007e-07
2.95477747158657e-07
2.56379024676789e-07
2.2687530076837e-07
2.09830233188768e-07
1.73678870396543e-07
1.37824471835302e-07
1.03413455576629e-07
5.86343809061418e-08
2.47845264311763e-08
1.78833126085465e-08
4.85214979306647e-09
3.07947711775114e-09
-3.14595371975201e-09
-3.14595371975201e-09
