-0.000000
0.097969
1.115374
2.013151
2.451262
2.652342
3.094583
3.744038
5.191419
6.672994
7.640086
8.171790
8.542933
8.785726
8.913345
9.021506
9.155286
9.246069
9.333417
9.414101
9.489407
9.596593
9.634673
9.688374
9.707474
9.726413
9.727431
9.728462
9.729497
9.730533
9.732082
9.734238
9.735959
9.737885
9.739875
9.741892
9.743920
9.746971
9.751557
9.758417
9.768699
9.784738
9.808468
9.835184
9.861208
9.887327
9.925154
9.978209
10.039466
10.040785
10.041969
10.042901
10.044095
10.044439
10.044969
10.045163
10.044865
10.042802
10.040268
10.037315
10.034089
10.029014
10.020829
10.009642
9.994260
9.973140
9.942123
9.909415
9.869902
9.805363
9.711827
9.761344
9.563304
9.306870
9.024808
8.776257
8.631484
8.369868
8.061853
7.766369
7.526856
7.292337
7.003033
6.676033
6.349090
6.024327
5.700996
5.378221
5.055997
4.737436
4.420014
4.104914
3.791875
3.479491
3.165854
2.850940
2.537081
2.224983
1.915654
1.608033
1.303007
1.000078
0.699957
0.381367
0.057736
-0.000102
-0.000098
-0.000092
-0.000086
-0.000083
-0.000080
-0.000077
-0.000075
-0.000076
-0.000078
-0.000082
-0.000085
-0.000087
-0.000089
-0.000088
-0.000086
-0.000081
-0.000077
-0.000074
-0.000072
-0.000069
-0.000066
-0.000065
-0.000064
-0.000063
-0.000065
-0.000067
-0.000067
-0.000070
-0.000073
-0.000072
-0.000071
-0.000067
-0.000063
-0.000057
-0.000055
-0.000054
-0.000051
-0.000048
-0.000045
-0.000043
-0.000041
-0.000040
-0.000042
-0.000042
-0.000041
-0.000042
-0.000044
-0.000043
-0.000042
