0.0
0.0
1.01976960209527e-08
1.19837736178852e-07
1.95385226220424e-07
2.26552842264027e-07
2.39378380229027e-07
2.60650296013409e-07
2.7901671728614e-07
2.80134372587781e-07
3.60151176437284e-07
5.56420559405524e-07
7.07237973074371e-07
8.16989484064834e-07
9.12535483621468e-07
1.07429184481589e-06
1.27769283153611e-06
1.51752658439364e-06
1.73384819390776e-06
1.9612402866187e-06
2.05529408958682e-06
2.14041597246251e-06
2.22199082600127e-06
2.3359275473922e-06
2.49077152147947e-06
2.72754664365493e-06
2.82003793472541e-06
2.99470161735371e-06
3.07351092487806e-06
3.18187039738405e-06
3.31161186295503e-06
3.45106559507258e-06
3.4924100873468e-06
3.53562654709094e-06
3.60526564691099e-06
3.71604073734488e-06
3.83020460503758e-06
3.92929950976395e-06
3.96466248275829e-06
4.01933129978715e-06
4.10295751862577e-06
4.19308844357147e-06
4.29685997005436e-06
4.46267586085014e-06
4.62792468169937e-06
4.77770481666084e-06
5.02013836012338e-06
5.36171273779473e-06
5.4452643780678e-06
5.51172206542105e-06
5.6283743106178e-06
5.77552236791234e-06
5.85310726819444e-06
6.05214199822512e-06
6.09730341238901e-06
5.80407640882186e-06
5.33047386852559e-06
5.10691461386159e-06
4.7262828957173e-06
4.15049362345599e-06
3.17755393552943e-06
1.95623420040647e-06
1.71226974998717e-06
1.66482175245619e-06
1.6644929701215e-06
1.65044752975518e-06
1.70041721503367e-06
1.73552689375356e-06
1.73903981703916e-06
1.66726408679096e-06
1.56830776631978e-06
1.53003293235088e-06
1.52042844092648e-06
1.52722100210667e-06
1.56216253799357e-06
1.63126401275804e-06
1.66735230777704e-06
1.70337705185375e-06
1.65763208315184e-06
1.58483146606159e-06
1.52321331370331e-06
1.5469005347768e-06
1.56694329689344e-06
1.56082671765034e-06
1.53652786138991e-06
1.50232449414034e-06
1.48671779243159e-06
1.48561900914501e-06
1.4918606439096e-06
1.4897190112606e-06
1.42512215006718e-06
1.43835131893866e-06
1.51510960222367e-06
1.56243129367795e-06
1.60623312694952e-06
1.62286107752152e-06
1.62140031534364e-06
1.58492377977382e-06
1.55369275489647e-06
1.53079679421353e-06
1.4844312090645e-06
1.41133182296471e-06
1.28553335798642e-06
1.22863377782778e-06
1.30370972328819e-06
1.38528389470594e-06
1.42144745041151e-06
1.46920933730144e-06
1.50387404573848e-06
1.50729044889886e-06
1.5111344282559e-06
1.53850146489276e-06
1.52531720232219e-06
1.53426981341909e-06
1.51260474012815e-06
1.44031662330235e-06
1.36866742650454e-06
1.27139060168702e-06
1.28605506688473e-06
1.32074728753651e-06
1.31690956095554e-06
1.32318109535845e-06
1.33121920953272e-06
1.31513286305562e-06
1.33047694816923e-06
1.37448137138563e-06
1.43176328037953e-06
1.45646527016652e-06
1.49780328229099e-06
1.5081886886037e-06
1.48379490383377e-06
1.45027422604471e-06
1.35346033403039e-06
1.28831879919744e-06
1.20205618259206e-06
1.17671845600853e-06
1.23880306546198e-06
1.22379412914597e-06
1.21551909160189e-06
1.23791016903851e-06
1.24361292819231e-06
1.24231291920296e-06
1.27535963656555e-06
1.3493811366061e-06
1.35160291847569e-06
