0.0
7.08918430270288e-35
-1.55689106937501e-34
-1.33669560791018e-34
-1.28129492649791e-34
-5.35189376576815e-35
-2.22863190792722e-34
-2.47984584136874e-34
-6.32925016377031e-35
-2.03441980777348e-34
-9.53088294170566e-35
-1.28551821137748e-34
5.86566329729976e-07
1.33824494241708e-06
2.2620954496233e-06
3.51882090399158e-06
3.20062031278212e-06
2.52537711276091e-06
2.41485918195394e-06
2.48864603236143e-06
2.64004211203428e-06
2.9192344754847e-06
3.35781078319997e-06
4.13678117183736e-06
5.59644013264915e-06
7.54271195546607e-06
8.10442907095421e-06
8.55946473166114e-06
9.3515009211842e-06
1.06243178379373e-05
1.17170657176757e-05
1.25063097584643e-05
1.34099218485062e-05
1.45833428177866e-05
1.50818641486694e-05
1.57122049131431e-05
1.64433458849089e-05
1.72611271409551e-05
1.8462411389919e-05
1.85224853339605e-05
1.8342971088714e-05
1.87512596312445e-05
1.91026992979459e-05
1.89600832527503e-05
1.87556743185269e-05
1.84086784429383e-05
1.80622591869906e-05
1.77223428181605e-05
1.77008951141033e-05
1.76692119566724e-05
1.76573157659732e-05
1.76528537849663e-05
1.76461326191202e-05
1.76436060428387e-05
1.76426583493594e-05
1.76423036464257e-05
1.76417706825305e-05
1.76417197508272e-05
1.76416451722616e-05
1.76416160684312e-05
1.76416069734842e-05
1.76416051544948e-05
1.76416033355054e-05
1.76416033355054e-05
1.76416033355054e-05
1.76416033355054e-05
1.76416033355054e-05
1.76416033355054e-05
1.76416033355054e-05
