0.0
0.0
1.08758729311376e-06
1.56212206547934e-06
1.89317370313802e-06
2.66764300249633e-06
2.85679448097653e-06
2.69894508164725e-06
2.85003625322133e-06
3.13636201099143e-06
3.10954033011512e-06
2.31168564823747e-06
2.17469755625643e-06
2.73052592092426e-06
3.56805935552984e-06
4.84561996927368e-06
4.81442702948698e-06
4.34488583778148e-06
4.33100103691686e-06
4.32863635069225e-06
4.32695378549397e-06
4.32695514973602e-06
4.32806382377748e-06
4.33115519626881e-06
4.33626973972423e-06
4.34311368735507e-06
4.3281766011205e-06
4.31300986747374e-06
4.3106288103445e-06
4.32265505878604e-06
4.34883941125008e-06
4.41136126028141e-06
4.53265829492011e-06
4.68398911834811e-06
4.85752389067784e-06
5.14338717039209e-06
5.2573027460312e-06
5.4255351642496e-06
5.42774478162755e-06
5.42946509085596e-06
5.43119267604197e-06
5.43376654604799e-06
5.43629175808746e-06
5.43874148206669e-06
5.44104295840953e-06
5.44293834536802e-06
5.44329122931231e-06
5.44340764463414e-06
5.44506929145427e-06
5.4470820032293e-06
5.4493411880685e-06
5.45168268217822e-06
5.4552124311158e-06
5.45866760148783e-06
5.46200908502215e-06
5.46695719094714e-06
5.47434547115699e-06
5.48158914170926e-06
5.48689422430471e-06
5.49075548406108e-06
5.493533990375e-06
5.49608876099228e-06
5.49766491531045e-06
5.49762717128033e-06
5.49887499801116e-06
5.50071854377165e-06
5.50282902622712e-06
5.50506183571997e-06
5.50730555914924e-06
5.51072025700705e-06
5.51597486264654e-06
5.5238501772692e-06
5.53572408534819e-06
5.55360065845889e-06
5.58030797037645e-06
5.62007244298002e-06
5.67870347367716e-06
5.76374895899789e-06
5.8155628721579e-06
5.80432288188604e-06
5.77880200580694e-06
5.7368984016648e-06
5.6731041695457e-06
5.52982737644925e-06
5.44269732927205e-06
5.38523863724549e-06
5.42191992281005e-06
5.58847068532486e-06
5.58810006623389e-06
5.58875672140857e-06
5.58991405341658e-06
5.59012005396653e-06
5.59002000954933e-06
5.58970259589842e-06
5.58901865588268e-06
5.58829469810007e-06
5.58719284526887e-06
5.58455167265492e-06
5.57808152734651e-06
5.57183238925063e-06
5.56709301235969e-06
5.56360828340985e-06
5.56107352167601e-06
5.5587365750398e-06
5.55630731469137e-06
5.55449605599279e-06
5.55326323592453e-06
5.55161295778817e-06
5.55089445697377e-06
5.5500127018604e-06
5.54886128156795e-06
5.54728785573388e-06
5.54498274141224e-06
5.54112421013997e-06
5.53719519302831e-06
5.53307836526074e-06
5.52741403225809e-06
5.52155597688397e-06
5.51898983758292e-06
5.51838502360624e-06
5.51908988200012e-06
5.52050596525078e-06
5.52231358597055e-06
5.52432038603001e-06
5.52755773242097e-06
5.53260224478436e-06
5.54035568711697e-06
5.55197084395331e-06
5.56790746486513e-06
5.59086129214847e-06
5.62415743843303e-06
5.65708523936337e-06
5.687395514542e-06
5.71410828342778e-06
5.73389979763306e-06
5.75567764826701e-06
5.78776734982966e-06
5.83707833357039e-06
5.88896136832773e-06
5.94408038523397e-06
6.03392118136981e-06
6.07186666456982e-06
6.11662107985467e-06
6.16461875324603e-06
6.2114108914102e-06
6.24556969341938e-06
6.2420649555861e-06
6.23784580966458e-06
6.23262849330786e-06
6.2196977523854e-06
6.20471246293164e-06
6.20126456851722e-06
6.19741149421316e-06
6.19018419456552e-06
6.18009198660729e-06
6.16423039900837e-06
6.14225746176089e-06
6.11617087997729e-06
6.08896698395256e-06
6.04426168138161e-06
5.96049085288541e-06
5.88500415688031e-06
5.8171053751721e-06
5.73718762097997e-06
5.67253118788358e-06
5.6244484767376e-06
5.58758574698004e-06
5.56015220354311e-06
5.53858899365878e-06
5.52174378753989e-06
5.50306458535488e-06
5.48949174117297e-06
5.47753870705492e-06
5.46165892956196e-06
5.44636850463576e-06
5.43205032954575e-06
5.41040071766474e-06
5.37792902832734e-06
5.36468041900662e-06
5.35382196176215e-06
5.3436911002791e-06
5.33536376678967e-06
5.32348940396332e-06
5.30607258042437e-06
5.28029477209202e-06
5.24526558365324e-06
5.20327694175649e-06
5.14509611093672e-06
5.06999504068517e-06
4.97918563269195e-06
4.88540217702393e-06
4.72322972200345e-06
4.42890041085775e-06
3.99734244638239e-06
3.30030206896481e-06
2.53661664828542e-06
1.93573487194953e-06
1.54378983552306e-06
1.79520202436834e-06
8.05416163984773e-07
1.07266662219274e-09
1.05314656995148e-09
1.02469188689724e-09
9.8583796681595e-10
9.33326416152624e-10
8.55152837431206e-10
8.01109234505049e-10
6.95029256370105e-10
6.40413722052813e-10
6.14791328956699e-10
5.56180601574141e-10
5.50919976305408e-10
4.63522970006736e-10
4.10052880539524e-10
3.24493293346606e-10
1.91741317268068e-10
2.1289782436984e-11
0.0
6.44371116375297e-17
0.0
0.0
0.0
0.0
0.0
0.0
0.0
0.0
0.0
0.0
0.0
0.0
0.0
0.0
0.0
0.0
0.0
0.0
0.0
0.0
0.0
0.0
0.0
0.0
0.0
0.0
0.0
0.0
0.0
0.0
0.0
0.0
0.0
0.0
0.0
0.0
0.0
0.0
0.0
0.0
0.0
0.0
0.0
0.0
0.0
0.0
0.0
0.0
0.0
0.0
0.0
0.0
0.0
0.0
0.0
0.0
0.0
0.0
0.0
0.0
0.0
0.0
0.0
0.0
0.0
0.0
0.0
0.0
0.0
0.0
0.0
0.0
0.0
0.0
0.0
0.0
0.0
0.0
0.0
0.0
0.0
0.0
0.0
0.0
0.0
0.0
0.0
0.0
0.0
0.0
0.0
0.0
0.0
0.0
0.0
0.0
0.0
0.0
0.0
0.0
0.0
0.0
0.0
0.0
0.0
0.0
0.0
0.0
0.0
0.0
0.0
0.0
0.0
0.0
0.0
0.0
0.0
0.0
0.0
0.0
0.0
0.0
0.0
0.0
0.0
0.0
0.0
0.0
0.0
0.0
0.0
0.0
0.0
0.0
0.0
0.0
0.0
0.0
0.0
0.0
0.0
0.0
0.0
0.0
0.0
0.0
0.0
0.0
0.0
0.0
0.0
0.0
0.0
0.0
0.0
0.0
0.0
0.0
0.0
0.0
0.0
0.0
0.0
0.0
0.0
0.0
0.0
0.0
0.0
0.0
0.0
0.0
0.0
0.0
0.0
0.0
0.0
0.0
0.0
0.0
0.0
0.0
0.0
0.0
0.0
0.0
0.0
0.0
0.0
0.0
0.0
0.0
0.0
0.0
0.0
0.0
0.0
0.0
0.0
0.0
0.0
0.0
0.0
0.0
0.0
0.0
0.0
0.0
0.0
0.0
0.0
0.0
0.0
0.0
0.0
0.0
0.0
0.0
0.0
0.0
0.0
0.0
0.0
0.0
0.0
0.0
0.0
0.0
0.0
0.0
0.0
0.0
0.0
0.0
0.0
0.0
0.0
0.0
0.0
0.0
0.0
0.0
0.0
0.0
0.0
0.0
0.0
0.0
0.0
0.0
0.0
0.0
0.0
0.0
0.0
0.0
0.0
0.0
0.0
0.0
0.0
0.0
0.0
0.0
0.0
0.0
0.0
0.0
0.0
0.0
0.0
0.0
0.0
0.0
0.0
0.0
0.0
0.0
0.0
0.0
0.0
0.0
