0.0
2.68461075838599e-34
4.88669691378618e-08
1.21407040865051e-07
3.16941623168532e-07
2.99711047091478e-07
7.21850199170149e-07
7.30375404600636e-07
1.13915973543044e-06
1.88074352536205e-06
1.79119115273352e-06
1.84972429906338e-06
2.50620860242634e-06
2.88169076156919e-06
3.3207768410648e-06
3.21470815833891e-06
3.18213506034226e-06
3.09438996737299e-06
3.05582193504961e-06
3.19400533044245e-06
3.3070955396397e-06
3.61989555131004e-06
4.36772188550094e-06
4.66292385681299e-06
5.19675950272358e-06
6.18521289652563e-06
7.42711972634424e-06
7.72293515183264e-06
7.99585086497245e-06
8.39487529447069e-06
8.55486996442778e-06
8.71217343956232e-06
8.85491772351088e-06
9.03848831512732e-06
9.07522098714253e-06
9.0826979430858e-06
9.09022674022708e-06
9.09771370061208e-06
9.10866947378963e-06
9.12504310690565e-06
9.13104122446384e-06
9.14007523533655e-06
9.15276177693158e-06
9.15730834094575e-06
9.16408225748455e-06
9.17415400181198e-06
9.18913428904489e-06
9.19458943826612e-06
9.2025811682106e-06
9.21451373869786e-06
9.23155312193558e-06
9.25512267713202e-06
9.26334541873075e-06
9.27572364162188e-06
9.28020381252281e-06
9.28672307054512e-06
9.29644011193886e-06
9.31002432480454e-06
9.32990860746941e-06
9.33684987103334e-06
9.34707168198656e-06
9.36041033128276e-06
9.37128061195835e-06
9.37100048759021e-06
9.36303877097089e-06
9.34884064918151e-06
9.32417788135353e-06
9.29223187995376e-06
9.25743006519042e-06
9.19472222449258e-06
9.15276632440509e-06
9.07351932255551e-06
8.94720415089978e-06
8.74918714544037e-06
8.45150680106599e-06
8.01809164840961e-06
7.87548196967691e-06
7.62534909881651e-06
7.53465747038717e-06
7.36896026864997e-06
7.03570412952104e-06
6.56025531498017e-06
5.75761168875033e-06
4.62401339973439e-06
3.32647687173449e-06
1.78741413492389e-06
1.44676721447468e-06
1.22103847388644e-06
1.07616779132513e-06
1.00514489531633e-06
9.63324737313087e-07
9.31767431211483e-07
9.25818312680349e-07
9.25068377455318e-07
9.24188839235285e-07
9.23876086744713e-07
9.23833397337148e-07
9.2378689942052e-07
9.23718403100793e-07
9.23692709875468e-07
9.23654113194061e-07
9.23595848689729e-07
9.23572372357739e-07
9.2353690206437e-07
9.23522122775466e-07
9.23516779494093e-07
9.23509105632547e-07
9.23497566418519e-07
9.23480229175766e-07
9.23454251733347e-07
9.23415313991427e-07
9.23357106330513e-07
9.23270022212819e-07
9.23140021313884e-07
9.22946412629244e-07
9.22659069146903e-07
9.22240189993317e-07
9.21623211525002e-07
9.20733270959317e-07
9.19683088795864e-07
9.19198214432981e-07
9.18553894280194e-07
9.18277464734274e-07
9.18175089736906e-07
9.18023829399317e-07
9.17966588076524e-07
9.17943623335304e-07
9.17909858344501e-07
9.17897182262095e-07
9.17878082873358e-07
9.17849376946833e-07
9.17806346478756e-07
9.17741601824673e-07
9.17644797482353e-07
9.17499619390583e-07
9.17294755709008e-07
9.17028444291645e-07
9.16584497190343e-07
9.16405724638025e-07
9.16163116926327e-07
9.1607017793649e-07
9.16035219233891e-07
9.15984060156916e-07
9.15979285309731e-07
9.15972009352117e-07
9.15961209102534e-07
9.15945065571577e-07
9.15920793431724e-07
9.15911698484706e-07
9.15897999220761e-07
9.15892883313063e-07
9.15890950636822e-07
9.15888108465879e-07
9.15883788366045e-07
9.15877308216295e-07
9.1586758799167e-07
9.15853036076442e-07
9.15831265047018e-07
9.15798580081173e-07
9.15749637897534e-07
9.15676253043785e-07
9.15566147341451e-07
9.15400732992566e-07
9.1515204303505e-07
9.14782219751942e-07
9.14216741421114e-07
9.1332725560278e-07
9.11967958927562e-07
9.09569791929243e-07
9.05939316453441e-07
9.05168519693689e-07
9.02634837984806e-07
9.02049634987634e-07
9.00744112186658e-07
8.98393068382575e-07
8.95007872259157e-07
8.94054835498537e-07
8.93607193575008e-07
8.92874936653243e-07
8.91890636012249e-07
8.9021801841227e-07
8.87843100372265e-07
8.8392636143908e-07
8.82920460298919e-07
8.81093797033827e-07
8.7858978758959e-07
8.7759980260671e-07
8.7613778987361e-07
8.73917997523677e-07
8.70896542437549e-07
8.69403095293819e-07
8.67150845351716e-07
8.63534580730629e-07
8.62771571519261e-07
8.62588592553948e-07
8.61857188283466e-07
8.60805585034541e-07
8.59216982007638e-07
8.56684266636876e-07
8.52709035825683e-07
8.47452383823111e-07
8.45592182940891e-07
8.4491659890773e-07
8.43849420562037e-07
8.42172482862225e-07
8.42190274852328e-07
8.41960741126968e-07
8.41640655835363e-07
8.41114399463549e-07
8.40343091113027e-07
8.39226856896857e-07
8.37601817238465e-07
8.35129753795627e-07
8.3121062743885e-07
8.2512207200125e-07
8.23054449483607e-07
8.2224244124518e-07
8.20859213490621e-07
8.20389402633737e-07
8.20235698029137e-07
8.1993465528285e-07
8.19480419522733e-07
8.18806086044788e-07
8.1775863236544e-07
8.17477484815754e-07
8.17089699012286e-07
8.16969361494557e-07
8.16774274881027e-07
8.16481588117313e-07
8.16291503724642e-07
8.16082206256397e-07
8.16032752481988e-07
8.16005069737002e-07
8.15816747490317e-07
8.15747000615374e-07
8.15779628737801e-07
8.15787984720373e-07
8.15812938981253e-07
8.15849148239067e-07
8.15897465145099e-07
8.15959822375589e-07
8.16031842987286e-07
8.16099884559662e-07
8.16130125258496e-07
8.15959992905846e-07
8.15335909010173e-07
8.1568634868745e-07
8.15416683508374e-07
8.15444991530967e-07
8.15488419902977e-07
8.15481200788781e-07
8.15472844806209e-07
8.15462669834233e-07
8.15443797819171e-07
8.15397868336731e-07
8.15333464743162e-07
8.152437658282e-07
8.15080340998975e-07
8.14850636743358e-07
8.14604504739691e-07
8.14455802355951e-07
8.14502016055485e-07
8.14333759535657e-07
8.13933183962945e-07
8.13047847714188e-07
8.13156134427118e-07
8.12913242498325e-07
8.1241302041235e-07
8.11514837550931e-07
8.11406209777488e-07
8.10958965757891e-07
8.10224037195439e-07
8.09285211289534e-07
8.07873107078194e-07
8.07785909273662e-07
8.07648120826343e-07
8.07286255621875e-07
8.0654803014113e-07
8.06588616342196e-07
8.06312584700208e-07
8.05821230187576e-07
8.04923899977439e-07
8.03225134404784e-07
8.03595582965499e-07
8.03545503913483e-07
8.03468708454602e-07
8.03352747880126e-07
8.03311081654101e-07
8.03246052782924e-07
8.0314646311308e-07
8.02976273917011e-07
8.02629756435635e-07
8.02049385129067e-07
8.01304622655152e-07
8.00695318048383e-07
7.99932649897528e-07
7.97723828327435e-07
7.97571487964888e-07
7.97279653852456e-07
7.96809104031126e-07
7.96391475432756e-07
7.96019662629988e-07
7.95193500380265e-07
7.94938443959836e-07
7.94416564531275e-07
7.94300660800218e-07
7.93936521858996e-07
7.93588242231635e-07
7.934802397358e-07
7.93212336702709e-07
7.92977914443327e-07
7.92884804923233e-07
7.92361163348687e-07
7.92302728314098e-07
7.91883906003932e-07
7.91037621183932e-07
7.90868284639146e-07
7.90349588442041e-07
7.89547016211145e-07
7.88742795521102e-07
7.88556690167752e-07
7.87847568517464e-07
7.86599116509024e-07
7.86350369708089e-07
7.85856002494256e-07
7.84749374815874e-07
7.84422979904775e-07
7.83714256158419e-07
7.83878931542858e-07
7.83795258030295e-07
7.83654343194939e-07
7.83450445851486e-07
7.83399059400836e-07
7.83298730766546e-07
7.83140023941087e-07
7.82866266035853e-07
7.82443464686366e-07
7.81861160703556e-07
7.81301196184359e-07
7.80950074386055e-07
7.80512436904246e-07
7.79998345024069e-07
7.79044171395071e-07
7.77387981543143e-07
7.76830006543605e-07
7.75844341660559e-07
7.74055365582171e-07
7.73567478518089e-07
7.72525879710884e-07
7.70819099216169e-07
7.70209737765981e-07
7.69183202464774e-07
7.67477160934504e-07
7.64853893997497e-07
7.64128117225482e-07
7.62471813686716e-07
7.6267917847872e-07
7.62627735184651e-07
7.62549632327136e-07
7.62434410717105e-07
7.62264335207874e-07
7.62014281008305e-07
7.61654689540592e-07
7.61144860916829e-07
7.60477291805728e-07
7.5960798540109e-07
7.59398687932844e-07
7.58847704673826e-07
7.58029102598812e-07
7.5685807132686e-07
7.56337328766676e-07
7.55601774926618e-07
7.54621055421012e-07
7.53213782900275e-07
7.52434004880342e-07
7.51456525449612e-07
7.5135983479413e-07
7.51232278162206e-07
7.51010247768136e-07
7.50678282201989e-07
7.50566186979995e-07
7.50410038108384e-07
7.5022762757726e-07
7.49740479477623e-07
7.49564947000181e-07
7.49398509469756e-07
7.48986053622502e-07
7.4848867370747e-07
7.47623630559247e-07
7.46353748581896e-07
7.444354537256e-07
7.41812755222782e-07
7.41588053188025e-07
7.41539167847804e-07
7.41459984965331e-07
7.41345616006583e-07
7.41238807222544e-07
7.41194980946602e-07
7.41142230253899e-07
7.41063956866128e-07
7.41035762530373e-07
7.40992106784688e-07
7.40923212561029e-07
7.40816290090152e-07
7.40782809316443e-07
7.40723919534503e-07
7.4064172395083e-07
7.40614950700547e-07
7.40598068205145e-07
7.40584255254362e-07
7.40637005947065e-07
7.40643258723139e-07
7.40671225685219e-07
7.40718121505779e-07
7.40735117688018e-07
7.40759389827872e-07
7.40791108455596e-07
7.40808502541768e-07
7.40865630177723e-07
7.41004896553932e-07
7.41232099699118e-07
7.41587996344606e-07
7.42126644581731e-07
7.4231729740859e-07
7.42420127153309e-07
7.42578549761674e-07
7.42816041565675e-07
7.43168868666544e-07
7.43683301607234e-07
7.44419537568319e-07
7.4543692107909e-07
7.45956413084059e-07
7.46570151477499e-07
7.47389265143283e-07
7.48666195704573e-07
7.50544074890058e-07
7.52878008825064e-07
7.54042162043334e-07
7.55465748625284e-07
7.57341297230596e-07
7.58225723984651e-07
7.59332351663033e-07
7.60889918183238e-07
7.62879324156529e-07
7.63932803238276e-07
7.65142431191634e-07
7.66616096825601e-07
7.67421852287953e-07
7.67619667385588e-07
7.67649112276558e-07
7.67670258028375e-07
7.67714482208248e-07
7.6778076163464e-07
7.6778871971328e-07
7.67798155720811e-07
7.67812025515013e-07
7.67833000736573e-07
7.67864264616946e-07
7.67910762533575e-07
7.679813620598e-07
7.68008817431109e-07
7.68047584642773e-07
7.68104769122147e-07
7.68127790706785e-07
7.6816047567263e-07
7.68208337831311e-07
7.68278539453604e-07
7.68380118643108e-07
7.68526035699324e-07
7.68726977184997e-07
7.68982090448844e-07
7.69285122714791e-07
7.69841108194669e-07
7.70107305925194e-07
7.70484973600105e-07
7.71022826029366e-07
7.71584041103779e-07
7.72274177052168e-07
7.73099998241378e-07
7.73858232605562e-07
7.74568150063715e-07
7.7544308396682e-07
7.75935689034668e-07
7.76203592067759e-07
7.76175795635936e-07
7.76436763771926e-07
7.76476213104615e-07
7.76050512740767e-07
7.76329670770792e-07
7.76148738168558e-07
7.76202909946733e-07
7.76201773078355e-07
7.76322167439503e-07
7.76106787725439e-07
7.76120771206479e-07
7.76010779190983e-07
7.7593858804903e-07
7.75788009832468e-07
7.75616513237765e-07
7.75514820361423e-07
7.75499358951492e-07
