0.0
2.38078111912399e-12
1.23301811469356e-11
1.42161742447411e-11
1.45963015979467e-11
1.49799721238519e-11
1.55688482939009e-11
1.85714794237457e-11
2.91749194247792e-11
1.36552130713952e-10
9.84975323525816e-10
1.76001690999072e-09
3.0493720881708e-09
3.18553006195543e-09
3.30574789764171e-09
3.40724670699899e-09
3.49114603892531e-09
3.59616847411814e-09
3.72885722299543e-09
3.90509624637048e-09
4.11183043169672e-09
4.29468682838774e-09
4.46693571021228e-09
4.71222749709455e-09
5.07837416563461e-09
5.63592150726322e-09
5.74678393761019e-09
5.84780668333451e-09
5.94999782776995e-09
6.10253803046135e-09
6.33089625168282e-09
6.66835786589104e-09
7.29615168282294e-09
7.80164732816502e-09
8.2847266824615e-09
8.98560337248e-09
9.99371074783539e-09
1.1270117283857e-08
1.23477876812217e-08
1.2920145842088e-08
1.3316359570581e-08
1.36457671828794e-08
1.41041240908635e-08
1.43867202595516e-08
1.45330556478029e-08
1.46197329797815e-08
1.47024179497635e-08
1.48244652109497e-08
1.50058525605345e-08
1.52824828347775e-08
1.57062309824596e-08
1.63162532373917e-08
1.69466378707739e-08
1.7120578732488e-08
1.73666734326616e-08
1.77304233517361e-08
1.82432593476278e-08
1.88437851988965e-08
1.92420284150785e-08
1.95042098027898e-08
1.96894252013635e-08
1.98276062235436e-08
1.99821901247788e-08
2.01052987591765e-08
2.02127523607487e-08
2.03566177248149e-08
2.05552836973766e-08
2.09542392326512e-08
2.16713580414307e-08
2.19452029881495e-08
2.23094183127159e-08
2.27938929953098e-08
2.36162502886827e-08
2.57769343647851e-08
3.15688311047779e-08
3.55052378608889e-08
3.83333720321843e-08
4.08641476212779e-08
4.47977939188604e-08
4.92029990084575e-08
5.27201002853417e-08
5.42777058853972e-08
5.49138583494369e-08
5.52119487906566e-08
5.53786989598848e-08
5.54898882398902e-08
5.56189050371358e-08
5.58053088184352e-08
5.60963933082803e-08
5.65418609710377e-08
5.72822926869776e-08
5.83339314630393e-08
5.94696416555962e-08
6.03158412104676e-08
6.10954273838615e-08
6.18366655658065e-08
6.28080698561462e-08
6.38740118574788e-08
6.50957119319173e-08
6.66476154265183e-08
6.90001087377823e-08
7.18489090445473e-08
7.88528637940544e-08
7.9913142769783e-08
8.11042752957292e-08
8.21881727119944e-08
8.36221119016045e-08
8.58080255738969e-08
8.69734080310991e-08
8.80910562273129e-08
8.97168277447236e-08
9.18706604124964e-08
9.41112574537328e-08
9.58910320036921e-08
9.78343166480045e-08
9.94227846717877e-08
1.00770094491054e-07
1.02616205310824e-07
1.06030675794955e-07
1.07711358054985e-07
1.10553308729777e-07
1.15710463433061e-07
1.23116478789598e-07
1.3282628685829e-07
1.48844080172239e-07
1.62056920771647e-07
1.73404146153189e-07
1.91561781548444e-07
2.04033099748813e-07
2.09887090818484e-07
2.12284462008938e-07
2.13327126630247e-07
2.1391751658939e-07
2.14481460147908e-07
2.15062129882426e-07
2.15753502175176e-07
2.16600952285262e-07
2.17922860201725e-07
2.20135731865412e-07
2.23961478695855e-07
2.32098017249882e-07
2.44999682763591e-07
2.71004864771385e-07
2.75343836619868e-07
2.90251534806885e-07
3.22939371244502e-07
3.73250315988116e-07
4.2107885178666e-07
4.67181592966881e-07
5.09895698996843e-07
5.47501315395493e-07
5.96746531300596e-07
6.61204353491485e-07
7.43110092571442e-07
8.43851239551441e-07
9.62529497883224e-07
1.10445864720532e-06
1.27690032059036e-06
1.41595580771536e-06
1.5277337297448e-06
1.63345714554453e-06
1.71046519881202e-06
1.77516915300657e-06
1.84827638349816e-06
1.9191882074665e-06
1.97779331756465e-06
2.02218393496878e-06
2.06983986572595e-06
2.14074589166557e-06
2.16362150240457e-06
2.16362150240457e-06
