0
0.00326810777187347
0.00586300762370229
0.00682780472561717
0.00794752966612577
0.00860732141882181
0.00794306304305792
0.00531001016497612
0.00476956786587834
0.00426614144816995
0.00417791167274117
0.00423441873863339
0.00428243493661284
0.00429635029286146
0.00431074155494571
0.00432589510455728
0.00434956653043628
0.00438696006312966
0.00442702369764447
0.00446998700499535
0.00451533310115337
0.00456339027732611
0.00461374782025814
0.00466629024595022
0.00472071953117847
0.0047769146040082
0.00483440002426505
0.00489313434809446
0.00495296809822321
0.00501399859786034
0.00507607217878103
0.0051390272565186
0.00520274136215448
0.0052671292796731
0.0053321341983974
0.00539771001785994
0.00546381250023842
0.00553036853671074
0.00559721188619733
0.00566444685682654
0.00573192862793803
0.00579969910904765
0.00586785050109029
0.00593617372214794
0.00600445130839944
0.00602152664214373
0.00603859638795257
0.00605576764792204
0.00607296172529459
0.00609006406739354
0.00611574482172728
0.00614149495959282
0.0061671151779592
0.00619284668937325
0.00621856423094869
0.0062442566268146
0.00626993784680963
0.00629563815891743
0.00632134824991226
0.00634704204276204
0.00637275679036975
0.00639836303889751
0.00642391806468368
0.00646211300045252
0.0065002553164959
0.00653845490887761
0.00657645892351866
0.00661446852609515
0.00665243621915579
0.00669034523889422
0.00672816997393966
0.00676590111106634
0.00680350884795189
0.00684100901708007
0.00687836995348334
0.00691556092351675
0.00695249391719699
0.00698914146050811
0.00702534290030599
0.00706435879692435
0.00710893282666802
0.00715645542368293
0.00720838410779834
0.00725959427654743
0.00727230729535222
0.00728488992899656
0.00729744508862495
0.00730995554476976
0.00732237892225385
0.0073347631841898
0.00734705105423927
0.00735928025096655
0.00737145729362965
0.00737446825951338
0.0073789949528873
0.00738576520234346
0.00739588867872953
0.00741098215803504
0.0074332351796329
0.00743876677006483
0.00744424294680357
0.007449712138623
0.00745516363531351
0.0074632978066802
0.00747533701360226
0.00748723186552525
0.00749900750815868
0.0075018685311079
0.00750475144013762
0.00750762922689319
0.00751194590702653
0.00751834129914641
0.00752469338476658
0.00753092300146818
0.00753711583092809
0.00753863295540214
0.00754090305417776
0.00754429725930095
0.00754936831071973
0.00755681795999408
0.00756410090252757
0.00756587693467736
0.00756764365360141
0.00757028441876173
0.00757421646267176
0.00757421646267176
