0.0
4.22596054249926e-19
1.01852820080239e-05
4.44145007350016e-05
0.000104021404695231
0.00018261160585098
0.000272881152341142
0.000377727090381086
0.000501395377796143
0.000642379105556756
0.000800152833107859
0.000971468922216445
0.00114535610191524
0.00131538230925798
0.00148175761569291
0.00164241413585842
0.00179731589742005
0.00194821937475353
0.00209501548670232
0.00223587173968554
0.00237085064873099
0.00250152940861881
0.00262787030078471
0.00274828472174704
0.00286280433647335
0.00297151342965662
0.00307441945187747
0.00317154661752284
0.00326304091140628
0.0033490271307528
0.00342946965247393
0.00350440246984363
0.00357395224273205
0.00363817298784852
0.00369708007201552
0.00375074869953096
0.00379926478490233
0.00384267815388739
0.0038810377009213
0.00391434459015727
0.00394262513145804
0.00396593892946839
0.00398431532084942
0.00399779714643955
0.00400640722364187
0.00401006592437625
0.00401063915342093
0.00401063915342093
0.00401063961908221
0.00401063961908221
0.00401063961908221
0.0040106400847435
0.0040106400847435
0.00401064055040479
0.00401064055040479
0.00401064101606607
0.00401064101606607
0.00401064148172736
0.00401064148172736
0.00401064194738865
0.00401064194738865
0.00401064194738865
0.00401064241304994
0.00401064241304994
0.00401064241304994
0.00401064287871122
0.00401064287871122
0.00401064287871122
0.00401064334437251
0.00401064334437251
0.00401064334437251
0.00401064334437251
0.00401064334437251
0.0040106438100338
0.0040106438100338
0.0040106438100338
0.0040106438100338
0.0040106438100338
0.0040106438100338
0.00401064427569509
0.00401064427569509
0.00401064427569509
0.00401064427569509
0.00401064427569509
0.00401064427569509
0.00401064427569509
0.00401064427569509
0.00401064427569509
