0.0
2.05021120081028e-08
2.56590535485657e-08
4.57447129065258e-08
1.65836127052899e-07
2.95922404802695e-07
5.18082913458784e-07
8.7707138618498e-07
1.48168430769147e-06
1.62449134677445e-06
1.76948435637314e-06
1.83031716005644e-06
1.9115550458082e-06
2.00523300009081e-06
2.03145987143216e-06
2.05893047677819e-06
2.08794290301739e-06
2.12096438190201e-06
2.14864098779799e-06
2.18060313272872e-06
2.21633968067181e-06
2.25543794840632e-06
2.29809029406169e-06
2.34491335504572e-06
2.39745554608817e-06
2.45544538302056e-06
2.51514939009212e-06
2.57983879237145e-06
2.65158928414166e-06
2.73552541329991e-06
2.84423413177137e-06
2.93305265586241e-06
3.02300304610981e-06
3.07774575958319e-06
3.12176712213841e-06
3.15514876092493e-06
3.19240325552528e-06
3.22225014315336e-06
3.24797269968258e-06
3.27199882121931e-06
3.29518911712512e-06
3.31795399688417e-06
3.34053629558184e-06
3.37571736963582e-06
3.42871157954505e-06
3.51031212630915e-06
3.63234607902996e-06
3.81771997126634e-06
4.08352570957504e-06
4.46635431217146e-06
4.99430325362482e-06
5.71854388908832e-06
7.02328861734713e-06
9.62915692070965e-06
1.36924918479053e-05
1.97901335923234e-05
2.7621728804661e-05
4.08020969189238e-05
5.84388253628276e-05
8.06789394118823e-05
0.000100283657957334
0.000121163349831477
0.000141667856951244
0.000171775071066804
0.000216708780499175
0.000281054322840646
0.000381954101612791
0.000513091450557113
0.00064554309938103
0.000780347909312695
0.000926532316952944
0.00107939576264471
0.00121482938993722
0.00135022250469774
0.0014948658645153
0.00164104287978262
0.00177545682527125
0.00190730160102248
0.00203545298427343
0.0021799576934427
0.00232499442063272
0.00246390420943499
0.00259039457887411
0.00271469703875482
0.00283795711584389
0.00295626954175532
0.00307809351943433
0.00319774355739355
0.00330777862109244
0.00343908229842782
0.00357653247192502
0.00369977625086904
0.00382225983776152
0.0039420435205102
0.00405897060409188
0.00417086109519005
0.00428677210584283
0.0043983873911202
0.00450366083532572
0.00447513349354267
0.00445949239656329
0.0044483314268291
0.00442690262570977
0.00440961495041847
0.00439640181139112
0.0043802997097373
0.00436070095747709
0.00434316229075193
0.00432389881461859
0.00430300505831838
0.00428395206108689
0.0042642499320209
0.0042354897595942
0.00421065464615822
0.00419831229373813
0.0041655832901597
0.00414447253569961
0.00412880908697844
0.00410651322454214
0.00408583413809538
0.00406131613999605
0.00404071109369397
0.00401570834219456
0.0039888028986752
0.00396669190376997
0.00394293665885925
0.00391804147511721
0.00389126525260508
0.00385924824513495
0.00383861549198627
0.00381490052677691
0.00378480623476207
0.00376044725999236
0.00374504760839045
0.00371990096755326
0.00369311450049281
0.00367316417396069
0.00364761846140027
0.00362100382335484
0.0036004853900522
0.00356768746860325
0.00353969959542155
0.00351867754943669
0.00349492812529206
0.00345870712772012
0.00344087998382747
0.00340916868299246
0.00338123366236687
0.00335261481814086
0.00333869992755353
0.00329809938557446
0.00327543960884213
0.00326290586963296
0.00324093736708164
0.00323549215681851
