-0.0
1.4210854715202e-13
3.61383172275964e-08
4.15955582866445e-07
1.4055403880775e-06
2.46930540015455e-06
3.47099921782501e-06
4.36128175351769e-06
5.42252746527083e-06
5.03100091009401e-06
5.60495391255245e-06
5.51315315533429e-06
-2.67193536274135e-06
-5.65005757380277e-06
-2.11010774364695e-06
5.70049451198429e-07
1.38677569339052e-06
2.56441126111895e-06
2.73290788754821e-06
2.9072180041112e-06
3.1938252504915e-06
3.29747126670554e-06
3.42361454386264e-06
3.70582711184397e-06
3.82845610147342e-06
1.17473246064037e-06
1.43441866384819e-06
1.5108089428395e-06
1.5523619367741e-06
1.5812402125448e-06
1.59141200128943e-06
1.60429772222415e-06
1.62016658578068e-06
1.64437369676307e-06
1.66512472787872e-06
1.68792030308396e-06
1.73869193531573e-06
1.83706288225949e-06
1.86083343578503e-06
1.87534897122532e-06
1.84823147719726e-06
1.77792389877141e-06
1.74916931428015e-06
1.78402842720971e-06
1.78290792973712e-06
1.75085006048903e-06
1.74231536220759e-06
1.79247581399977e-06
1.84576492756605e-06
1.88838748726994e-06
1.86948454938829e-06
1.868000254035e-06
1.88317790161818e-06
1.91250728676096e-06
1.92655716091394e-06
1.9407962099649e-06
1.95266329683363e-06
1.9713188521564e-06
1.97553890757263e-06
1.9945073290728e-06
2.00670910999179e-06
2.01120565179735e-06
2.02300725504756e-06
2.04581010621041e-06
2.08246638067067e-06
1.99484202312306e-06
2.06675031222403e-06
2.08242272492498e-06
2.1066953195259e-06
2.1686137188226e-06
2.2081658244133e-06
2.24671384785324e-06
2.35680636251345e-06
2.51620804192498e-06
2.90974276140332e-06
3.67892062058672e-06
3.97927942685783e-06
4.85599593957886e-06
3.98120027966797e-06
3.49416950484738e-06
3.60374542651698e-06
7.82327697379515e-06
9.65686194831505e-06
2.19078046939103e-05
1.70733037521131e-05
1.06504339782987e-05
4.75098386232276e-06
3.08809467242099e-06
1.67057260114234e-06
2.89836748379457e-07
1.55239945343055e-07
-2.60376964433817e-08
-2.89760464511346e-08
-3.02767375615076e-08
-3.9149085750978e-07
-5.43014380127715e-07
-1.04142429790954e-06
-1.93381606550247e-06
-1.56724263433716e-06
-9.24827872950118e-07
-1.44560408443795e-06
-1.54026326981693e-06
-1.51948586335493e-06
-1.47490345625556e-06
-2.043087988568e-06
-6.46402781967481e-07
-3.16773025588191e-07
-4.21899585489882e-07
-1.0536546142248e-06
-4.94118239657837e-08
-1.51646099766367e-06
-1.31593128571694e-06
-1.98720908883843e-06
-1.71334659171407e-06
-1.12152099518426e-06
-7.11522943674936e-07
-2.78715219792502e-07
-2.94802816824813e-07
-6.22490006207954e-08
-5.18195520271547e-07
-9.72664906839782e-07
7.11996449354046e-07
-1.3837250207871e-06
-4.39523319073487e-07
-1.06522588794178e-06
-6.76398769883235e-07
-1.02786646039021e-06
-6.2600804540125e-07
-6.94004825163574e-07
-5.24954259617516e-07
-2.54971155300154e-09
2.79899069255407e-07
-1.11276528969029e-06
-6.60936279928137e-07
5.499829285327e-07
-5.94930327224574e-07
-3.11930989482789e-07
-1.02137539670366e-06
-6.60262173823867e-07
-2.27324562729336e-07
-3.13126292894594e-07
-1.84533774927331e-07
3.66376752936048e-07
2.01255730303274e-07
-3.49819174516597e-07
3.93984123547853e-07
-6.78398350828502e-07
-5.07407094119117e-07
1.65848589972484e-07
8.08163420629171e-08
8.08393849638378e-08
8.08394418072567e-08
8.08396833917868e-08
8.0839726024351e-08
8.08400315577273e-08
8.08402091934113e-08
8.0840621308198e-08
8.08406497299075e-08
8.08407918384546e-08
8.08410760555489e-08
8.08411613206772e-08
8.08412892183696e-08
8.08415450137545e-08
8.08417084385837e-08
8.08418150199941e-08
8.08419500231139e-08
8.08421987130714e-08
8.0842269767345e-08
8.08424829301657e-08
8.08428382015336e-08
8.08429092558072e-08
8.08430087317902e-08
8.084314373491e-08
8.08435203225599e-08
8.08436055876882e-08
8.08438329613637e-08
8.08440319133297e-08
8.08441100730306e-08
8.08443090249966e-08
8.08445577149541e-08
8.08446074529456e-08
8.0844813510339e-08
8.08449982514503e-08
8.0845211414271e-08
8.08452824685446e-08
8.08454529988012e-08
8.08457087941861e-08
8.08457230050408e-08
8.08459503787162e-08
8.08460782764087e-08
8.08464477586313e-08
8.08465330237595e-08
8.08466751323067e-08
8.08469167168369e-08
8.08469877711104e-08
8.08472790936321e-08
8.08473998858972e-08
8.08477125247009e-08
8.08477906844018e-08
8.08480251635046e-08
8.08483235914537e-08
8.08483946457272e-08
8.08485012271376e-08
8.0848707284531e-08
8.08488351822234e-08
8.08488920256423e-08
8.0849105188463e-08
8.08494746706856e-08
8.08495457249592e-08
8.08496309900875e-08
8.08499294180365e-08
8.08500573157289e-08
8.08501994242761e-08
8.08504410088062e-08
8.0850654171627e-08
8.08508389127383e-08
8.08509383887213e-08
8.08511799732514e-08
8.0851350503508e-08
8.08515068229099e-08
8.08517341965853e-08
8.08517555128674e-08
8.08518976214145e-08
8.08520326245343e-08
8.08523026307739e-08
8.0852522899022e-08
8.08526436912871e-08
8.0852800010689e-08
8.08529705409455e-08
8.0852998962655e-08
8.08532121254757e-08
8.08536242402624e-08
8.08536668728266e-08
8.08538374030832e-08
8.08540505659039e-08
8.08541074093228e-08
8.08543489938529e-08
8.08545763675284e-08
8.08548037412038e-08
8.08549174280415e-08
8.08551945397085e-08
8.08553721753924e-08
8.08554645459481e-08
8.0855642181632e-08
8.08558979770169e-08
8.08559761367178e-08
8.0856040085564e-08
8.085623903753e-08
8.08565374654791e-08
8.08565800980432e-08
8.08568074717186e-08
8.08569780019752e-08
8.08570774779582e-08
8.08573190624884e-08
8.08574469601808e-08
8.08576672284289e-08
8.08579017075317e-08
8.08580651323609e-08
8.08583564548826e-08
8.08584275091562e-08
8.0858484352575e-08
8.08587472533873e-08
8.08590527867636e-08
8.08590883139004e-08
8.085935832014e-08
8.08596141155249e-08
8.08597064860805e-08
8.08597917512088e-08
8.08601114954399e-08
8.08602891311239e-08
8.08603246582607e-08
8.0860530715654e-08
8.08607723001842e-08
8.08609712521502e-08
8.08611133606973e-08
8.08613833669369e-08
8.08614473157832e-08
8.08615681080482e-08
8.08617244274501e-08
8.08620939096727e-08
8.08622218073651e-08
8.08624207593311e-08
8.08626268167245e-08
8.08626694492887e-08
8.08628968229641e-08
8.08630957749301e-08
8.08631881454858e-08
8.08633870974518e-08
8.08635007842895e-08
8.08637565796744e-08
8.08639413207857e-08
8.08641047456149e-08
8.08642326433073e-08
8.08643676464271e-08
8.08645665983931e-08
8.08647655503592e-08
8.08649929240346e-08
8.08651279271544e-08
8.08652913519836e-08
8.08655897799326e-08
8.08656110962147e-08
8.08657318884798e-08
8.08659876838647e-08
8.08662647955316e-08
8.08663642715146e-08
8.08666413831816e-08
8.0866868756857e-08
8.086696823284e-08
8.08671103413872e-08
8.0867366136772e-08
8.08673945584815e-08
8.0867565088738e-08
8.08677569352767e-08
8.08680127306616e-08
8.08682187880549e-08
8.08683466857474e-08
8.08685527431408e-08
8.08685811648502e-08
8.0868815643953e-08
8.0869014595919e-08
8.08692490750218e-08
8.08693485510048e-08
8.08695403975435e-08
8.08698388254925e-08
8.08699098797661e-08
8.08700733045953e-08
8.08702438348519e-08
8.08703362054075e-08
8.08704641030999e-08
8.08706488442112e-08
8.08710041155791e-08
8.08711035915621e-08
8.0871259910964e-08
8.08714943900668e-08
8.08714872846394e-08
8.0871636498614e-08
8.08718070288705e-08
8.08721551948111e-08
8.08722759870761e-08
8.08724109901959e-08
8.08727236289997e-08
8.08727449452817e-08
8.08728941592562e-08
8.08730646895128e-08
8.08734910151543e-08
8.08735691748552e-08
8.08736615454109e-08
8.08740381330608e-08
8.0874102081907e-08
8.08742299795995e-08
8.08745426184032e-08
8.08745710401126e-08
8.08747415703692e-08
8.08748623626343e-08
8.08751963177201e-08
8.08752247394295e-08
8.08754805348144e-08
8.08756936976351e-08
8.08757718573361e-08
8.08758784387464e-08
8.08761413395587e-08
8.08764610837898e-08
8.08764752946445e-08
8.08766529303284e-08
8.08768803040039e-08
8.08770153071237e-08
8.08771716265255e-08
8.08773705784915e-08
8.08777400607141e-08
8.08778253258424e-08
8.08780242778084e-08
8.08783227057575e-08
8.08783653383216e-08
8.08786353445612e-08
8.08787916639631e-08
8.08788342965272e-08
8.08790261430659e-08
8.08791895678951e-08
8.08794169415705e-08
8.08796301043913e-08
8.08797580020837e-08
8.08799995866138e-08
8.08800706408874e-08
8.08802482765714e-08
8.08803690688364e-08
8.08808238161873e-08
8.08808451324694e-08
8.08810085572986e-08
8.08813354069571e-08
8.08814206720854e-08
8.08815485697778e-08
8.0881790154308e-08
8.08818754194363e-08
8.08820175279834e-08
8.08822164799494e-08
8.08824296427701e-08
8.08826072784541e-08
8.08827209652918e-08
8.08829554443946e-08
8.08829554443946e-08
8.0883083342087e-08
8.08834030863181e-08
8.08836162491389e-08
8.08837441468313e-08
8.08839857313615e-08
8.0884234421319e-08
8.08842486321737e-08
8.08844049515756e-08
8.08846181143963e-08
8.08849733857642e-08
8.08851154943113e-08
8.0885229181149e-08
8.08855844525169e-08
8.08856697176452e-08
8.08857691936282e-08
8.08859539347395e-08
8.08861102541414e-08
8.08862665735433e-08
8.0886479736364e-08
8.08866644774753e-08
8.08868065860224e-08
8.08869344837149e-08
8.08872400170912e-08
8.08873394930743e-08
8.08874816016214e-08
8.08876023938865e-08
8.08880002978185e-08
8.08880855629468e-08
8.0888227671494e-08
8.08885545211524e-08
8.08886682079901e-08
8.08887534731184e-08
8.08889950576486e-08
8.08890661119221e-08
8.08891513770504e-08
8.08894640158542e-08
8.08896629678202e-08
8.08897624438032e-08
8.08898761306409e-08
8.08901390314531e-08
8.08902385074362e-08
8.08902740345729e-08
8.08905298299578e-08
8.0890870890471e-08
8.08909277338898e-08
8.08910414207276e-08
8.08914251138049e-08
8.08914606409417e-08
8.08915956440615e-08
8.08918514394463e-08
8.08921356565406e-08
8.08922919759425e-08
8.08924269790623e-08
8.08927751450028e-08
8.08928248829943e-08
8.08930025186783e-08
8.08932014706443e-08
8.08932085760716e-08
8.08933293683367e-08
8.08935638474395e-08
8.08939830676536e-08
8.08939830676536e-08
8.08940825436366e-08
8.08944236041498e-08
8.08944804475686e-08
8.08945657126969e-08
8.08947646646629e-08
8.08951767794497e-08
8.0895262044578e-08
8.0895361520561e-08
8.08955746833817e-08
8.08957310027836e-08
8.08960010090232e-08
8.08960862741515e-08
8.08964841780835e-08
8.0896533916075e-08
8.08967044463316e-08
8.08970170851353e-08
8.08970952448362e-08
8.08972657750928e-08
8.08974718324862e-08
8.08975784138966e-08
8.08976636790248e-08
8.08978981581276e-08
8.0898303167487e-08
8.08983173783417e-08
8.08984452760342e-08
8.08987437039832e-08
8.08988573908209e-08
8.08989994993681e-08
8.08991416079152e-08
8.08995395118473e-08
8.0899553722702e-08
8.08997242529585e-08
8.08999871537708e-08
8.09000653134717e-08
8.09002642654377e-08
8.09004774282585e-08
8.09005342716773e-08
8.09006976965065e-08
8.0900925070182e-08
