0.0
5.91044340580993e-07
8.08283857622882e-07
1.00418128567981e-06
1.03601712453383e-06
1.66716188232385e-06
3.62269906872825e-06
3.93264372178237e-06
4.03247304348042e-06
4.22966968471883e-06
4.28322664447478e-06
4.41401607531589e-06
4.67371182821807e-06
4.79219306726009e-06
5.0133012337028e-06
5.32872627445613e-06
5.81293215873302e-06
6.24647054792149e-06
6.73661361361155e-06
7.13540521246614e-06
7.21635569789214e-06
7.29976363800233e-06
7.38560584068182e-06
7.47408830648055e-06
7.49599576010951e-06
7.51760398998158e-06
7.5329498940846e-06
7.54348229747848e-06
7.55004430175177e-06
7.55290193410474e-06
7.54941356717609e-06
7.54228040023008e-06
7.54558777771308e-06
7.55442533773021e-06
7.56438521420932e-06
7.57470115786418e-06
7.59033400754561e-06
7.61474711907795e-06
7.65218919696053e-06
7.70819406170631e-06
7.77733475842979e-06
7.83306768425973e-06
7.88476427260321e-06
7.9347273640451e-06
7.9864357758197e-06
7.99123517936096e-06
7.99603640189162e-06
8.0008494478534e-06
8.0080335465027e-06
8.01064379629679e-06
8.01323494670214e-06
8.01579426479293e-06
8.01954047346953e-06
8.02313843450975e-06
8.02653539722087e-06
8.02960494183935e-06
8.03217244538246e-06
8.03381681180326e-06
8.03336934040999e-06
8.0251174949808e-06
8.01726037025219e-06
8.01820533524733e-06
8.02302747615613e-06
8.03241891844664e-06
8.04241608420853e-06
8.05222680355655e-06
8.06167281552916e-06
8.07285687187687e-06
8.08905133453663e-06
8.11056543170707e-06
8.13940005173208e-06
8.16689043858787e-06
8.17363707028562e-06
8.17531235952629e-06
8.17681484477362e-06
8.17782529338729e-06
8.17874934000429e-06
8.17957243270939e-06
8.18029184301849e-06
8.18089847598458e-06
8.18139506009175e-06
8.18172793515259e-06
8.18193166196579e-06
8.1820389823406e-06
8.18233183963457e-06
8.18374064692762e-06
8.17784530227073e-06
8.17585168988444e-06
8.17800537333824e-06
8.18039097794099e-06
8.18279841041658e-06
8.18607168184826e-06
8.19015531305922e-06
8.19566594145726e-06
8.20389686850831e-06
8.21592948341276e-06
8.23576101538492e-06
8.26791892905021e-06
8.32190562505275e-06
8.35728769743582e-06
8.43037196318619e-06
8.50528886076063e-06
8.58239673107164e-06
8.59552346810233e-06
8.59883402881678e-06
8.60148429637775e-06
8.60167983773863e-06
8.60185900819488e-06
8.60196905705379e-06
8.60197815200081e-06
8.60184081830084e-06
8.60139334690757e-06
8.60001273395028e-06
8.59944157127757e-06
8.59869396663271e-06
8.59769443195546e-06
8.59633655636571e-06
8.59441934153438e-06
8.5915607996867e-06
8.58701696415665e-06
8.57862687553279e-06
8.57434315548744e-06
8.5727306213812e-06
8.57210761751048e-06
8.57238956086803e-06
8.57382383401273e-06
8.5755018517375e-06
8.57725626701722e-06
8.57968007039744e-06
8.58259681990603e-06
8.58763723954326e-06
8.5944293459761e-06
8.6029467638582e-06
8.61659918882651e-06
8.64067169459304e-06
8.67099606693955e-06
8.67891048983438e-06
8.68698134581791e-06
8.69716586748837e-06
8.69865834829397e-06
8.70009807840688e-06
8.70132043928606e-06
8.70217900228454e-06
8.70230724103749e-06
8.70090570970206e-06
8.69781706569484e-06
8.69273389980663e-06
8.67969629325671e-06
8.67518792802002e-06
8.67451581143541e-06
8.67466951604001e-06
8.67537710291799e-06
8.67697599460371e-06
8.67976996232755e-06
8.68390634423122e-06
8.68989081936888e-06
8.69881660037208e-06
8.71369775268249e-06
8.73301996762166e-06
8.74592751642922e-06
8.75923888088437e-06
8.76837475516368e-06
8.7637699834886e-06
8.75733621796826e-06
8.75365276442608e-06
8.75266323419055e-06
8.75567548064282e-06
8.76594367582584e-06
8.78606806509197e-06
8.8126571426983e-06
8.84497057995759e-06
8.88058730197372e-06
8.88819431565935e-06
8.89402690518182e-06
8.89932562131435e-06
8.90285900823073e-06
8.90406954567879e-06
8.90426144906087e-06
8.90201499714749e-06
8.89793136593653e-06
8.89273269422119e-06
8.88599788595457e-06
8.87551141204312e-06
8.87216810951941e-06
8.86841462488519e-06
8.86127054400276e-06
8.85174358700169e-06
8.84133078216109e-06
8.8319957285421e-06
8.82369658938842e-06
8.81416963238735e-06
8.80798324942589e-06
8.80464813235449e-06
8.80349580256734e-06
8.80393236002419e-06
8.8054757725331e-06
8.80780135048553e-06
8.81207324709976e-06
8.81911364558619e-06
8.83016036823392e-06
8.84710061654914e-06
8.87343412614428e-06
8.90924548002658e-06
8.95743869477883e-06
9.0002577053383e-06
9.04305488802493e-06
9.08784204511903e-06
9.15305827220436e-06
9.21648643270601e-06
9.28287136048311e-06
9.3476037363871e-06
9.43361828831257e-06
9.45063311519334e-06
9.45337524171919e-06
9.456047337153e-06
9.45798456086777e-06
9.45976171351504e-06
9.46134332480142e-06
9.46288218983682e-06
9.46368891163729e-06
9.46290219872026e-06
9.4612323664478e-06
9.45708234212361e-06
9.45248029893264e-06
9.44724251894513e-06
9.43857685342664e-06
9.42405222303933e-06
9.40062636800576e-06
9.36338165047346e-06
9.32587954594055e-06
9.28182726056548e-06
9.21382434171392e-06
9.12479936232558e-06
9.02800820767879e-06
9.00133090908639e-06
9.0300636657048e-06
9.06179684534436e-06
9.07928460947005e-06
9.05596152733779e-06
8.98122289072489e-06
8.79836534295464e-06
8.73239514476154e-06
8.54260997584788e-06
8.28089559945511e-06
8.0622057794244e-06
7.9209285104298e-06
7.73791362007614e-06
7.41522080716095e-06
7.07022536516888e-06
6.74701641401043e-06
6.39126074020169e-06
6.03260332354694e-06
5.79520565224811e-06
5.64858919460676e-06
5.43126907359692e-06
5.14749854119145e-06
4.85659211335587e-06
4.51573669124627e-06
4.13332918469678e-06
3.72009731108847e-06
3.30933994519e-06
2.96971734314866e-06
2.68144322035369e-06
2.35872676057625e-06
1.96650739781035e-06
1.54033273247478e-06
1.19015385280363e-06
9.12836981115106e-07
6.92818105108017e-07
4.9015818603948e-07
3.10894620270119e-07
1.52530901686987e-07
6.63649117882414e-08
3.36668186662337e-08
3.41568124895275e-08
3.44536097429682e-08
3.44603314772485e-08
3.35468151035911e-08
3.12418357850675e-08
3.03166061144111e-08
2.79385314883029e-08
2.60662975648529e-08
2.7573625160926e-08
2.90278148185052e-08
3.08572296603415e-08
3.36405960865704e-08
3.52733664499283e-08
3.63377417045285e-08
3.56525369227256e-08
3.45652821920339e-08
3.48216779855193e-08
3.21253246227116e-08
2.97178779362639e-08
3.05133127653789e-08
3.04824361307965e-08
3.21570183814401e-08
3.41207346821193e-08
3.34754552966388e-08
3.37488330615088e-08
3.27934337462921e-08
3.23830811055359e-08
3.34273586588552e-08
3.24078470725908e-08
2.94003683620758e-08
2.80615779502114e-08
2.82397802919832e-08
2.81443242045043e-08
2.82106764615264e-08
3.2130529348251e-08
3.24202176216204e-08
3.35821184194174e-08
3.58868135208468e-08
3.6209144127497e-08
3.4443225160885e-08
3.29015250599696e-08
3.18482271666198e-08
2.9573765658597e-08
2.7961448267888e-08
2.6493275129269e-08
2.63292054825115e-08
2.66687134597987e-08
2.76793450382229e-08
2.69766466942656e-08
2.77601905906977e-08
3.01813933845096e-08
3.10123553504127e-08
