-0.0
-2.06463801077916e-06
-9.381435575051e-07
9.94823676592205e-06
2.7065361791756e-05
1.76130561158061e-06
-8.41408109408803e-06
-2.26519023271976e-05
-3.04552249872359e-05
-3.02032640320249e-05
-3.49599067703821e-05
-4.5996956032468e-05
-5.48021162103396e-05
-5.75055382796563e-05
-6.15139870205894e-05
-6.34146563243121e-05
-6.60671357763931e-05
-6.95220951456577e-05
-7.38215749152005e-05
-7.82250717747957e-05
-8.30556091386825e-05
-9.06370987650007e-05
-0.000102132740721572
-0.000119598473247606
-0.000148248102050275
-0.000175542067154311
-0.000202561859623529
-0.000242497510043904
-0.000280086940620095
-0.000316466408548877
-0.000364361185347661
-0.000455620582215488
-0.000520443893037736
-0.000584300199989229
-0.000651527137961239
-0.000729614810552448
-0.000749680155422539
-0.000772142375353724
-0.000794339866843075
-0.000827546697109938
-0.000865043664816767
-0.000912835355848074
-0.000985138467513025
-0.0010429184185341
-0.0010968743590638
-0.00118687143549323
-0.00125068705528975
-0.00131453620269895
-0.00138118129689246
-0.00141464557964355
-0.00143539963755757
-0.00145105947740376
-0.00146489683538675
-0.00147772824857384
-0.00149628426879644
-0.00151963927783072
-0.00154998269863427
-0.00159490667283535
-0.00167314324062318
-0.00177540082950145
-0.00181636889465153
-0.0018453128868714
-0.00187069608364254
-0.00188917072955519
-0.00190764875151217
-0.00192199414595962
-0.00193687644787133
-0.0019439454190433
-0.00196803407743573
-0.00202725548297167
-0.0020605328027159
-0.002065320732072
-0.00206139707006514
-0.00205831346102059
-0.00205520796589553
-0.00205075764097273
-0.00204446422867477
-0.00203615170903504
-0.00202602683566511
-0.00201228633522987
-0.00201902817934752
-0.00203571701422334
-0.00205713044852018
-0.00206843460910022
-0.00204782863147557
-0.00203355285339057
-0.00203156936913729
-0.00204906822182238
-0.0020641959272325
-0.0020818745251745
-0.0020781341008842
-0.00207431055605412
-0.00206037517637014
-0.00202226918190718
-0.00200062384828925
-0.00199008220806718
-0.00198623025789857
-0.00198425608687103
-0.00198252196423709
-0.00197136867791414
-0.00195718347094953
-0.00194308208301663
-0.00192111742217094
-0.00187511264812201
-0.00176457758061588
-0.00172414840199053
-0.00170109758619219
-0.00168161245528609
-0.00166398310102522
-0.00164067768491805
-0.00160506984684616
-0.00154635589569807
-0.00145708478521556
-0.00136288662906736
-0.00129481486510485
-0.00124760251492262
-0.00120142579544336
-0.00114310905337334
-0.00113177322782576
-0.00110397872049361
-0.00110959832090884
-0.00111868872772902
-0.0011286084773019
-0.00116261665243655
-0.00117858033627272
-0.00118250073865056
-0.00118226581253111
-0.00118247698992491
-0.00118251249659806
-0.00118281482718885
-0.001183089800179
-0.00118319760076702
-0.00118326570373029
-0.00118297943845391
-0.00118289410602301
-0.00118283729534596
-0.00118275661952794
-0.00118274090345949
-0.00118274753913283
-0.00118272460531443
-0.00118281354662031
-0.00118288607336581
-0.00118295883294195
-0.00118311808910221
-0.00118359143380076
-0.00118496548384428
-0.00119294633623213
-0.00121366628445685
-0.00124633114319295
-0.00130355288274586
-0.00132989627309144
-0.00138215720653534
-0.00152749102562666
-0.00144765269942582
-0.00125074852257967
-0.00104748294688761
-0.000894328462891281
-0.000882453517988324
-0.000879345345310867
-0.000925549073144794
-0.00101457291748375
-0.00107607163954526
-0.00105076038744301
-0.000977267511188984
-0.000839857733808458
-0.000706401886418462
-0.000610666465945542
-0.000536412349902093
-0.00046225413098
-0.000476823159260675
-0.00050689117051661
-0.000564670714084059
-0.000576115911826491
-0.000535996165126562
-0.000490059494040906
-0.000359829107765108
-0.000265472452156246
-0.000236805033637211
-0.000151410815306008
-0.00018277281196788
-0.000194819207536057
-0.000206928554689512
-0.000190486360224895
-0.000153511646203697
-0.000106718471215572
-7.98843248048797e-05
-2.44835628109286e-05
1.19074666145025e-05
2.62640933215152e-05
9.69997017818969e-06
2.18047802036381e-13
2.18047802036381e-13
