0.0
4.26882067472434e-08
1.17222657536331e-06
1.48740343774989e-06
3.11054304802383e-06
7.02932084095664e-06
1.06898614831152e-05
1.22120436572004e-05
1.23958625408704e-05
1.27861685541575e-05
1.29487789308769e-05
1.30993512357236e-05
1.32920122268843e-05
1.38896321004722e-05
1.44107561936835e-05
1.50726609717822e-05
1.57991526066326e-05
1.66281370184151e-05
1.76244357135147e-05
1.87615441973321e-05
1.90652754099574e-05
1.93731302715605e-05
1.96898454305483e-05
2.00154008780373e-05
2.03480794880306e-05
2.06858549063327e-05
2.10295493161539e-05
2.13817038456909e-05
2.17437191167846e-05
2.2107522454462e-05
2.24818613787647e-05
2.24804880417651e-05
2.24804862227757e-05
2.24804862227757e-05
2.24804880417651e-05
2.24804934987333e-05
2.24805007746909e-05
2.24805044126697e-05
2.24805098696379e-05
2.24805189645849e-05
2.24805244215531e-05
2.24805298785213e-05
2.24805407924578e-05
2.2480546249426e-05
2.24805535253836e-05
2.248056443932e-05
2.2480573534267e-05
2.2480582629214e-05
2.24805899051717e-05
2.24806008191081e-05
2.24806117330445e-05
2.24806226469809e-05
2.2480640836875e-05
2.24806444748538e-05
2.24806481128326e-05
2.24806535698008e-05
2.24806572077796e-05
2.2480659026769e-05
2.24806626647478e-05
2.2480668121716e-05
2.24806717596948e-05
2.2480677216663e-05
2.24806844926206e-05
2.24806954065571e-05
2.24806972255465e-05
2.24807045015041e-05
2.24807099584723e-05
2.24807172344299e-05
2.24807226913981e-05
2.24807317863451e-05
2.24807317863451e-05
2.24807336053345e-05
2.24807372433133e-05
2.24807408812921e-05
2.24807390623027e-05
2.24807390623027e-05
2.24807427002816e-05
2.2480753614218e-05
2.24807481572498e-05
2.24807517952286e-05
2.24807554332074e-05
2.2480753614218e-05
2.24807554332074e-05
2.24807590711862e-05
2.2480762709165e-05
2.2480771804112e-05
2.24807736231014e-05
2.24807772610802e-05
2.24807790800696e-05
2.24807845370378e-05
2.24807863560272e-05
2.24807918129954e-05
2.24808009079425e-05
2.24808027269319e-05
2.24808081839001e-05
2.24808172788471e-05
2.24808263737941e-05
2.24808263737941e-05
2.24808300117729e-05
2.24808318307623e-05
2.24808372877305e-05
2.24808445636882e-05
2.24808518396458e-05
2.24808554776246e-05
2.24808609345928e-05
2.24808645725716e-05
2.24808627535822e-05
2.24808627535822e-05
2.2480866391561e-05
2.24808718485292e-05
2.24808773054974e-05
2.24808809434762e-05
2.2480884581455e-05
2.24808827624656e-05
2.2480884581455e-05
2.24808882194338e-05
2.24809009523597e-05
2.24809045903385e-05
2.24809045903385e-05
2.24809045903385e-05
2.24809027713491e-05
2.24809009523597e-05
2.24809027713491e-05
2.24809064093279e-05
2.24809136852855e-05
2.24809173232643e-05
2.24809245992219e-05
2.24809245992219e-05
2.24809282372007e-05
2.24809318751795e-05
2.24809409701265e-05
2.24809446081053e-05
2.24809482460842e-05
2.24809537030524e-05
2.248096097901e-05
2.24809646169888e-05
2.24809682549676e-05
2.24809737119358e-05
2.24809809878934e-05
2.24809864448616e-05
2.24809864448616e-05
2.2480988263851e-05
2.24809919018298e-05
2.24809991777875e-05
2.24810009967769e-05
2.24810082727345e-05
2.24810100917239e-05
2.24810173676815e-05
2.24810246436391e-05
2.24810282816179e-05
2.24810301006073e-05
2.24810337385861e-05
2.24810410145437e-05
2.24810428335331e-05
2.24810501094908e-05
2.24810573854484e-05
2.24810664803954e-05
2.2481073756353e-05
2.24810828513e-05
2.24810828513e-05
2.2481091946247e-05
2.24810992222046e-05
2.24810992222046e-05
2.24811010411941e-05
2.24811064981623e-05
2.24811137741199e-05
2.24811155931093e-05
2.24811174120987e-05
2.24811228690669e-05
2.24811265070457e-05
2.24811319640139e-05
2.24811374209821e-05
2.24811410589609e-05
2.24811428779503e-05
2.24811501539079e-05
2.24811610678444e-05
2.24811610678444e-05
2.24811628868338e-05
2.24811701627914e-05
2.2481168343802e-05
2.24811701627914e-05
2.24811738007702e-05
2.24811792577384e-05
2.24811847147066e-05
2.24811919906642e-05
2.24811974476324e-05
2.24812029046007e-05
2.24812101805583e-05
2.24812174565159e-05
2.24812247324735e-05
2.24812247324735e-05
2.24812283704523e-05
2.24812320084311e-05
2.24812374653993e-05
2.24812447413569e-05
2.24812520173145e-05
2.24812520173145e-05
2.24812520173145e-05
2.24812574742828e-05
2.24812665692298e-05
2.24812683882192e-05
2.24812683882192e-05
2.24812702072086e-05
2.24812738451874e-05
2.24812793021556e-05
2.24812829401344e-05
2.24812920350814e-05
2.24812938540708e-05
2.24813011300284e-05
2.24813029490178e-05
2.24813047680072e-05
2.24813102249755e-05
2.24813175009331e-05
2.24813211389119e-05
2.24813193199225e-05
2.24813193199225e-05
2.24813247768907e-05
2.24813356908271e-05
2.24813393288059e-05
2.24813393288059e-05
2.24813393288059e-05
2.24813375098165e-05
2.24813356908271e-05
2.24813375098165e-05
2.24813429667847e-05
2.24813502427423e-05
2.24813520617317e-05
2.24813575187e-05
2.24813611566788e-05
2.2481366613647e-05
2.24813684326364e-05
2.24813738896046e-05
2.24813811655622e-05
2.24813829845516e-05
2.24813884415198e-05
2.24813902605092e-05
2.24813957174774e-05
2.24813993554562e-05
2.24814048124244e-05
2.24814139073715e-05
2.24814139073715e-05
2.24814211833291e-05
2.24814284592867e-05
2.24814375542337e-05
2.24814393732231e-05
2.24814393732231e-05
2.24814411922125e-05
2.24814448301913e-05
2.24814521061489e-05
2.24814557441277e-05
2.24814593821066e-05
2.24814648390748e-05
2.24814739340218e-05
2.24814830289688e-05
2.24814830289688e-05
2.24814848479582e-05
2.24814903049264e-05
2.24814903049264e-05
2.24814957618946e-05
2.2481497580884e-05
2.24815012188628e-05
2.24815048568416e-05
2.24815121327993e-05
2.24815212277463e-05
2.24815230467357e-05
2.24815303226933e-05
2.24815375986509e-05
2.24815412366297e-05
2.24815485125873e-05
2.24815503315767e-05
2.24815521505661e-05
2.24815557885449e-05
2.24815612455131e-05
2.24815721594496e-05
2.2481573978439e-05
2.24815757974284e-05
2.24815812543966e-05
2.24815848923754e-05
2.24815903493436e-05
2.24815958063118e-05
2.248160126328e-05
2.24815994442906e-05
2.248160126328e-05
2.24816067202482e-05
2.24816121772164e-05
2.24816212721635e-05
2.24816212721635e-05
2.24816249101423e-05
2.24816321860999e-05
2.24816358240787e-05
2.24816431000363e-05
2.24816503759939e-05
2.24816576519515e-05
2.24816667468986e-05
2.24816667468986e-05
2.24816667468986e-05
2.24816722038668e-05
2.24816740228562e-05
2.2481677660835e-05
2.24816812988138e-05
2.24816885747714e-05
2.24816922127502e-05
2.24816994887078e-05
2.24817013076972e-05
2.24817031266866e-05
2.24817067646654e-05
2.24817158596125e-05
2.24817158596125e-05
2.24817194975913e-05
2.24817249545595e-05
2.24817322305171e-05
2.24817376874853e-05
2.24817358684959e-05
2.24817358684959e-05
2.24817395064747e-05
2.24817540583899e-05
2.24817576963687e-05
2.24817576963687e-05
2.24817576963687e-05
2.24817540583899e-05
2.24817540583899e-05
2.24817558773793e-05
2.24817595153581e-05
2.24817667913157e-05
2.2481772248284e-05
2.24817777052522e-05
2.24817777052522e-05
2.2481781343231e-05
2.24817868001992e-05
2.2481790438178e-05
2.24817958951462e-05
2.24817940761568e-05
2.24817922571674e-05
2.24817958951462e-05
2.24818013521144e-05
2.24818068090826e-05
2.24818104470614e-05
2.24818122660508e-05
2.24818159040296e-05
2.24818213609979e-05
2.24818249989767e-05
2.24818268179661e-05
2.24818304559449e-05
2.24818377319025e-05
2.24818395508919e-05
2.24818431888707e-05
2.24818468268495e-05
2.24818559217965e-05
2.24818613787647e-05
2.24818686547223e-05
2.24818777496694e-05
2.24818832066376e-05
2.24818832066376e-05
2.24818868446164e-05
2.24818904825952e-05
2.24818904825952e-05
2.2481894120574e-05
2.24819013965316e-05
2.24819086724892e-05
2.24819159484468e-05
2.24819214054151e-05
2.24819286813727e-05
2.24819268623833e-05
2.24819305003621e-05
2.24819323193515e-05
2.24819323193515e-05
2.24819359573303e-05
2.24819432332879e-05
2.24819523282349e-05
2.24819559662137e-05
2.24819577852031e-05
2.24819614231819e-05
2.24819650611607e-05
2.24819705181289e-05
2.24819777940866e-05
2.2481979613076e-05
2.24819850700442e-05
2.24819850700442e-05
2.24819868890336e-05
2.24819923460018e-05
2.24819996219594e-05
2.24820032599382e-05
2.2482006897917e-05
2.24820105358958e-05
2.24820178118534e-05
2.24820214498322e-05
2.24820250878111e-05
2.24820287257899e-05
2.24820378207369e-05
2.24820414587157e-05
2.24820414587157e-05
2.24820432777051e-05
2.24820487346733e-05
2.24820541916415e-05
2.24820578296203e-05
2.24820632865885e-05
2.24820614675991e-05
2.24820632865885e-05
2.24820669245673e-05
2.24820723815355e-05
2.24820796574932e-05
2.24820814764826e-05
2.24820851144614e-05
2.24820887524402e-05
2.24820978473872e-05
2.2482101485366e-05
2.24821033043554e-05
2.24821087613236e-05
2.24821160372812e-05
2.24821178562706e-05
2.24821214942494e-05
2.24821269512177e-05
2.24821360461647e-05
2.24821415031329e-05
2.24821396841435e-05
2.24821396841435e-05
2.24821433221223e-05
2.24821505980799e-05
2.24821560550481e-05
2.24821633310057e-05
2.24821706069633e-05
2.24821760639315e-05
2.24821833398892e-05
2.24821833398892e-05
2.24821851588786e-05
2.24821887968574e-05
2.24821942538256e-05
2.24821997107938e-05
2.24822069867514e-05
2.24822160816984e-05
2.24822160816984e-05
2.24822160816984e-05
2.24822215386666e-05
2.2482223357656e-05
2.24822251766454e-05
2.24822306336137e-05
2.24822379095713e-05
2.24822415475501e-05
2.24822470045183e-05
2.24822506424971e-05
2.24822524614865e-05
2.24822560994653e-05
2.24822633754229e-05
2.24822651944123e-05
2.24822688323911e-05
2.24822724703699e-05
2.2482281565317e-05
2.24822870222852e-05
2.24822924792534e-05
2.2482299755211e-05
2.2482308850158e-05
2.2482308850158e-05
2.24823106691474e-05
2.24823143071262e-05
2.24823197640944e-05
2.24823252210626e-05
2.24823324970203e-05
2.24823397729779e-05
2.24823397729779e-05
2.24823415919673e-05
2.24823525059037e-05
2.24823543248931e-05
2.24823525059037e-05
2.24823525059037e-05
2.24823561438825e-05
2.24823634198401e-05
2.24823670578189e-05
2.24823761527659e-05
2.24823816097341e-05
2.24823888856918e-05
2.24823961616494e-05
2.24823961616494e-05
2.24823979806388e-05
2.2482403437607e-05
2.24824088945752e-05
2.2482412532554e-05
2.24824161705328e-05
2.24824252654798e-05
2.24824234464904e-05
2.2482421627501e-05
2.24824234464904e-05
2.24824289034586e-05
2.24824325414374e-05
2.24824379984057e-05
2.24824398173951e-05
2.24824452743633e-05
2.24824525503209e-05
2.24824598262785e-05
2.24824598262785e-05
2.24824598262785e-05
2.24824671022361e-05
2.24824671022361e-05
2.24824689212255e-05
2.24824743781937e-05
2.24824816541513e-05
2.24824852921301e-05
2.24824907490984e-05
2.24824943870772e-05
2.24824998440454e-05
2.24825034820242e-05
2.24825089389924e-05
