0.0
1.2820257078161e-09
1.28202581883841e-09
1.28202803928446e-09
1.2820299266636e-09
1.2820301487082e-09
1.2820302597305e-09
1.2820302597305e-09
1.2820302597305e-09
1.2820302597305e-09
1.2820302597305e-09
1.2820302597305e-09
1.2820302597305e-09
1.2820302597305e-09
1.2820302597305e-09
1.2820302597305e-09
1.2820302597305e-09
1.2820302597305e-09
1.2820302597305e-09
1.2820302597305e-09
1.2820302597305e-09
1.2820302597305e-09
1.2820302597305e-09
1.2820302597305e-09
1.2820302597305e-09
1.2820302597305e-09
1.2820302597305e-09
1.2820302597305e-09
1.2820302597305e-09
1.2820302597305e-09
1.2820302597305e-09
1.2820302597305e-09
1.2820302597305e-09
1.2820302597305e-09
1.2820302597305e-09
1.2820302597305e-09
1.2820302597305e-09
1.2820302597305e-09
1.2820302597305e-09
1.2820302597305e-09
1.2820302597305e-09
1.2820302597305e-09
1.2820302597305e-09
1.2820302597305e-09
1.2820302597305e-09
1.2820302597305e-09
1.2820302597305e-09
1.2820302597305e-09
1.2820302597305e-09
1.2820302597305e-09
1.2820302597305e-09
1.2820302597305e-09
1.2820302597305e-09
1.2820302597305e-09
1.2820302597305e-09
1.2820302597305e-09
1.2820302597305e-09
1.2820302597305e-09
1.2820302597305e-09
1.2820302597305e-09
1.2820302597305e-09
1.2820302597305e-09
1.2820302597305e-09
1.2820302597305e-09
1.2820302597305e-09
1.2820302597305e-09
1.2820302597305e-09
1.2820302597305e-09
1.2820302597305e-09
1.2820302597305e-09
1.2820302597305e-09
1.2820302597305e-09
1.2820302597305e-09
1.2820302597305e-09
1.2820302597305e-09
1.2820302597305e-09
1.2820302597305e-09
1.2820302597305e-09
1.2820302597305e-09
1.2820302597305e-09
1.2820302597305e-09
1.2820302597305e-09
1.2820302597305e-09
1.2820302597305e-09
1.2820302597305e-09
1.2820302597305e-09
1.2820302597305e-09
1.2820302597305e-09
1.2820302597305e-09
1.2820302597305e-09
1.2820302597305e-09
1.2820302597305e-09
1.2820302597305e-09
1.2820302597305e-09
1.2820302597305e-09
1.2820302597305e-09
1.2820302597305e-09
1.2820302597305e-09
1.2820302597305e-09
1.2820302597305e-09
1.2820302597305e-09
