0.0
0.00999999977648258
0.0199999995529652
0.0299999993294477
0.0399999991059303
0.0500000007450581
0.0599999986588955
0.0700000002980232
0.0799999982118607
0.0900000035762787
0.100000001490116
0.109999999403954
0.119999997317791
0.120624996721745
0.120781250298023
0.120937496423721
0.12109375
0.121328122913837
0.121503904461861
0.121679686009884
0.121943362057209
0.122042238712311
0.122141115367413
0.122239992022514
0.122338868677616
0.122487179934978
0.122635498642921
0.122783809900284
0.122932128608227
0.12308044731617
0.123302914202213
0.12363662570715
0.123761765658855
0.123949483036995
0.124231047928333
0.124653398990631
0.124692991375923
0.124732591211796
0.124772183597088
0.124831579625607
0.124920666217804
0.125009760260582
0.12509885430336
0.125232487916946
0.125432938337326
0.125733613967896
0.125959113240242
0.12618462741375
0.126410141587257
0.126522898674011
0.126551076769829
0.126579269766808
0.126607462763786
0.126649737358093
0.126660317182541
0.126670882105827
0.126686736941338
0.126702591776848
0.126718446612358
0.126734301447868
0.126750156283379
0.126762047410011
0.126773938536644
0.126785844564438
0.126797735691071
0.12681557238102
0.126833409070969
0.126851245760918
0.126869082450867
0.126886919140816
0.12691368162632
0.126940429210663
0.126967191696167
0.127007320523262
0.127067536115646
0.127157837152481
0.127293288707733
0.127496480941772
0.12780125439167
0.128258436918259
0.1289441883564
0.129972815513611
0.131001457571983
0.131772920489311
0.1325443983078
0.133315876126289
0.134473085403442
0.136208906769753
0.138812631368637
0.142718225717545
0.148576602339745
0.157364189624786
0.167364180088043
0.177364185452461
0.187364190816879
0.197364181280136
0.207364186644554
0.217364192008972
0.217989191412926
0.218926683068275
0.220332935452461
0.22244231402874
0.225606366991997
0.230352461338043
0.237471610307693
0.24747160077095
0.25747162103653
0.267471611499786
0.277471601963043
0.287471622228622
0.297471612691879
0.307471603155136
0.317471593618393
0.327471613883972
0.337471604347229
0.347471594810486
0.357471615076065
0.367471605539322
0.377471596002579
0.387471616268158
0.397471606731415
0.407471597194672
0.417471617460251
0.427471607923508
0.437471598386765
0.447471618652344
0.457471609115601
0.467471599578857
0.477471619844437
0.487471610307693
0.49747160077095
0.50747162103653
0.517471611499786
0.527471601963043
0.5374715924263
0.547471582889557
0.557471632957458
0.567471623420715
0.577471613883972
0.587471604347229
0.597471594810486
0.607471585273743
0.617471635341644
0.627471625804901
0.637471616268158
0.647471606731415
0.657471597194672
0.667471587657928
0.67747163772583
0.687471628189087
0.697471618652344
0.707471609115601
0.709971606731415
0.710909128189087
0.710909128189087
