0.0
-2.13427125704912e-33
8.97858684728692e-30
-1.77167009951518e-06
-1.88094088571233e-06
-4.29165447712876e-06
-1.0134565854969e-05
-1.71904230228392e-05
-2.53658799920231e-05
-3.47338027495425e-05
-4.57117821497377e-05
-5.98827900830656e-05
-7.60649127187207e-05
-9.49060922721401e-05
-0.000120175318443216
-0.000177527821506374
-0.000218890912947245
-0.000266311137238517
-0.000315389130264521
-0.000392722402466461
-0.000489635101985186
-0.000664820254314691
-0.000858274521306157
-0.0010334353428334
-0.00118104869034141
-0.00132569682318717
-0.00145185412839055
-0.00155820732470602
-0.00164990895427763
-0.00172731443308294
-0.00178581103682518
-0.00182725372724235
-0.00184879126027226
-0.00184880709275603
-0.00184886762872338
-0.00184897368308157
-0.00184898322913796
-0.00184898590669036
-0.00184898939915001
-0.00184899382293224
-0.00184899906162173
-0.00184900069143623
-0.00184900092426687
-0.00184900092426687
-0.00184900092426687
-0.00184900092426687
-0.00184900092426687
-0.00184900092426687
-0.00184900092426687
-0.00184900092426687
-0.00184900092426687
-0.00184900092426687
