-0.0
2.39938344748225e-07
-5.21504261996597e-08
-5.99447957938537e-07
-5.6663884606678e-07
-1.45619560498744e-06
-1.8566133803688e-06
-2.04613024834543e-06
-1.83678639587015e-06
-1.38820905704051e-06
1.10780820250511e-06
1.84064265340567e-06
5.98374754190445e-07
-8.28877091407776e-07
2.64262780547142e-08
3.5676930565387e-06
6.14201417192817e-06
7.96534004621208e-06
7.25866993889213e-06
6.43983366899192e-06
7.11483880877495e-06
7.0513051468879e-06
6.99693919159472e-06
6.96073402650654e-06
6.95075141265988e-06
6.95095513947308e-06
6.95034395903349e-06
6.95028575137258e-06
6.95025664754212e-06
6.95019843988121e-06
6.95019843988121e-06
6.95019843988121e-06
6.95011112838984e-06
6.95057678967714e-06
6.95011112838984e-06
6.94964546710253e-06
6.95002381689847e-06
6.94979098625481e-06
6.94955815561116e-06
6.9497327785939e-06
6.94949994795024e-06
6.94949994795024e-06
6.94947084411979e-06
6.94929622113705e-06
6.94894697517157e-06
6.94941263645887e-06
6.9493253249675e-06
6.94955815561116e-06
6.94909249432385e-06
6.94900518283248e-06
6.94877235218883e-06
6.94877235218883e-06
6.94917980581522e-06
6.94917980581522e-06
6.94909249432385e-06
6.94856862537563e-06
6.948655936867e-06
6.948655936867e-06
6.948655936867e-06
6.9482484832406e-06
6.94798654876649e-06
6.9484522100538e-06
6.94891787134111e-06
6.94839400239289e-06
6.94839400239289e-06
6.9488596636802e-06
6.94839400239289e-06
6.94830669090152e-06
6.94830669090152e-06
6.94877235218883e-06
6.94871414452791e-06
6.9484522100538e-06
6.9484522100538e-06
6.94816117174923e-06
6.94816117174923e-06
6.94804475642741e-06
6.94851041771472e-06
6.94842310622334e-06
6.94842310622334e-06
6.94842310622334e-06
6.94830669090152e-06
6.9477828219533e-06
6.94821937941015e-06
6.94769551046193e-06
6.94816117174923e-06
6.94816117174923e-06
6.94760819897056e-06
6.9473753683269e-06
6.94731716066599e-06
6.94731716066599e-06
6.94705522619188e-06
6.94711343385279e-06
6.94711343385279e-06
6.94734626449645e-06
6.94734626449645e-06
6.94763730280101e-06
6.94714253768325e-06
6.9473753683269e-06
6.94731716066599e-06
6.94731716066599e-06
6.94769551046193e-06
6.94769551046193e-06
6.94769551046193e-06
6.94746267981827e-06
6.94714253768325e-06
6.94760819897056e-06
6.9473753683269e-06
6.94754999130964e-06
6.94754999130964e-06
6.94763730280101e-06
6.9475790951401e-06
6.94722984917462e-06
6.94722984917462e-06
6.94722984917462e-06
6.94722984917462e-06
6.94714253768325e-06
6.94690970703959e-06
6.94690970703959e-06
6.94708433002234e-06
6.94708433002234e-06
6.94731716066599e-06
6.94676418788731e-06
6.94746267981827e-06
6.94693881087005e-06
6.94690970703959e-06
6.94696791470051e-06
6.94696791470051e-06
6.94722984917462e-06
6.94769551046193e-06
6.94810296408832e-06
6.94807386025786e-06
6.94801565259695e-06
6.9477828219533e-06
6.94769551046193e-06
6.94746267981827e-06
6.94792834110558e-06
6.94763730280101e-06
6.94702612236142e-06
6.94749178364873e-06
6.94749178364873e-06
6.94731716066599e-06
6.94743357598782e-06
6.9477828219533e-06
6.9477828219533e-06
6.94772461429238e-06
6.94769551046193e-06
6.94769551046193e-06
6.94740447215736e-06
6.94740447215736e-06
6.94740447215736e-06
6.9473753683269e-06
6.94740447215736e-06
6.94740447215736e-06
6.94731716066599e-06
6.94731716066599e-06
6.94731716066599e-06
6.9477828219533e-06
6.94699701853096e-06
6.94682239554822e-06
6.94728805683553e-06
6.94682239554822e-06
6.94717164151371e-06
6.9475790951401e-06
6.94708433002234e-06
6.9477828219533e-06
6.94754999130964e-06
6.94708433002234e-06
6.94725895300508e-06
6.94722984917462e-06
6.94722984917462e-06
6.94810296408832e-06
6.94763730280101e-06
6.94717164151371e-06
6.94754999130964e-06
6.94731716066599e-06
6.94731716066599e-06
6.94749178364873e-06
6.94784102961421e-06
6.9473753683269e-06
6.94781192578375e-06
6.94763730280101e-06
6.94775371812284e-06
6.94763730280101e-06
6.94763730280101e-06
6.9477828219533e-06
6.9477828219533e-06
6.94795744493604e-06
6.94772461429238e-06
6.94772461429238e-06
6.94795744493604e-06
6.94772461429238e-06
6.94763730280101e-06
6.94740447215736e-06
6.94763730280101e-06
6.94740447215736e-06
6.94731716066599e-06
6.94720074534416e-06
6.94690970703959e-06
6.94690970703959e-06
6.94690970703959e-06
6.94647314958274e-06
6.94740447215736e-06
6.94693881087005e-06
6.94740447215736e-06
6.94734626449645e-06
6.94754999130964e-06
6.94801565259695e-06
6.94754999130964e-06
6.94749178364873e-06
6.94749178364873e-06
6.94772461429238e-06
6.94740447215736e-06
6.94740447215736e-06
6.94740447215736e-06
6.94792834110558e-06
6.94792834110558e-06
6.94792834110558e-06
6.94792834110558e-06
6.94792834110558e-06
6.94760819897056e-06
6.94795744493604e-06
6.94725895300508e-06
6.94749178364873e-06
6.94789923727512e-06
6.94789923727512e-06
6.94787013344467e-06
6.94740447215736e-06
6.94734626449645e-06
6.94804475642741e-06
6.9475790951401e-06
6.94754999130964e-06
6.94725895300508e-06
6.94725895300508e-06
6.94679329171777e-06
6.94679329171777e-06
6.94679329171777e-06
6.94720074534416e-06
6.94705522619188e-06
6.94699701853096e-06
6.94705522619188e-06
6.94722984917462e-06
6.94722984917462e-06
6.94734626449645e-06
6.94728805683553e-06
6.94749178364873e-06
6.94749178364873e-06
6.94749178364873e-06
6.94743357598782e-06
6.94766640663147e-06
6.94766640663147e-06
6.94766640663147e-06
6.94781192578375e-06
6.94711343385279e-06
6.94688060320914e-06
6.94711343385279e-06
6.94711343385279e-06
6.94641494192183e-06
6.94658956490457e-06
6.94679329171777e-06
6.94632763043046e-06
6.94632763043046e-06
6.94667687639594e-06
6.94685149937868e-06
6.94731716066599e-06
6.94731716066599e-06
6.9475790951401e-06
6.94711343385279e-06
6.94711343385279e-06
6.9475790951401e-06
6.94775371812284e-06
6.94728805683553e-06
6.94725895300508e-06
6.94749178364873e-06
6.94743357598782e-06
6.94720074534416e-06
6.9475790951401e-06
6.9475790951401e-06
6.9475790951401e-06
6.9475790951401e-06
6.94728805683553e-06
6.9475790951401e-06
6.94752088747919e-06
6.94740447215736e-06
6.94667687639594e-06
6.94661866873503e-06
6.94673508405685e-06
6.94673508405685e-06
6.94720074534416e-06
6.94714253768325e-06
6.94714253768325e-06
6.94688060320914e-06
6.94711343385279e-06
6.94688060320914e-06
6.94688060320914e-06
6.94705522619188e-06
6.94752088747919e-06
6.94696791470051e-06
6.94673508405685e-06
6.94743357598782e-06
6.94696791470051e-06
6.94688060320914e-06
6.94699701853096e-06
6.94693881087005e-06
6.9467059802264e-06
6.94603659212589e-06
6.9465022534132e-06
6.9465022534132e-06
6.94696791470051e-06
6.94673508405685e-06
6.94714253768325e-06
6.9473753683269e-06
6.9475790951401e-06
6.94705522619188e-06
6.94728805683553e-06
6.94728805683553e-06
6.94752088747919e-06
6.94696791470051e-06
6.94696791470051e-06
6.94696791470051e-06
6.94632763043046e-06
6.94743357598782e-06
6.9473753683269e-06
6.94702612236142e-06
6.94702612236142e-06
6.94702612236142e-06
6.94699701853096e-06
6.94682239554822e-06
6.94705522619188e-06
6.94705522619188e-06
6.94705522619188e-06
6.94722984917462e-06
6.94720074534416e-06
6.94690970703959e-06
6.94690970703959e-06
6.94690970703959e-06
6.94658956490457e-06
6.94658956490457e-06
6.94682239554822e-06
6.94682239554822e-06
6.94676418788731e-06
6.94699701853096e-06
6.94685149937868e-06
6.94685149937868e-06
6.94731716066599e-06
6.94702612236142e-06
6.94690970703959e-06
6.94690970703959e-06
6.94690970703959e-06
6.94690970703959e-06
6.94682239554822e-06
6.94682239554822e-06
6.94705522619188e-06
6.94705522619188e-06
6.94699701853096e-06
6.94676418788731e-06
6.94789923727512e-06
6.9473753683269e-06
6.94760819897056e-06
6.94752088747919e-06
6.94752088747919e-06
6.94734626449645e-06
6.94711343385279e-06
6.94708433002234e-06
6.94731716066599e-06
6.94667687639594e-06
6.9473753683269e-06
6.94807386025786e-06
6.94731716066599e-06
6.94798654876649e-06
6.94798654876649e-06
6.94775371812284e-06
6.94792834110558e-06
6.94769551046193e-06
6.94722984917462e-06
6.94792834110558e-06
6.94830669090152e-06
6.94760819897056e-06
6.9473753683269e-06
6.94754999130964e-06
6.9477828219533e-06
6.94787013344467e-06
6.94763730280101e-06
6.94787013344467e-06
6.94781192578375e-06
6.94804475642741e-06
6.9475790951401e-06
6.94746267981827e-06
6.94746267981827e-06
6.94714253768325e-06
6.94760819897056e-06
6.94784102961421e-06
6.94760819897056e-06
6.94760819897056e-06
6.94731716066599e-06
6.94731716066599e-06
6.94708433002234e-06
6.94705522619188e-06
6.94722984917462e-06
6.94722984917462e-06
6.94722984917462e-06
6.94769551046193e-06
6.94760819897056e-06
6.94810296408832e-06
6.94760819897056e-06
6.94749178364873e-06
6.94749178364873e-06
6.94743357598782e-06
6.94743357598782e-06
6.94836489856243e-06
6.94772461429238e-06
6.94746267981827e-06
6.94722984917462e-06
6.94676418788731e-06
6.94717164151371e-06
6.94717164151371e-06
6.94763730280101e-06
6.94760819897056e-06
6.94760819897056e-06
6.94754999130964e-06
6.94754999130964e-06
6.94725895300508e-06
6.94731716066599e-06
6.94731716066599e-06
6.94722984917462e-06
6.94722984917462e-06
6.94746267981827e-06
6.94705522619188e-06
6.94728805683553e-06
6.94673508405685e-06
6.94661866873503e-06
6.94685149937868e-06
6.94722984917462e-06
6.94769551046193e-06
6.94717164151371e-06
6.94717164151371e-06
6.9467059802264e-06
6.94717164151371e-06
6.94717164151371e-06
6.94740447215736e-06
6.94731716066599e-06
6.94731716066599e-06
6.94731716066599e-06
6.94754999130964e-06
6.94754999130964e-06
6.94749178364873e-06
6.94792834110558e-06
6.94781192578375e-06
6.94781192578375e-06
6.94781192578375e-06
6.94775371812284e-06
6.94775371812284e-06
6.94775371812284e-06
6.94775371812284e-06
6.94775371812284e-06
6.94731716066599e-06
6.9477828219533e-06
6.94731716066599e-06
6.94679329171777e-06
6.94725895300508e-06
6.94795744493604e-06
6.94792834110558e-06
6.94787013344467e-06
6.94763730280101e-06
6.94787013344467e-06
6.94787013344467e-06
6.94763730280101e-06
6.94763730280101e-06
6.94781192578375e-06
6.94781192578375e-06
6.9477828219533e-06
6.94754999130964e-06
6.94760819897056e-06
6.94760819897056e-06
6.94760819897056e-06
6.94760819897056e-06
6.9475790951401e-06
6.94752088747919e-06
6.94752088747919e-06
6.94717164151371e-06
6.94734626449645e-06
6.94740447215736e-06
6.9475790951401e-06
6.94801565259695e-06
6.94801565259695e-06
6.94801565259695e-06
6.94772461429238e-06
6.94749178364873e-06
6.94772461429238e-06
6.94772461429238e-06
6.94752088747919e-06
6.94772461429238e-06
6.94819027557969e-06
6.94810296408832e-06
6.94787013344467e-06
6.94787013344467e-06
6.94781192578375e-06
6.94743357598782e-06
6.94804475642741e-06
6.94789923727512e-06
6.94784102961421e-06
6.94789923727512e-06
