0.0
6.75239114555612e-19
1.31840585182313e-18
1.26731866020397e-18
1.29759905409255e-18
1.312702338102e-18
1.2591132353226e-18
1.22766630997517e-18
1.20336332998806e-18
1.22958495540599e-18
1.27923698866237e-18
1.29684900807211e-18
2.28372947219668e-08
1.11261407198526e-07
3.69405228184405e-07
6.47074159587646e-07
2.10711800718855e-06
5.42900852451567e-06
1.0466918865859e-05
2.06505246751476e-05
5.94147386436816e-05
0.000126212427858263
0.000196226610569283
0.000267116556642577
0.000336160708684474
0.000402867270167917
0.000468642479972914
0.000537940883077681
0.000599106249865144
0.000659295299556106
0.000717729097232223
0.000784389092586935
0.000842369860038161
0.000894864147994667
0.000946112209931016
0.000996080110780895
0.00104576104786247
0.0010905887465924
0.00113284890539944
0.00117267086170614
0.00121695548295975
0.00125199207104743
0.00129112554714084
0.00132586050312966
0.00135528645478189
0.00138908706139773
0.00141881383024156
0.00144278409425169
0.00147353648208082
0.00149414711631835
0.0015197639586404
0.00153922580648214
0.00155918626114726
0.00157806160859764
0.00158775772433728
0.00161085359286517
0.00161740521434695
0.0016378074651584
0.00164128269534558
0.00165452947840095
0.00165631459094584
0.00167128874454647
0.00166561815422028
0.00167798413895071
0.00166960770729929
0.00167934433557093
0.00166802085004747
0.00167539180256426
0.00166367169003934
0.00166645145509392
0.00165999145247042
0.00165247533004731
0.00164005381520838
0.00162999297026545
0.00162999506574124
0.00160658138338476
0.00160593912005424
0.00160594074986875
0.00158188154455274
0.00158188201021403
0.00156041979789734
0.00155784119851887
0.0015578402671963
0.00153380434494466
0.0015337992226705
0.00153371773194522
0.00150976027362049
0.00150976330041885
0.0014863385586068
0.00148133840411901
0.00148134049959481
0.00147245067637414
0.00145291839726269
0.00145291863009334
0.00145291956141591
0.00142449326813221
0.0014244937337935
0.00141785864252597
0.00139607070013881
0.0013960701180622
0.00139607093296945
