-0.0
-8.43316378439985e-16
0.00821602437645197
0.0180349014699459
0.0229637622833252
0.0414418168365955
0.0547283887863159
0.0733854472637177
0.0890638306736946
0.106514245271683
0.124012716114521
0.139402210712433
0.147872820496559
0.159399062395096
0.177162349224091
0.183007538318634
0.18751272559166
0.186507791280746
0.183512523770332
0.179594695568085
0.179089322686195
0.17408798635006
0.168991893529892
0.163861840963364
0.16206693649292
0.156892195343971
0.151693865656853
0.146059408783913
0.140579506754875
0.134992629289627
0.12941001355648
0.124167531728745
0.119347408413887
0.11406597495079
0.108885891735554
0.103779084980488
0.0989995673298836
0.0940845534205437
0.0889411717653275
0.0836400389671326
0.0793865099549294
0.0744990855455399
0.0696592107415199
0.065172977745533
0.0606212504208088
0.0559782087802887
0.0517163537442684
0.0475734993815422
0.0431607291102409
0.0389146879315376
0.0343557670712471
0.0300152935087681
0.0257869213819504
0.021507116034627
0.0173136219382286
0.01314259134233
0.00905562564730644
0.00515080383047462
0.00514267478138208
0.00527461944147944
0.00537879578769207
0.00546928821131587
0.00532846758142114
0.00521276844665408
0.00505329621955752
0.00503098266199231
0.00503480993211269
0.00500704674050212
0.00491347583010793
0.00487990071997046
0.0047565414570272
0.00466467998921871
0.00464440323412418
0.00457980949431658
0.00463138893246651
0.00475442875176668
0.00487374095246196
0.00499305548146367
0.0053237178362906
0.00521699339151382
0.00508637959137559
0.00499340193346143
0.00494106579571962
0.00488281063735485
0.004791175480932
0.00470447400584817
0.00469706859439611
0.0047244718298316
0.00472503015771508
0.00462410971522331
0.00455675274133682
0.00450640171766281
0.00443495204672217
0.00434195809066296
0.00433168886229396
0.004400082398206
0.00453873164951801
0.0045555466786027
0.00462130876258016
0.00474937818944454
0.00478472001850605
0.00492415390908718
0.00511559657752514
0.00521682249382138
0.00505002401769161
