0.0
0.0
1.08090830508445e-06
8.44987880554982e-06
2.36584510275861e-05
4.31534936069511e-05
7.86212112870999e-05
0.000120803655590862
0.000177346533746459
0.000245184695813805
0.00032427636324428
0.000427312916144729
0.000556872633751482
0.000672565714921802
0.000769686012063175
0.000911037845071405
0.000921042868867517
0.000935471325647086
0.000956813280936331
0.000989113701507449
0.00103387178387493
0.0010814277920872
0.00113948772195727
0.00119967584032565
0.00120607716962695
0.00121164030861109
0.00121292157564312
0.00121328281238675
0.00121346430387348
0.00121355068404227
0.00121360889170319
0.00121375801973045
0.00121399399358779
0.00121404253877699
0.00121376011520624
0.00121375371236354
0.00121374113950878
0.00121370796114206
0.00121370435226709
0.00121374696027488
0.00121376838069409
0.00121377920731902
0.00121375813614577
0.00121372670400888
0.00121374847367406
0.0012137743178755
0.00121379282791167
0.00121380866039544
0.00121381937060505
0.00121380714699626
0.00121376325841993
0.00121373112779111
0.00121368607506156
0.00121367513202131
0.00121370691340417
0.00121372833382338
0.00121380249038339
0.00121385452803224
0.0012139193713665
0.00121390633285046
0.00121390901040286
0.001213867100887
0.00121383252553642
0.0012138094753027
0.00121375278104097
0.00121372635476291
0.00121368502732366
0.00121370272245258
0.00121372251305729
0.00121380691416562
0.00121390703134239
0.00121396931353956
0.00121401867363602
0.00121405394747853
0.00121406745165586
0.00121413136366755
0.0012141119223088
0.00121408142149448
0.00121402298100293
0.00121393240988255
0.00121385813690722
0.0012138286838308
0.00121380132623017
0.00121379399206489
0.0012138836318627
0.0012138889869675
0.00121384998783469
0.00121386314276606
0.00121386325918138
0.00121388491243124
0.00121406652033329
0.0012140825856477
0.00121418200433254
0.0012142623309046
0.00121431110892445
0.00121432216838002
0.00121430051513016
0.00121424999088049
0.00121424766257405
0.00121420959476382
0.00121414836030453
0.0012140937615186
0.00121405231766403
0.00121391611173749
0.00121383054647595
0.00121375266462564
0.00121369224507362
0.00121389818377793
0.00121389632113278
0.00121387210674584
