0.0
3.28060173160338e-06
3.43298188454355e-06
3.45461080542009e-06
3.45737930729229e-06
3.45774697052548e-06
3.45780063071288e-06
3.4578115446493e-06
3.45781313626503e-06
3.45781336363871e-06
3.45781336363871e-06
3.45781336363871e-06
3.45781336363871e-06
3.45781336363871e-06
3.45781336363871e-06
3.45781336363871e-06
3.45781336363871e-06
3.45781336363871e-06
3.4581439649628e-06
3.46770275427843e-06
3.48102594216471e-06
3.49558899870317e-06
3.50667073689692e-06
3.51369362761034e-06
3.52341635334597e-06
3.53700170308002e-06
3.55091697201715e-06
3.56425130121352e-06
3.59534692506713e-06
3.63136928172025e-06
3.67648840438051e-06
3.7525742300204e-06
3.8378821045626e-06
3.95439337808057e-06
4.07634252042044e-06
4.19296475229203e-06
4.30056343247998e-06
4.40326721218298e-06
4.50499601356569e-06
4.58386784885079e-06
4.73598220196436e-06
5.02480452269083e-06
5.469345524034e-06
5.86765463594929e-06
6.05606464887387e-06
6.28703992333612e-06
6.30145859759068e-06
6.31685452390229e-06
6.3324273469334e-06
6.34803791399463e-06
6.37172524875496e-06
6.40869757262408e-06
6.47142587695271e-06
6.55083931633271e-06
6.63586570226471e-06
6.73134582029888e-06
6.90084516463685e-06
7.15680107532535e-06
7.50388517190004e-06
7.89546629675897e-06
8.29063537821639e-06
8.73775661602849e-06
9.20579532248667e-06
9.77597119344864e-06
1.05543986137491e-05
1.15362445285427e-05
1.33200319396565e-05
1.50601572386222e-05
1.63843142217956e-05
1.75118020706577e-05
1.83308711712016e-05
1.90454102266813e-05
1.9516814063536e-05
1.98219877347583e-05
2.00057620531879e-05
2.01174607354915e-05
2.01882048713742e-05
2.02362807613099e-05
2.02862665901193e-05
2.03452145797201e-05
2.04194784600986e-05
2.05285541596822e-05
2.07661269087112e-05
2.1042653315817e-05
2.12650647881674e-05
2.14655901800143e-05
2.17887154576601e-05
2.21586124098394e-05
2.25200274144299e-05
2.28647331823595e-05
2.33397495321697e-05
2.38621196331223e-05
2.44560433202423e-05
2.51182027568575e-05
2.57494539255276e-05
2.62981066043722e-05
2.68508374574594e-05
2.74601807177532e-05
2.83951812889427e-05
2.99107141472632e-05
3.06064102915116e-05
3.19400387525093e-05
3.2098399969982e-05
3.22237392538227e-05
3.23511922033504e-05
3.25536930176895e-05
3.26117769873235e-05
3.26738554576878e-05
3.27407469740137e-05
3.2814969017636e-05
3.28995265590493e-05
3.30105467583053e-05
3.3179374440806e-05
3.32309973600786e-05
3.32921699737199e-05
3.34104333887808e-05
3.35687873302959e-05
3.38063437084202e-05
3.42055136570707e-05
3.47813474945724e-05
3.53334471583366e-05
3.59016776201315e-05
3.65813793905545e-05
3.76932875951752e-05
3.90398563467897e-05
4.06648068747018e-05
4.28376915806439e-05
4.41665069956798e-05
4.48336140834726e-05
4.51516862085555e-05
4.54422734037507e-05
4.57422174804378e-05
4.61343588540331e-05
4.6725199354114e-05
4.77286885143258e-05
4.9376227252651e-05
5.23471026099287e-05
5.64741931157187e-05
6.08768823440187e-05
6.49199719191529e-05
6.8928100517951e-05
7.31496402295306e-05
7.96408858150244e-05
9.04273547348566e-05
0.000102696336398367
0.000117316107207444
0.000124683472677134
0.000138863426400349
0.000156791444169357
0.000162423195433803
0.000164382654475048
0.000165834280778654
0.000167265068739653
0.000168631260748953
0.000170753628481179
0.000171547129866667
0.000172781074070372
0.000174117827555165
0.000175546840182506
0.000177080684807152
0.00017868317081593
0.000180370494490489
0.000182132760528475
0.000184023025212809
0.00018705335969571
0.000190275633940473
0.00019361509475857
0.000197031229618005
0.000200495909666643
0.000205708638532087
0.000207686171052046
0.00021064659813419
0.000215035965084098
0.000219392313738354
0.000223740047658794
0.000226978067075834
0.000230201738304459
0.000235002793488093
0.000242134919972159
0.000252750352956355
0.000268221134319901
0.000290130323264748
0.000322365463944152
0.000365081679774448
0.000426864338805899
0.000515826803166419
0.000647051609121263
0.000843157118652016
0.00113966607023031
0.00146130239591002
0.00178943178616464
0.00212418404407799
0.00246818503364921
0.00282134558074176
0.00318561471067369
0.00355128780938685
0.0039208815433085
0.00429659150540829
0.00467839231714606
0.00506451493129134
0.00545726716518402
0.00584553088992834
0.00622428767383099
0.00660096853971481
0.00697536347433925
0.00734832976013422
0.00772136030718684
0.00809585116803646
0.00847263261675835
0.0088520236313343
0.00923197250813246
0.00961519777774811
0.0100007290020585
0.010380488820374
0.0107551719993353
0.0111314710229635
0.0113898310810328
0.0113611901178956
0.0113352909684181
0.0113002378493547
0.0112771196290851
0.0112391375005245
0.0112163005396724
0.0111777521669865
0.0111474869772792
0.0111096883192658
0.0110708782449365
0.0110413823276758
0.0109901232644916
0.0109540279954672
0.010915176011622
0.0108598694205284
0.0108207799494267
0.0107629848644137
0.0107095325365663
0.010656675323844
0.0105946063995361
0.0105455350130796
0.0104879876598716
0.0104294372722507
0.0103783654049039
0.01031344383955
0.0102570159360766
0.0102018136531115
0.0101440185680985
0.0100871687754989
0.0100311525166035
0.00997480284422636
0.00991604663431644
0.00985798798501492
0.00980296824127436
0.00974577385932207
0.00969916675239801
