-0.0
1.4210854715202e-14
2.08549226954347e-06
3.1271633815777e-06
-3.25014589179773e-05
6.09831931797089e-06
-2.89901527139591e-05
0.00024570373352617
0.000233754384680651
0.000287008006125689
0.000257945415796712
0.000263254652963951
0.000251100165769458
0.00022625554993283
0.000173540160176344
0.000180900751729496
0.00021742656826973
0.000244634225964546
0.000271883181994781
0.000298960512736812
0.000313033349812031
0.000328649824950844
0.00037334969965741
0.000316234771162271
0.000323196582030505
0.000304261338897049
0.000291651260340586
0.000269764248514548
0.000247128307819366
0.00024500914150849
0.00024209932598751
0.000239968081586994
0.000239531596889719
0.000238947628531605
0.00023846332624089
0.000238049295148812
0.000237185566220433
0.000235921106650494
0.000235463914577849
0.000234788021771237
0.000233867613133043
0.000233570244745351
0.000233128506806679
0.000232467267778702
0.000231459285714664
0.000229956727707759
0.000228466917178594
0.00022704251750838
0.000225108859012835
0.000222579081309959
0.000220303059904836
0.000219739886233583
0.000211220627534203
0.00020151941862423
0.000190988823305815
0.000177050140337087
0.000179292925167829
0.000188935387996025
0.000196668857824989
0.000198631634702906
0.000202137307496741
0.000206721451831982
0.000210881786188111
0.000215826570638455
0.000223047332838178
0.000233696802752092
0.000235873609199189
0.000238078384427354
0.000239713277551346
0.000240426481468603
0.000240648732869886
0.000240859008044936
0.000241045083384961
0.000241304456721991
0.000241555680986494
0.000241789763094857
0.000241902656853199
0.000242060254095122
0.000242218287894502
0.000242371301283129
0.000242599271587096
0.000242961483309045
0.000243111135205254
0.000243326707277447
0.000243551941821352
0.000243775066337548
0.000244090770138428
0.000244581140577793
0.000244756694883108
0.000245017814449966
0.00024540422600694
0.000245885545155033
0.000246363633777946
0.000244941387791187
0.000241933710640296
0.000237622094573453
0.000228104050620459
0.000215619744267315
0.00021766236750409
0.000223730006837286
0.000231148398597725
0.000253546197200194
0.000242165711824782
0.000337984616635367
0.000395144103094935
0.000479028327390552
0.000529767130501568
0.000594855577219278
0.000628820736892521
0.000699447991792113
0.000841205532196909
0.000844181922730058
0.000847368035465479
0.000841524917632341
0.000830621225759387
0.000826296804007143
0.000776454224251211
0.000507419288624078
0.000404963648179546
0.000265743379713967
0.000214572908589616
0.000147673286846839
0.000141221025842242
0.00013195993960835
0.000131095323013142
0.000129811465740204
0.00012933905236423
0.00012916192645207
0.000128896281239577
0.000128796687931754
0.000128759333165362
0.000128745348774828
0.000128724306705408
0.000128716477775015
0.000128713494632393
0.00012871203944087
0.000128710482385941
0.000128709929413162
0.000128709070850164
0.000128707775729708
0.000128707295516506
0.000128706567920744
0.000128705520182848
0.000128703904920258
0.000128703279187903
0.000128702376969159
0.000128701023641042
0.000128700514324009
0.000128699757624418
0.000128698593471199
0.000128696861793287
0.000128696250612848
0.000128695290186442
0.000128693849546835
0.000128693311125971
0.000128692481666803
0.000128691259305924
0.000128689440316521
0.000128688785480335
0.000128687766846269
0.000128686224343255
0.000128685656818561
0.000128684812807478
0.000128683503135107
0.000128683022921905
0.000128682295326144
0.000128681247588247
0.000128679574117996
0.000128678992041387
0.000128678060718812
0.000128676707390696
0.000128676198073663
0.000128675426822156
0.000128674277220853
0.00012867254554294
0.00012867190525867
0.000128670973936096
0.000128669489640743
0.000128668936667964
0.000128668136312626
0.000128666913951747
0.000128665080410428
0.000128664411022328
0.000128663377836347
0.000128661835333332
0.000128661267808639
0.00012866040924564
0.000128659114125185
0.000128658604808152
0.000128657906316221
0.000128656800370663
0.000128655156004243
0.000128654559375718
0.000128653642605059
0.000128652260173112
0.00012865177995991
0.000128651008708403
0.000128649815451354
0.000128648098325357
0.000128647443489172
0.000128646468510851
0.000128645013319328
0.000128644474898465
0.000128643659991212
0.000128642423078418
0.000128640589537099
0.000128639905597083
0.000128638857859187
0.000128637344460003
0.000128636747831479
0.00012863588926848
0.00012863457959611
0.000128634099382907
0.000128633357235231
0.000128632280393504
0.000128630636027083
0.000128630024846643
0.000128629122627899
0.000128627711092122
0.000128627201775089
0.000128626415971667
0.000128625251818448
0.000128623549244367
0.000128622879856266
0.000128621919429861
0.000128620449686423
0.000128619896713644
0.000128619067254476
0.000128617830341682
0.00012861737923231
0.000128616680740379
0.000128615647554398
0.000128614105051383
0.000128613537526689
0.000128612649859861
0.000128611354739405
0.000128610845422372
0.000128610117826611
0.000128609011881053
0.000128607367514633
0.000128606741782278
0.000128605825011618
0.000128604428027757
0.000128603933262639
0.000128603147459216
0.000128601968754083
0.000128600237076171
0.00012859956768807
0.00012859859270975
0.000128597137518227
0.000128596569993533
0.00012859575508628
0.000128594518173486
0.000128594067064114
0.000128593368572183
0.000128592320834287
0.000128590749227442
0.000128590167150833
0.000128589294035919
0.000128587984363548
0.000128587504150346
0.000128586762002669
0.000128585670609027
0.000128583997138776
0.000128583371406421
0.000128582454635762
0.000128581072203815
0.000128580519231036
0.00012857977708336
0.000128578583826311
0.000128576823044568
0.000128576153656468
0.000128575193230063
0.000128573708934709
0.000128573170513846
0.000128572326502763
0.000128571089589968
0.000128570623928681
0.000128569939988665
0.000128568877698854
0.000128567306092009
0.000128566738567315
0.000128565850900486
0.0001285645266762
0.000128564046462998
0.000128563304315321
0.000128562198369764
0.000128560524899513
0.000128559913719073
0.000128558996948414
0.000128557585412636
0.000128557076095603
0.000128556290292181
0.000128555097035132
0.00012855333625339
0.000128552652313374
0.000128551691886969
0.000128550207591616
0.000128549640066922
0.000128548825159669
0.000128547559143044
0.000128547122585587
0.000128546424093656
0.00012854537635576
0.000128543790197
0.000128543208120391
0.000128542305901647
0.000128540996229276
0.000128540501464158
0.000128539759316482
0.00012853866792284
0.000128536979900673
0.000128536368720233
0.000128535422845744
0.000128534040413797
0.000128533516544849
0.000128532716189511
0.000128531552036293
0.000128531115478836
0.00012853043153882
0.000128529442008585
0.000128527957713231
0.000128527390188538
0.00012852656072937
0.00012852530926466
0.000128524829051457
0.000128524145111442
0.00012852308282163
0.000128521511214785
0.000128520914586261
0.000128520026919432
0.000128518702695146
0.000128518207930028
0.000128517465782352
0.000128516359836794
0.000128514657262713
0.000128514060634188
0.000128513100207783
0.000128511703223921
0.000128511193906888
0.000128510378999636
0.000128509185742587
0.00012850877828896
0.000128508094348945
0.000128507104818709
0.000128505591419525
0.000128505038446747
0.000128504194435664
0.000128502957522869
0.000128502477309667
0.00012850176426582
0.000128500687424093
0.000128499130369164
0.00012849853374064
0.000128497660625726
0.00012849630729761
0.000128495841636322
0.000128495099488646
0.000128493964439258
0.000128492276417091
0.000128491665236652
0.000128490704810247
0.00012848929327447
0.000128488783957437
0.000128487969050184
0.00012848679034505
0.000128486324683763
0.000128485669847578
0.000128484651213512
0.000128483196021989
0.000128482628497295
0.000128481769934297
0.000128480533021502
0.000128480038256384
0.000128479325212538
0.000128478277474642
0.000128476691315882
0.000128476109239273
0.000128475177916698
0.000128473853692412
0.00012847337347921
0.000128472616779618
0.000128471496282145
0.000128471088828519
0.000128470448544249
0.000128469502669759
0.000128468076582067
0.000128467538161203
0.000128466752357781
0.000128465573652647
0.000128465122543275
0.000128464453155175
0.000128463434521109
0.00012846193567384
0.000128461382701062
0.000128460538689978
0.000128459272673354
0.000128458807012066
0.000128458079416305
0.000128457002574578
0.000128455416415818
0.000128454834339209
0.000128453932120465
0.000128452593344264
0.000128452098579146
0.000128451341879554
0.000128450206830166
0.000128449784824625
0.00012844915909227
0.00012844821321778
0.000128446772578172
0.000128446248709224
0.000128445477457717
0.000128444255096838
0.000128443818539381
0.000128443134599365
0.00012844214506913
0.000128440617118031
0.000128440078697167
0.000128439220134169
0.000128437939565629
0.000128437473904341
0.000128436760860495
0.000128435684018768
0.000128435291117057
0.00012843516014982
0.000128434912767261
0.000128434869111516
0.000128434869111516
