0.0
0.0
8.39258575524582e-07
6.30074464424979e-06
1.68757123901742e-05
3.89992201235145e-05
7.31664986233227e-05
0.000112104142317548
0.000167535195942037
0.000225456853513606
0.000283780274912715
0.000319593964377418
0.000327553250826895
0.000329387083183974
0.000332130322931334
0.000333072646753863
0.000333770731231198
0.000334463111357763
0.000334725104039535
0.000335111340973526
0.000335518823703751
0.000335907010594383
0.000336295110173523
0.000336681870976463
0.000337289151502773
0.000337797187967226
0.000338191341143101
0.000338579586241394
0.000338977260980755
0.000339384394465014
0.00034001562744379
0.000340996775776148
0.000342523999279365
0.000344866828527302
0.00034885253990069
0.000354919582605362
0.000360037694917992
0.000361862039426342
0.000364480976713821
0.000367590750101954
0.000370122434105724
0.000372223759768531
0.000373906106688082
0.000376415177015588
0.00037873163819313
0.000381094781914726
0.000383681384846568
0.000386102590709925
0.000388099520932883
0.000389152788557112
0.000389550754334778
0.000389773078495637
0.000390388158848509
0.000390899949707091
0.000392523041227832
0.000395618320908397
0.000395907962229103
0.000395980372559279
0.000396043033106253
0.000396084855310619
0.000396118848584592
0.000396161427488551
0.000396176939830184
0.000396217976231128
0.000396411312976852
0.000396556250052527
0.000396571325836703
0.000396585208363831
0.000396587536670268
0.000396572257159278
0.000396557908970863
0.000396552146412432
0.000396558869397268
0.000396571907913312
0.000396581599488854
0.000396593037294224
0.000396590767195448
0.000396597402868792
0.000396589312003925
0.000396576710045338
0.000396563147660345
0.000396549992728978
0.000396543910028413
0.000396543880924582
0.000396556948544458
0.0003965787764173
0.000396595132770017
0.000396605901187286
0.000396612304029986
0.000396604038542137
0.000396600895328447
0.00039659152389504
0.000396574992919341
0.000396547198761255
0.00039652269333601
0.000396516581531614
0.000396515941247344
0.000396517105400562
0.000396525312680751
0.000396539049688727
0.000396558141801506
0.000396578514482826
0.000396603398257867
0.000396618474042043
0.00039662656490691
0.00039662589551881
0.000396614195778966
0.000396584393456578
0.00039654434658587
0.000396509014535695
0.000396483286749572
0.000396464834921062
0.000396450952393934
0.00039643349009566
0.000396427902160212
0.000396417803131044
0.000396413583075628
0.000396412564441562
0.000396414718125015
0.000396417191950604
0.000396413815906271
0.000396406161598861
0.000396396324504167
0.000396379851736128
0.000396358082070947
0.000396334449760616
0.000396309827920049
0.000396290037315339
0.000396275368984789
0.000396257411921397
0.000396242685383186
0.000396246061427519
0.000396252813516185
0.000396256538806483
0.000396255549276248
0.000396255287341774
0.000396257091779262
0.000396261253627017
0.00039626078796573
0.000396265706513077
0.000396269402699545
0.000396274990634993
