0.0
0.00120000005699694
0.00240000011399388
0.00359999993816018
0.00480000022798777
0.00600000005215406
0.00719999987632036
0.00839999970048666
0.00960000045597553
0.0108000002801418
0.0116999996826053
0.0123749999329448
0.0130500001832843
0.0135562503710389
0.014062499627471
0.0145687498152256
0.0146953128278255
0.0148218749091029
0.0149484379217029
0.0150750000029802
0.0152015620842576
0.0153281250968575
0.0155179686844349
0.0155654298141599
0.0155772948637605
0.0155950924381614
0.0156217897310853
0.015661833807826
0.0156718455255032
0.0156818572431803
0.0156968738883734
0.015719398856163
0.0157250314950943
0.0157306622713804
0.0157327745109797
0.0157359410077333
0.015740692615509
0.0157478209584951
0.0157585106790066
0.0157692022621632
0.0157798919826746
0.0157905835658312
0.0158066190779209
0.0158306732773781
0.0158667545765638
0.015920877456665
0.0160020608454943
0.0160629469901323
0.0161238349974155
0.0162151660770178
0.0163521617650986
0.0165576562285423
0.016865897923708
0.0173282604664564
0.0180218052119017
0.0190621204674244
0.0202621202915907
0.0214621219784021
0.0226621218025684
0.0238621216267347
0.025062121450901
0.0262621212750673
0.0274621210992336
0.0286621209233999
0.0298621207475662
0.0310621205717325
0.0322621203958988
0.0334621220827103
0.0346621200442314
0.0358621217310429
0.037062119692564
0.0382621213793755
0.0394621193408966
0.0406621210277081
0.0418621227145195
0.0430621206760406
0.0442621223628521
0.0454621203243732
0.0466621220111847
0.0478621199727058
0.0490621216595173
0.0502621196210384
0.0514621213078499
0.0526621229946613
0.0538621209561825
0.0550621226429939
0.0562621206045151
0.0574621222913265
0.0586621202528477
0.0598621219396591
0.0610621199011803
0.0622621215879917
0.0634621232748032
0.0646621212363243
0.0649621188640594
0.0654121190309525
0.066087119281292
0.0670996233820915
0.0682996213436127
0.0694996193051338
0.0706996247172356
0.0718996226787567
0.0730996206402779
0.074299618601799
0.0754996240139008
0.0766996219754219
0.0778996199369431
0.0781996175646782
0.0786496177315712
0.0793246179819107
0.0803371220827103
0.0815371200442314
0.0827371180057526
0.0839371234178543
0.0851371213793755
0.0863371193408966
0.0875371247529984
0.0887371227145195
0.0899371206760406
0.0911371186375618
0.0923371240496635
0.0935371220111847
0.0938371196389198
0.0942871198058128
0.0949621200561523
0.0959746241569519
0.0971746221184731
0.0983746200799942
0.0995746180415154
0.100774623453617
0.101974621415138
0.103174619376659
0.104374624788761
0.105574622750282
0.106774620711803
0.107974618673325
0.109174624085426
0.110374622046947
0.111574620008469
0.111874617636204
0.112324617803097
0.112999618053436
0.114012122154236
0.115212120115757
0.116412118077278
0.11761212348938
0.118812121450901
0.119999997317791
