0
0.00120000005699694
0.00179999996908009
0.00224999990314245
0.00270000007003546
0.00315000000409782
0.00359999993816018
0.00405000010505319
0.0044999998062849
0.00517500005662441
0.00584999984130263
0.00652500009164214
0.00719999987632036
0.00787500012665987
0.00855000037699938
0.00922499969601631
0.00989999994635582
0.0105750001966953
0.0112500004470348
0.0119249997660518
0.0126000000163913
0.0136125003919005
0.0148125002160668
0.0160124991089106
0.017212500795722
0.0184125006198883
0.0196125004440546
0.0208125002682209
0.0220125000923872
0.0232124999165535
0.0244124997407198
0.0256124995648861
0.0268124993890524
0.0280124992132187
0.0292125009000301
0.0304125007241964
0.0316125005483627
0.0328124985098839
0.0340125001966953
0.0352124981582165
0.0364124998450279
0.0376125015318394
0.0388124994933605
0.040012501180172
0.0412124991416931
0.0424125008285046
0.0436124987900257
0.0448125004768372
0.0460124984383583
0.0472125001251698
0.0484125018119812
0.0496124997735023
0.0508125014603138
0.0520124994218349
0.0532125011086464
0.0544124990701675
0.055612500756979
0.0568124987185001
0.0580125004053116
0.0592124983668327
0.0604125000536442
0.0616125017404556
0.0619124993681908
0.062024999409914
0.062024999409914
