0.0
0.0
0.0
0.0
6.47805336484453e-07
1.00987904261274e-06
1.34369986426464e-06
1.71751310062973e-06
2.11976293940097e-06
2.54062797466759e-06
3.00980559586606e-06
3.32737135977368e-06
3.44293835041753e-06
3.34642140842334e-06
3.19276932714274e-06
3.01114278045134e-06
2.84739735434414e-06
2.62920298155223e-06
2.7065871108789e-06
2.82564633380389e-06
3.00001966024865e-06
3.11082408188668e-06
3.08142557514657e-06
2.85784039988357e-06
2.57101874012733e-06
2.27592431656376e-06
1.99699138647702e-06
1.75268610291823e-06
1.74205570147024e-06
1.72060867953405e-06
1.62420928973006e-06
1.46176546422794e-06
1.32218804083095e-06
1.21104926620319e-06
1.03738477719162e-06
7.77427715092927e-07
3.92076117350371e-07
0.0
0.0
0.0
0.0
0.0
0.0
0.0
0.0
0.0
0.0
0.0
0.0
0.0
0.0
0.0
0.0
0.0
0.0
0.0
0.0
0.0
0.0
0.0
0.0
0.0
0.0
0.0
0.0
0.0
0.0
0.0
0.0
0.0
0.0
0.0
0.0
0.0
0.0
0.0
0.0
0.0
0.0
0.0
0.0
0.0
0.0
0.0
0.0
0.0
0.0
0.0
0.0
0.0
0.0
0.0
0.0
0.0
0.0
0.0
0.0
0.0
0.0
0.0
0.0
0.0
0.0
0.0
0.0
0.0
0.0
0.0
0.0
0.0
