0.0
0.0
0.0
3.68310452358855e-07
2.59460830420721e-06
7.56459894546424e-06
1.75603327079443e-05
3.26610970660113e-05
4.77792673336808e-05
5.92943324591033e-05
6.53596289339475e-05
7.05353813827969e-05
7.61177798267454e-05
8.1796693848446e-05
8.79334911587648e-05
9.23276893445291e-05
9.56494113779627e-05
9.82042693067342e-05
0.00010001621558331
0.000101339624961838
0.000103057420346886
0.000105846251244657
0.000109542816062458
0.000114667054731399
0.000122224242659286
0.000133519992232323
0.000148521925439127
0.000152365944813937
0.000156241832883097
0.000158170922077261
0.000158196577103809
0.000158222726895474
0.000158249051310122
0.000158275492140092
0.000158301903866231
0.000158328242832795
0.000158354378072545
0.000158380236825906
0.000158405717229471
0.000158431241288781
0.000158456969074905
0.000158495822688565
0.000158554626978002
0.000158643117174506
0.000158777227625251
0.000158879833179526
0.000159037386765704
0.000159152390551753
0.000159227856784128
0.000159306568093598
0.000159468676429242
0.000159659044584259
0.000159913848619908
0.000160476643941365
0.00016078537737485
0.000160811367095448
0.000160833631525747
0.000160861702170223
0.000160898693138734
0.000160947995027527
0.000161025222041644
0.000161119503900409
0.000161320363986306
0.000161442876560614
0.000161580159328878
0.000161739415489137
0.000161869975272566
0.000161963704158552
0.00016203623090405
0.000162092255777679
0.000162143594934605
0.000162191456183791
0.000162236494361423
0.000162302749231458
0.000162405834998935
0.000162563505000435
0.000162811964401044
0.000163218152010813
0.00016389656229876
0.000165082383318804
0.000167128790053539
0.000169572827871889
0.000171658510225825
0.000173937922227196
0.00017775219748728
0.000178763148142025
0.000179567767190747
0.000180466304300353
0.000180663788341917
0.000180825343704782
0.000181011171662249
0.000181220442755148
0.000181454248377122
0.000181670213351026
0.000181846364284866
0.000181990952114575
0.000182118368684314
0.000182290648808703
0.000182534640771337
0.00018289744912181
0.000183438110980205
0.00018428715702612
0.0001855906448327
0.000187502300832421
0.000190302554983646
0.000194782987819053
0.000201890143216588
0.000212992061278783
0.0002303949004272
0.000237267449847423
0.000247969408519566
0.000252080004429445
0.000258522282820195
0.000268961128313094
0.000271760887699202
0.00027244639932178
0.000272732781013474
0.000272942619631067
0.000273154291789979
0.000273470854153857
0.000273962272331119
0.000274727761279792
0.000275945290923119
0.000277871877187863
0.000280672800727189
0.000281423708656803
0.000282176217297092
0.000282965105725452
0.000283728033537045
0.000283910281723365
0.000284190609818324
0.000284481240669265
0.000284768728306517
0.000285202113445848
0.000285854242974892
0.000286829366814345
0.000288299634121358
0.00029057776555419
0.000291375123197213
0.000291704578557983
0.00029194395756349
0.000292184355203062
0.000292427168460563
0.000292785320198163
0.000293144432362169
0.000293507444439456
0.000293642020551488
0.000293844059342518
0.000294146477244794
0.00029460055520758
0.000295277306577191
0.000296305312076584
0.000296493992209435
0.000296783109661192
0.000297211663564667
0.000297376333037391
0.000297622580546886
0.000297991617117077
0.000298128667054698
0.00029833591543138
0.000298645172733814
0.000299115548841655
0.000299290521070361
0.000299556995742023
0.000299968029139563
0.000300595100270584
0.000301542750094086
0.000301916792523116
0.000302210974041373
0.000302670960081741
0.000303150794934481
0.000303654232993722
0.000304183806292713
0.000304756191326305
0.000304994930047542
0.000305253488477319
0.000305546796880662
0.000305909139569849
0.000306006666505709
0.000306111265672371
0.000306291505694389
0.000306510512018576
0.000306803616695106
0.000307138951029629
0.000307480659103021
0.000307942798826844
0.000308524118736386
0.00030900610727258
0.000309410213958472
0.000309753377223387
0.000310052884742618
0.000310426141368225
0.000310881529003382
0.000311462470563129
0.00031225653947331
0.00031344624585472
0.000315201818011701
0.000317785830702633
0.00032145666773431
0.000326914043398574
0.000327192101394758
0.000327502872096375
0.000327813671901822
0.000328132911818102
0.000328613445162773
0.000329335744027048
0.000330455339280888
0.00033205994986929
0.000332506926497445
0.000332934025209397
0.000333350733853877
0.000333788455463946
0.000334103911882266
0.00033458968391642
0.000335073797032237
0.000335571588948369
0.000336061755660921
0.000336580822477117
0.000336767639964819
0.000337053032126278
0.00033747692941688
0.000337639154167846
0.00033787963911891
0.00033825941500254
0.000338826066581532
0.000339045393047854
0.000339376740157604
0.000339872931363061
0.000340631901053712
0.000340917496941984
0.000341352249961346
0.000342046900186688
0.000343061430612579
0.000343471270753071
0.000343873660312966
0.000344285479513928
0.000344896543538198
0.000345347245456651
0.000345807493431494
0.000346484157489613
0.00034674457856454
0.000347134249750525
0.000347723253071308
0.000348611094523221
0.000349972367985174
0.000350476708263159
0.000350984715623781
0.00035149056930095
0.000352246890543029
0.000352535222191364
0.000352967472281307
0.000353616080246866
0.000354591029463336
0.000356055184965953
0.000358274090103805
0.000358476972905919
0.000358788412995636
0.000359247467713431
0.000359424651833251
0.000359683559508994
0.000360080972313881
0.000360665057087317
0.000360889011062682
0.000361222919309512
0.000361726648407057
0.000362474762368947
0.000362761405995116
0.000363182742148638
0.000363825442036614
0.000364465115126222
0.000365095998859033
0.000365740444976836
0.000366215186659247
0.000366699212463573
0.000366877269698307
0.000367149827070534
0.00036755038308911
0.000368156936019659
0.000368772482033819
0.000369385496014729
0.000369990302715451
0.000370607798686251
0.000371214788174257
0.000371373782400042
0.000371608504792675
0.000371964619262144
0.000372503913240507
0.000373310322174802
0.000373617425793782
0.000374071183614433
0.00037424560287036
0.000374501338228583
0.00037488789530471
0.000375475385226309
0.000376390002202243
0.000377768330508843
0.000378288474166766
0.000378484546672553
0.000378778000595048
0.000379223289201036
0.000379882287234068
0.000380133598810062
0.000380509882234037
0.000381075864424929
0.000381920923246071
0.000383248785510659
0.000383551057893783
0.000383865088224411
0.000384337879950181
0.000384515878977254
0.000384783779736608
0.000385187449865043
0.000385794934118167
0.000386712054023519
0.000387061736546457
0.000387608917662874
0.000388419517548755
0.000388730462873355
0.000389201508369297
0.000389907276257873
0.00039017474045977
0.000390574103221297
0.000391180830774829
0.00039207877125591
0.000392421236028895
0.000392936635762453
0.000393708905903623
0.000394881470128894
0.000395313138142228
0.000395967450458556
0.000396625342546031
0.000397285301005468
0.000397537223761901
0.000397908675950021
0.000398468197090551
0.000398682110244408
0.000398997217416763
0.000399479031329975
0.000400188990170136
0.00040073215495795
0.000401266355765983
0.000401471770601347
0.000401773548219353
0.000402229488827288
0.000402922625653446
0.000403178535634652
0.000403569603804499
0.000404145597713068
0.000404365768190473
0.000404694030294195
0.000405189814046025
0.000405928702093661
0.000406209903303534
0.000406626291805878
0.000407261133659631
0.000407495448598638
0.000407853425713256
0.000408381602028385
0.00040878212894313
0.000409387313993648
0.000410288805142045
0.000410632928833365
0.000411140557844192
0.000411907560192049
0.000412486348068342
0.000413071364164352
0.000413936912082136
0.000415245885960758
0.000415584014263004
0.000415922055253759
0.000416430848417804
0.000417194300098345
0.000418347481172532
0.000420071795815602
0.000420722208218649
0.000420970376580954
0.000421336997533217
0.000421896373154595
0.000422732642618939
0.000423562043579295
0.000424405676312745
0.000425236794399098
0.000426077720476314
0.000426712183980271
0.000427352613769472
0.000428303930675611
0.00042866516741924
0.000429206731496379
0.000430022220825776
0.000431245804065838
0.000431707943789661
0.00043239863589406
0.000432660046499223
0.000433049804996699
0.000433640176197514
0.000434517976827919
0.000434853602200747
0.000435348571045324
0.000436096510384232
0.000436381727922708
0.000436803413322195
0.000437447364674881
0.000437684211647138
0.000438046699855477
0.000438581482740119
0.000439390423707664
0.000440210831584409
0.000441021576989442
0.000441332289483398
0.000441790034528822
0.000442489195847884
0.000443537952378392
0.000443923752754927
0.000444509176304564
0.000445381330791861
0.00044571328908205
0.000446205900516361
0.000446947728050873
0.000447230850113556
0.000447649625129998
0.000448288745246828
0.00044924474786967
0.000450195162557065
0.000451149942819029
0.000452121166745201
0.000453078624559566
0.000454046501545236
0.00045503067667596
0.00045599410077557
0.000456363632110879
0.000456907524494454
0.000457727612229064
0.00045804216642864
0.000458504568086937
0.000459203205537051
0.000460266746813431
0.000460659037344158
0.000461259711300954
0.000462146301288158
0.000462485942989588
0.000462987314676866
0.000463743868749589
0.000464882497908548
0.000465317396447062
0.000465959456050768
0.000466940546175465
0.000467302859760821
0.000467856414616108
0.000468683690996841
0.000469920982141048
0.000470390048576519
0.000471089500933886
0.000472153595183045
0.000473728199722245
0.000474329834105447
0.000475234555779025
0.000476594228530303
0.000478630827274173
0.000481669732835144
0.000486298959003761
0.000488095916807652
0.000488754943944514
0.000489750527776778
0.000491243554279208
0.000493517960421741
0.000496898719575256
0.000502162554766983
0.000507327204104513
0.000508707365952432
0.00051071448251605
0.000513776438310742
0.000518377521075308
0.000525330135133117
0.000527944532223046
0.000531903933733702
0.000537975633051246
0.000544022244866937
0.000550213560927659
0.000559512758627534
0.000573624798562378
0.000588065769989043
0.00060284772189334
0.000614222080912441
0.000616396777331829
0.00061858119443059
0.000620813341811299
0.000623109459411353
0.00062369421357289
0.000624286418315023
0.000624890264589339
0.00062550778966397
0.000626142893452197
0.000626746856141835
0.000627334753517061
0.000627909030299634
0.000628752633929253
0.00062999885994941
0.000631854578386992
0.000634643016383052
0.000638870114926249
0.000645294494461268
