0.0
8.72922481078823e-31
1.78830885033676e-06
1.07345304058981e-05
2.61750137724448e-05
4.94399246235844e-05
8.20946152089164e-05
0.000128066327306442
0.000174420056282543
0.000184041957254522
0.000191685525351204
0.000195329688722268
0.000194594758795574
0.000187279874808155
0.000162946875207126
0.000151302228914574
0.000135772948851809
0.000128327024867758
0.000125598846352659
0.000125379869132303
0.000125324339023791
0.000125419013784267
0.000125475009554066
0.000125588238006458
0.000125585444038734
0.000125585444038734
