0.0
8.20852337924532e-13
5.16931115968067e-12
9.03802813839727e-12
1.42906615360761e-11
2.33485765444019e-11
2.93225201064562e-11
3.39060515774925e-11
7.29707544389058e-11
5.4104959401613e-10
3.26328097877138e-09
9.2710719101774e-09
1.73977934281311e-08
1.86111250854992e-08
1.96195752977246e-08
2.04551273697007e-08
2.17127311685772e-08
2.21135181277532e-08
2.2689974343848e-08
2.37025012950198e-08
2.63976858150272e-08
2.89614074944211e-08
3.16257668941944e-08
3.57102578618651e-08
4.42512266829453e-08
5.88420867586592e-08
7.12743855046938e-08
8.15094125528049e-08
8.90373001993794e-08
9.18690901130503e-08
9.29482908418322e-08
9.34177109002121e-08
9.36772295290211e-08
9.38572028985618e-08
9.40073405786279e-08
9.42085947031046e-08
9.44781959333341e-08
9.48426901459243e-08
9.53422585325825e-08
9.61233297402941e-08
9.77364393861535e-08
1.00280466597269e-07
1.03505520598901e-07
1.06573928349007e-07
1.10174234180249e-07
1.19938263765107e-07
1.27373255054408e-07
1.3252586938961e-07
1.38174911512579e-07
1.45054855238413e-07
1.53176870298921e-07
1.55588935513151e-07
1.63551945320251e-07
1.71471455701067e-07
1.89237923109431e-07
2.18083201275476e-07
2.59692797044409e-07
3.17867716148612e-07
3.92892417266921e-07
4.83743690438132e-07
5.88481384511397e-07
7.03756427355984e-07
8.35253558761906e-07
9.54224219640309e-07
1.04512423604319e-06
1.12761074433365e-06
1.19530443498661e-06
1.24456812500284e-06
1.29893851408269e-06
1.3536852065954e-06
1.40286374517018e-06
1.43651959660929e-06
1.46716593008023e-06
1.4948985835872e-06
1.52290544974676e-06
1.52670941133692e-06
1.53037694872182e-06
1.5365293393188e-06
1.53862993101939e-06
1.53868018060166e-06
1.53807923197746e-06
1.53689666149148e-06
1.53559346927068e-06
1.53372332079016e-06
1.53004714320559e-06
1.52422046539868e-06
1.51828794514586e-06
1.51221991018247e-06
1.50633763951191e-06
1.50027574363776e-06
1.49392599269049e-06
1.48768128838128e-06
1.48159995205788e-06
1.47581863529922e-06
1.46983597915096e-06
1.46405272971606e-06
1.45781950777746e-06
1.45175931720587e-06
1.44590251238697e-06
1.44016530612134e-06
1.43436830057908e-06
1.428632117495e-06
1.42259773383557e-06
1.41651094054396e-06
1.41069131132099e-06
1.4050144727662e-06
1.39928852149751e-06
1.39362680329214e-06
1.38775487812381e-06
1.38158816298528e-06
1.37581025683176e-06
1.37034760427923e-06
1.36428116093157e-06
1.35919469812507e-06
1.35307595883205e-06
1.347418219666e-06
1.34080755742616e-06
1.33515641209669e-06
1.32937964281155e-06
1.32273953568074e-06
1.31777596834581e-06
1.31098420297349e-06
1.30526825614652e-06
1.29856368857872e-06
1.29221780298394e-06
1.28703879909153e-06
1.28005547139765e-06
1.2742304988933e-06
1.26871020711405e-06
1.26205259221024e-06
1.2557882200781e-06
1.24955852243147e-06
1.24262476219883e-06
1.23659333439718e-06
1.23015900044265e-06
1.22324854601175e-06
1.21717175716185e-06
1.2105010682717e-06
1.2032497807013e-06
1.19725484637456e-06
1.19001072107494e-06
1.18272316740331e-06
1.17649790354335e-06
1.1709845466612e-06
1.16260821414471e-06
1.15604098027688e-06
1.15123498289904e-06
1.15123498289904e-06
