0.0
6.44874802446793e-08
9.51120426861962e-08
1.31954180915272e-07
2.01204599648008e-07
2.83825244196123e-07
3.65063613116945e-07
4.68633601258261e-07
7.18690841949865e-07
1.48728281601507e-06
2.57421743299346e-06
2.89987383439438e-06
3.41727741215436e-06
4.12405825045425e-06
5.01069507663487e-06
6.38736537439399e-06
7.02035413269186e-06
7.99693589215167e-06
9.39062101679156e-06
9.94534912024392e-06
1.079725643649e-05
1.21321900223847e-05
1.34211568365572e-05
1.50231262523448e-05
1.68504429893801e-05
1.75381028384436e-05
1.86567413038574e-05
2.10477865039138e-05
2.59932094195392e-05
3.13331402139738e-05
3.30856710206717e-05
3.49166366504505e-05
3.7788602639921e-05
4.26819788117427e-05
5.04021809319966e-05
5.48114476259798e-05
6.36536133242771e-05
7.63330172048882e-05
0.000100924487924203
0.000131530570797622
0.000140047312015668
0.00015319517115131
0.000173814929439686
0.000204224314074963
0.000207001910894178
0.000211051956284791
0.000217109132790938
0.000226171119720675
0.00024008474429138
0.000262598536210135
0.000302832311717793
0.000313424941850826
0.000324065535096452
0.000328080204781145
0.000329580914694816
0.000330149428918958
0.000330363778630272
0.000330686307279393
0.000331170682329684
0.000331897696014494
0.000332987488945946
0.000334621523506939
0.000337068224325776
0.000340749771567062
0.000346289394656196
0.00035461995867081
0.000367157364962623
0.000386233616154641
0.00041530336602591
0.000422670156694949
0.000424055382609367
0.000425439066020772
0.000427516206400469
0.000430635234806687
0.00043531326809898
0.000442375574493781
0.000453022570582107
0.000468994374386966
0.000475011038361117
0.000483967567561194
0.000484812451759353
0.000486076896777377
0.000487974553834647
0.000490820268169045
0.000495093176141381
0.000501527334563434
0.000511220190674067
0.000525777461007237
0.000547626055777073
0.000580413325224072
0.000630198454018682
0.000649027759209275
0.000656106160022318
0.000658768403809518
0.000662755744997412
0.000668756198137999
0.000677774427458644
0.000691327732056379
0.000711794826202095
0.000742781034205109
0.00078954198397696
0.000857918697874993
0.00095783406868577
0.00107328104786575
0.00119163549970835
0.00131140940357
0.00142817723099142
0.00153987749945372
0.00164989742916077
0.00175786076579243
0.00186340545769781
0.0019679176621139
0.00207030633464456
0.00217204797081649
0.00227093207649887
0.00237110303714871
0.00246848980896175
0.00256467540748417
0.00265939114615321
0.00275247544050217
0.00284402817487717
0.00293425400741398
0.00302243349142373
0.00310973590239882
0.00319463876076043
0.00327969528734684
0.00336411269381642
0.00344617548398674
0.00352783082053065
0.00360653572715819
0.00368309183977544
0.00376068754121661
0.00383493793196976
0.00390944723039865
0.0039796382188797
0.00405260175466537
0.00411857757717371
0.00419159233570099
0.00425542052835226
0.00432510487735271
0.00438763480633497
0.00445463275536895
0.00451355800032616
0.00457940530031919
0.00463726185262203
0.00469658616930246
0.00475498754531145
0.00481129391118884
0.00480309408158064
0.00476320320740342
0.00473962584510446
0.00469827139750123
0.0046663754619658
0.00463219871744514
0.00459608249366283
0.00457034865394235
0.00452724285423756
0.00449739443138242
0.00446900958195329
0.00442538736388087
0.00439684931188822
0.00436586700379848
0.0043272040784359
0.00430054403841496
0.0042578149586916
0.004226288292557
0.0041967942379415
0.00416128896176815
0.00412183534353971
0.00409291870892048
0.00405756151303649
0.00402335077524185
0.00401593465358019
0.0040134247392416
0.00400924915447831
0.00400247192010283
0.00399372726678848
0.0039805811829865
0.00394639139994979
0.00393667444586754
0.00392535515129566
0.00392218912020326
0.00391714135184884
0.00391490384936333
0.0039140023291111
0.00391365773975849
0.00391313247382641
0.00391233991831541
0.00391117855906487
0.00390944862738252
0.00390689959749579
0.00390278641134501
0.00389667460694909
0.00388813251629472
0.00387510820291936
0.00384865887463093
0.00381377316080034
0.00378391123376787
0.00375659950077534
0.00374418776482344
0.00372761022299528
0.0037103749345988
