0.0
1.02734143414551e-09
5.03417254549277e-07
4.98057090680959e-07
5.15938040734909e-07
7.1323376005239e-07
1.15379395992932e-06
1.57415604462585e-06
1.61487741934252e-06
1.76245123384433e-06
1.83890870175674e-06
2.20328251998581e-06
3.46563592756866e-06
4.78302126794006e-06
5.69178882869892e-06
6.98469557391945e-06
8.36735944176326e-06
8.70537132868776e-06
9.02090778254205e-06
9.09576920093969e-06
9.16774024517508e-06
9.27288783714175e-06
9.42604674492031e-06
9.56537496676901e-06
9.70738346950384e-06
9.76247156359022e-06
9.8430509751779e-06
9.95681421045447e-06
1.01523755802191e-05
1.04926411950146e-05
1.06213037724956e-05
1.08191534309299e-05
1.11190765892388e-05
1.1228452422074e-05
1.12682137114462e-05
1.13292189780623e-05
1.14238282549195e-05
1.14550202852115e-05
1.15067578008166e-05
1.15870107038063e-05
1.16939891086076e-05
1.18030793601065e-05
1.1847255336761e-05
1.18161460704869e-05
1.17677409434691e-05
1.1703533346008e-05
1.15909606392961e-05
1.13747373688966e-05
1.09849770524306e-05
1.03520642369404e-05
9.58034434006549e-06
8.70352232595906e-06
7.95062078395858e-06
7.34373679733835e-06
6.77225170875317e-06
6.13058955423185e-06
5.191407581151e-06
3.64230049854086e-06
1.77371066456544e-06
1.49134208982105e-07
9.64531494673793e-08
8.8320334157288e-08
8.54213340062415e-08
7.92036374264171e-08
7.48944657402717e-08
7.22476372061465e-08
6.98759947681538e-08
6.57373675494455e-08
5.47826815022745e-08
3.98734449902349e-08
3.13018517772434e-08
3.07452729941815e-08
3.17562758311851e-08
3.44654615958007e-08
3.877861587398e-08
4.47825030391868e-08
5.19054452752243e-08
5.7241230422278e-08
5.8743935937855e-08
5.53122845303733e-08
4.601744763022e-08
3.60981182723208e-08
3.64796264307188e-08
3.69205217509716e-08
3.77041118326815e-08
3.73325157454474e-08
3.77100448645251e-08
3.82464726556009e-08
3.93382926233699e-08
4.13657978981519e-08
4.36766747213824e-08
4.57961135680307e-08
4.58946409764849e-08
4.23334398647057e-08
3.57216016766415e-08
3.78321942662296e-08
3.88524625805076e-08
3.83358020883406e-08
3.75086983694928e-08
3.69625077212277e-08
3.75719402256891e-08
3.90422414398017e-08
4.08591667167002e-08
4.383615248571e-08
4.67663063830059e-08
4.79454094204357e-08
4.95082943530178e-08
4.97860739301359e-08
4.71384922207108e-08
4.08428952880513e-08
3.20547357546275e-08
3.16029371560944e-08
3.11747356818159e-08
3.11633563399027e-08
3.1145557244372e-08
3.11159098487224e-08
3.11107690720291e-08
3.11107690720291e-08
