0.0
5.5226088175078e-31
1.84879922926484e-07
1.68070766903838e-06
7.60672719479771e-06
2.07221964956261e-05
2.47745028900681e-05
3.23965105053503e-05
4.85853597638197e-05
8.39790445752442e-05
9.63380953180604e-05
0.000115820599603467
0.000148926221299917
0.0002126917388523
0.000307260081171989
0.000423025630880147
0.000562266970518976
0.00072438974166289
0.000908753310795873
0.00111539929639548
0.00134683540090919
0.00140849547460675
0.00147199351340532
0.00157053407747298
0.00172328832559288
0.00178164150565863
0.00187098351307213
0.00200784509070218
0.00205895537510514
0.00213551963679492
0.00225045555271208
0.00229284516535699
0.00235526240430772
0.00244912086054683
0.0024850897025317
0.00249855010770261
0.00251864781603217
0.00254747923463583
0.00256835808977485
0.00258392561227083
0.00259942142292857
0.00261481595225632
0.0026301322504878
0.00264536892063916
0.00266809319145977
0.00270184711553156
0.00275173969566822
0.00282471044920385
0.00293046073056757
0.00309764314442873
0.00315119256265461
0.00317092589102685
0.00320016453042626
0.00324321398511529
0.00325910816900432
0.00326207675971091
0.00326503813266754
0.00326725607737899
0.00326947146095335
0.00327168405056
0.00327389384619892
0.0032772037666291
0.00328215700574219
0.00328709650784731
0.00329202157445252
0.00329693383537233
0.00330183166079223
0.00330671481788158
0.00331158516928554
0.00331280054524541
0.00331401498988271
0.00331431836821139
0.00331462174654007
0.0033146976493299
0.00331477355211973
0.00331484945490956
0.00331487786024809
0.00331490626558661
0.00331490812823176
0.00331490975804627
0.00331491022370756
0.00331491068936884
0.00331491068936884
0.00331491092219949
0.00331491092219949
0.00331491115503013
0.00331491115503013
0.00331491115503013
0.00331491115503013
0.00331491115503013
0.00331491115503013
0.00331491115503013
