0.0
1.02766406495647e-09
1.02766961607159e-09
1.02775932209198e-09
1.02777852895031e-09
1.02778074939636e-09
1.02778086041866e-09
1.02778086041866e-09
1.02778086041866e-09
1.02778086041866e-09
1.02778086041866e-09
1.02778086041866e-09
1.02778086041866e-09
1.02778086041866e-09
1.02778086041866e-09
1.02778086041866e-09
1.02778086041866e-09
1.02778086041866e-09
1.02778086041866e-09
1.02778086041866e-09
1.02778086041866e-09
1.02778086041866e-09
1.02778086041866e-09
1.02778086041866e-09
1.02778086041866e-09
1.02778086041866e-09
1.02778086041866e-09
1.02778086041866e-09
1.02778086041866e-09
1.02778086041866e-09
1.02778086041866e-09
1.02778086041866e-09
1.02778086041866e-09
1.02778086041866e-09
1.02778086041866e-09
1.02778086041866e-09
1.02778086041866e-09
1.02778086041866e-09
1.02778086041866e-09
1.02778086041866e-09
1.02778086041866e-09
1.02778086041866e-09
1.02778086041866e-09
1.02778086041866e-09
1.02778086041866e-09
1.02778086041866e-09
1.02778086041866e-09
1.02778086041866e-09
1.02778086041866e-09
1.02778086041866e-09
1.02778086041866e-09
1.02778086041866e-09
1.02778086041866e-09
1.02778086041866e-09
1.02778086041866e-09
1.02778086041866e-09
1.02778086041866e-09
1.02778086041866e-09
1.02778086041866e-09
1.02778086041866e-09
1.02778086041866e-09
1.02778086041866e-09
1.02778086041866e-09
1.02778086041866e-09
1.02778086041866e-09
1.02778086041866e-09
1.02778086041866e-09
1.02778086041866e-09
1.02778086041866e-09
1.02778086041866e-09
1.02778086041866e-09
1.02778086041866e-09
1.02778086041866e-09
1.02778086041866e-09
1.02778086041866e-09
1.02778086041866e-09
1.02778086041866e-09
1.02778086041866e-09
1.02778086041866e-09
1.02778086041866e-09
1.02778086041866e-09
1.02778086041866e-09
1.02778086041866e-09
1.02778086041866e-09
1.02778086041866e-09
1.02778086041866e-09
1.02778086041866e-09
1.02778086041866e-09
1.02778086041866e-09
1.02778086041866e-09
1.02778086041866e-09
1.02778086041866e-09
1.02778086041866e-09
1.02778086041866e-09
1.02778086041866e-09
1.02778086041866e-09
1.02778086041866e-09
1.02778086041866e-09
1.02778086041866e-09
1.02778086041866e-09
1.02778086041866e-09
1.02778086041866e-09
1.02778086041866e-09
1.02778086041866e-09
1.02778086041866e-09
1.02778086041866e-09
1.02778086041866e-09
1.02778086041866e-09
1.02778086041866e-09
1.02778086041866e-09
1.02778086041866e-09
1.02778086041866e-09
1.02778086041866e-09
1.02778086041866e-09
1.02778086041866e-09
1.02778086041866e-09
1.02778086041866e-09
1.02778086041866e-09
1.02778086041866e-09
1.02778086041866e-09
1.02778086041866e-09
1.02778086041866e-09
1.02778086041866e-09
1.02778086041866e-09
1.02778086041866e-09
1.02778086041866e-09
1.02778086041866e-09
1.02778086041866e-09
1.02778086041866e-09
1.02778086041866e-09
1.02778086041866e-09
1.02778086041866e-09
1.02778086041866e-09
1.02778086041866e-09
1.02778086041866e-09
1.02778086041866e-09
1.02778086041866e-09
1.02778086041866e-09
1.02778086041866e-09
1.02778086041866e-09
1.02778086041866e-09
1.02778086041866e-09
1.02778086041866e-09
1.02778086041866e-09
1.02778086041866e-09
1.02778086041866e-09
1.02778086041866e-09
1.02778086041866e-09
1.02778086041866e-09
1.02778086041866e-09
1.02778086041866e-09
1.02778086041866e-09
1.02778086041866e-09
1.02778086041866e-09
1.02778086041866e-09
1.02778086041866e-09
1.02778086041866e-09
1.02778086041866e-09
1.02778086041866e-09
1.02778086041866e-09
1.02778086041866e-09
1.02778086041866e-09
1.02778086041866e-09
1.02778086041866e-09
1.02778086041866e-09
1.02778086041866e-09
1.02778086041866e-09
1.02778086041866e-09
1.02778086041866e-09
1.02778086041866e-09
1.02778086041866e-09
1.02778086041866e-09
1.02778086041866e-09
1.02778086041866e-09
1.02778086041866e-09
1.02778086041866e-09
1.02778086041866e-09
1.02778086041866e-09
1.02778086041866e-09
1.02778086041866e-09
1.02778086041866e-09
1.02778086041866e-09
1.02778086041866e-09
1.02778086041866e-09
1.02778086041866e-09
1.02778086041866e-09
1.02778086041866e-09
1.02778086041866e-09
1.02778086041866e-09
