0.0
0.0
0.0
0.0
0.0
0.0
0.0
6.69559243118845e-12
3.60708303503987e-11
2.22125609572466e-10
7.7065082093597e-10
1.93364479983416e-09
3.37147509910096e-09
5.47845369069933e-09
9.19360498841115e-09
1.30708261991686e-08
2.16762749971622e-08
3.54779885469725e-08
6.04981877927457e-08
6.70988242745807e-08
7.53451345758549e-08
7.8887389065585e-08
7.90889629342928e-08
7.93480054994689e-08
7.96537023006749e-08
7.99171502308127e-08
8.0174608285688e-08
8.05452842200793e-08
8.11247602428011e-08
8.13289062762124e-08
8.16391860780641e-08
8.21338090872814e-08
8.28546120601459e-08
8.34182642961423e-08
8.39615381664771e-08
8.45189731535356e-08
8.50967865062557e-08
8.56545909755368e-08
8.65251763570996e-08
8.71810925673344e-08
8.78132766501949e-08
8.88313138602825e-08
9.0231800697893e-08
9.08473722915915e-08
9.14341455882095e-08
9.20174727525591e-08
9.2574140353463e-08
9.34683512809897e-08
9.47763041381222e-08
9.57515666755171e-08
9.67408553265159e-08
9.82315881969953e-08
1.00486325038673e-07
1.04101317788263e-07
1.07038530927639e-07
1.09738245157587e-07
1.14186519795112e-07
1.18784463154498e-07
1.23604337431971e-07
1.30974683543172e-07
1.42457182050748e-07
1.62990033913957e-07
1.85779185812862e-07
2.21829267843532e-07
2.84432815078617e-07
3.39138296112651e-07
3.84688860322058e-07
4.26066605996311e-07
4.66690181610829e-07
5.05675131989847e-07
5.39067968929885e-07
5.67937149753561e-07
5.93196261888806e-07
6.16095462646626e-07
6.36840923107229e-07
6.39875395336276e-07
6.44075953459833e-07
6.50216009034921e-07
6.59586362417031e-07
6.73726106015238e-07
6.96110475928435e-07
7.01052897511545e-07
7.04922342720238e-07
7.08765753643092e-07
7.14414738922642e-07
7.22708477951528e-07
7.3483658979967e-07
7.52171104068111e-07
7.77804700646811e-07
8.27228461730556e-07
8.44730948301731e-07
8.56086160183622e-07
8.68901508965791e-07
8.86013367562555e-07
9.05126967154501e-07
9.2301297627273e-07
9.39855908654863e-07
9.56451799538627e-07
9.71614099398721e-07
9.82245182967745e-07
9.89274781204585e-07
9.94909669316257e-07
9.94994593384035e-07
9.95026425698597e-07
9.95074174170441e-07
9.95145910565043e-07
9.95253572000365e-07
9.95415120996768e-07
9.95657273961115e-07
9.96020503407635e-07
9.9656517704716e-07
9.97381448542001e-07
9.9859050806117e-07
9.99021835923486e-07
9.990291118811e-07
9.99042185867438e-07
9.99064127427118e-07
9.99097892417922e-07
9.99148937808059e-07
9.99168037196796e-07
9.99175199467572e-07
9.99185999717156e-07
9.99189978756476e-07
9.99191456685367e-07
9.99193730422121e-07
9.99194639916823e-07
9.99194980977336e-07
9.99195435724687e-07
9.99195435724687e-07
9.99195549411525e-07
9.99195549411525e-07
9.99195549411525e-07
9.99195549411525e-07
9.99195549411525e-07
9.99195549411525e-07
9.99195549411525e-07
9.99195549411525e-07
9.99195549411525e-07
9.99195549411525e-07
9.99195663098362e-07
9.99195663098362e-07
9.99195663098362e-07
9.991957767852e-07
9.991957767852e-07
9.99195890472038e-07
9.99196117845713e-07
9.99196345219389e-07
9.99196686279902e-07
9.99197368400928e-07
9.99198164208792e-07
9.99199528450845e-07
9.99201461127086e-07
9.99204416984867e-07
9.99208850771538e-07
9.99215444608126e-07
9.99225449049845e-07
9.99240342025587e-07
9.99262738332618e-07
9.99296275949746e-07
9.99346639218857e-07
9.99422127279104e-07
9.99535359369474e-07
9.99704980131355e-07
9.99959752334689e-07
1.00034208116995e-06
1.0004841897171e-06
9.97032771010709e-07
9.93687990558101e-07
9.94169340629014e-07
9.94891024674871e-07
9.95158302430355e-07
9.95562345451617e-07
9.96168751044024e-07
9.97077336251095e-07
9.87431690191443e-07
9.84231746770092e-07
9.84934217740374e-07
9.84995267572231e-07
9.85019028121314e-07
9.85055748969899e-07
9.85069618764101e-07
9.85090423455404e-07
9.85121687335777e-07
9.85168412626081e-07
9.85238671091793e-07
9.85344058790361e-07
9.85501969807956e-07
9.85738893177768e-07
9.86092800303595e-07
9.86625195764645e-07
9.87418275144591e-07
9.87710450317536e-07
9.87819817055424e-07
9.87985345091147e-07
9.88045599115139e-07
9.88139049695747e-07
9.88172700999712e-07
9.88225110631902e-07
9.8830651040771e-07
9.88431679616042e-07
9.88613351182721e-07
9.88683154901082e-07
9.88709871307947e-07
9.88750798569527e-07
9.88813212643436e-07
9.88908254839771e-07
9.89054342426243e-07
9.89101522463898e-07
9.89120508165797e-07
9.89150521490956e-07
9.8919622359972e-07
9.89264890449704e-07
9.89367890724679e-07
9.89523869066034e-07
9.89580826171732e-07
9.86218879006628e-07
9.86348482001631e-07
9.86539475889003e-07
9.86560962701333e-07
9.86590180218627e-07
9.86600412034022e-07
9.86615759757115e-07
9.86638610811497e-07
9.86672830549651e-07
9.86724217000301e-07
9.86801182989439e-07
9.86916802503401e-07
9.87090061244089e-07
9.87350176728796e-07
9.84310418061796e-07
9.84896132649737e-07
9.84948314908252e-07
9.85028464128845e-07
9.85150791166234e-07
9.85196606961836e-07
9.85265273811819e-07
9.85368387773633e-07
9.85523115559772e-07
9.85754923021886e-07
9.86099621513858e-07
9.86226837085269e-07
9.86415443549049e-07
9.86694203675142e-07
9.87112116490607e-07
9.87269459074014e-07
9.87505018201773e-07
9.87857220025035e-07
9.85623614724318e-07
9.83644213192747e-07
9.84828034233942e-07
9.85262204267201e-07
9.85913857221021e-07
9.83737777460192e-07
9.83824634204211e-07
9.83958329925372e-07
9.84163534667459e-07
9.81347398010257e-07
9.81767129815125e-07
9.81802486421657e-07
9.7872361948248e-07
9.78741809376515e-07
9.78766934167652e-07
9.78804337137262e-07
9.78860271061421e-07
9.788813031264e-07
9.78910293270019e-07
9.78949742602708e-07
9.7896361239691e-07
9.78983734967187e-07
9.79013975666021e-07
9.79059564087947e-07
9.79128117251093e-07
9.79233050202311e-07
9.79273295342864e-07
9.79335140982585e-07
9.79341052698146e-07
9.76226488091925e-07
9.76240016825614e-07
9.76260480456403e-07
9.76291744336777e-07
9.76337901192892e-07
9.76342221292725e-07
9.76348928816151e-07
9.7635893325787e-07
9.76374167294125e-07
9.76397132035345e-07
9.76432261268201e-07
9.76485580395092e-07
9.76504111349641e-07
9.76505816652207e-07
9.76508431449474e-07
9.76512524175632e-07
9.76518776951707e-07
9.76528212959238e-07
9.76542310127115e-07
9.76563569565769e-07
9.76595515567169e-07
9.76643832473201e-07
9.76716364675667e-07
9.7682402611099e-07
9.76864157564705e-07
9.76923729467671e-07
9.77013542069471e-07
9.771498525879e-07
9.69799543781846e-07
9.62537455961865e-07
9.62650915425911e-07
9.62692979555868e-07
9.6275675787183e-07
9.6285305062338e-07
9.629977739678e-07
9.63051547842042e-07
9.63132606557338e-07
9.60146280704066e-07
9.5712528036529e-07
9.57126644607342e-07
9.5712823622307e-07
9.571307373335e-07
9.57134488999145e-07
9.57140059654193e-07
9.57148245106509e-07
9.57158817982418e-07
9.57177576310642e-07
9.57219299380085e-07
9.57234192355827e-07
9.57240331445064e-07
9.57242605181818e-07
9.5724351467652e-07
9.57244765231735e-07
9.57246470534301e-07
9.57249199018406e-07
9.57253291744564e-07
9.57259544520639e-07
9.53748212850769e-07
9.43734789871087e-07
9.40233746860031e-07
9.40241477564996e-07
9.40252959935606e-07
9.37316372073838e-07
9.37341951612325e-07
9.37351444463275e-07
9.37354855068406e-07
9.3736014150636e-07
9.37362131026021e-07
9.37365030040382e-07
9.37369463827054e-07
9.37376057663641e-07
9.34424519982713e-07
9.34439810862386e-07
9.3444560889111e-07
9.34454249090777e-07
9.34467152546858e-07
9.31511749513447e-07
9.31513568502851e-07
9.31516296986956e-07
9.31520332869695e-07
9.31526415115513e-07
9.31535510062531e-07
9.3154903879622e-07
9.31569218209916e-07
9.31569331896753e-07
9.31569559270429e-07
9.31569786644104e-07
9.31570184548036e-07
9.31570809825644e-07
9.31571662476927e-07
9.31573026718979e-07
9.31575016238639e-07
9.31578028939839e-07
9.31582519569929e-07
9.31584168029076e-07
9.31586669139506e-07
9.3159047764857e-07
9.31591898734041e-07
9.31594001940539e-07
9.31597185171995e-07
9.31601903175761e-07
9.31609008603118e-07
9.31619581479026e-07
9.31635327106051e-07
9.31641238821612e-07
9.31649992708117e-07
9.31663066694455e-07
9.31682507143705e-07
9.316897262579e-07
9.31692397898587e-07
9.31696490624745e-07
9.31698025397054e-07
9.31700299133809e-07
9.31703823425778e-07
9.31709109863732e-07
9.31716954255535e-07
9.31728379782726e-07
9.31744693843939e-07
9.31750378185825e-07
9.31757654143439e-07
9.31760155253869e-07
9.31763509015582e-07
9.31767772271996e-07
9.31773115553369e-07
9.31781244162266e-07
9.31802219383826e-07
9.31816884985892e-07
9.31823080918548e-07
9.3182546834214e-07
9.31826434680261e-07
9.31827798922313e-07
9.3182995897223e-07
9.31833199047105e-07
9.31836723339075e-07
9.31841384499421e-07
9.3184843308336e-07
9.31859119646106e-07
9.31875661080994e-07
9.31901354306319e-07
9.31911074530944e-07
9.31925796976429e-07
9.31947624849272e-07
9.31980594032211e-07
9.3199162165547e-07
9.31992985897523e-07
9.3198462991495e-07
9.31977524487593e-07
9.319621767645e-07
9.31954900806886e-07
9.31942111037642e-07
9.31940917325846e-07
9.31938984649605e-07
9.3193824568516e-07
9.31937165660202e-07
9.31935517201055e-07
9.31933016090625e-07
9.31929207581561e-07
9.31923523239675e-07
9.31915110413684e-07
9.31902775391791e-07
9.31898455291957e-07
9.31892202515883e-07
9.31885324462201e-07
9.31882993882027e-07
9.31884017063567e-07
9.31887029764766e-07
9.31889303501521e-07
9.31895385747339e-07
9.31897716327512e-07
9.31898625822214e-07
9.31900046907685e-07
9.31900615341874e-07
9.31901467993157e-07
9.3190283223521e-07
9.31904878598289e-07
9.31908118673164e-07
9.31913234580861e-07
9.31919487356936e-07
9.31930287606519e-07
9.31933925585327e-07
9.31939212023281e-07
9.31947340632178e-07
9.31947454319015e-07
9.3194773853611e-07
9.31948193283461e-07
9.31948818561068e-07
9.3194972805577e-07
9.31951149141241e-07
9.31953309191158e-07
9.31956492422614e-07
9.31961324113217e-07
9.31963143102621e-07
9.31963825223647e-07
9.31964791561768e-07
9.31966326334077e-07
9.31966951611685e-07
9.3196717898536e-07
9.31967463202454e-07
9.31967974793224e-07
9.31968713757669e-07
9.31969850626047e-07
9.3197166961545e-07
9.31974511786393e-07
9.31979400320415e-07
9.31988040520082e-07
9.31991678498889e-07
9.31997476527613e-07
9.320070830654e-07
9.32010948417883e-07
9.32016973820282e-07
9.32019247557037e-07
9.32020100208319e-07
9.32021350763534e-07
9.32021862354304e-07
9.32022032884561e-07
9.32022317101655e-07
9.32022373945074e-07
9.32022430788493e-07
9.32022430788493e-07
9.32022487631912e-07
9.32022487631912e-07
9.32022544475331e-07
9.32022658162168e-07
9.32022715005587e-07
9.32022885535844e-07
