0.0
2.68461075838599e-34
4.92398868345845e-08
1.22337553420948e-07
3.2066409971776e-07
3.62343143933685e-07
3.33872179680839e-07
2.93712389520806e-07
7.29837438484537e-07
7.20129378350975e-07
7.40103075713705e-07
9.3650641019849e-07
1.26847851333878e-06
1.60305955887452e-06
1.63549975695787e-06
1.79384323928389e-06
2.6413104023959e-06
3.1884624149825e-06
3.5989332900499e-06
3.47041805071058e-06
3.30905345435895e-06
3.68998030353396e-06
3.91210369343753e-06
4.17793216911377e-06
4.65228731627576e-06
5.25131963513559e-06
5.66737435292453e-06
5.7399242905376e-06
5.80347750656074e-06
5.9065919231216e-06
5.95244864598499e-06
5.98918859395781e-06
6.02658292336855e-06
6.06442108619376e-06
6.1228429331095e-06
6.21167873759987e-06
6.34760863249539e-06
6.55505982649629e-06
6.63007313050912e-06
6.65680227029952e-06
6.68874508846784e-06
6.70653207635041e-06
6.7103219407727e-06
6.71592624712503e-06
6.72398027745658e-06
6.72701116855023e-06
6.73149042995647e-06
6.7381761255092e-06
6.74807051836979e-06
6.75740420774673e-06
6.76292074786033e-06
6.76480112815625e-06
6.76637546348502e-06
6.76777517583105e-06
6.76971785651403e-06
6.77207617627573e-06
6.7744217631116e-06
6.77691741657327e-06
6.77832940709777e-06
6.77643902236014e-06
6.77299840390333e-06
6.7726737142948e-06
6.77255002301536e-06
6.77236175761209e-06
6.77206526233931e-06
6.77160915074637e-06
6.77088701195316e-06
6.76981380820507e-06
6.76938498145319e-06
6.76894933349104e-06
6.76851777825505e-06
6.7680839492823e-06
6.76743184158113e-06
6.76643458064063e-06
6.76564468449214e-06
6.76483068673406e-06
6.76362742524361e-06
6.76316130920895e-06
6.76268973620608e-06
6.76221634421381e-06
6.76149966238881e-06
6.76042509439867e-06
6.75876799505204e-06
6.75809951644624e-06
6.75742967359838e-06
6.75676483297138e-06
6.75576984576765e-06
6.75425371809979e-06
6.75196406518808e-06
6.74826242175186e-06
6.74703642289387e-06
6.74570583214518e-06
6.7446685534378e-06
6.74362854624633e-06
6.74257671562373e-06
6.74151715429616e-06
6.74045077175833e-06
6.73885460855672e-06
6.73721024213592e-06
6.73559134156676e-06
6.73430531605845e-06
6.73298745823558e-06
6.73167005516007e-06
6.72969372317311e-06
6.72765463605174e-06
6.72562282488798e-06
6.72255919198506e-06
6.72015903546708e-06
6.71776979288552e-06
6.71414863973041e-06
6.71133011564962e-06
6.70854433337809e-06
6.70569806970889e-06
6.70277722747414e-06
6.69836390443379e-06
6.69381461193552e-06
6.68945949655608e-06
6.68316079099895e-06
6.67338963467046e-06
6.65862125970307e-06
6.64357685309369e-06
6.62796765027451e-06
6.62407455820357e-06
6.62259481032379e-06
6.62202592138783e-06
6.62119327898836e-06
6.62088450553711e-06
6.62076490698382e-06
6.6207549025421e-06
6.62075035506859e-06
6.62074899082654e-06
6.62074853607919e-06
6.62074762658449e-06
6.62074717183714e-06
6.62074671708979e-06
6.62074671708979e-06
6.62074671708979e-06
6.62074671708979e-06
6.62074671708979e-06
