0.0
0.0
2.01349777739779e-07
1.66212805652322e-06
3.22163919008744e-06
3.82106645702152e-06
3.58669558409019e-06
3.39487701239705e-06
3.59678824679577e-06
3.53249424733804e-06
4.15564454669948e-06
5.37578944204142e-06
6.53578990750248e-06
7.33021761334385e-06
7.45504848964629e-06
7.39900542612304e-06
7.19659874448553e-06
6.76737681715167e-06
6.35884680377785e-06
5.26202666151221e-06
3.65331561624771e-06
1.72543559529004e-06
7.88923671279917e-07
9.76977503341914e-07
2.04458160624199e-06
6.86832368756995e-10
7.43957284665697e-10
7.09076075633419e-10
7.19401871407399e-10
7.23432758142906e-10
7.3346750895098e-10
7.40807470922533e-10
7.4314676634657e-10
7.4512962466855e-10
7.53554108001708e-10
7.60053742165923e-10
7.72843233853848e-10
7.82949427513557e-10
7.93699328482944e-10
8.12195477539746e-10
8.16416323434765e-10
8.26215762472771e-10
8.34656121995181e-10
8.40362224252544e-10
8.47822978489177e-10
8.54376402958934e-10
8.59965321176048e-10
8.60855497997193e-10
8.5815116124266e-10
8.51980985761003e-10
8.51207493379746e-10
8.41869352008473e-10
8.3320617072502e-10
8.19664947027121e-10
8.04043220892225e-10
7.81617104372856e-10
7.6269063287171e-10
7.40413064193035e-10
7.1386052624689e-10
6.83710366100598e-10
6.446308487007e-10
6.03801897369749e-10
5.72579206270518e-10
5.38646904857387e-10
5.01271024688776e-10
4.68448668744514e-10
4.31165853020943e-10
3.98028193737687e-10
3.65475955055317e-10
3.32998212337898e-10
3.08884529065523e-10
2.82021794806298e-10
2.5139187953549e-10
2.21434814928756e-10
1.88635287945438e-10
1.37091574203829e-10
9.34088431603364e-11
7.46898376480232e-11
1.18481656777303e-11
2.14629637847186e-12
2.14629637847186e-12
