0.0
0.00120000005699694
0.00240000011399388
0.00359999993816018
0.00480000022798777
0.00600000005215406
0.00719999987632036
0.00839999970048666
0.00960000045597553
0.0108000002801418
0.0120000001043081
0.0131999999284744
0.0143999997526407
0.015599999576807
0.0167999994009733
0.0171000007539988
0.017400000244379
0.0176999997347593
0.0179999992251396
0.0183000005781651
0.0186000000685453
0.0188999995589256
0.0192000009119511
0.0196499992161989
0.0203249994665384
0.0213374998420477
0.022537499666214
0.0228374991565943
0.0229499991983175
0.0231187492609024
0.0232874993234873
0.0234562493860722
0.023624999448657
0.0236671883612871
0.023709375411272
0.0237146485596895
0.0237172860652208
0.0237186029553413
0.0237195920199156
0.0237205810844898
0.0237215701490641
0.0237225592136383
0.0237235482782125
0.0237245354801416
0.0237255245447159
0.0237265136092901
0.0237275026738644
0.0237284917384386
0.0237294808030128
0.0237304680049419
0.0237314570695162
0.0237324461340904
0.0237334351986647
0.0237344242632389
0.0237354133278131
0.0237364005297422
0.0237373895943165
0.0237383786588907
0.023739367723465
0.0237403567880392
0.0237413458526134
0.0237428285181522
0.0237450525164604
0.0237483903765678
0.0237533953040838
0.0237609036266804
0.0237721670418978
0.0237890612334013
0.0238144025206566
0.0238524135202169
0.0239094309508801
0.0239949580281973
0.0240804832428694
0.0241660103201866
0.0242515355348587
0.0243370626121759
0.024422587826848
0.0245081149041653
0.0245936401188374
0.0246791671961546
0.0247646924108267
0.0248502194881439
0.024935744702816
0.0250212717801332
0.0251067969948053
0.0251923240721226
0.0253206118941307
0.0255130473524332
0.0258016977459192
0.0262346733361483
0.0268841367214918
0.0278583336621523
0.0290583334863186
0.0302583333104849
0.0314583331346512
0.0326583348214626
0.0338583327829838
0.0350583344697952
0.0362583324313164
0.0374583341181278
0.038658332079649
0.0398583337664604
0.0410583354532719
0.042258333414793
0.0434583351016045
0.0446583330631256
0.0458583347499371
0.0470583327114582
0.0482583343982697
0.0494583323597908
0.0506583340466022
0.0518583357334137
0.0524583347141743
0.0530583336949348
0.0530583336949348
