0.0
2.31936454042625e-07
-3.48499497704324e-07
4.10805967021588e-07
6.81477729358448e-07
-3.3382471542609e-07
-6.78975311529939e-07
-7.16381123311294e-07
-3.33815091835277e-06
-6.41225778963417e-06
-1.07499799923971e-05
-1.73701700987294e-05
-2.67446703219321e-05
-3.50522605003789e-05
-5.07580807607155e-05
-5.74129917367827e-05
-5.93941549595911e-05
-6.13923766650259e-05
-6.37431876384653e-05
-6.46214975859039e-05
-6.52634189464152e-05
-6.53235038043931e-05
-6.53794268146157e-05
-6.54344767099246e-05
-6.55210460536182e-05
-6.56094925943762e-05
-6.56968186376616e-05
-6.5823805925902e-05
-6.59950528643094e-05
-6.61599842715077e-05
-6.63342143525369e-05
-6.65349652990699e-05
-6.68141874484718e-05
-6.70781810185872e-05
-6.72859823680483e-05
-6.75395858706906e-05
-6.77791103953496e-05
-6.80148441460915e-05
-6.84322221786715e-05
-6.85485210851766e-05
-6.8667228333652e-05
-6.87963765813038e-05
-6.8964458478149e-05
-6.92151588737033e-05
-6.95669441483915e-05
-6.98356234352104e-05
-7.00992532074451e-05
-7.04534031683579e-05
-7.08571096765809e-05
-7.12095134076662e-05
-7.15442074579187e-05
-7.19692980055697e-05
-7.23890407243744e-05
-7.26760845282115e-05
-7.29021630831994e-05
-7.30845640646294e-05
-7.32387270545587e-05
-7.33783526811749e-05
-7.35734356567264e-05
-7.38476883270778e-05
-7.42720148991793e-05
-7.49765094951726e-05
-7.60569892008789e-05
-7.79537294874899e-05
-7.96454551164061e-05
-8.10309938970022e-05
-8.22997972136363e-05
-8.34871534607373e-05
-8.51877121021971e-05
-8.77407510415651e-05
-9.15027121664025e-05
-9.81578778009862e-05
-0.000112800458737183
-0.000141738026286475
-0.000204413285246119
-0.000229670244152658
-0.000262597750406712
-0.000293434160994366
-0.000321057304972783
-0.000349019217537716
-0.000390492583392188
-0.000449762941570953
-0.000536580046173185
-0.000670237350277603
-0.00085976958507672
-0.00112760101910681
-0.00150018732529134
-0.00186341244261712
-0.00220916932448745
-0.00254132831469178
-0.00286302319727838
-0.00318088033236563
-0.00349152041599154
-0.0037909250240773
-0.00407803431153297
-0.00435337284579873
-0.00461840117350221
-0.00487584574148059
-0.00512027088552713
-0.00535093480721116
-0.00556795205920935
-0.00577127793803811
-0.00596090732142329
-0.00613826140761375
-0.0063031823374331
-0.00645812600851059
-0.0065994942560792
-0.00672759441658854
-0.00684127118438482
-0.00694048823788762
-0.0070254597812891
-0.00709640746936202
-0.00715416064485908
-0.00719924317672849
-0.00722985342144966
-0.00724513037130237
-0.00724648823961616
-0.00724649429321289
-0.00724650360643864
-0.00724651711061597
-0.00724653527140617
-0.00724655482918024
-0.0072465711273253
-0.0072465855628252
-0.00724659767001867
-0.00724660558626056
-0.00724660977721214
-0.00724660931155086
-0.00724660698324442
-0.00724659906700253
-0.0072465855628252
-0.00724657019600272
-0.00724655389785767
-0.00724653713405132
-0.00724652130156755
-0.00724650919437408
-0.00724650546908379
-0.00724650267511606
-0.00724650733172894
-0.00724651943892241
-0.00724654085934162
-0.00724656879901886
-0.00724660465493798
-0.00724664144217968
-0.00724667124450207
-0.00724669359624386
-0.00724669732153416
-0.00724669732153416
-0.00724669732153416
-0.00724669732153416
-0.00724669732153416
-0.00724669732153416
-0.00724669732153416
-0.00724669732153416
-0.00724669732153416
-0.00724669732153416
-0.00724669732153416
-0.00724669732153416
-0.00724669732153416
-0.00724669732153416
-0.00724669732153416
-0.00724669732153416
-0.00724669732153416
-0.00724669732153416
-0.00724669732153416
-0.00724669732153416
-0.00724669732153416
-0.00724669732153416
-0.00724669732153416
-0.00724669732153416
-0.00724669732153416
-0.00724669732153416
-0.00724669732153416
-0.00724669732153416
-0.00724669732153416
-0.00724669732153416
-0.00724669732153416
-0.00724669732153416
-0.00724669732153416
-0.00724669732153416
-0.00724669732153416
-0.00724669732153416
-0.00724669732153416
-0.00724669732153416
-0.00724669732153416
-0.00724669732153416
-0.00724669732153416
-0.00724669732153416
-0.00724669732153416
-0.00724669732153416
-0.00724669732153416
-0.00724669732153416
-0.00724669732153416
-0.00724669732153416
-0.00724669732153416
-0.00724669732153416
-0.00724669732153416
-0.00724669732153416
-0.00724669732153416
-0.00724669732153416
-0.00724669732153416
-0.00724669732153416
-0.00724669732153416
-0.00724669732153416
-0.00724669732153416
-0.00724669732153416
-0.00724669732153416
-0.00724669732153416
-0.00724669732153416
-0.00724669732153416
-0.00724669732153416
-0.00724669732153416
-0.00724669732153416
-0.00724669732153416
-0.00724669732153416
-0.00724669732153416
-0.00724669732153416
-0.00724669732153416
-0.00724669732153416
-0.00724669732153416
-0.00724669732153416
-0.00724669732153416
-0.00724669732153416
-0.00724669732153416
-0.00724669732153416
-0.00724669732153416
-0.00724669732153416
-0.00724669732153416
-0.00724669732153416
-0.00724669732153416
-0.00724669732153416
-0.00724669732153416
-0.00724669732153416
-0.00724669732153416
-0.00724669732153416
-0.00724669732153416
-0.00724669732153416
-0.00724669732153416
-0.00724669732153416
-0.00724669732153416
-0.00724669732153416
-0.00724669732153416
-0.00724669732153416
-0.00724669732153416
-0.00724669732153416
-0.00724669732153416
-0.00724669732153416
-0.00724669732153416
-0.00724669732153416
-0.00724669732153416
-0.00724669732153416
-0.00724669732153416
-0.00724669732153416
-0.00724669732153416
-0.00724669732153416
-0.00724669732153416
-0.00724669732153416
-0.00724669732153416
-0.00724669732153416
-0.00724669732153416
-0.00724669732153416
-0.00724669732153416
-0.00724669732153416
-0.00724669732153416
-0.00724669732153416
-0.00724669732153416
-0.00724669732153416
-0.00724669732153416
-0.00724669732153416
-0.00724669732153416
-0.00724669732153416
-0.00724669732153416
-0.00724669732153416
-0.00724669732153416
-0.00724669732153416
-0.00724669732153416
-0.00724669732153416
-0.00724669732153416
-0.00724669732153416
-0.00724669732153416
-0.00724669732153416
-0.00724669732153416
-0.00724669732153416
-0.00724669732153416
-0.00724669732153416
-0.00724669732153416
-0.00724669732153416
-0.00724669732153416
-0.00724669732153416
-0.00724669732153416
-0.00724669732153416
-0.00724669732153416
-0.00724669732153416
-0.00724669732153416
-0.00724669732153416
-0.00724669732153416
-0.00724669732153416
-0.00724669732153416
-0.00724669732153416
-0.00724669732153416
-0.00724669732153416
-0.00724669732153416
-0.00724669732153416
-0.00724669732153416
-0.00724669732153416
-0.00724669732153416
-0.00724669732153416
-0.00724669732153416
-0.00724669732153416
-0.00724669732153416
-0.00724669732153416
-0.00724669732153416
-0.00724669732153416
-0.00724669732153416
-0.00724669732153416
-0.00724669732153416
-0.00724669732153416
-0.00724669732153416
-0.00724669732153416
-0.00724669732153416
-0.00724669732153416
-0.00724669732153416
-0.00724669732153416
-0.00724669732153416
-0.00724669732153416
-0.00724669732153416
-0.00724669732153416
-0.00724669732153416
-0.00724669732153416
-0.00724669732153416
-0.00724669732153416
-0.00724669732153416
-0.00724669732153416
-0.00724669732153416
-0.00724669732153416
-0.00724669732153416
-0.00724669732153416
-0.00724669732153416
-0.00724669732153416
-0.00724669732153416
-0.00724669732153416
-0.00724669732153416
-0.00724669732153416
-0.00724669732153416
-0.00724669732153416
-0.00724669732153416
-0.00724669732153416
-0.00724669732153416
-0.00724669732153416
-0.00724669732153416
-0.00724669732153416
-0.00724669732153416
-0.00724669732153416
-0.00724669732153416
-0.00724669732153416
-0.00724669732153416
-0.00724669732153416
-0.00724669732153416
-0.00724669732153416
-0.00724669732153416
-0.00724669732153416
-0.00724669732153416
-0.00724669732153416
-0.00724669732153416
-0.00724669732153416
-0.00724669732153416
-0.00724669732153416
-0.00724669732153416
-0.00724669732153416
-0.00724669732153416
-0.00724669732153416
-0.00724669732153416
-0.00724669732153416
-0.00724669732153416
-0.00724669732153416
-0.00724669732153416
-0.00724669732153416
-0.00724669732153416
-0.00724669732153416
-0.00724669732153416
-0.00724669732153416
-0.00724669732153416
-0.00724669732153416
-0.00724669732153416
-0.00724669732153416
-0.00724669732153416
-0.00724669732153416
-0.00724669732153416
-0.00724669732153416
-0.00724669732153416
-0.00724669732153416
-0.00724669732153416
-0.00724669732153416
-0.00724669732153416
-0.00724669732153416
-0.00724669732153416
-0.00724669732153416
-0.00724669732153416
-0.00724669732153416
-0.00724669732153416
-0.00724669732153416
-0.00724669732153416
-0.00724669732153416
-0.00724669732153416
-0.00724669732153416
-0.00724669732153416
-0.00724669732153416
-0.00724669732153416
-0.00724669732153416
-0.00724669732153416
-0.00724669732153416
-0.00724669732153416
-0.00724669732153416
-0.00724669732153416
-0.00724669732153416
-0.00724669732153416
-0.00724669732153416
-0.00724669732153416
-0.00724669732153416
-0.00724669732153416
-0.00724669732153416
-0.00724669732153416
-0.00724669732153416
-0.00724669732153416
-0.00724669732153416
-0.00724669732153416
-0.00724669732153416
-0.00724669732153416
-0.00724669732153416
-0.00724669732153416
-0.00724669732153416
-0.00724669732153416
-0.00724669732153416
-0.00724669732153416
-0.00724669732153416
-0.00724669732153416
-0.00724669732153416
-0.00724669732153416
-0.00724669732153416
-0.00724669732153416
-0.00724669732153416
-0.00724669732153416
-0.00724669732153416
-0.00724669732153416
-0.00724669732153416
-0.00724669732153416
-0.00724669732153416
-0.00724669732153416
-0.00724669732153416
-0.00724669732153416
-0.00724669732153416
-0.00724669732153416
-0.00724669732153416
-0.00724669732153416
-0.00724669732153416
-0.00724669732153416
-0.00724669732153416
-0.00724669732153416
-0.00724669732153416
-0.00724669732153416
-0.00724669732153416
-0.00724669732153416
-0.00724669732153416
-0.00724669732153416
-0.00724669732153416
-0.00724669732153416
-0.00724669732153416
-0.00724669732153416
-0.00724669732153416
-0.00724669732153416
-0.00724669732153416
-0.00724669732153416
-0.00724669732153416
-0.00724669732153416
-0.00724669732153416
-0.00724669732153416
-0.00724669732153416
-0.00724669732153416
-0.00724669732153416
-0.00724669732153416
-0.00724669732153416
-0.00724669732153416
-0.00724669732153416
-0.00724669732153416
-0.00724669732153416
-0.00724669732153416
-0.00724669732153416
-0.00724669732153416
-0.00724669732153416
-0.00724669732153416
-0.00724669732153416
-0.00724669732153416
-0.00724669732153416
-0.00724669732153416
-0.00724669732153416
-0.00724669732153416
-0.00724669732153416
-0.00724669732153416
-0.00724669732153416
-0.00724669732153416
-0.00724669732153416
