0.0
2.01623788598226e-06
2.08558117265056e-06
1.2053111277055e-05
3.97414587496314e-05
8.36175167933106e-05
0.00014430949522648
0.000213467530556954
0.000291839329292998
0.000386518309824169
0.000496153603307903
0.000613734999205917
0.000743467011488974
0.000909598311409354
0.0010981933446601
0.00132967333775014
0.00139154039788991
0.00145475717727095
0.0015195565065369
0.00153600703924894
0.00154842040501535
0.00154919619672
0.00154997268691659
0.00155074952635914
0.00155191472731531
0.00155308027751744
0.0015542465262115
0.00155599694699049
0.00155862572137266
0.00156125717330724
0.00156388990581036
0.00156652275472879
0.00156915141269565
0.00157112267334014
0.00157260184641927
0.00157408497761935
0.00157556729391217
0.00157705007586628
0.00157927838154137
0.00157983647659421
0.00158039480447769
0.00158095394726843
0.00158151588402689
0.00158208596985787
0.00158254348207265
0.00158289505634457
0.00158324837684631
0.00158376491162926
0.00158449413720518
0.0015852153301239
0.00158593221567571
0.00158699252642691
0.00158856099005789
0.00159012502990663
0.00159168685786426
0.00159324845299125
0.001594815752469
0.00159638607874513
0.00159874686505646
0.0016022949712351
0.00160762574523687
0.00161562708672136
0.00162768096197397
0.00164588983170688
0.0016642635455355
0.00168280070647597
0.00170145882293582
0.00172022846527398
0.00174858665559441
0.00179157452657819
0.00185709807556123
0.00195736554451287
0.00211257301270962
0.00235867779701948
0.0026970449835062
0.00278468173928559
0.00287291477434337
0.00290513038635254
0.00292929215356708
0.00295339361764491
0.00298941833898425
0.00304320151917636
0.00312351994216442
0.00324350851587951
0.00342510058544576
0.00370471342466772
0.0040317396633327
0.00434759864583611
0.00466218171641231
0.00497563742101192
0.00528693525120616
0.0055835316888988
0.0058652157895267
0.00613823346793652
0.00640468392521143
0.00666403584182262
0.00691161118447781
0.00712554203346372
0.00732409162446856
0.00751015078276396
0.00768242869526148
0.00784272793680429
0.00798855628818274
0.00812231376767159
0.00824305042624474
0.0083527322858572
0.00844733230769634
0.00852949731051922
0.0085958493873477
0.00864697899669409
0.0086832270026207
0.00870585162192583
0.00871325004845858
0.00870411098003387
0.008677096106112
0.00862910877913237
0.00858415197581053
0.00857471115887165
0.00856197811663151
0.00854259729385376
0.00851023755967617
0.00847331061959267
0.00843382906168699
0.00839743204414845
0.00835976377129555
0.00832038559019566
0.00828355737030506
0.0082429489120841
0.00820436235517263
0.00816337019205093
0.00812467467039824
0.00808541756123304
0.00804531760513783
0.00800633896142244
0.00796646811068058
0.00792760495096445
0.00788740254938602
0.00784599781036377
0.00780876446515322
0.00776823470368981
0.0077263698913157
0.00769002223387361
0.00764942215755582
0.00761053338646889
0.00757031794637442
0.00752840237691998
0.00751923630014062
0.0075190500356257
0.00751904537901282
0.00751907378435135
0.00751910451799631
0.00751910265535116
0.00751908868551254
0.00751908868551254
0.00751908868551254
0.00751908868551254
0.00751908868551254
0.00751908868551254
0.00751908868551254
0.00751908868551254
0.00751908868551254
0.00751908821985126
0.00751908821985126
0.00751908821985126
0.00751908821985126
0.00751908821985126
0.00751908821985126
0.00751908821985126
0.00751908821985126
0.00751908821985126
0.00751908821985126
0.00751908821985126
0.00751908821985126
0.00751908821985126
0.00751908821985126
0.00751908821985126
0.00751908821985126
0.00751908821985126
0.00751908821985126
0.00751908821985126
0.00751908821985126
0.00751908821985126
0.00751908775418997
0.00751908775418997
0.00751908775418997
0.00751908775418997
0.00751908775418997
0.00751908775418997
0.00751908775418997
0.00751908775418997
0.00751908775418997
0.00751908775418997
0.00751908775418997
0.00751908775418997
0.00751908775418997
0.00751908775418997
0.00751908775418997
0.00751908775418997
0.00751908775418997
0.00751908775418997
0.00751908775418997
0.00751908775418997
0.00751908775418997
0.00751908728852868
0.00751908728852868
0.00751908728852868
0.00751908728852868
0.00751908728852868
0.00751908728852868
0.00751908728852868
0.00751908728852868
0.00751908728852868
0.00751908728852868
0.00751908728852868
0.00751908728852868
0.00751908728852868
0.00751908728852868
0.00751908728852868
0.00751908728852868
0.00751908728852868
0.00751908728852868
0.00751908728852868
0.00751908728852868
0.00751908728852868
0.00751908728852868
0.00751908728852868
0.00751908682286739
0.00751908682286739
0.00751908682286739
0.00751908682286739
0.00751908682286739
0.00751908682286739
0.00751908682286739
0.00751908682286739
0.00751908682286739
0.00751908682286739
0.00751908682286739
0.00751908682286739
0.00751908682286739
0.00751908682286739
0.00751908682286739
0.00751908682286739
0.00751908682286739
0.00751908682286739
0.00751908682286739
0.00751908682286739
0.00751908682286739
0.00751908635720611
0.00751908635720611
0.00751908635720611
0.00751908635720611
0.00751908635720611
0.00751908635720611
0.00751908635720611
0.00751908635720611
0.00751908635720611
0.00751908635720611
0.00751908635720611
0.00751908635720611
0.00751908635720611
0.00751908635720611
0.00751908635720611
0.00751908635720611
0.00751908635720611
0.00751908635720611
0.00751908635720611
0.00751908635720611
0.00751908635720611
0.00751908589154482
0.00751908589154482
0.00751908589154482
0.00751908589154482
0.00751908589154482
0.00751908589154482
0.00751908589154482
0.00751908589154482
0.00751908589154482
0.00751908589154482
0.00751908589154482
0.00751908589154482
0.00751908589154482
0.00751908589154482
0.00751908589154482
0.00751908589154482
0.00751908589154482
0.00751908589154482
0.00751908589154482
0.00751908589154482
0.00751908589154482
0.00751908589154482
0.00751908542588353
0.00751908542588353
0.00751908542588353
0.00751908542588353
0.00751908542588353
0.00751908542588353
0.00751908542588353
0.00751908542588353
0.00751908542588353
0.00751908542588353
0.00751908542588353
0.00751908542588353
0.00751908542588353
0.00751908542588353
0.00751908542588353
0.00751908542588353
0.00751908542588353
0.00751908542588353
0.00751908542588353
0.00751908542588353
0.00751908542588353
0.00751908496022224
0.00751908496022224
0.00751908496022224
0.00751908496022224
0.00751908496022224
0.00751908496022224
0.00751908496022224
0.00751908496022224
0.00751908496022224
0.00751908496022224
0.00751908496022224
0.00751908496022224
0.00751908496022224
0.00751908496022224
0.00751908496022224
0.00751908496022224
0.00751908496022224
0.00751908496022224
0.00751908496022224
0.00751908496022224
0.00751908496022224
0.00751908496022224
0.00751908449456096
0.00751908449456096
0.00751908449456096
0.00751908449456096
0.00751908449456096
0.00751908449456096
0.00751908449456096
0.00751908449456096
0.00751908449456096
0.00751908449456096
0.00751908449456096
0.00751908449456096
0.00751908449456096
0.00751908449456096
0.00751908449456096
0.00751908449456096
0.00751908449456096
0.00751908449456096
0.00751908449456096
0.00751908449456096
0.00751908449456096
0.00751908449456096
0.00751908402889967
0.00751908402889967
0.00751908402889967
0.00751908402889967
0.00751908402889967
0.00751908402889967
0.00751908402889967
0.00751908402889967
0.00751908402889967
0.00751908402889967
0.00751908402889967
0.00751908402889967
0.00751908402889967
0.00751908402889967
0.00751908402889967
0.00751908402889967
0.00751908402889967
0.00751908402889967
0.00751908402889967
0.00751908402889967
0.00751908402889967
0.00751908402889967
0.00751908356323838
0.00751908356323838
0.00751908356323838
0.00751908356323838
0.00751908356323838
0.00751908356323838
0.00751908356323838
0.00751908356323838
0.00751908356323838
0.00751908356323838
0.00751908356323838
0.00751908356323838
0.00751908356323838
0.00751908356323838
0.00751908356323838
0.00751908356323838
0.00751908356323838
0.00751908356323838
0.00751908356323838
0.00751908356323838
0.00751908356323838
0.0075190830975771
0.0075190830975771
0.0075190830975771
0.0075190830975771
0.0075190830975771
0.0075190830975771
0.0075190830975771
0.0075190830975771
0.0075190830975771
0.0075190830975771
0.0075190830975771
0.0075190830975771
0.0075190830975771
0.0075190830975771
0.0075190830975771
0.0075190830975771
0.0075190830975771
0.0075190830975771
0.0075190830975771
0.0075190830975771
0.0075190830975771
0.0075190830975771
0.00751908263191581
0.00751908263191581
0.00751908263191581
0.00751908263191581
0.00751908263191581
0.00751908263191581
0.00751908263191581
0.00751908263191581
0.00751908263191581
0.00751908263191581
0.00751908263191581
0.00751908263191581
0.00751908263191581
0.00751908263191581
0.00751908263191581
0.00751908263191581
0.00751908263191581
0.00751908263191581
0.00751908263191581
0.00751908263191581
0.00751908263191581
0.00751908263191581
0.00751908216625452
0.00751908216625452
0.00751908216625452
0.00751908216625452
0.00751908216625452
0.00751908216625452
0.00751908216625452
0.00751908216625452
0.00751908216625452
0.00751908216625452
0.00751908216625452
0.00751908216625452
0.00751908216625452
0.00751908216625452
0.00751908216625452
0.00751908216625452
0.00751908216625452
0.00751908216625452
0.00751908216625452
0.00751908216625452
0.00751908216625452
0.00751908170059323
0.00751908170059323
0.00751908170059323
0.00751908170059323
0.00751908170059323
0.00751908170059323
0.00751908170059323
0.00751908170059323
0.00751908170059323
0.00751908170059323
0.00751908170059323
0.00751908170059323
0.00751908170059323
0.00751908170059323
0.00751908170059323
0.00751908170059323
0.00751908170059323
0.00751908170059323
0.00751908170059323
0.00751908170059323
0.00751908170059323
0.00751908170059323
0.00751908170059323
0.00751908123493195
0.00751908123493195
0.00751908123493195
0.00751908123493195
0.00751908123493195
0.00751908123493195
0.00751908123493195
0.00751908123493195
0.00751908123493195
0.00751908123493195
0.00751908123493195
0.00751908123493195
0.00751908123493195
0.00751908123493195
0.00751908123493195
