0
0.00120000005699694
0.00150000001303852
0.00194999994710088
0.00262499996460974
0.00329999998211861
0.00397500023245811
0.00448124995455146
0.00498750014230609
0.00549374986439943
0.00600000005215406
0.00612656259909272
0.00631640618667006
0.00660117203369737
0.00670795887708664
0.00686813984066248
0.00710841082036495
0.00716847833245993
0.00722854631021619
0.00731864757835865
0.00745380017906427
0.00765652908012271
0.00796062219887972
0.00841676164418459
0.0091009708121419
0.00935754925012589
0.00945376604795456
0.00959809124469757
0.00981457903981209
0.00989576242864132
0.0100175365805626
0.0102001987397671
0.0102686965838075
0.0103714438155293
0.0105255646631122
0.0107567459344864
0.010843439027667
0.010973478667438
0.0111685385927558
0.011363597586751
0.0115586565807462
0.0117537155747414
0.0119487755000591
0.0121438344940543
0.0123388934880495
0.0125339534133673
0.0128265423700213
0.0131191303953528
0.0134117193520069
0.0134848672896624
0.0135945873335004
0.0136357331648469
0.0136511623859406
0.0136569486930966
0.0136656276881695
0.01367864664644
0.0136981746181846
0.0137274665758014
0.0137714045122266
0.0138373114168644
0.0139361713081598
0.014084461145103
0.0143068972975016
0.0146405501291156
0.0149742038920522
0.0153078576549888
0.0156415104866028
0.0157666299492121
0.0159543100744486
0.0162358302623034
0.0166581105440855
0.0168164651840925
0.0170539990067482
0.0172915309667587
0.0175290629267693
0.0177665948867798
0.0180041287094355
0.018241660669446
0.0184791926294565
0.0187167264521122
0.019073024392128
0.0194293241947889
0.0197856221348047
0.0203200709074736
0.0211217422038317
0.021421741694212
0.0214498676359653
0.0214604139328003
0.0214762352406979
0.0214999653398991
0.0215355604887009
0.0215889550745487
0.0216089766472578
0.0216390118002892
0.0216465201228857
0.0216540284454823
0.0216652899980545
0.021682184189558
0.0217075254768133
0.0217138603329659
0.0217201970517635
0.0217296984046698
0.0217332635074854
0.0217386074364185
0.021746626123786
0.0217586532235146
0.0217706803232431
0.0217827074229717
0.0217947345227003
0.0218067616224289
0.0218248032033443
0.0218315683305264
0.0218417160212994
0.0218455214053392
0.0218512285500765
0.0218597911298275
0.0218726340681314
0.0218774508684874
0.0218846760690212
0.0218955129384995
0.0219063498079777
0.0219171848148108
0.021928021684289
0.0219442769885063
0.0219605322927237
0.0219727233052254
0.0219757705926895
0.0219788197427988
0.0219799615442753
0.0219816770404577
0.0219842474907637
0.0219881050288677
0.0219938904047012
0.0220025703310966
0.0220155883580446
0.0220286082476377
0.0220416262745857
0.0220546443015337
0.0220676641911268
0.0220806822180748
0.0220937002450228
0.0221067201346159
0.0221262481063604
0.022145776078105
0.0221653040498495
0.022184832021594
0.0222141239792109
0.0222580600529909
0.0223239678889513
0.0224228277802467
0.0224599000066519
0.0224633757025003
0.0224646795541048
0.0224666353315115
0.0224695671349764
0.0224706660956144
0.0224723163992167
0.0224747899919748
0.0224785022437572
0.0224840696901083
0.0224924199283123
0.0225049462169409
0.0225237347185612
0.0225519184023142
0.0225941948592663
0.0226576086133718
0.0227527283132076
0.0228954087942839
0.0231094304472208
0.0234304610639811
0.0239120069891214
0.0240925867110491
0.0243634562939405
0.0244650337845087
0.0244745556265116
0.0244763419032097
0.0244781263172626
0.0244799125939608
0.0244825910776854
0.0244866088032722
0.024490624666214
0.0244946423918009
0.0245006699115038
0.0245066955685616
0.0245127212256193
0.0245187468826771
0.02452477440238
0.0245338119566441
0.0245372019708157
0.0245422869920731
0.0245499145239592
0.0245613548904657
0.0245785135775805
0.0246042553335428
0.0246428661048412
0.0247007813304663
0.0247876569628716
0.0249179676175117
0.025113433599472
0.0254066344350576
0.0258464347571135
0.0261762868613005
0.0262587480247021
0.026260681450367
0.0262626148760319
0.0262645464390516
0.0262664798647165
0.0262693781405687
0.0262737274169922
0.0262802504003048
0.0262826960533857
0.0262851417064667
0.0262875892221928
0.0262900348752737
0.0262937042862177
0.0262992084026337
0.0263074636459351
0.0263198465108871
0.0263384208083153
0.0263401623815298
0.0263419039547443
0.0263436455279589
0.0263453871011734
0.0263479985296726
0.0263519175350666
0.0263577941805124
0.0263622030615807
0.0263666100800037
0.026371018961072
0.026375425979495
0.0263798348605633
0.0263814870268106
0.0263831410557032
0.0263847932219505
0.026386447250843
0.0263889264315367
0.0263926442712545
0.0263982247561216
0.0264003165066242
0.0264034532010555
0.0264081619679928
0.0264152213931084
0.0264258123934269
0.0264416988939047
0.0264476574957371
0.0264565926045179
0.0264574307948351
0.0264582689851522
0.0264591071754694
0.0264599435031414
0.0264612007886171
0.0264630857855082
0.0264659132808447
0.0264701545238495
0.0264765154570341
0.0264789015054703
0.0264812875539064
0.0264836736023426
0.0264860596507788
0.0264896377921104
0.0264950059354305
0.0264970175921917
0.026499031111598
0.0265010446310043
0.0265030562877655
0.0265060756355524
0.0265106055885553
0.0265173986554146
0.026527589187026
0.0265314094722271
0.026532843708992
0.0265342760831118
0.0265357103198767
0.0265371426939964
0.0265392921864986
0.026542516425252
0.0265473518520594
0.0265546068549156
0.0265600476413965
0.0265641286969185
0.0265682097524405
0.0265722908079624
0.0265784114599228
0.0265875924378633
0.0265910364687443
0.0265936180949211
0.0265962015837431
0.0265987832099199
0.0266026575118303
0.0266084671020508
0.026617182418704
0.0266302563250065
0.0266498662531376
0.0266792792826891
0.0267234016209841
0.0267895851284266
0.0268888585269451
0.0270377695560455
0.0270936116576195
0.0271773729473352
0.0273030176758766
0.0273501332849264
0.0274208076298237
0.0274473112076521
0.0274870656430721
0.0275466963648796
0.027636144310236
0.0277703162282705
0.0279715731739998
0.0280470438301563
0.0281602498143911
0.0282027032226324
0.0282186232507229
0.028242502361536
0.0282447412610054
0.0282480996102095
0.0282484143972397
0.0282485317438841
0.0282487086951733
0.0282487254589796
0.0282487273216248
0.0282487273216248
0.0282487273216248
0.0282487273216248
