0.0
-2.22186755323606e-32
-3.52402338421598e-08
-1.71551988614738e-07
-6.50725198170221e-08
-1.19943763365882e-07
-2.03995838887749e-07
-5.95532753777661e-07
-1.84040800377261e-06
-3.98442762161721e-06
-6.86549583406304e-06
-8.62371689436259e-06
-1.33816747620585e-05
-2.09705449378816e-05
-3.05785506498069e-05
-4.16656621382572e-05
-5.80033665755764e-05
-8.95287594175898e-05
-0.000195245200302452
-0.000207113174838014
-0.000224969116970897
-0.000251655437750742
-0.00028726999880746
-0.000345016713254154
-0.000438839022535831
-0.000576074235141277
-0.000754114473238587
-0.000929859932512045
-0.0010983559768647
-0.00125170045066625
-0.00140569009818137
-0.00155057024676353
-0.00168729177676141
-0.00181564479134977
-0.00193500926252455
-0.00204660277813673
-0.00214940239675343
-0.00224408134818077
-0.00233095744624734
-0.0024104171898216
-0.00247902935370803
-0.00253994553349912
-0.00259401719085872
-0.00264100567437708
-0.00268135801889002
-0.0027151764370501
-0.00274268421344459
-0.00276354909874499
-0.00277797435410321
-0.00278595602139831
-0.00278803124092519
-0.00278805755078793
-0.00278810667805374
-0.0027881502173841
-0.00278817932121456
-0.00278820027597249
-0.00278816744685173
-0.00278813578188419
-0.00278811389580369
-0.00278812414035201
-0.00278814695775509
-0.00278815673664212
-0.00278817699290812
-0.00278819818049669
-0.00278821145184338
-0.00278821331448853
-0.00278821121901274
-0.00278820656239986
-0.00278817652724683
-0.00278818793594837
-0.00278818816877902
-0.0027881870046258
-0.0027882072608918
-0.00278822076506913
-0.00278823054395616
-0.00278825499117374
-0.0027882675640285
-0.00278823031112552
-0.00278819818049669
-0.00278821820393205
-0.00278820819221437
-0.00278822123073041
-0.00278823939152062
-0.00278826500289142
-0.00278829480521381
-0.00278831110335886
-0.00278827711008489
-0.00278827478177845
-0.00278823799453676
-0.00278821005485952
-0.00278822029940784
-0.0027882126159966
-0.00278823776170611
-0.00278826127760112
-0.00278832274489105
-0.00278833927586675
-0.00278835115022957
-0.00278834672644734
-0.00278832274489105
-0.00278832274489105
-0.00278828013688326
-0.00278823473490775
-0.00278821308165789
-0.00278820306994021
-0.00278822495602071
-0.00278824777342379
-0.00278832041658461
-0.00278832972981036
-0.00278836349025369
-0.00278834858909249
