0.0
0.0
0.0
0.0
0.0
0.0
0.0
0.0
0.0
0.0
5.84593029366587e-13
3.38560212850836e-12
8.87627991941198e-12
1.45457187961107e-11
2.12530062992933e-11
2.93629634495751e-11
4.25521388958128e-11
2.40733794010239e-10
4.94988439125876e-10
7.46803507922777e-10
9.66401514368442e-10
1.42675427028394e-09
1.87029258746918e-09
2.32579844272607e-09
2.9239008991766e-09
3.42906458783432e-09
3.80020193091468e-09
4.82122963774145e-09
5.97680438474413e-09
6.8734204994314e-09
9.82301440188849e-09
1.36319231458515e-08
1.69774487801533e-08
2.10296384750563e-08
3.03096037157502e-08
8.71056045070873e-08
1.9959153974014e-07
2.75178621222949e-07
3.27866615634775e-07
3.40960752964747e-07
3.53865118540853e-07
3.72229607137342e-07
3.98376414523227e-07
4.33972303426344e-07
4.80791698009853e-07
5.35549531832658e-07
5.70709460134822e-07
6.00685837071069e-07
6.26179428309115e-07
6.64305616737693e-07
6.8298459154903e-07
7.00010389209638e-07
7.15079295332544e-07
7.28504232938576e-07
7.40457494430302e-07
7.51101310925151e-07
7.59903116431815e-07
7.68006259477261e-07
7.77968523379968e-07
7.84768246830936e-07
7.90565366060036e-07
7.95587993707159e-07
8.00744487605698e-07
8.06545301657025e-07
8.10946971796511e-07
8.13258168363973e-07
8.19720469280583e-07
8.219929554798e-07
8.23482650957885e-07
8.26355176286597e-07
8.30684655284131e-07
8.31191243833018e-07
8.31362228836952e-07
8.35816422295466e-07
8.34730144561036e-07
8.40112534206128e-07
8.36266906389938e-07
8.32637226721999e-07
8.29418354442168e-07
8.2481068375273e-07
8.22355104901362e-07
8.17062243640976e-07
8.15296175460389e-07
8.06964237654029e-07
8.06948492027004e-07
8.02378337994014e-07
7.98596204276691e-07
7.98505993770959e-07
7.90244371273729e-07
7.89519106092484e-07
7.80751349793718e-07
7.80752429818676e-07
7.71256850384816e-07
7.71256111420371e-07
7.63037519391219e-07
7.6175905405762e-07
7.54249128931406e-07
7.50534127291758e-07
7.50537139992957e-07
7.39345637157385e-07
7.39311587949487e-07
7.39311474262649e-07
7.28083250578493e-07
7.28083648482425e-07
7.1587834327147e-07
7.15849694188364e-07
7.158519110817e-07
7.03618582065246e-07
7.03619491559948e-07
7.01352917076292e-07
6.91384968831699e-07
6.91385764639563e-07
6.76918318731623e-07
6.76921672493336e-07
6.76923832543253e-07
6.64788331050659e-07
6.6246053620489e-07
6.62459456179931e-07
6.58591829960642e-07
6.47989566004981e-07
6.47989338631305e-07
6.33424690477113e-07
6.32679075351916e-07
6.32678506917728e-07
6.25495601980219e-07
6.17370005784323e-07
6.17370574218512e-07
6.17353805409948e-07
