0.0
2.19972626780418e-08
2.32641816921841e-08
2.75647416003721e-08
3.9592777056896e-08
6.04667036441242e-08
1.11963196047782e-07
3.29733865100934e-07
1.32991124246473e-06
5.32663852936821e-06
7.27542283129878e-06
9.6728390417411e-06
1.34027295644046e-05
1.99790792976273e-05
3.28211026499048e-05
5.87372705922462e-05
6.11067589488812e-05
6.30380236543715e-05
6.578544707736e-05
7.07909421180375e-05
7.67613091738895e-05
8.65114125190303e-05
0.000101254023320507
0.00012329792662058
0.000155905756400898
0.000204373136512004
0.00027086678892374
0.00038315131678246
0.000525651790667325
0.000669350323732942
0.000818870670627803
0.000968590029515326
0.00111744285095483
0.00127222866285592
0.00143058691173792
0.0015770522877574
0.00172084278892726
0.00186512107029557
0.0020103242713958
0.0020514486823231
0.00206830003298819
0.00209648767486215
0.00209953635931015
0.00210540113039315
0.00210800231434405
0.00210901466198266
0.00211057183332741
0.00211116019636393
0.00211500260047615
0.00211696024052799
0.00211774930357933
0.00211896980181336
0.00211941450834274
0.00212013768032193
0.00212053721770644
0.00212046154774725
0.00212041661143303
0.00212037470191717
0.00212034583091736
0.00212032650597394
0.00212031020782888
0.00212028925307095
0.00212025898508728
0.00212021381594241
0.0021201460622251
0.00212004571221769
0.00211989693343639
0.0021196729503572
0.00211933255195618
0.00211883476004004
0.002118089934811
0.00211696745827794
0.00211526034399867
0.00211256952024996
0.00210871710442007
0.00210345350205898
0.00209476053714752
0.00208323216065764
0.00207319622859359
0.00206097448244691
0.00205153250135481
0.00203899014741182
0.00202849972993135
0.0020164109300822
0.00200645509175956
0.00199432694353163
0.00198438740335405
0.00197221734561026
0.00196066754870117
0.00194934732280672
0.00193850719369948
0.00192674086429179
0.0019164509139955
0.00190437329001725
0.00189266703091562
0.00188145565334707
0.00187046860810369
0.00185874255839735
0.00184843060560524
0.00183620036114007
0.00182496767956764
0.00181292986962944
0.00180291628930718
0.00179033819586039
0.00177992880344391
0.00176842417567968
0.0017568344483152
0.00174523470923305
0.00173379981424659
0.00172311800997704
0.00171136076096445
0.00170066335704178
0.00168898119591177
0.00167752022389323
0.00166653550695628
0.00165387045126408
0.0016434877179563
0.00163259520195425
0.00161965470761061
0.00161081121768802
0.00159791961777955
0.00157915975432843
0.00156542786862701
0.00155214953701943
0.00154297275003046
0.00153318152297288
0.00153004692401737
0.00152484839782119
0.00152291846461594
0.00152222428005189
0.00152196863200516
0.00152187352068722
0.00152173009701073
0.00152173009701073
