0.0
1.1576260783297e-12
4.91396784374487e-11
1.86958351577893e-10
8.46398340303978e-10
2.6118052165458e-09
7.68245467241968e-09
1.64889240039656e-08
2.58354173610087e-08
3.40249783903346e-08
3.61090819467336e-08
3.84053748803126e-08
4.09735250173071e-08
4.19399803774922e-08
4.32417905926741e-08
4.5384538793769e-08
5.37695079572131e-08
7.36142737878254e-08
9.96170754774539e-08
1.23582793776222e-07
1.51040609353004e-07
1.93331501918692e-07
2.40472473933551e-07
2.76924566833259e-07
3.31273469100779e-07
4.26843826062395e-07
5.4969797247395e-07
6.46556884476013e-07
7.29070620764105e-07
7.89970613368496e-07
8.44137389321986e-07
8.98170355867478e-07
9.45836802657141e-07
9.8027146577806e-07
1.01150624232105e-06
1.04026980807248e-06
1.04828677649493e-06
1.0667099559214e-06
1.06741083527595e-06
1.06866150417773e-06
1.06908726138499e-06
1.07539938198897e-06
1.08162839751458e-06
1.08235838069959e-06
1.08345329863369e-06
1.08387325781223e-06
1.08451115465868e-06
1.08464587356139e-06
1.08467372683663e-06
1.08471544990607e-06
1.08473113868968e-06
1.0847369367184e-06
1.08473852833413e-06
1.08474557691807e-06
1.08474625903909e-06
1.08474728222063e-06
1.08474739590747e-06
1.08474762328115e-06
1.08474762328115e-06
