0.0
0.0
0.0
0.0
6.07221358698423e-13
7.11509410417088e-12
2.16209758430175e-11
1.6307369343771e-10
6.10348105389846e-10
1.74075631687032e-09
4.32225766289207e-09
8.36573121887341e-09
1.71388467862243e-08
1.8699556392221e-07
4.55793355058631e-07
5.53425138605235e-07
6.13136990068597e-07
6.55006886063347e-07
6.82461859469186e-07
7.17694717877748e-07
7.35188677936094e-07
7.5126251886104e-07
7.65129868796066e-07
7.75702233113407e-07
7.85660574820213e-07
7.94732557096722e-07
8.02765782736969e-07
8.07899709798221e-07
8.14115594494069e-07
8.19924935058225e-07
8.24878725325107e-07
8.29307566618809e-07
8.33239255371154e-07
8.36841422824364e-07
8.39964002352644e-07
8.41031237541756e-07
8.44098167362972e-07
8.46887758143566e-07
8.47148328375624e-07
8.49349589771009e-07
8.51369861720741e-07
8.51130607770756e-07
8.53773599374108e-07
8.54743348099873e-07
8.54971460739762e-07
8.54854363296909e-07
8.54569691455254e-07
8.54131030791905e-07
8.53196354455577e-07
8.52121672778594e-07
8.53286735491565e-07
8.52487858082895e-07
8.52054824918014e-07
8.50169953992008e-07
8.48173499434779e-07
8.45637941893074e-07
8.46315117541963e-07
8.453951068077e-07
8.42574479520408e-07
8.39316726342076e-07
8.37093978134362e-07
8.38109315282054e-07
8.34604065858002e-07
8.30493945613853e-07
8.28971337796247e-07
8.2823817137978e-07
8.2393546563253e-07
8.1925855965892e-07
8.2104190823884e-07
8.1625717029965e-07
8.11404902378854e-07
8.08046991096489e-07
8.07535229796486e-07
8.01906594460888e-07
8.02563931756595e-07
7.95418884536048e-07
7.87744625085907e-07
7.87745420893771e-07
7.80072582529101e-07
7.75093383253989e-07
7.72399005199986e-07
7.64008632359037e-07
7.64008348141942e-07
7.55617008962872e-07
7.54906807287625e-07
7.47225612940383e-07
7.38350934170739e-07
7.38351559448347e-07
7.29478813354945e-07
7.29479836536484e-07
7.2060618094838e-07
7.14419115865894e-07
7.10904373590893e-07
7.05542788637104e-07
7.01202964137337e-07
6.96830113611213e-07
6.91502350491646e-07
6.81113419886969e-07
6.81112510392268e-07
6.70724887186225e-07
6.70724318752036e-07
6.60337718727533e-07
6.60339310343261e-07
6.46451610464283e-07
