0
0.00197874382138252
0.00607249373570085
0.0130447698757052
0.0167004205286503
0.0277175381779671
0.043243981897831
0.0499194972217083
0.0601794384419918
0.0730945765972137
0.0853984877467155
0.0996316596865654
0.105773955583572
0.105199739336967
0.103053294122219
0.101440168917179
0.0998887345194817
0.0973796620965004
0.0966723561286926
0.094189926981926
0.09201879799366
0.089886836707592
0.0875059217214584
0.0853222906589508
0.0832168832421303
0.081133633852005
0.0787201672792435
0.0766218826174736
0.0745909065008163
0.0725343525409698
0.0704942867159843
0.0684759616851807
0.0664594769477844
0.0644499808549881
0.0622422993183136
0.06036327034235
0.0585007444024086
0.0563931800425053
0.0545626133680344
0.0527460314333439
0.0507341139018536
0.0490558333694935
0.047249548137188
0.0454136244952679
0.0436025783419609
0.0418097823858261
0.0400379784405231
0.0382558442652225
0.0364957191050053
0.0349134691059589
0.0332306697964668
0.0316160619258881
0.0299475397914648
0.0283022355288267
0.0266556106507778
0.0251821614801884
0.023651359602809
0.0220615733414888
0.0204927772283554
0.0189916584640741
0.017612412571907
0.016116064041853
0.0146334767341614
0.0132347485050559
0.0118633368983865
0.0104355113580823
0.00903319381177425
0.00773910293355584
0.00637938221916556
0.00503862183541059
0.00373325706459582
0.00245417468249798
0.00116703985258937
0.000404159392928705
0.000407232961151749
0.00040273682679981
0.00040012106182985
0.000392552232369781
0.000389989058021456
0.000388349930290133
0.000390382512705401
0.00038967200089246
0.000394023896660656
0.000397873431211337
0.000400108139729127
0.000402396428398788
0.00040079394239001
0.000394778442569077
0.000394948554458097
0.000388664222555235
0.000387061067158356
0.000387187261367217
0.000387597916414961
0.000386198371415958
0.000385663850465789
0.00038179472903721
0.000390117842471227
0.000394167233025655
0.000396196061046794
0.00039785890839994
0.000395899201976135
0.000388883956475183
0.000383482547476888
