0
0.449582
0.970621
1.665955
2.672878
2.988365
3.2383
3.444575
3.612132
3.940954
4.2766
4.528437
4.962687
5.511654
5.943906
6.711258
7.155559
7.941449
8.699288
9.105161
9.434206
10.017412
10.601205
11.814287
12.086796
12.431973
12.798018
12.880188
12.957354
12.986304
13.027587
13.043187
13.058133
13.073421
13.088591
13.103177
13.125451
13.15842
13.206087
13.207424
13.209142
13.210859
13.212558
13.215098
13.218911
13.224617
13.233169
13.245885
13.26508
13.292988
13.335871
13.397732
13.566216
13.585849
13.599412
13.60952
13.619587
13.634643
13.640163
13.645753
13.651159
13.656746
13.662185
13.667615
13.67301
13.681094
13.693521
13.710946
13.730212
13.748185
13.749389
13.751797
13.755605
13.76115
13.769668
13.772672
13.777275
13.784224
13.78675
13.790672
13.79634
13.798572
13.801812
13.806597
13.813921
13.824519
13.828683
13.834705
13.843963
13.847309
13.852341
13.859998
13.871137
13.875457
13.881715
13.89123
13.894689
13.899861
13.90777
13.919072
13.923652
13.927994
13.932295
13.938643
13.948352
13.95179
13.957199
13.962417
13.967849
13.973066
13.978467
13.980378
13.983429
13.987757
13.994375
14.000996
14.007683
14.010091
14.013872
14.019298
14.024812
14.030402
14.032405
14.03557
14.040096
14.047115
14.052182
14.057346
14.065163
14.06798
14.072379
14.078886
14.085351
14.091792
14.1013
14.104923
14.110372
14.118348
14.121406
14.125948
14.132711
14.142835
14.157836
14.180448
14.182375
14.18445
14.186572
14.189649
14.194419
14.201415
14.206632
14.211763
14.213768
14.216629
14.220992
14.227414
14.236616
14.250901
14.255789
14.260999
14.265999
14.271123
14.27882
14.281632
14.285962
14.292208
14.294649
14.298232
14.30361
14.311548
14.323513
14.340666
14.347555
14.352364
14.357346
14.36198
14.369156
14.37459
14.379838
14.381896
14.384798
14.389407
14.396048
14.401005
14.405914
14.413243
14.424455
14.428478
14.434598
14.443668
14.457274
14.462185
14.464109
14.466946
14.471201
14.477513
14.487051
14.501345
14.506395
14.511595
14.51653
14.523674
14.534335
14.549927
14.573502
14.575438
14.578709
14.583529
14.590643
14.60094
14.604793
14.608503
14.612124
14.617452
14.625433
14.637928
14.642152
14.646629
14.65122
14.655632
14.66226
14.672786
14.688764
14.702063
14.705277
14.708755
14.714136
14.719202
14.724406
14.729594
14.73471
14.742492
14.753568
14.758078
14.762355
14.766458
14.770651
14.77687
14.786087
14.799324
14.81932
14.840288
14.863453
14.887323
14.910909
14.945268
14.995295
15.064116
15.155311
15.273723
15.427528
15.558885
15.685369
15.843072
15.970995
16.042529
16.09151
16.03212
15.893813
15.86542
15.840076
15.797309
15.749633
15.75039
15.74664
15.746664
15.746497
15.746308
15.746146
15.745982
15.745729
15.745343
15.745193
15.744967
15.744882
15.744752
15.744556
15.744493
15.744398
15.744259
15.744045
15.743829
15.743605
15.743382
15.743149
15.743061
15.742927
15.742726
15.742416
15.742296
15.742121
15.741848
15.741432
15.74079
15.740538
15.740288
15.740035
15.739777
15.739515
15.739252
15.738987
15.738713
15.738442
15.738171
15.737889
15.737607
15.737325
15.73704
15.736751
15.736459
15.736168
15.735877
15.735582
15.735284
15.734982
15.73468
15.734375
15.734069
15.733765
15.733451
15.733143
15.732831
15.732514
15.732039
15.73186
15.731592
15.731193
15.730584
15.729677
15.729329
15.728982
15.728642
15.728297
15.727954
15.727613
15.7271
15.726715
15.726337
15.725772
15.725353
15.724937
15.724524
15.724118
15.723713
15.723316
15.722919
15.72253
15.722387
15.722174
15.721857
15.721387
15.720707
15.720454
15.720088
15.719728
15.719386
15.719047
15.718728
15.718256
15.718087
15.717835
15.717473
15.716946
15.716754
15.716566
15.716378
15.716106
15.715836
15.715571
15.715379
15.715187
15.714904
15.714496
15.714343
15.714196
15.71405
15.713909
15.713703
15.713626
15.713513
15.713347
15.713282
15.713194
15.713061
15.712863
15.712582
15.712476
15.712325
15.712103
15.712018
15.711895
15.71185
15.711786
15.711686
15.711539
15.711327
15.711013
15.710899
15.71079
15.710682
15.710576
15.710534
15.710476
15.710388
15.710264
15.710078
15.710006
15.709906
15.709807
15.70971
15.709571
15.709517
15.709443
15.709327
15.709162
15.709092
15.708994
15.708894
15.708798
15.708759
15.70871
15.708628
15.708514
15.708406
15.708298
15.708194
15.708091
15.707994
15.707922
15.707811
15.707771
15.707709
15.707623
15.707499
15.707452
15.70738
15.707277
15.707129
15.707068
15.706981
15.706907
15.706831
15.706762
15.706649
15.706509
15.706316
15.706012
15.705841
15.70573
15.705618
15.705585
15.70554
15.70547
15.705359
15.70531
15.705244
15.705136
15.704954
15.704803
15.704636
15.704353
15.703868
15.702993
15.701382
15.699345
15.696936
15.692564
15.685205
15.674604
15.665918
15.655889
15.650362
15.63695
15.615646
15.603339
15.591526
15.578471
15.56116
15.550945
15.534453
15.528572
15.528523
15.52838
15.528242
15.528033
15.527715
15.527609
15.527469
15.527409
15.527331
15.527226
15.527189
15.527132
15.527062
15.526976
15.526949
15.526766
15.526276
15.525359
15.523853
