-0.0
2.92450327607944e-16
3.99614918933366e-08
2.69036945610424e-07
5.7151737564709e-08
-3.22376763506327e-07
3.16428213409381e-07
1.30799708131235e-06
2.3462644094252e-06
3.07072150462773e-06
2.89523086394183e-06
1.68490259966347e-06
3.99086275137961e-07
-6.33463059784845e-07
-1.49545303429477e-06
-2.83499321085401e-06
-2.96645157504827e-06
-3.3851720218081e-06
-3.02732951240614e-06
-3.13132841256447e-06
-3.10672476189211e-06
-3.07240770780481e-06
-2.8610993467737e-06
-2.80648237094283e-06
-2.7780988602899e-06
-2.72094621323049e-06
-2.70473537966609e-06
-2.68887379206717e-06
-2.66585993813351e-06
-2.60787055594847e-06
-2.59256194112822e-06
-2.59435546468012e-06
-2.58769068750553e-06
-2.54388214671053e-06
-2.52277095569298e-06
-2.51867095357738e-06
-2.51411984208971e-06
-2.50540688284673e-06
-2.48802462010644e-06
-2.47908246819861e-06
-2.45627234107815e-06
-2.3484171833843e-06
-2.27989949053153e-06
-2.19691719394177e-06
-1.86439137905836e-06
-2.0057923393324e-06
-2.05800461117178e-07
8.76934791449457e-08
1.56096575665288e-08
-4.64135155198164e-07
-9.94788933894597e-07
-1.06562038126867e-06
-1.07812957139686e-06
-1.11720510176383e-06
-1.1198044376215e-06
-1.11083772935672e-06
-1.06820971268462e-06
-1.10695782495895e-06
-6.29836904408876e-07
-5.29535100213252e-07
-3.87401541956933e-07
-3.03206888929708e-07
4.2787496568053e-07
1.33661342260893e-06
7.65367985877674e-07
7.98439486970892e-07
7.96384256318561e-07
7.76615024733474e-07
8.0243444244843e-07
7.87252702139085e-07
7.78660705691436e-07
7.78333060225123e-07
7.78201410867041e-07
7.78022240410792e-07
7.77932200435316e-07
7.77907189331017e-07
7.77904915594263e-07
7.77873083279701e-07
7.77887407821254e-07
7.77872855906026e-07
7.7787512964278e-07
7.77881041358341e-07
7.7788308772142e-07
7.77883315095096e-07
7.77883769842447e-07
7.77883769842447e-07
7.77883769842447e-07
7.77883769842447e-07
7.77883769842447e-07
7.77883769842447e-07
7.77883769842447e-07
7.77883769842447e-07
