0.0
0.00999999977648258
0.0199999995529652
0.0299999993294477
0.0399999991059303
0.0500000007450581
0.0524999983608723
0.0562499985098839
0.0599999986588955
0.0637499988079071
0.067500002682209
0.0712499991059303
0.0750000029802322
0.0787499994039536
0.0825000032782555
0.0881249979138374
0.096562497317791
0.104999996721745
0.105527341365814
0.106054686009884
0.106582030653954
0.107373043894768
0.10855957120657
0.110339358448982
0.111006774008274
0.112007901072502
0.113009035587311
0.114010162651539
0.115511856973171
0.116074994206429
0.116919696331024
0.118186749517918
0.118190459907055
0.118190631270409
0.11819064617157
0.11819065362215
0.118190661072731
0.118190675973892
0.118190683424473
0.118190690875053
0.118190705776215
0.118190713226795
0.118190728127956
0.118190735578537
0.118190750479698
0.11819077283144
0.118190810084343
0.118190862238407
0.118190944194794
0.118191055953503
0.118191234767437
0.118191413581371
0.118191584944725
0.118191719055176
0.118191815912724
0.118191823363304
0.118191830813885
0.118191830813885
0.118191838264465
0.118191845715046
0.118191845715046
0.118191853165627
0.118191860616207
0.118191860616207
0.118191860616207
0.118191868066788
0.118191875517368
0.118191882967949
0.118191882967949
0.11819189041853
0.11819189786911
0.11819189786911
0.118191905319691
0.118191912770271
0.118191920220852
0.118191920220852
0.118191927671432
0.118191935122013
0.118191935122013
0.118191942572594
0.118191950023174
0.118191957473755
0.118191964924335
0.118191972374916
0.118191972374916
0.118191979825497
0.118191987276077
0.118191987276077
0.118191994726658
0.118191994726658
0.118192002177238
0.118192009627819
0.1181920170784
0.11819202452898
0.11819202452898
0.11819202452898
0.118192031979561
0.118192046880722
0.118192046880722
0.118192054331303
0.118192061781883
0.118192061781883
0.118192069232464
0.118192076683044
0.118192076683044
0.118192076683044
0.118192084133625
0.118192091584206
0.118192099034786
0.118192099034786
0.118192106485367
0.118192113935947
0.118192113935947
0.118192121386528
0.118192128837109
0.118192136287689
0.118192136287689
0.11819214373827
0.11819215118885
0.11819215118885
0.118192158639431
0.118192166090012
0.118192173540592
0.118192173540592
0.118192188441753
0.118192188441753
0.118192195892334
0.118192195892334
0.118192203342915
0.118192203342915
0.118192210793495
0.118192218244076
0.118192225694656
0.118192225694656
0.118192233145237
0.118192240595818
0.118192240595818
0.118192248046398
0.118192255496979
0.118192262947559
0.118192262947559
0.11819227039814
0.118192277848721
0.118192277848721
0.118192285299301
0.118192292749882
0.118192300200462
0.118192307651043
0.118192315101624
0.118192315101624
0.118192322552204
0.118192330002785
0.118192330002785
0.118192337453365
0.118192337453365
0.118192352354527
0.118192352354527
0.118192359805107
0.118192367255688
0.118192367255688
0.118192374706268
0.118192374706268
0.11819238960743
0.11819238960743
0.11819239705801
0.118192404508591
0.118192404508591
0.118192411959171
0.118192419409752
0.118192419409752
0.118192426860332
0.118192426860332
0.118192441761494
0.118192441761494
0.118192449212074
0.118192456662655
0.118192456662655
0.118192456662655
0.118192464113235
0.118192471563816
0.118192479014397
0.118192486464977
0.118192493915558
0.118192493915558
0.118192501366138
0.118192501366138
0.1181925162673
0.1181925162673
0.11819252371788
0.118192531168461
0.118192531168461
0.118192538619041
0.118192546069622
0.118192546069622
0.118192553520203
0.118192560970783
0.118192568421364
0.118192568421364
0.118192575871944
0.118192583322525
0.118192583322525
0.118192590773106
0.118192598223686
0.118192605674267
0.118192605674267
0.118192613124847
0.118192620575428
0.118192620575428
0.118192628026009
0.118192635476589
0.118192635476589
0.11819264292717
0.11819264292717
0.118192657828331
0.118192657828331
0.118192665278912
0.118192665278912
0.118192672729492
0.118192672729492
0.118192680180073
0.118192687630653
0.118192695081234
0.118192695081234
0.118192702531815
0.118192709982395
0.118192709982395
0.118192717432976
0.118192732334137
0.118192732334137
0.118192739784718
0.118192747235298
0.118192747235298
0.118192754685879
0.118192762136459
0.118192762136459
0.11819276958704
0.11819276958704
0.118192777037621
0.118192784488201
0.118192791938782
0.118192799389362
0.118192799389362
0.118192799389362
0.118192806839943
0.118192814290524
0.118192821741104
0.118192829191685
0.118192836642265
0.118192836642265
0.118192844092846
0.118192851543427
0.118192858994007
0.118192858994007
0.118192866444588
0.118192873895168
0.118192881345749
0.118192881345749
0.118192888796329
0.118192888796329
0.11819289624691
0.118192903697491
0.118192911148071
0.118192911148071
0.118192918598652
0.118192926049232
0.118192926049232
0.118192933499813
0.118192940950394
0.118192948400974
0.118192955851555
0.118192955851555
0.118192963302135
0.118192970752716
0.118192970752716
0.118192978203297
0.118192985653877
0.118192985653877
0.118192993104458
0.118193000555038
0.118193000555038
0.118193008005619
0.1181930154562
0.1181930154562
0.11819302290678
0.118193030357361
0.118193037807941
0.118193037807941
0.118193045258522
0.118193052709103
0.118193052709103
0.118193060159683
0.118193067610264
0.118193075060844
0.118193082511425
0.118193082511425
0.118193089962006
0.118193097412586
0.118193097412586
0.118193104863167
0.118193112313747
0.118193112313747
0.118193119764328
0.118193127214909
0.118193134665489
0.118193134665489
0.11819314211607
0.11819314956665
0.11819314956665
0.118193157017231
0.118193164467812
0.118193171918392
0.118193171918392
0.118193179368973
0.118193186819553
0.118193186819553
0.118193194270134
0.118193201720715
0.118193201720715
0.118193209171295
0.118193216621876
0.118193216621876
0.118193224072456
0.118193231523037
0.118193231523037
0.118193238973618
0.118193246424198
0.118193253874779
0.118193253874779
0.118193261325359
0.11819326877594
0.11819326877594
0.118193276226521
0.118193283677101
0.118193291127682
0.118193298578262
0.118193298578262
0.118193306028843
0.118193313479424
0.118193313479424
0.118193320930004
0.118193328380585
0.118193328380585
0.118193335831165
0.118193343281746
0.118193350732327
0.118193350732327
0.118193358182907
0.118193365633488
0.118193365633488
0.118193373084068
0.118193380534649
0.118193387985229
0.118193387985229
0.11819339543581
0.118193402886391
0.118193402886391
0.118193410336971
0.118193425238132
0.118193425238132
0.118193432688713
0.118193440139294
0.118193440139294
0.118193447589874
0.118193455040455
0.118193455040455
0.118193462491035
0.118193462491035
0.118193477392197
0.118193477392197
0.118193484842777
0.118193492293358
0.118193492293358
0.118193499743938
0.118193507194519
0.1181935146451
0.1181935146451
0.11819352209568
0.118193529546261
0.118193529546261
0.118193536996841
0.118193544447422
0.118193544447422
0.118193551898003
0.118193559348583
0.118193566799164
0.118193566799164
0.118193574249744
0.118193581700325
0.118193581700325
0.118193589150906
0.118193589150906
0.118193604052067
0.118193604052067
0.118193611502647
0.118193618953228
0.118193618953228
0.118193626403809
0.118193633854389
0.11819364130497
0.11819364130497
0.11819364875555
0.118193656206131
0.118193663656712
0.118193663656712
0.118193671107292
0.118193678557873
0.118193678557873
0.118193686008453
0.118193693459034
0.118193693459034
0.118193700909615
0.118193708360195
0.118193708360195
0.118193715810776
0.118193723261356
0.118193730711937
0.118193738162518
0.118193738162518
0.118193745613098
0.118193753063679
0.118193753063679
0.118193760514259
0.11819376796484
0.11819376796484
0.118193775415421
0.118193782866001
0.118193782866001
0.118193790316582
0.118193797767162
0.118193797767162
0.118193805217743
0.118193812668324
0.118193820118904
0.118193820118904
0.118193827569485
0.118193835020065
0.118193835020065
0.118193842470646
0.118193849921227
0.118193857371807
0.118193864822388
0.118193864822388
0.118193872272968
0.118193879723549
0.118193879723549
0.118193887174129
0.11819389462471
0.11819389462471
0.118193902075291
0.118193909525871
0.118193916976452
0.118193916976452
0.118193924427032
0.118193931877613
0.118193931877613
0.118193939328194
0.118193946778774
0.118193954229355
0.118193954229355
0.118193961679935
0.118193969130516
0.118193969130516
0.118193976581097
0.118193984031677
0.118193984031677
0.118193991482258
0.118193998932838
0.118193998932838
0.118194006383419
0.118194013834
0.118194013834
0.11819402128458
0.118194028735161
0.118194036185741
0.118194036185741
0.118194043636322
0.118194051086903
0.118194051086903
0.118194058537483
0.118194065988064
0.118194073438644
0.118194073438644
0.118194080889225
0.118194088339806
0.118194095790386
0.118194095790386
0.118194103240967
0.118194103240967
0.118194110691547
0.118194118142128
0.118194125592709
0.118194125592709
0.118194133043289
0.11819414049387
0.11819414049387
0.11819414794445
0.118194155395031
0.118194162845612
0.118194162845612
0.118194170296192
0.118194177746773
