0.0
0.0
9.43983650358859e-07
6.88828777128947e-06
9.73980422713794e-06
1.4970875781728e-05
2.42759924731217e-05
3.82861799153034e-05
5.21874353580642e-05
5.56029881408904e-05
6.20280188741162e-05
7.50148174120113e-05
9.96702947304584e-05
0.000134760834043846
0.000175721128471196
0.000223702954826877
0.000286014954326674
0.000366731721442193
0.000463123025838286
0.000575679528992623
0.000701339973602444
0.000837900675833225
0.000985464313998818
0.00114317261613905
0.00130899762734771
0.00147887924686074
0.00164937495719641
0.00182051479350775
0.00199861265718937
0.00220305495895445
0.00241425656713545
0.00246850377880037
0.00252505601383746
0.00261264154687524
0.0027503096498549
0.00280619994737208
0.00289374310523272
0.00303051271475852
0.00308466772548854
0.00316777965053916
0.00329533009789884
0.00334455608390272
0.00341829448007047
0.00352717726491392
0.00368215143680573
0.00373870367184281
0.00382022233679891
0.0039369547739625
0.0041078720241785
0.00434250151738524
0.00457123573869467
0.0047924155369401
0.00500819645822048
0.00519012100994587
0.00536035606637597
0.00552780041471124
0.00569142727181315
0.00584968598559499
0.00598736992105842
0.00611931504681706
0.00615206034854054
0.0062011512927711
0.00627521565183997
0.00637944042682648
0.00647757248952985
0.00656061014160514
0.00662959925830364
0.00671761017292738
0.0068013328127563
0.00682751275599003
0.00685209175571799
0.00686169601976871
0.00687588751316071
0.0068965838290751
0.00692687463015318
0.00695583317428827
0.00696303835138679
0.00696485210210085
0.00696621276438236
0.00696723349392414
0.00696825422346592
0.0069692749530077
0.0069702984765172
0.00697132758796215
0.00697235902771354
0.00697391061112285
0.00697507802397013
0.00697595532983541
0.00697683403268456
0.00697749387472868
0.0069779884070158
0.0069784838706255
0.00697885500267148
0.00697913393378258
0.00697934301570058
0.00697955209761858
0.0069797090254724
0.00697982683777809
0.00697994465008378
0.00698003266006708
0.00698003685101867
0.00698003685101867
0.00698003685101867
0.00698003685101867
0.00698003731667995
0.00698003731667995
0.00698003731667995
0.00698003731667995
0.00698003731667995
0.00698003731667995
0.00698003731667995
0.00698003731667995
0.00698003731667995
0.00698003731667995
0.00698003778234124
0.00698003778234124
0.00698003778234124
0.00698003778234124
0.00698003778234124
0.00698003778234124
0.00698003778234124
0.00698003778234124
0.00698003778234124
0.00698003778234124
0.00698003824800253
0.00698003824800253
0.00698003824800253
0.00698003824800253
0.00698003824800253
0.00698003824800253
0.00698003824800253
0.00698003824800253
0.00698003824800253
0.00698003824800253
0.00698003871366382
0.00698003871366382
0.00698003871366382
0.00698003871366382
0.00698003871366382
0.00698003871366382
0.00698003871366382
0.00698003871366382
0.00698003871366382
0.00698003871366382
0.0069800391793251
0.0069800391793251
0.0069800391793251
0.0069800391793251
0.0069800391793251
0.0069800391793251
0.0069800391793251
0.0069800391793251
0.0069800391793251
0.00698003964498639
0.00698003964498639
0.00698003964498639
0.00698003964498639
0.00698003964498639
0.00698003964498639
0.00698003964498639
0.00698003964498639
0.00698004011064768
0.00698004011064768
0.00698004011064768
0.00698004011064768
0.00698004011064768
0.00698004011064768
0.00698004011064768
0.00698004011064768
0.00698004057630897
0.00698004057630897
0.00698004057630897
0.00698004057630897
0.00698004057630897
0.00698004057630897
0.00698004057630897
0.00698004057630897
0.00698004057630897
0.00698004057630897
0.00698004104197025
0.00698004104197025
0.00698004104197025
0.00698004104197025
0.00698004104197025
0.00698004104197025
0.00698004104197025
0.00698004104197025
0.00698004150763154
0.00698004150763154
0.00698004150763154
0.00698004150763154
0.00698004150763154
0.00698004150763154
0.00698004150763154
0.00698004150763154
0.00698004150763154
0.00698004150763154
0.00698004150763154
0.00698004197329283
0.00698004197329283
0.00698004197329283
0.00698004197329283
0.00698004197329283
0.00698004197329283
0.00698004197329283
0.00698004197329283
0.00698004243895411
0.00698004243895411
0.00698004243895411
0.00698004243895411
0.00698004243895411
0.00698004243895411
0.00698004243895411
0.00698004243895411
0.00698004243895411
0.0069800429046154
0.0069800429046154
0.0069800429046154
0.0069800429046154
0.0069800429046154
0.0069800429046154
0.0069800429046154
0.0069800429046154
0.0069800429046154
0.0069800429046154
0.00698004337027669
0.00698004337027669
0.00698004337027669
0.00698004337027669
0.00698004337027669
0.00698004337027669
0.00698004337027669
0.00698004337027669
0.00698004337027669
0.00698004337027669
0.00698004383593798
0.00698004383593798
0.00698004383593798
0.00698004383593798
0.00698004383593798
0.00698004383593798
0.00698004383593798
0.00698004383593798
0.00698004383593798
0.00698004383593798
0.00698004383593798
0.00698004430159926
0.00698004430159926
0.00698004430159926
0.00698004430159926
0.00698004430159926
0.00698004430159926
0.00698004430159926
0.00698004430159926
0.00698004476726055
0.00698004476726055
0.00698004476726055
0.00698004476726055
0.00698004476726055
0.00698004476726055
0.00698004476726055
0.00698004476726055
0.00698004476726055
0.00698004476726055
0.00698004523292184
0.00698004523292184
0.00698004523292184
0.00698004523292184
0.00698004523292184
0.00698004523292184
0.00698004523292184
0.00698004523292184
0.00698004523292184
0.00698004523292184
0.00698004569858313
0.00698004569858313
0.00698004569858313
0.00698004569858313
0.00698004569858313
0.00698004569858313
0.00698004569858313
0.00698004569858313
0.00698004569858313
0.00698004569858313
0.00698004569858313
0.00698004616424441
0.00698004616424441
0.00698004616424441
0.00698004616424441
0.00698004616424441
0.00698004616424441
0.00698004616424441
0.00698004616424441
0.00698004616424441
0.0069800466299057
0.0069800466299057
0.0069800466299057
0.0069800466299057
0.0069800466299057
0.0069800466299057
0.0069800466299057
0.0069800466299057
0.0069800466299057
0.00698004709556699
0.00698004709556699
0.00698004709556699
0.00698004709556699
0.00698004709556699
0.00698004709556699
0.00698004709556699
0.00698004709556699
0.00698004709556699
0.00698004709556699
0.00698004709556699
0.00698004756122828
0.00698004756122828
0.00698004756122828
0.00698004756122828
0.00698004756122828
0.00698004756122828
0.00698004756122828
0.00698004756122828
0.00698004802688956
0.00698004802688956
0.00698004802688956
0.00698004802688956
0.00698004802688956
0.00698004802688956
0.00698004802688956
0.00698004802688956
0.00698004802688956
0.00698004802688956
0.00698004802688956
0.00698004849255085
0.00698004849255085
0.00698004849255085
0.00698004849255085
0.00698004849255085
0.00698004849255085
0.00698004849255085
0.00698004849255085
0.00698004849255085
0.00698004895821214
0.00698004895821214
0.00698004895821214
0.00698004895821214
0.00698004895821214
0.00698004895821214
0.00698004895821214
0.00698004895821214
0.00698004895821214
0.00698004895821214
0.00698004895821214
0.00698004942387342
0.00698004942387342
0.00698004942387342
0.00698004942387342
0.00698004942387342
0.00698004942387342
0.00698004942387342
0.00698004942387342
0.00698004942387342
0.00698004942387342
0.00698004988953471
0.00698004988953471
0.00698004988953471
0.00698004988953471
0.00698004988953471
0.00698004988953471
0.00698004988953471
0.00698004988953471
0.00698004988953471
0.00698004988953471
0.00698004988953471
0.006980050355196
0.006980050355196
0.006980050355196
0.006980050355196
0.006980050355196
0.006980050355196
0.006980050355196
0.006980050355196
0.006980050355196
0.00698005082085729
0.00698005082085729
0.00698005082085729
0.00698005082085729
0.00698005082085729
0.00698005082085729
0.00698005082085729
0.00698005082085729
0.00698005082085729
0.00698005082085729
0.00698005082085729
0.00698005128651857
0.00698005128651857
0.00698005128651857
0.00698005128651857
0.00698005128651857
0.00698005128651857
0.00698005128651857
0.00698005128651857
0.00698005128651857
0.00698005128651857
0.00698005175217986
0.00698005175217986
0.00698005175217986
0.00698005175217986
0.00698005175217986
0.00698005175217986
0.00698005175217986
0.00698005175217986
0.00698005175217986
0.00698005175217986
0.00698005221784115
0.00698005221784115
0.00698005221784115
0.00698005221784115
0.00698005221784115
0.00698005221784115
0.00698005221784115
0.00698005221784115
0.00698005221784115
0.00698005268350244
0.00698005268350244
0.00698005268350244
0.00698005268350244
0.00698005268350244
0.00698005268350244
0.00698005268350244
0.00698005268350244
0.00698005314916372
0.00698005314916372
0.00698005314916372
0.00698005314916372
0.00698005314916372
0.00698005314916372
0.00698005314916372
0.00698005314916372
0.00698005361482501
0.00698005361482501
0.00698005361482501
0.00698005361482501
0.00698005361482501
0.00698005361482501
0.00698005361482501
0.00698005361482501
0.00698005361482501
0.00698005361482501
0.0069800540804863
0.0069800540804863
0.0069800540804863
0.0069800540804863
0.0069800540804863
0.0069800540804863
0.0069800540804863
0.0069800540804863
0.00698005454614758
0.00698005454614758
0.00698005454614758
0.00698005454614758
0.00698005454614758
0.00698005454614758
0.00698005454614758
0.00698005454614758
0.00698005454614758
0.00698005454614758
0.00698005454614758
0.00698005501180887
0.00698005501180887
0.00698005501180887
0.00698005501180887
0.00698005501180887
0.00698005501180887
0.00698005501180887
0.00698005501180887
0.00698005547747016
0.00698005547747016
0.00698005547747016
0.00698005547747016
0.00698005547747016
0.00698005547747016
0.00698005547747016
0.00698005547747016
0.00698005547747016
0.00698005547747016
0.00698005594313145
0.00698005594313145
0.00698005594313145
0.00698005594313145
0.00698005594313145
0.00698005594313145
0.00698005594313145
0.00698005594313145
0.00698005594313145
0.00698005640879273
0.00698005640879273
0.00698005640879273
0.00698005640879273
0.00698005640879273
0.00698005640879273
