0.0
-1.68784523780826e-19
2.07423099141124e-07
7.25561278613895e-07
2.17476622310642e-06
5.72555563849164e-06
1.08242393253022e-05
2.29164015763672e-05
4.08904161304235e-05
5.8778179663932e-05
9.01221574167721e-05
0.000144085730426013
0.000161179341375828
0.00020867089915555
0.000241655419813469
0.000291761418338865
0.000365696178050712
0.000474298081826419
0.000620933482423425
0.000837942992802709
0.0010395945282653
0.00122429570183158
0.00141084846109152
0.00156569527462125
0.0017039697850123
0.00182539829984307
0.00196633045561612
0.00205521029420197
0.00212565623223782
0.00217837747186422
0.0022072687279433
0.00221111066639423
0.00220311433076859
0.00220310012809932
0.00220312201417983
0.00220310571603477
0.00220309849828482
0.00220310012809932
0.00220313156023622
0.00220310036092997
0.00220313644967973
0.0022030989639461
0.00220311037264764
0.00220312806777656
0.00220313481986523
0.00220313458703458
0.00220312387682498
0.00220313249155879
0.00220313249155879
