0
0.00120000005699694
0.00239999988116324
0.00360000017099083
0.00479999999515712
0.00599999981932342
0.00719999964348972
0.00840000039897859
0.00960000022314486
0.0108000000473112
0.0119999998714775
0.0123000002931804
0.0125999997835607
0.0130499999504537
0.0137250002007932
0.0147374996449799
0.0159374994691462
0.0171374992933125
0.0183374991174788
0.0195375008042902
0.0207375006284565
0.0219375004526228
0.0231375002767891
0.0243375001009554
0.0255374999251217
0.026737499749288
0.0279374995734543
0.0291374993976206
0.0303374992217869
0.0315375009085983
0.0327374988701195
0.0339375005569309
0.0351374985184521
0.0363375002052635
0.0375374981667847
0.0387374998535961
0.0399375015404076
0.0411374995019287
0.0423375011887402
0.0435374991502613
0.0447375008370728
0.0459374987985939
0.0471375004854054
0.0483374984469265
0.049537500133738
0.0507374980952591
0.0519374997820706
0.053137501468882
0.0543374994304032
0.0555375011172146
0.0556124986615032
0.0556500011589379
0.0557062493171543
0.0557906234171242
0.0559171864297241
0.0561070309486241
0.0563917958643288
0.056818945100531
0.0574596689548344
0.0576999390032143
0.0580603459384293
0.0586009563412518
0.0594118700828404
0.0606118680443615
0.061811869731173
0.0630118676926941
0.0642118731047959
0.065411871066317
0.0666118690278382
0.0678118669893593
0.069011872401461
0.0702118703629822
0.0714118683245033
0.0726118662860245
0.0738118716981262
0.0750118696596474
0.0756118723656983
0.0765118726994843
0.0768118703272194
0.0772618704941124
0.0779368707444519
0.0789493673946709
0.0801493728067726
0.0813493707682938
0.0825493687298149
0.0837493666913361
0.0849493721034378
0.086149370064959
0.0873493680264801
0.0885493734385819
0.089749371400103
0.0909493693616242
0.0921493673231453
0.092449372401461
0.0928993725683541
0.0935743728186936
0.0945868694689125
0.0948868670966477
0.0953368672635407
0.0960118675138802
0.0970243716146797
0.0982243695762009
0.0994243675377221
0.100624372949824
0.101824370911345
0.103024368872866
0.104224366834387
0.105424372246489
0.10662437020801
0.107824368169531
0.109024366131052
0.110224371543154
0.111424369504675
0.11172436713241
0.112174367299303
0.112849367549643
0.113861871650442
0.115061869611964
0.116261867573485
0.117461872985586
0.118661870947108
0.118799997260794
