0.0
-5.24477589702004e-19
-1.10831159220928e-18
-1.12511493917268e-18
-1.11051023827745e-18
-1.22732137565974e-18
-1.24465659975701e-18
-1.16759479953034e-18
-1.09882052186085e-18
-1.14857957160898e-18
-1.41669610509763e-18
-1.54854125011307e-18
-1.49164942194289e-18
-1.32513217437168e-18
-1.12629036282312e-18
-1.11874316691419e-18
-1.35175829110915e-18
-1.66389489525604e-18
-1.92138712095705e-18
-2.1147521696699e-18
-2.01725156368766e-18
-1.79220880623649e-18
8.31139550427906e-06
3.39894540957175e-05
7.36131260055117e-05
0.000122979225125164
0.000182619143743068
0.000253816862823442
0.000337559904437512
0.000438077462604269
0.000557442428544164
0.00069425260880962
0.000850013922899961
0.00102804624475539
0.00122948258649558
0.00145428697578609
0.00169844808988273
0.00195668078958988
0.00222909916192293
0.00251673022285104
0.00282441661693156
0.00316121615469456
0.00352957262657583
0.00382210640236735
0.00412580510601401
0.00444175722077489
0.00476975040510297
0.00510818092152476
0.00545574957504869
0.00581134250387549
0.0061740861274302
0.0065433899872005
0.00692107761278749
0.0073097893036902
0.0077086640521884
0.00811556726694107
0.0085331117734313
0.00896405521780252
0.00940340012311935
0.00984369963407516
0.0102809434756637
0.010858092457056
0.0114272311329842
0.011982686817646
0.0125203561037779
0.0130407996475697
0.0135452365502715
0.0140343364328146
0.0145083675161004
0.0149678327143192
0.0154128493741155
0.0158419497311115
0.0162539128214121
0.0166486594825983
0.0170262511819601
0.0173868183046579
0.0177304074168205
0.0180570483207703
0.0183665528893471
0.0186584014445543
0.0189322158694267
0.0191879887133837
0.0194258280098438
0.0196458473801613
0.0198481995612383
0.0200328715145588
0.0201995521783829
0.0203479751944542
0.0204781387001276
0.0205901693552732
0.0206842143088579
0.0207604300230742
0.0208189096301794
0.0208596419543028
0.0208811480551958
0.0208868179470301
0.0208868402987719
0.0208868496119976
0.0208868514746428
0.0208868514746428
0.0208868514746428
0.0208868514746428
0.0208868514746428
0.0208868514746428
0.0208868514746428
0.0208868514746428
0.0208868514746428
0.0208868514746428
0.0208868514746428
0.0208868514746428
0.0208868514746428
0.0208868514746428
0.0208868514746428
0.0208868514746428
0.0208868514746428
0.0208868514746428
0.0208868514746428
0.0208868514746428
0.0208868514746428
0.0208868514746428
0.0208868514746428
0.0208868514746428
0.0208868514746428
0.0208868514746428
0.0208868514746428
0.0208868514746428
0.0208868514746428
0.0208868514746428
0.0208868514746428
0.0208868514746428
0.0208868514746428
0.0208868514746428
0.0208868514746428
0.0208868514746428
0.0208868514746428
0.0208868514746428
0.0208868514746428
0.0208868514746428
0.0208868514746428
0.0208868514746428
0.0208868514746428
0.0208868514746428
0.0208868514746428
0.0208868514746428
0.0208868514746428
0.0208868514746428
0.0208868514746428
0.0208868514746428
0.0208868514746428
0.0208868514746428
0.0208868514746428
0.0208868514746428
0.0208868514746428
0.0208868514746428
0.0208868514746428
0.0208868514746428
0.0208868514746428
0.0208868514746428
0.0208868514746428
0.0208868514746428
0.0208868514746428
0.0208868514746428
0.0208868514746428
0.0208868514746428
0.0208868514746428
0.0208868514746428
0.0208868514746428
0.0208868514746428
0.0208868514746428
0.0208868514746428
0.0208868514746428
0.0208868514746428
0.0208868514746428
0.0208868514746428
0.0208868514746428
0.0208868514746428
0.0208868514746428
0.0208868514746428
0.0208868514746428
0.0208868514746428
0.0208868514746428
0.0208868514746428
0.0208868514746428
0.0208868514746428
0.0208868514746428
0.0208868514746428
0.0208868514746428
0.0208868514746428
0.0208868514746428
0.0208868514746428
0.0208868514746428
0.0208868514746428
0.0208868514746428
0.0208868514746428
0.0208868514746428
0.0208868514746428
0.0208868514746428
0.0208868514746428
0.0208868514746428
0.0208868514746428
0.0208868514746428
0.0208868514746428
0.0208868514746428
0.0208868514746428
0.0208868514746428
0.0208868514746428
0.0208868514746428
0.0208868514746428
0.0208868514746428
0.0208868514746428
0.0208868514746428
0.0208868514746428
0.0208868514746428
0.0208868514746428
0.0208868514746428
0.0208868514746428
0.0208868514746428
0.0208868514746428
0.0208868514746428
0.0208868514746428
0.0208868514746428
0.0208868514746428
0.0208868514746428
0.0208868514746428
0.0208868514746428
0.0208868514746428
0.0208868514746428
0.0208868514746428
0.0208868514746428
0.0208868514746428
0.0208868514746428
0.0208868514746428
0.0208868514746428
0.0208868514746428
0.0208868514746428
0.0208868514746428
0.0208868514746428
0.0208868514746428
0.0208868514746428
0.0208868514746428
0.0208868514746428
0.0208868514746428
0.0208868514746428
0.0208868514746428
0.0208868514746428
0.0208868514746428
0.0208868514746428
0.0208868514746428
0.0208868514746428
0.0208868514746428
0.0208868514746428
0.0208868514746428
0.0208868514746428
0.0208868514746428
0.0208868514746428
0.0208868514746428
0.0208868514746428
0.0208868514746428
0.0208868514746428
0.0208868514746428
0.0208868514746428
0.0208868514746428
0.0208868514746428
0.0208868514746428
0.0208868514746428
0.0208868514746428
0.0208868514746428
0.0208868514746428
0.0208868514746428
0.0208868514746428
0.0208868514746428
0.0208868514746428
0.0208868514746428
0.0208868514746428
0.0208868514746428
0.0208868514746428
0.0208868514746428
0.0208868514746428
0.0208868514746428
0.0208868514746428
0.0208868514746428
0.0208868514746428
0.0208868514746428
0.0208868514746428
0.0208868514746428
0.0208868514746428
0.0208868514746428
0.0208868514746428
0.0208868514746428
0.0208868514746428
0.0208868514746428
0.0208868514746428
0.0208868514746428
