-0.0
-8.43316378439985e-16
0.00721147656440735
0.0145196486264467
0.0245160143822432
0.0395617783069611
0.0525181218981743
0.0688692554831505
0.0755239054560661
0.0749333724379539
0.0738854929804802
0.0716862827539444
0.0693879500031471
0.0681846439838409
0.0665839537978172
0.0647082701325417
0.0628149062395096
0.0619460716843605
0.0601147077977657
0.0580036155879498
0.0557202100753784
0.0536596402525902
0.0516443029046059
0.0497532412409782
0.0477956235408783
0.0458966754376888
0.0441504754126072
0.0421093888580799
0.0400891564786434
0.0381091274321079
0.036395400762558
0.0345604345202446
0.032656118273735
0.0309444069862366
0.0293485634028912
0.0275983512401581
0.0258780773729086
0.0242823231965303
0.0224850755184889
0.0208172146230936
0.0191273652017117
0.0173871107399464
0.0159278195351362
0.0142897590994835
0.0128586608916521
0.0113207381218672
0.00983593054115772
0.00847677141427994
0.00700723240152001
0.00554123753681779
0.00399476941674948
0.00247227447107434
0.00155653152614832
0.00152693886775523
0.00155849580187351
0.00157247460447252
0.00158790335990489
0.00162188964895904
0.00164674699772149
0.00167196348775178
0.00171417079400271
0.00173165951855481
0.00175681104883552
0.00170840846840292
0.00161022308748215
0.00155369774438441
0.00145075796172023
0.0013565180124715
0.00134304841049016
0.00137529743369669
0.00141416816040874
0.00146103242877871
0.00151155889034271
0.00157169613521546
0.00162423623260111
0.00167277560103685
0.00172142684459686
0.00177486438769847
0.00180284213274717
0.00183829269371927
0.00181005510967225
0.00171640433836728
0.00161360821221024
0.00148432631976902
0.00127705291379243
0.00116754847113043
0.00120916834566742
0.00120043894276023
0.00119516695849597
0.00120982376392931
0.0012470135698095
0.00128665717784315
0.00130114797502756
0.00132990267593414
0.0013912997674197
0.0014942871639505
0.0015291910385713
0.00160672445781529
0.00168791448231786
0.00174408731982112
0.0017922060796991
0.00185070349834859
0.00188268104102463
