-0.0
-1.15463194561016e-14
5.82734571707988e-08
2.35913262258691e-08
3.18523802889104e-07
-4.09609128837474e-08
5.0190465117339e-07
2.06311233341694e-06
2.93510493065696e-06
4.38971210314776e-06
3.60355352313491e-06
9.38362791202962e-05
0.00013562866661232
0.000101504650956485
0.00011145650933031
0.000123626727145165
0.000113283225800842
0.000110837587271817
0.000122680386994034
0.000136417831527069
0.000121349541586824
0.000106734252767637
9.01823004824109e-05
6.59726356389001e-05
3.42838429787662e-05
-1.28020474221557e-08
1.98802536033327e-06
-1.12824204734352e-06
-0.000133439229102805
-0.000157985166879371
4.3518597522052e-05
8.4706065536011e-05
9.58100863499567e-05
8.99390215636231e-05
8.67837807163596e-05
8.60013169585727e-05
8.56497645145282e-05
8.54562531458214e-05
8.48388153826818e-05
8.37074258015491e-05
8.19091947050765e-05
7.83179784775712e-05
7.73888386902399e-05
7.62023555580527e-05
7.74238360463642e-05
8.37728875922039e-05
9.32846596697345e-05
9.35385323828086e-05
9.33214105316438e-05
9.20825259527192e-05
8.94657569006085e-05
8.52986268000677e-05
8.26382602099329e-05
8.051280019572e-05
8.04161827545613e-05
8.08440163382329e-05
8.17336549516767e-05
8.17948020994663e-05
8.14467202872038e-05
8.10269484645687e-05
8.07004034868442e-05
8.06237221695483e-05
8.05459130788222e-05
8.04327501100488e-05
8.02579015726224e-05
7.99845001893118e-05
7.95359082985669e-05
7.88977995398454e-05
7.89973491919227e-05
7.93035796959884e-05
7.93459330452606e-05
7.92882274254225e-05
7.92759237810969e-05
7.9258628829848e-05
7.92287028161809e-05
7.91836791904643e-05
7.91267812019214e-05
7.88025572546758e-05
7.87000608397648e-05
7.85857118899003e-05
7.84040166763589e-05
7.8116194345057e-05
7.76543893152848e-05
7.71884442656301e-05
7.67175588407554e-05
7.60454422561452e-05
7.50961335143074e-05
7.4121417128481e-05
7.31343316147104e-05
7.21356482245028e-05
7.11401808075607e-05
7.01241078786552e-05
6.98676813044585e-05
6.96205388521776e-05
6.92836911184713e-05
6.88526415615343e-05
6.87405990902334e-05
6.85942504787818e-05
6.83364996802993e-05
6.80675002513453e-05
6.77931238897145e-05
6.73569738864899e-05
6.66208215989172e-05
6.59391735098325e-05
6.54572068015113e-05
6.4999214373529e-05
6.44089814159088e-05
6.38130368315615e-05
6.37557095615193e-05
6.36793120065704e-05
6.35713367955759e-05
6.34082680335268e-05
6.33474628557451e-05
6.32555311312899e-05
6.31180810160004e-05
6.29120986559428e-05
6.28358757239766e-05
6.27206318313256e-05
6.2547973357141e-05
6.24840904492885e-05
6.23858941253275e-05
6.22389488853514e-05
6.21827421127819e-05
6.20999562670477e-05
6.19744532741606e-05
6.17867553955875e-05
6.15991011727601e-05
6.14108357694931e-05
6.13391166552901e-05
6.12337171332911e-05
6.10740680713207e-05
6.0833954194095e-05
6.07451838732231e-05
6.06112735113129e-05
6.04098495387007e-05
6.03356784267817e-05
6.02222862653434e-05
6.00510684307665e-05
5.99879604123998e-05
5.98912956775166e-05
5.9747642808361e-05
5.96928366576321e-05
5.96117824898101e-05
5.94893499510363e-05
5.93570221099071e-05
5.93351724091917e-05
5.93129552726168e-05
5.92865326325409e-05
5.92815486015752e-05
5.92749274801463e-05
5.92676988162566e-05
5.9258243709337e-05
5.9215359215159e-05
5.91481075389311e-05
5.90550771448761e-05
5.89742412557825e-05
5.88563088967931e-05
5.86852111155167e-05
5.8625555539038e-05
5.85370580665767e-05
5.84013068873901e-05
5.83497530897148e-05
5.82706452405546e-05
5.81528001930565e-05
5.79755796934478e-05
5.77983009861782e-05
5.76241000089794e-05
5.7448138250038e-05
5.72702774661593e-05
5.72051867493428e-05
5.71054988540709e-05
5.69570947845932e-05
5.69001422263682e-05
5.68161922274157e-05
5.66890448681079e-05
5.64974106964655e-05
5.64268120797351e-05
5.63191206310876e-05
5.61587512493134e-05
5.59172040084377e-05
5.58253595954739e-05
5.56897866772488e-05
5.54844300495461e-05
5.5331638577627e-05
5.51758021174464e-05
5.51185949007049e-05
5.50307522644289e-05
5.48991774849128e-05
5.4701667977497e-05
5.46262817806564e-05
5.45156435691752e-05
5.4348936828319e-05
5.41844128747471e-05
5.40206820005551e-05
5.39584216312505e-05
5.38671301910654e-05
5.37298510607798e-05
5.35250874236226e-05
5.34497703483794e-05
5.3311901865527e-05
5.30712350155227e-05
5.29439203091897e-05
5.27506963408086e-05
5.24657007190399e-05
5.23622074979357e-05
5.22072514286265e-05
5.1971132052131e-05
5.1613573305076e-05
5.14758066856302e-05
5.12704209540971e-05
5.09632372995839e-05
5.04832714796066e-05
4.97660876135342e-05
4.90539096063003e-05
4.88766527269036e-05
4.86078279209323e-05
4.82042341900524e-05
4.80517410323955e-05
4.78246765851509e-05
4.74883927381597e-05
4.73651671200059e-05
4.71797029604204e-05
4.69026163045783e-05
4.67988720629364e-05
4.66426572529599e-05
4.64091426692903e-05
4.60578012280166e-05
4.59270086139441e-05
4.57292844657786e-05
4.5431726903189e-05
4.53206994279753e-05
4.51526357210241e-05
4.49003200628795e-05
4.4517102651298e-05
4.42314158135559e-05
4.39431751146913e-05
4.38361312262714e-05
4.36740228906274e-05
4.34324683737941e-05
4.30685031460598e-05
4.27052364102565e-05
4.23447163484525e-05
4.19858952227514e-05
4.16256807511672e-05
4.12662375310902e-05
4.09118147217669e-05
4.05605605919845e-05
4.02112491428852e-05
3.98639240302145e-05
3.9518708945252e-05
3.93917289329693e-05
3.92018773709424e-05
3.89214401366189e-05
3.88193548133131e-05
3.86656429327559e-05
3.84386294172145e-05
3.83516817237251e-05
3.82245634682477e-05
3.80331839551218e-05
3.77455216948874e-05
3.72580179828219e-05
3.64345833077095e-05
3.54086696461309e-05
3.52163406205364e-05
3.50125774275512e-05
3.48126122844405e-05
3.47380664607044e-05
3.46289743902162e-05
3.44656327797566e-05
3.42251878464594e-05
3.39850121235941e-05
3.37468809448183e-05
3.34702526743058e-05
3.332181222504e-05
3.3121534215752e-05
3.29226422763895e-05
3.2724994525779e-05
3.24879729305394e-05
3.22237101499923e-05
3.2055533665698e-05
3.1886316719465e-05
3.20176113746129e-05
3.22049672831781e-05
3.24162210745271e-05
3.24549982906319e-05
3.24905922752805e-05
3.25425353366882e-05
3.26187582686543e-05
3.27509296766948e-05
3.30256334564183e-05
3.35464974341448e-05
3.35343902406748e-05
3.35465665557422e-05
3.35519289365038e-05
3.35320146405138e-05
3.35113509208895e-05
3.34748838213272e-05
3.3412165066693e-05
3.32671843352728e-05
3.30453403876163e-05
3.27176421706099e-05
3.23577114613727e-05
3.20094150083605e-05
3.16762234433554e-05
3.13636992359534e-05
3.12742631649598e-05
3.11927069560625e-05
3.11139192490373e-05
3.09832466882654e-05
3.08497692458332e-05
3.07126611005515e-05
3.06635120068677e-05
3.05873618344776e-05
3.04718432744266e-05
3.04299192066537e-05
3.03652814181987e-05
3.02718799503054e-05
3.02346634271089e-05
3.01824384223437e-05
3.01028339890763e-05
2.99826660921099e-05
2.99393122986658e-05
2.98722097795689e-05
2.97759779641638e-05
2.9737115255557e-05
2.96832185995299e-05
2.96005546260858e-05
2.94745223072823e-05
2.94291985483142e-05
2.93572775262874e-05
2.92517161142314e-05
2.90965708700242e-05
2.90352927549975e-05
2.89488889393397e-05
2.89147010335e-05
2.88660794467432e-05
2.87905422737822e-05
2.86823014903348e-05
2.85718851955608e-05
2.84597172139911e-05
2.84197521978058e-05
2.83571898762602e-05
2.82691307802452e-05
2.82361379504437e-05
2.81891916529275e-05
2.81184293271508e-05
2.80197036772734e-05
2.79175674222643e-05
2.78188217635034e-05
2.77204726444324e-05
2.76230512099573e-05
2.74812300631311e-05
2.72643264906947e-05
2.7209300242248e-05
2.71558346867096e-05
2.7076233891421e-05
2.69594693236286e-05
2.67845807684353e-05
2.65388171101222e-05
2.6446177798789e-05
2.63818983512465e-05
2.63136844296241e-05
2.62874655163614e-05
2.62367429968435e-05
2.61488839896629e-05
2.59769640251761e-05
2.58454765571514e-05
2.57152642006986e-05
2.56671974057099e-05
2.55926624959102e-05
2.54828573815757e-05
2.53146445174934e-05
2.51443070737878e-05
2.49751647061203e-05
2.48057986027561e-05
2.46378422161797e-05
2.45730498136254e-05
2.44784205278847e-05
2.43333815888036e-05
2.42808000621153e-05
2.41991547227371e-05
2.40776971622836e-05
2.38900684053078e-05
2.35684383369517e-05
2.34434810408857e-05
2.3254342522705e-05
2.3062719264999e-05
2.28735516429879e-05
2.28039534704294e-05
2.26971787924413e-05
2.25408512051217e-05
2.24798131966963e-05
2.23921306314878e-05
2.22591443161946e-05
2.20590409298893e-05
2.19856628973503e-05
2.18732529901899e-05
2.1705240214942e-05
2.1443105651997e-05
2.10359612538014e-05
2.06411532417405e-05
2.05390606424771e-05
2.0517865777947e-05
2.05052820092533e-05
2.04948446480557e-05
2.04840362130199e-05
2.04866773856338e-05
2.04890384338796e-05
2.04914394998923e-05
2.04935058718547e-05
2.04950774786994e-05
2.05002870643511e-05
2.0504419808276e-05
2.05122159968596e-05
2.0515621145023e-05
2.05192700377665e-05
2.05216856556945e-05
2.05292490136344e-05
2.0538158423733e-05
2.05426367756445e-05
2.05479118449148e-05
2.05514079425484e-05
2.05534561246168e-05
2.05593714781571e-05
2.05610922421329e-05
2.05687974812463e-05
2.05766336875968e-05
2.0583418518072e-05
2.05975411518011e-05
2.06091681320686e-05
2.06258009711746e-05
2.06448567041662e-05
2.06661679840181e-05
2.06765762413852e-05
2.06887561944313e-05
2.07123557629529e-05
2.0719351596199e-05
2.07330958801322e-05
2.07528973987792e-05
2.078122633975e-05
2.08578167075757e-05
2.08711971936282e-05
2.08941455639433e-05
2.09238969546277e-05
2.09713907679543e-05
2.10402831726242e-05
2.1158870367799e-05
2.1334537450457e-05
2.15792315430008e-05
2.18429340748116e-05
2.22345151996706e-05
2.29002616833895e-05
2.37534113693982e-05
2.40902845689561e-05
2.4427950847894e-05
2.47414100158494e-05
2.48854375968222e-05
2.50167358899489e-05
2.52301797445398e-05
2.55803242907859e-05
2.5708712200867e-05
2.59089829341974e-05
2.621421663207e-05
2.63286383415107e-05
2.65042363025714e-05
2.67662544501945e-05
2.71620519924909e-05
2.73070399998687e-05
2.75088714261074e-05
2.78036204690579e-05
2.7908718038816e-05
2.80705171462614e-05
2.83135595964268e-05
2.86957765638363e-05
2.8839371225331e-05
2.90604984911624e-05
2.93825578410178e-05
2.95042518700939e-05
2.96886355499737e-05
2.9966926376801e-05
3.03800370602403e-05
3.08354174194392e-05
3.14913086185697e-05
3.2429084967589e-05
3.27483285218477e-05
3.30969487549737e-05
3.34413780365139e-05
3.39832149620634e-05
3.48047760780901e-05
3.61417041858658e-05
3.83776095986832e-05
4.16760667576455e-05
4.65733392047696e-05
5.39308966835961e-05
6.81457750033587e-05
7.81972048571333e-05
4.22828925366048e-05
1.25126825878397e-06
2.8293434297666e-05
1.8329872546019e-05
9.3114678747952e-05
