0.0
1.1457372990784e-31
1.1030728050837e-32
2.11903001770155e-32
3.32745981005555e-32
3.41137041717389e-32
5.16105496705929e-32
6.8628663340131e-32
8.24178527196976e-32
9.1259080748122e-32
1.13421216471576e-31
1.18777332971211e-31
4.36069939269146e-07
2.70384202849527e-06
6.07997117185732e-06
7.10405765858013e-06
9.04697026271606e-06
1.42267135743168e-05
2.0343528376543e-05
2.85700061795069e-05
3.85433741030283e-05
4.74542612209916e-05
6.04005363129545e-05
8.26986797619611e-05
0.000108381696918514
0.000143351353472099
0.000173272201209329
0.000216778265894391
0.000261328619671986
0.0003070033271797
0.000351540831616148
0.000395492766983807
0.000437537557445467
0.000486107368487865
0.000531495606992394
0.000572099874261767
0.00061267230194062
0.000651787733659148
0.000703340279869735
0.000742179458029568
0.00078014429891482
0.000818799249827862
0.000853096833452582
0.000886906927917153
0.000920286402106285
0.000955840398091823
0.00098884420003742
0.00101817166432738
0.00105009297840297
0.00108091777656227
0.00110728968866169
0.00113815627992153
0.00116547395009547
0.00118931697215885
0.0012208967236802
0.0012430886272341
0.00126646202988923
0.00129294057842344
0.00131352338939905
0.00133955921046436
0.00135737075470388
0.0013831180986017
0.00139722682069987
0.00142363063059747
0.00143589649815112
0.00146121811121702
0.00147190899588168
0.00149224593769759
0.00150321470573545
0.00152699509635568
0.00153235823381692
0.00155499670654535
0.00155987532343715
0.00158006127458066
0.00158222846221179
0.00160215294454247
0.00161332148127258
0.00162168953102082
0.00164023682009429
0.00163822551257908
0.00165570829994977
0.00164851034060121
0.00166492664720863
0.00167746422812343
0.00167225662153214
0.00168770365417004
0.00168440153356642
0.00169194315094501
0.00170266174245626
0.0016938439803198
0.00170696864370257
0.00170142413116992
0.00170532043557614
0.00171720236539841
0.00170178688131273
0.00171244458761066
0.00171666243113577
0.0016999680083245
0.00170935492496938
0.00171827781014144
0.00169388484209776
0.00170243112370372
0.00171062292065471
0.00168488384224474
0.00169230333995074
0.00169342500157654
